0.09327408682346278
144221
843
0.0 100.0
0.0 101.0
0.0 102.0
0.0 103.0
0.0 104.0
0.0 105.0
0.0 106.0
0.0 107.0
0.0 108.0
0.0 109.0
0.0 110.0
0.0 111.0
0.0 112.0
0.0 113.0
0.0 114.0
0.0 115.0
0.0 116.0
0.0 117.0
0.0 118.0
0.0 119.0
0.0 120.0
0.0 121.0
0.0 122.0
0.0 123.0
0.0 124.0
0.0 125.0
0.0 126.0
0.0 127.0
0.0 128.0
0.0 129.0
0.0 130.0
0.0 131.0
0.0 132.0
0.0 133.0
0.0 134.0
0.0 135.0
0.0 136.0
0.0 137.0
0.0 138.0
0.7256846547730993 138.6880274571751
1.4513693095462257 139.3760549143502
2.1770539643193527 140.06408237152527
2.9027386190924647 140.75210982870036
3.628423273865586 141.44013728587544
4.354107928638711 142.12816474305052
5.079792583411837 142.8161922002256
5.805477238184964 143.50421965740068
6.531161892958086 144.19224711457576
7.2568465477312065 144.88027457175085
7.982531202504327 145.56830202892596
8.70803172399821 146.25652364534912
9.431666464078607 146.94670678260238
10.14765320494887 147.64482066077557
10.83805066539557 148.36825092459424
11.509165417243036 149.10960440968262
12.153917698631343 149.8739959949611
12.766239903854004 150.6646043158073
13.340934725281578 151.48297211956327
13.873677219588652 152.32924951779597
14.36110577217024 153.20241239271004
14.800955475486152 154.1004837921505
15.192178442438333 155.02077971745342
15.534996197715216 155.96018164776171
15.829938761897502 156.91569663133527
16.079189928640695 157.88413550698883
16.286523487406402 158.86240581493522
16.45656220938355 159.84784319652186
16.594092427059614 160.83834076806153
16.70365836074899 161.83232029811978
16.789391764208176 162.8286384117418
16.854973662011858 163.82648560178666
16.90365072452187 164.8253001709562
16.93826634285346 165.82470087085966
16.961291839901286 166.82443574895768
16.974855368485592 167.82434376007288
16.980769893030008 168.8243262691196
16.980561751470383 169.82432624745815
16.975500309336528 170.82431343827787
16.966628317722858 171.8242740813858
16.95479210142671 172.82420403092414
16.940670599145335 173.82410431753942
16.924802415591337 174.82397840998843
16.907610293784668 175.82383061454055
16.88942268300478 176.82366520626766
16.870492312599602 177.82348601075032
16.851011862369536 178.82329624877494
16.8311269433001 179.82309852422424
16.8109466744532 180.82289488186376
16.790552173276588 181.8226868923948
16.77000327849384 182.82247574156406
16.749343807002226 183.8222623119068
16.72860561689103 184.822047252517
16.707811713878257 185.82183103594093
16.68697860242789 186.82161400312293
16.66611804833797 187.8213963980885
16.645238388309938 188.8211783942242
16.624345494706887 189.8209601138995
16.603443480588947 190.82074164293763
16.582535211015717 191.820523041176
16.561622671155085 192.8203043501014
16.540707229461212 193.8200855983246
16.519789824583395 194.819866805476
16.49887109726437 195.8196479849585
16.477951482850656 196.8194291458796
16.457031275796826 197.81921029440002
16.436110674388516 198.8189914346686
16.41518981158208 199.81877256946734
16.394268776159436 200.81855370065398
16.373347627166204 201.81833482946408
16.35242640371772 202.81811595671616
16.33150513162755 203.81789708295037
16.310583827867767 204.81767820852184
16.289662503556976 205.8174593336633
16.268741165953436 206.81724045852656
16.24781981977913 207.81702158321048
16.226898468095726 208.81680270777912
16.205977112881882 209.8165838322739
16.18505575541229 210.81636495672143
16.164134396505556 211.81614608113892
16.143213036685804 212.81592720553732
16.122291676287613 213.8157083299236
16.10137031552394 214.81548945430222
16.08044895452996 215.81527057867604
16.059527593391223 216.8150517030468
16.038606232161733 217.8148328274157
16.017684870875485 218.8146139517834
15.996763509553828 219.81439507615033
15.975842148210136 220.81417620051684
15.954920786852764 221.81395732488306
15.933999425486913 222.81373844924912
15.913078064115822 223.81351957361505
15.8921567027415 224.81330069798088
15.871235341365193 225.8130818223467
15.850313979987664 226.8128629467125
15.829392618609386 227.81264407107827
15.80847125723065 228.81242519544404
15.787549895851633 229.8122063198098
15.766628534472446 230.81198744417554
15.745707173093159 231.8117685685413
15.724785811713806 232.81154969290705
15.703864450334418 233.8113308172728
15.682943088955007 234.81111194163856
15.662021727575581 235.81089306600433
15.641100366196145 236.8106741903701
15.620179004816706 237.81045531473583
15.599257643437262 238.81023643910157
15.578336282057819 239.8100175634673
15.557414920678376 240.80979868783305
15.536493559298933 241.80957981219882
15.515572197919486 242.8093609365646
15.494650836540039 243.80914206093036
15.473729475160592 244.80892318529612
15.452808113781145 245.8087043096619
15.431886752401699 246.80848543402766
15.410965391022252 247.80826655839343
15.390044029642803 248.80804768275914
15.369122668263358 249.8078288071249
15.348201306883912 250.80760993149067
15.327279945504465 251.8073910558564
15.306358584125018 252.80717218022215
15.285437222745573 253.80695330458792
15.264515861366128 254.80673442895366
15.243594499986683 255.8065155533194
15.222673138607238 256.80629667768517
15.201751777227795 257.80607780205094
15.18083041584835 258.8058589264167
15.159909054468905 259.8056400507825
15.138987693089458 260.8054211751482
15.118066331710011 261.80520229951395
15.097144970330564 262.8049834238797
15.07622360895112 263.80476454824543
15.055302247571673 264.8045456726112
15.034380886192228 265.80432679697697
15.013459524812781 266.80410792134273
14.992538163433334 267.8038890457085
14.971616802053887 268.80367017007427
14.95069544067444 269.80345129444004
14.929774079294994 270.8032324188058
14.908852717915547 271.8030135431716
14.8879313565361 272.80279466753734
14.867009995156653 273.8025757919031
14.846088633777207 274.8023569162689
14.82516727239776 275.80213804063465
14.804245911018313 276.8019191650004
14.783324549638866 277.8017002893662
14.76240318825942 278.80148141373195
14.741481826879973 279.8012625380977
14.720560465500526 280.8010436624635
14.69963910412108 281.80082478682925
14.678717742741632 282.800605911195
14.657796381362186 283.8003870355608
14.636875019982737 284.80016815992656
14.615953658603289 285.7999492842923
14.595032297223842 286.7997304086581
14.574110935844395 287.79951153302386
14.553189574464948 288.7992926573896
14.532268213085501 289.7990737817554
14.511346851706055 290.79885490612116
14.490425490326606 291.79863603048693
14.469504128947158 292.7984171548527
14.44858276756771 293.79819827921847
14.427661406188264 294.79797940358424
14.406740044808817 295.79776052795
14.38581868342937 296.7975416523158
14.364897322049924 297.79732277668154
14.343975960670477 298.7971039010473
14.323054599291028 299.7968850254131
14.30213323791158 300.79666614977884
14.281211876532131 301.7964472741446
14.260290515152683 302.7962283985104
14.239369153773232 303.79600952287615
14.218447792393784 304.7957906472419
14.197526431014335 305.7955717716077
14.176605069634885 306.79535289597345
14.155683708255436 307.7951340203392
14.134762346875988 308.794915144705
14.11384098549654 309.79469626907076
14.09291962411709 310.7944773934365
14.071998262737642 311.7942585178023
14.051076901358192 312.79403964216806
14.03015553997874 313.7938207665338
14.00923417859929 314.7936018908996
13.992092635537034 315.61275466424524
14.677469029102669 316.34094365011566
14.677469029103005 316.340943650116
15.362769288508694 317.0692042864671
16.04809116025839 317.79744458479
16.733436130948988 318.5256631448042
17.4188015368824 319.2538624721519
18.10418257815867 319.9820470835377
18.789573947472586 320.7102219738422
19.47497087941071 321.43839162831136
20.160369659408644 322.16655954327143
20.845767735945515 322.894728120374
21.531163595913235 323.6228987838445
22.216556534243164 324.3510721973165
22.901946405925173 325.0792484972575
23.587333408995235 325.8074274972449
24.27271791790277 326.53560884481533
24.95810036861024 327.26379212961535
25.64348118765014 327.99197695017415
26.328860754253512 328.72016294954693
27.01423938498698 329.44834982977335
27.699617332228954 330.1765373533099
28.38499479012085 330.9047253374278
29.07037190373794 331.6329136455803
29.755748778892503 332.36110217817566
30.441125491174667 333.0892908640677
31.12650209361732 333.8174796533416
31.811878622838535 334.54566851153197
32.49725510376457 335.27385741517816
33.182631553146706 336.00204634851366
33.86800798211192 336.7302353010657
34.553384397973026 337.4584242659514
35.23876080548935 338.1866132386913
35.92413720773052 338.9148022163962
36.609513606659874 339.6429911972182
37.294890003523435 340.37118017998455
37.980266399106256 341.09936916395634
38.66564279389963 341.8275581486712
39.35101918820897 342.5557471338416
40.03639558222312 343.2839361192898
40.721771976058065 344.0121251049068
41.40714836977928 344.7403140906307
42.09252476343762 345.46850307641387
42.77790115706456 346.19669206222653
43.463277550666064 346.9248810480632
44.14865394425268 347.6530700339138
44.8340303378302 348.38125901977304
45.51940673140277 349.10944800563686
46.20478312497251 349.8376369915034
46.890159518540855 350.5658259773712
47.575535912108045 351.29401496324016
48.260912305674566 352.0222039491097
48.94628869924073 352.75039293497963
49.63166509280673 353.47858192084965
50.31704148637259 354.20677090671984
51.00241787993838 354.9349598925901
51.68779427350414 355.66314887846033
52.37317066706986 356.3913378643307
53.05854706063558 357.119526850201
53.74392345420128 357.8477158360713
54.429299847766956 358.57590482194166
55.11467624133263 359.304093807812
55.800052634898314 360.0322827936824
56.485429028464 360.76047177955274
57.17080542202968 361.4886607654231
57.85618181559536 362.21684975129347
58.54155820916107 362.9450387371638
59.22693460272676 363.6732277230342
59.91231099629244 364.40141670890455
60.59768738985812 365.1296056947749
61.283063783423806 365.85779468064527
61.96844017698949 366.58598366651563
62.65381657055517 367.314172652386
63.339192964120855 368.04236163825635
64.02456935768654 368.7705506241267
64.70994575125223 369.4987396099971
65.39532214481792 370.2269285958674
66.08069853838361 370.9551175817377
66.7660749319493 371.68330656760804
67.451451325515 372.4114955534784
68.1368277190807 373.1396845393487
68.8222041126464 373.867873525219
69.5075805062121 374.5960625110894
70.19295689977778 375.32425149695973
70.87833329334347 376.0524404828301
71.56370968690916 376.78062946870045
72.24908608047485 377.5088184545708
72.93446247404054 378.2370074404412
73.61983886760623 378.96519642631154
74.30521526117192 379.6933854121819
74.99059165473761 380.42157439805226
75.6759680483033 381.1497633839226
76.361344441869 381.877952369793
77.04672083543468 382.60614135566334
77.73209722900037 383.3343303415337
78.41747362256605 384.06251932740406
79.10285001613174 384.79070831327437
79.78822640969739 385.5188972991447
80.47360280326308 386.2470862850151
81.15897919682877 386.97527527088545
81.84435559039446 387.7034642567558
82.52973198396013 388.43165324262617
83.21510837752581 389.15984222849653
83.9004847710915 389.88803121436683
84.5858611646572 390.61622020023714
85.27123755822288 391.3444091861075
85.95661395178857 392.07259817197786
86.64199034535423 392.8007871578482
87.3273667389199 393.5289761437186
88.0127431324856 394.2571651295889
88.69811952605127 394.98535411545924
89.38349591961696 395.71354310132955
90.06887231318265 396.44173208719985
90.75424870674834 397.1699210730702
91.43962510031405 397.8981100589405
92.12500149387972 398.6262990448109
92.81037788744541 399.3544880306812
93.4957542810111 400.08267701655154
94.18113067457676 400.8108660024219
94.86650706814243 401.53905498829226
95.5518834617081 402.2672439741626
96.23725985527378 402.995432960033
96.92263624883947 403.7236219459033
97.60801264240514 404.45181093177365
98.29338903597082 405.179999917644
98.97876542953651 405.9081889035143
99.6641418231022 406.6363778893846
100.34951821666786 407.3645668752549
101.03489461023355 408.0927558611253
101.72027100379923 408.82094484699564
102.4056473973649 409.549133832866
103.09102379093056 410.27732281873637
103.77640018449623 411.0055118046067
104.46177657806192 411.7337007904771
105.1471529716276 412.46188977634745
105.8325293651933 413.19007876221775
106.51790575875897 413.91826774808806
107.20328215232465 414.6464567339584
107.88865854589031 415.3746457198288
108.57403493945597 416.10283470569914
109.25941133302163 416.8310236915695
109.94478772658731 417.55921267743986
110.63016412015298 418.2874016633102
111.31554051371867 419.0155906491806
112.00091690728436 419.74377963505094
112.68629330085005 420.4719686209213
113.37166969441576 421.20015760679166
114.05704608798145 421.928346592662
114.74242248154712 422.6565355785324
115.42779887511281 423.38472456440275
116.1131752686785 424.1129135502731
116.7985516622442 424.84110253614347
117.48392805580988 425.5692915220138
118.16930444937559 426.2974805078842
118.85468084294128 427.02566949375455
119.54005723650697 427.75385847962485
120.22543363007267 428.48204746549516
120.91081002363836 429.2102364513655
121.59618641720408 429.9384254372359
122.28156281076977 430.66661442310624
122.96693920433546 431.3948034089766
123.65231559790115 432.12299239484696
124.33769199146684 432.8511813807173
125.02306838503253 433.5793703665876
125.7084447785982 434.30755935245793
126.39382117216387 435.0357483383283
127.07919756572954 435.76393732419865
127.76457395929523 436.492126310069
128.44995035286092 437.2203152959394
129.13532674642659 437.94850428180973
129.8207031399923 438.6766932676801
130.50607953355797 439.40488225355045
131.19145592712363 440.1330712394208
131.87683232068932 440.8612602252912
132.56220871425504 441.5894492111615
133.24758510782073 442.3176381970318
133.9329615013864 443.04582718290214
134.61794549167755 443.7743853020971
135.30080560270994 444.504934457706
135.98060570444665 445.23833190907794
136.65867756266158 445.97332752477706
137.3377922388968 446.7073597151624
138.02037326305378 447.4381696394661
138.70713786961375 448.1650495299408
139.39749454417301 448.88851871511145
140.09007825043773 449.6098562296056
140.78330847407528 450.3305724407702
141.06756587809988 450.62610040859175
141.08447673375522 450.6440676145604
141.08473424508634 450.6439494866957
141.0844753626629 450.6440661578216
141.08473424509165 450.643949486696
141.99642625136792 450.2330751924259
142.90728892925839 449.82036563108016
143.81727864648678 449.40573481392045
144.72651321395796 448.98945065458275
145.63518816182548 448.57194635626
146.5435110808537 448.1536767365551
147.45166144296573 447.7350325919695
148.35977326320804 447.31630484995065
149.26793365990244 446.8976824737261
150.17619010880858 446.4792685363144
151.08456087037058 446.0611028280847
151.99304518379398 445.64318387390387
152.9016315888239 445.22548692084484
153.81030391847568 444.80797692416786
154.71904515487415 444.3906169293565
155.62783960865414 443.9733728272068
156.53667392379614 443.5562155575586
157.44553734043367 443.13912169534296
158.35442154164122 442.7220731264744
159.26332030609856 442.3050562971164
160.1722291037833 441.88806133612616
161.08114471038434 441.4710812166035
161.9900648755036 441.0541110336893
162.8989880552042 440.637147422084
163.80791320621867 440.22018810769794
164.71683963312273 439.8032315746211
165.62576687802007 439.38627682469814
166.53469464276165 438.969323207995
167.4436227351875 438.5523703056198
168.3525510326061 438.1354178501147
169.26147945735693 437.7184656721854
170.1704079606764 437.3015136655307
171.07933651217374 436.88456176390054
171.98826509304033 436.4676099262935
172.89719369171132 436.05065812749893
173.80612230111944 435.63370635211066
174.7150509169706 435.2167545907678
175.62397953666994 434.79980283781373
176.53290815865736 434.3828510898476
177.44183678199948 433.96589934483455
178.35076540614048 433.5489476015631
179.25969403075072 433.13199585931454
180.16862265563563 432.7150441176647
181.0775512806807 432.29809237636397
181.98647990581884 431.8811406352662
182.89540853101096 431.46418889428605
183.80433715623423 431.0472371533738
184.71326578147546 430.6302854125007
185.62219440672698 430.21333367165005
186.5311230319844 429.7963819308123
187.44005165724514 429.3794301899817
188.34898028250785 428.96247844915547
189.25790890777162 428.5455267083315
190.16683753303602 428.128574967509
191.07576615830078 427.7116232266872
191.98469478356577 427.2946714858659
192.89362340883085 426.87771974504477
193.80255203409598 426.4607680042238
194.7114806593611 426.0438162634028
195.62040928462625 425.6268645225819
196.52933790989147 425.2099127817611
197.43826653515666 424.7929610409402
198.34719516042185 424.3760093001194
199.25612378568707 423.9590575592986
200.16505241095223 423.5421058184777
201.07398103621742 423.1251540776568
201.98290966148267 422.7082023368361
202.89183828674783 422.2912505960152
203.8007669120131 421.87429885519447
204.70969553727832 421.4573471143737
205.61862416254354 421.04039537355294
206.52755278780876 420.6234436327321
207.43648141307395 420.20649189191124
208.34541003833914 419.78954015109036
209.25433866360433 419.3725884102695
210.16326728886955 418.9556366694487
211.0721959141348 418.538684928628
211.9811245394 418.1217331878072
212.8900540462971 417.70478336889397
213.7989887356802 417.28784484772325
214.70793982859098 416.87094208844195
215.6169280227925 416.4541202286478
216.52598339631749 416.037444901966
217.43514225800212 415.62099542817555
218.34444193190075 415.20485350160743
219.253915157427 414.78909100684524
220.16358564910252 414.3737602993665
221.0734656998074 413.95888888154013
221.98355595175477 413.5444787787309
222.89384689742286 413.13050970472335
223.80432141350795 412.71694452780486
224.7149517882121 412.30372264955275
225.62567704398123 411.89070992758855
226.5363804000528 411.477648918487
227.44689789913923 411.06417838282886
228.3570623733792 410.64993131907164
229.26675891801787 410.2346576783569
230.17595264587433 409.8182843299946
231.0846804053052 409.4008949922777
231.99303423789192 408.9826925116239
232.90108955844607 408.56384225817607
233.80899109701866 408.1446587705987
234.7167566648637 407.72518091202335
235.62429089255937 407.30520278692535
236.5328115392124 406.8873628240147
237.44127923225395 406.46940774185913
238.3453880245808 406.04210539967363
239.24949656405576 405.61480252249106
240.16356880111445 405.2092511133719
241.16274964075222 405.16878322856473
242.1531358322126 405.0304532182104
243.15056884383418 404.958847441017
244.15056871269252 404.9593595770703
245.14817369050988 405.02852827110155
246.13948235600412 405.160084835803
247.12195528739576 405.3464901444257
248.09431830221456 405.5799642702138
249.05628534439444 405.85312980566744
250.00824411017564 406.15935604270845
250.95098031845802 406.49289530815315
251.88546882389895 406.8488886131447
252.8127321968965 407.2232983313643
253.73375486410828 407.61280731262417
254.64943764742043 408.01470909209985
255.56057897214458 408.42680311823943
256.4678721546161 408.8473017282736
257.3718988259351 409.2747777832098
258.27314821050567 409.70807854112644
259.1720436321164 410.14624177669884
260.06895677276157 410.58844853618825
260.9642104224598 411.0340053818343
261.8580782585007 411.4823359425721
262.7507871156726 411.93296982537146
263.64252250052823 412.3855270078317
264.53343577248694 412.8397004789282
265.4236512482525 413.29524016623054
266.3132722037883 413.75193979998517
267.2023854774939 414.2096270147078
268.0910648162097 414.6681562209091
268.979373267995 415.1274035338972
269.86736492314895 415.58726309982677
270.75508623584074 416.04764432337174
271.64257708092697 416.5084696697755
272.5298716384509 416.9696728442966
273.41699915688827 417.43119723805194
274.303984621958 417.892994579702
275.19084934526734 418.35502375902894
276.07761148139883 418.8172498010511
276.9642864799422 419.27964297461455
277.85088747841775 419.74217802139714
278.7374256419731 420.20483349208774
279.6239037639666 420.6676039959306
280.5103083393398 421.13051535759433
281.39660795461657 421.59362764631084
282.2827593213399 422.0570235410427
283.1687170202612 422.5207895981469
284.05444239046267 422.9849992152183
284.93990900699674 423.44970220746575
285.825104389582 423.91492165530707
286.7100288722975 424.380656193312
287.5946929190693 424.84688524040087
288.47911397176017 425.3135750748275
289.363313530042 425.7806844208421
290.24731480006403 426.2481689174828
291.1311409943661 426.7159843279446
292.01481422234235 427.18408861777544
292.8983548509051 427.6524431391361
293.7817812062859 428.1210131708481
294.66510950438857 428.5897680297787
295.54835392221906 429.05868091973946
296.43152674771676 429.52772863618463
297.3146385659511 429.9968912055514
298.1976984552069 430.4661515085683
299.0807141774149 430.9354949162491
299.9636923546517 431.4049089536655
300.8466386280184 431.8743829980469
301.7295577979598 432.3439080126627
302.61245394662444 432.8134763151206
303.49533054365094 433.2830813772983
304.3781905370952 433.7527176535542
305.26103021990525 434.2223921093806
306.14383171283015 434.69213834309573
307.0265613381513 435.1620196138231
307.90917510494387 435.63211847434945
308.7916276485691 436.10251990743546
309.6738803847086 436.57329597901776
310.5559065066055 437.0444964886647
311.43769249603355 437.5161462197664
312.3192370124568 437.98824712589146
313.20054835246697 438.4607831795102
314.08164148638696 438.9337259766422
314.9625353184999 439.4070398857401
315.84325048131114 439.8806861693678
316.72380773847857 440.35462595124926
317.6042269387765 440.82882214666506
318.4845264085966 441.3032405731986
319.36471215975666 441.77786994803216
320.2447649724538 442.2527457706046
321.12463757284064 442.72795541601226
322.00426392405706 443.2036207208704
322.8835744221668 443.679869655687
323.76250981417815 444.15681050806813
324.64102981173085 444.6345160804661
325.5191158191673 445.11301891592717
326.3967692134263 445.59231477397907
327.27399052466194 446.0724009861473
328.15075405841606 446.55332271146136
329.026998584029 447.0351894267814
329.90263804026915 447.51815479062805
330.7775827000385 448.00237771691417
331.6517371817191 448.48802567805245
332.52498561773075 448.9753009277863
333.3971887577246 449.46444475385886
334.2681739329184 449.95575405012005
335.137727802249 450.4495921494322
336.00560973298735 450.94636267421987
336.87154334456994 451.44652162928463
337.73517857389913 451.95063886828916
338.59607510967203 452.45941893343934
339.4537047400953 452.97368677904126
340.30746330314315 453.4943558831971
341.15669688140656 454.0223732404401
342.0007463305688 454.5586385920795
342.8390043106486 455.1039124304694
343.6709722374404 455.658736158143
344.496304787882 456.2233831108325
345.314834383554 456.7978474709186
346.12657398398164 457.3818670092027
346.93170126957494 457.97496906955416
347.7305299796929 458.57652762189247
348.5234748408534 459.18582102179033
349.3110157226759 459.80208343299046
350.09366509315896 460.42454625347244
350.87194111813307 461.05246856471047
351.6463472624891 461.6851573694033
352.41735818479344 462.3219792893208
353.1854110897895 462.96236568449723
353.95090548699073 463.60580824436835
354.7142095224811 464.2518476776881
355.4762477871387 464.89937967164485
356.2377350150288 465.54755958629835
356.99869822628057 466.1963546164283
357.7587125217503 466.84626097174555
358.5173269838798 467.4978007616647
359.2743518116916 468.15118687268676
360.0299800437547 468.8061876168918
360.7847008643458 469.46223371509393
361.5391124505597 470.1186353898223
361.87941321450836 470.4147257408312
362.5831079565004 471.03453463154204
362.594575540834 471.03697725085925
361.84016395462015 470.3805755761308
361.84127067019057 470.3811300825557
362.5831079565004 471.03453463154204
363.5611668519323 471.24286321070525
364.53922574744774 471.45119178988523
365.51728464296315 471.6595203690652
366.49534353847855 471.86784894824524
367.47340243399395 472.0761775274253
368.4514613295094 472.2845061066053
369.4295202250248 472.49283468578534
370.40757912054016 472.7011632649655
371.38563801605557 472.9094918441456
372.36369691157097 473.1178204233257
373.3417558070864 473.3261490025058
374.3198147026017 473.53447758168596
375.2978735981171 473.74280616086617
376.2759324936325 473.9511347400463
376.6112595480201 474.0225601001361
377.04893518328976 473.1234271631956
377.0489351832982 473.1234271631781
377.48661081856767 472.2242942262375
377.9242864538371 471.32516128929683
378.3619620891066 470.4260283523562
378.7996377243761 469.52689541541554
379.23731335964567 468.62776247847495
379.6749889949152 467.72862954153436
380.1126646301848 466.82949660459377
380.55034026545434 465.9303636676532
380.98801590072384 465.03123073071254
381.42569153599334 464.1320977937719
381.8633671712629 463.23296485683125
382.30104280653245 462.3338319198907
382.738718441802 461.4346989829501
383.17639407707156 460.53556604600954
383.6140697123412 459.636433109069
384.05174534761073 458.73730017212836
384.48942098288035 457.8381672351878
384.9270966181499 456.9390342982472
385.36477225341946 456.0399013613066
385.802447888689 455.140768424366
386.2401235239586 454.24163548742536
386.67779915922813 453.34250255048477
387.1154758877086 452.44337014569305
387.5531620476831 451.54424233199427
387.9908922228494 450.6451359457702
388.428768896527 449.7461008971492
388.8670337283203 448.847255005345
389.3061670654789 447.9488331043453
389.7470031294748 447.0512454681333
390.1908388951289 446.15513732001375
390.63951087656204 445.26144080940355
391.0954172790309 444.37141308388715
391.5614720436017 443.48665720997565
392.04098930421253 442.60912476226997
392.53750850724043 441.74109902473424
393.0545795356272 440.8851565315707
393.59553249985527 440.04410368513777
394.1632583046844 439.2208859675617
394.7600240847323 438.4184704868014
395.3873426506216 437.6397077393034
396.04590779304317 436.88718401662936
396.7355985132714 436.1630799423202
397.4555462646358 435.46905167538483
398.2042516607969 434.80614879429345
398.97973224262944 434.1747773765046
399.7796815621474 433.5747098084736
400.6016218943468 433.0051362045347
401.44303736668445 432.4647474528838
402.3014798227639 431.95183756840083
403.17464499854555 431.46441313753775
404.0604206911459 431.00029954971865
404.9569111804452 430.5572365715813
405.86244330134275 430.1329588582581
406.7755595932204 429.72525965847035
407.6950032859406 429.3320379704659
408.61969889310467 428.9513306890916
409.5487311491596 428.5813319496216
410.4813241110724 428.2204020847022
411.4168215188506 427.8670685311861
412.3546689828469 427.520020790557
413.29439821581843 427.1781012551416
414.2356133139235 426.84029341168764
415.17797897114065 426.50570864201376
416.1212104527484 426.1735725673335
417.06506513226714 425.84321163751497
418.0093353955888 425.5140404513421
418.9538427241408 425.18555010702204
419.8984327812328 424.85729772844286
420.84297134170527 424.5288971989355
421.7873409230146 424.2000110576987
422.7314379931265 423.8703434641958
423.67517064494007 423.53963410251845
424.6184566383465 423.2076528761769
425.561221722538 422.8741952386433
426.50339816656344 422.53907802284635
427.44492344615276 422.202135671851
428.38573905758426 421.8632168242093
429.32578945357716 421.5221812644892
430.26502111896417 421.17889730224454
431.20338181757563 420.833239669172
432.140820038474 420.485088003947
433.07728464740774 420.13432592473293
434.0127247142742 419.7808405908068
434.947089450747 419.4245225597782
435.88032816638383 419.06526568839433
436.8123901481896 418.7029668309957
437.7432243935254 418.3375251698375
438.6727791738689 417.9688411447692
439.6010014630807 417.5968150948609
440.5278363107599 417.22134583496404
441.4532262631274 416.8423294289112
442.3771109215643 416.45965837185975
443.2994266852523 416.0732212721234
444.22010666760093 415.6829029788005
445.13908073079546 415.2885849964871
446.0562755646349 414.8901459964153
446.9716147431562 414.4874622641091
447.88501871207944 414.0804079808063
448.7964046782568 413.66885528593605
449.70568638403097 413.25267409997923
450.6127737576306 412.8317317088422
451.5175724414713 412.4058921360921
452.4199832161806 411.97501536288587
453.3199013571767 411.5389564912801
454.217215976542 411.09756497134185
455.1118094098198 410.65068401500537
456.0035567017377 410.19815029542514
456.89232522774176 409.73979398513313
457.77797446354083 409.2754391303846
458.66035588415554 408.804904297929
459.539312939826 408.3280033708098
460.4146810272566 407.84454632875946
461.28628736671044 407.35433985284965
462.1539507198829 406.85718765727825
463.01748093263325 406.35289055073565
463.87667833831256 405.8412463207535
464.7313330909691 405.3220495817792
465.5812245027662 404.7950917199406
466.4261204413984 404.26016102080024
467.2657768172304 403.71704301288236
468.09993716945235 403.1655210216789
468.92833234593434 402.6053769048828
469.7506802605678 402.03639192503005
470.56668571054536 401.4583477177181
471.376040250168 400.871027337353
472.1784221407254 400.27421639433544
472.97349641690374 399.6677043207875
473.76091512480707 399.05128581162035
474.5403177933621 398.424762483843
475.3113321929438 397.7879447739466
476.073575404756 397.1406540463395
476.8266551744346 396.48272482484157
477.57017147148974 395.814007009905
478.3037181550347 395.1343679416782
479.02688468328654 394.44369423259695
479.73925789325983 393.74189339923157
480.440423971178 393.0288954110319
481.12997077432607 392.30465428663456
481.8074906200312 391.56914979400676
482.47258354368057 390.8223891878473
483.1248608974313 390.06440880961577
483.7639490664916 389.295275328244
484.38949304960454 388.51508642471407
485.00115969843523 387.7239708132462
485.59864060474376 386.92208767550306
486.1816550624652 386.10962589665576
486.74995413400916 385.2868038227647
487.3033262354308 384.45386966128
487.84160458137126 383.611102539062
488.36467561097186 382.7588134460938
488.87248636086696 381.8973447918231
489.3650437345916 381.02706481756803
489.84242718649693 380.14836973971285
490.30482853947694 379.26169900671084
490.75253799991594 378.3675199200434
491.18590419912164 377.46630200112145
491.6053118602461 376.5585039983752
492.0099646293178 375.6440335852493
