9.601335657696188
236237
1473
0.0 100.0
0.3442551723119323 99.06112387593652
0.7161072776633888 98.13283188968128
1.1179332617066366 97.21711584278265
1.5304560941781946 96.30616858158163
1.9311836290142914 95.38997130870631
2.3003505192035556 94.46060818958225
2.6224009681617675 93.51388568096327
2.8877184012593857 92.5497245638804
3.0865447723618 91.56968983278449
3.1508289086133905 90.57175819693643
3.1858765560715967 89.57237255445018
3.229445221109527 88.57332211957375
3.2633801137785134 87.57389807390567
3.2883226626464777 86.57420918767357
3.3057359462970926 85.57436081039204
3.3172030460596416 84.57442655974201
3.3240948355486717 83.57445030840518
3.3274565785015517 82.57445595907899
3.328018322814868 81.57445611685733
3.3262601662369837 80.57445766241581
3.3224903934821013 79.57446476803436
3.3169149112102634 78.57448031115644
3.309689592947225 77.57450641410911
3.3009546152019906 76.57454456475496
3.2908534858113923 75.57459558246384
3.2795407600454323 74.57465957339339
3.2671824550475526 73.57473594016054
3.2539525539655547 72.57482345913164
3.240028113818305 71.57492040884797
3.22558457927219 70.57502472213369
3.2107921041940064 69.57513413677893
3.195813091573091 68.57524632848197
3.1808008238135774 67.57535901892318
3.1658989471355636 66.57547005805229
3.151241614167593 65.57557748252717
3.13695416973231 64.57567955327063
3.123154301794248 63.57577477598187
3.1099535516165293 62.57586190968064
3.0974590277971736 61.575939969290026
3.0857751626396897 60.57600822797216
3.0750054154861006 59.57606622338077
3.0652539323314705 58.576113770222975
3.0566272440328017 57.576150980790786
3.0492360806356387 56.57617829581203
4.048550804563209 56.61319292186127
5.047835116790321 56.651019676107275
6.047103976801962 56.68925245538155
7.046365049416639 56.72768822982365
8.045622213158339 56.76622549374957
9.04487741874313 56.80481349851394
10.044131644355808 56.843426871782896
11.043385379777195 56.88205292835622
12.042786687466073 56.916650994628206
13.042121721334563 56.953113167946114
14.041424428147161 56.99045081860888
15.040711829381927 57.028195880980924
16.03915150862947 57.084036788065816
17.037078936598867 57.14838621313227
18.03474095258486 57.216727283205614
19.032273284959693 57.28693587147528
20.029744030858943 57.35801407541431
21.02718614832444 57.42949289959287
22.024615399336362 57.50115104097122
23.022039368018476 57.57288267066426
24.01946182636638 57.64463529837379
25.016520381932523 57.72127886804769
26.015433633297597 57.767886981582315
27.014895979709486 57.80067445029893
28.01454852845383 57.82703316401819
29.01427740811327 57.850317647583054
30.014041534617213 57.87203610415379
31.01381785617925 57.8508864742782
32.012969683803455 57.80970850255529
33.011680260358574 57.758942526971936
34.01013066890077 57.70329379219817
35.003565905678556 57.5888978555209
35.99339331328914 57.446624515984254
36.97186319246133 57.24023484678361
37.943645827970506 57.00435668051374
38.89465861329367 56.695205128436335
39.83480231443603 56.35442687032362
40.76118836128629 55.97785165578985
41.672205458362754 55.565483072075764
42.575044562958226 55.135504524688514
43.4778836675537 54.705525977301264
43.976549739184875 54.468035474264894
44.02896499214688 54.36853088154595
44.08590461717908 54.41595504116189
44.02841074367005 54.36958306131874
44.02896499214688 54.36853088154595
44.085904617181576 54.41595504116391
44.86427827402767 55.04375632367937
45.637702401549205 55.67764520902723
46.408077858822466 56.31523571619544
47.17654159272771 56.95512905861464
47.94500532663295 57.59502240103384
48.7111978420544 58.23763350373294
49.477312808684644 58.88033705740691
50.24354929440883 59.52289573017155
51.009998856533315 60.16520022861383
51.77669024892129 60.80721604527116
52.54361822203615 61.44894923286077
53.31076182917362 62.09042463069619
54.07809470742589 62.7316736103859
54.845590295850684 63.372727837225156
55.61322418463711 64.01361644906548
56.38097495444004 64.65436503897186
57.14882427492549 65.29499552609376
57.92363827131446 65.92718479443018
58.69480149076378 66.56382228073502
59.464180970294166 67.202614278554
60.23270702922453 67.84243276589629
61.00083954321387 68.48272366927725
61.768803857123295 69.12321630199179
62.5367089658124 69.76377991635742
63.30460640770909 70.40435272153147
64.07251951703385 71.04490674464517
64.84045791285257 71.68543045242451
65.60842465236617 72.32592017677679
66.37641974586488 72.96637590230503
67.14444187078725 73.60679921202271
67.91248919678736 74.24719229835647
68.68055977376574 74.88755749789505
69.4486517064751 75.5278970819493
70.21676322606145 76.16821317067328
70.98489271279973 76.80850770571413
71.75303869653737 77.44878244960753
72.52119984766986 78.08903899654072
73.28696804527593 78.73215567921594
74.05409934030584 79.37364580087467
74.8218848328288 80.01435278341137
75.58998460168146 80.6546829678385
76.35812438542266 81.29496514987547
77.12649781239105 81.93496692856742
77.89488730254166 82.5749494216296
78.66327789750778 83.2149305882022
79.43166856850846 83.8549116634842
80.2000592447232 84.49489273250597
80.96844992125945 85.13487380114174
81.73684059777986 85.77485486979653
82.5052312742676 86.41483593849054
83.27362195072911 87.05481700721602
84.04201262717152 87.69479807596444
84.81040330360051 88.33477914472897
85.5787939800203 88.97476021350455
86.34718465643384 89.61474128228764
87.11557533284319 90.25472235107574
87.88396600924979 90.89470341986717
88.65235668565454 91.5346844886608
89.4207473620581 92.17466555745588
90.18913803846087 92.8146466262519
90.95752871486312 93.45462769504856
91.72591939126502 94.09460876384561
92.4943100676667 94.73458983264295
93.26270074406825 95.37457090144045
94.0310914204697 96.01455197023805
94.7994820968711 96.65453303903571
95.56787277327246 97.29451410783345
96.33626344967378 97.93449517663122
97.10465412607508 98.57447624542898
97.87304480247637 99.21445731422676
98.64143547887767 99.85443838302457
99.40982615527895 100.49441945182235
100.17821683168023 101.13440052062016
100.94660750808153 101.77438158941796
101.7149981844828 102.41436265821578
102.48338886088408 103.05434372701359
103.25177953728536 103.6943247958114
104.02147626097357 104.33273450246038
104.7964024809474 104.96478620414075
105.58236402882005 105.58306158393977
106.3502992663355 106.22358907826153
107.1717230660674 106.79390735890314
108.01671513757134 107.32868619084724
108.88252921879261 107.82905203376515
109.76657599655039 108.29645046630009
110.66573755237506 108.73406730387259
111.57689614196322 109.14612315520799
112.49727696117154 109.53714636121171
113.42458276436746 109.91145097961649
114.35699899388302 110.27283716493072
115.29313699189942 110.62446999711489
116.23180695875953 110.9692868953592
117.1719221059904 111.31014391809319
118.11253003113796 111.64963873565245
119.0528749693412 111.98986130573788
119.9924322313193 112.3322531156052
120.93090200499353 112.677614497204
121.86817270832918 113.02621689058174
122.8042700036155 113.37795806496656
123.72598598106592 113.76582357891775
124.65878622670503 114.1262173937032
125.59191481115214 114.4857602213159
126.52450776943711 114.84669009560906
127.45657727342859 115.20896960058975
128.38820729496356 115.57237777740305
129.31947833288294 115.93670490229576
130.25046111070932 116.30176800285602
131.20564706089974 116.5977744226493
132.1380927957618 116.95908447168966
133.06824882827942 117.32624895141373
133.9980973643374 117.69419147408648
134.9278265216867 118.06243554257173
135.8574663457854 118.43090507652232
136.78703180888652 118.79956216625423
137.7165331669859 119.16838085516714
138.6459765695348 119.53734557090338
139.57536557734255 119.90644728068827
140.50470306141165 120.27567869958995
141.43399021536158 120.64503677179574
142.3632265458794 121.01452268769211
143.29241120298192 121.38413853286823
144.22154444925317 121.7538835945978
145.1506254522962 122.12375991147216
146.07965166695712 122.49377381995781
147.00862027209564 122.86393234095523
147.9375268745703 123.2342464291007
148.86636590787552 123.60472996477885
149.79513270659322 123.9753945484656
150.7238215841691 124.34625431801054
151.65242587962828 124.7173258238618
152.58093683442598 125.08863082897308
153.50934517855038 125.46019232665576
154.43764067462783 125.83203566996357
155.36581380441692 126.20418435145734
156.29385472993192 126.57666259319679
157.2217521230378 126.94949825118476
158.14949564270802 127.32271663458766
159.0770760080733 127.69634033002042
160.00448450774996 128.0703904265683
160.93171330384672 128.44488576657798
161.85875639290205 128.8198405785684
162.7856120282307 129.19525852068034
163.71228220146105 129.5711340187448
164.63877150468636 129.94745511968003
165.56508656667305 130.32420491189836
166.4912359445368 130.70136181543126
167.41723006608296 131.07889974314443
168.34308099327083 131.45678869591407
169.26880198421557 131.83499584408062
170.1944069387957 132.21348688500063
171.11990983267924 132.5922274207414
172.0453242195887 132.97118416299696
172.9706628451188 133.35032586223628
173.89593738420584 133.72962393409696
174.82115829364233 134.10905280587863
175.7463347601949 134.48859003163824
176.67147472126223 134.86821623257325
177.5965849358287 135.24791491693327
178.52167108657443 135.62767222587996
179.44673789794143 136.0074766420039
180.37178925887758 136.38731868763622
181.29682834244196 136.76719063168892
182.2218577172886 137.1470862169105
183.14687944822649 137.5270004141876
184.07189518464756 137.90692920669136
184.99690623671322 138.2868694040335
185.9219136398981 138.6668184849024
186.84691820890393 139.0467744656664
187.77192058215556 139.42673579196006
188.6969212581475 139.80670125014603
189.62192062486866 140.18666989564906
190.54691898343907 140.56664099539498
191.47191656696728 140.94661398189135
192.3969135444608 141.32658844370144
193.32191006039724 141.70656402910845
194.2469062284166 142.08654046146904
195.17190213408202 142.46651753249068
196.0969451030142 142.84638001501452
197.02238948911625 143.22526349081176
197.9494902720201 143.60007562820735
198.88166232561127 143.9620911838174
199.82519261093614 144.2933774658678
200.78821533320206 144.56279765145072
201.7750933777211 144.72426506378602
202.7750842595613 144.71999467312338
203.7485426487811 144.4911305989273
204.6191820677451 143.99920885500248
205.29052644987163 143.25806330884632
205.70219585599935 142.34673005472987
205.87485711632633 141.36174879136377
205.83074828093402 140.3627220596692
205.7149712511902 139.36944683125378
205.5424067069377 138.3844486190387
205.32428078128714 137.40852798673345
205.07162390670524 136.44097204327255
204.7936237715893 135.4803910082341
204.49727495409996 134.52531123231344
204.18768403988798 133.57444138536414
203.86851596945002 132.6267432568375
203.5423896606868 131.68141705349154
203.21118041917128 130.7378597217227
202.87623778269327 129.795621200822
202.53853881988255 128.85436703189814
202.1987953184798 127.91384890168766
201.85752887157736 126.97388230003705
201.5151237741352 126.03432988040012
201.17186455375446 125.09508917236857
200.82796279783196 124.15608353752212
200.48357646818027 123.21725551495939
200.13882390095455 122.27856191884227
199.7937940176778 121.33997021866267
199.44855381543124 120.40145585928785
199.10315388993018 119.46300027085339
198.75763252745713 118.52458938639244
198.41201874952228 117.586212534322
198.06633458703914 116.64786160859734
197.7205967848521 115.70953044523397
197.37481808320283 114.77121435271198
197.029008183722 113.83290975748662
196.6831822820656 112.8946110599795
196.33734031523954 111.95631828371938
195.9914821167375 111.01803149039395
195.6456096323521 110.07974996305525
195.29972580991952 109.14147261526334
194.95383357831392 108.20319836744723
194.60793537956832 107.26492631942249
194.26203306849126 106.32665578743742
193.91612797812365 105.38838628006879
193.5702210338675 104.45011745616202
193.224312863879 103.51184908414089
192.87840388828494 102.57358100911998
192.53249438532637 101.63531312852137
192.18658453807055 100.6970453748543
191.84067446643823 99.75877770390781
191.49476424875553 98.82051008680557
191.1488539360817 97.88224250472362
190.8029435616579 96.94397494540699
190.45703314710684 96.00570740088405
190.11112270648562 95.06743986597237
189.7652122489295 94.12917233730408
189.41930178037364 93.19090481269106
189.0733913046736 92.25263729071186
188.7274808243338 91.31436977044321
188.38157034098063 90.37610225128547
188.03565985567056 89.4378347328492
187.68974936908964 88.49956721488145
187.3438388816834 87.56129969721799
186.99792839374112 86.62303217975213
186.65201790545086 85.68476466241458
186.30610741693445 84.74649714516039
185.9601969282713 83.80822962796029
185.61428643951282 82.86996211079533
185.26837595069247 81.93169459365319
184.92246546183188 80.99342707652589
184.57655497294516 80.05515955940822
184.2306444840415 79.1168920422968
183.88473399512682 78.17862452518945
183.53882350620503 77.24035700808471
183.19291301727858 76.3020894909817
182.84700252834912 75.3638219738798
182.5010920394177 74.42555445677861
182.15518155048497 73.48728693967792
181.8092710615514 72.54901942257752
181.46336057261738 71.6107519054773
181.11745008368297 70.67248438837721
180.77153959474833 69.73421687127721
180.42562910581356 68.79594935417727
180.0797186168787 67.85768183707735
179.73380812794375 66.91941431997748
179.38789763900874 65.98114680287762
179.0419871500737 65.04287928577776
178.69607666113868 64.1046117686779
178.35016617220364 63.16634425157804
178.0042556832686 62.22807673447818
177.65834519433355 61.289809217378334
177.5458303403375 60.98461745224637
178.53725481785207 60.85393652255525
179.52867929536666 60.723255592864135
179.52867929536666 60.723255592864135
180.52010377288124 60.59257466317302
181.51152825039583 60.4618937334819
182.5029527279104 60.331212803790784
183.494377205425 60.20053187409967
184.48580168293958 60.06985094440856
185.47722616045417 59.93917001471745
186.46865063796875 59.80848908502634
187.4600751154833 59.67780815533521
188.4514995929979 59.54712722564409
189.44292407051248 59.41644629595298
190.43434854802706 59.285765366261856
191.42577302554164 59.155084436570746
192.41719750305623 59.02440350687963
193.4086219805708 58.89372257718852
194.4000464580854 58.763041647497396
195.39147093559998 58.632360717806286
196.38289541311457 58.50167978811516
197.37431989062915 58.37099885842405
198.36574436814374 58.240317928732935
199.35015636203403 58.06444005552266
200.32707389922524 57.85082328294094
201.23403533405298 57.42960961301175
201.98625993274717 56.770702826645625
202.5474827029202 55.943038038075215
202.9330937988292 55.02037662525257
203.2345630295514 54.06690071945957
203.48858903434243 53.09970333066558
203.71225418285897 52.1250372846072
203.88867013328763 51.14072157690242
204.06945224614404 50.15719840601565
204.2468205002969 49.17305385239624
204.419937196335 48.18815253269317
204.5896328987772 47.202656024037424
204.75689506566675 46.21674356974576
204.92551654907425 45.23106269069136
205.09795211357155 44.24604189086199
205.27483522899928 43.26181002616923
205.45573256768068 42.278308042003474
205.63982753225582 41.29539958033572
205.82629396894438 40.31293824878691
206.01444319960433 39.33079779701737
206.2037529756892 38.348880382629225
206.39384813116513 37.36711471208223
206.5844680355982 36.38545079197824
206.77543550512246 35.40385442606021
206.97120382720612 34.423204251906064
207.1745685660772 33.44410120166881
207.3858579269031 32.4666776466008
207.6039960657319 31.490759744117046
207.82747260493505 30.516050435437897
208.05485972567834 29.542245990325796
208.28500091752062 28.569088741050322
208.52308451618347 27.597844075660724
208.772286697815 26.629392593824853
209.03266900663476 25.66388699919907
209.30255469369047 24.700994629345374
209.57978037885306 23.740189800316024
209.87090363448272 22.783504245898285
210.17964487277354 21.83235817521374
210.50545701416016 20.88692364626683
210.85510910548615 19.95004403018408
211.2311099820932 19.02342472281415
211.6310477789773 18.10688243867038
212.065905086133 17.206383064759837
212.54012777049462 16.325978131994884
213.06740130254235 15.476282526261917
213.6617258892873 14.672057255836751
214.3321117453338 13.930044584777288
215.08039737113637 13.266667902780366
215.90101367671147 12.69518835019403
216.78251405778937 12.223005040281967
217.71044793622087 11.850260198253155
218.6609607925853 11.53957497188103
219.64110110078 11.341269711607715
220.6349928815884 11.230910624798106
221.63435618755705 11.195231741920463
222.63394490721998 11.223909111441081
223.63046506687797 11.307261204367403
224.62214410402316 11.435996154115891
225.60835111613517 11.60151270694704
226.58921528485064 11.79620601070982
227.56529426455748 12.013622259813857
228.53732780461672 12.248464328021099
229.5060791855559 12.496498119929301
230.4722477181224 12.754409668097244
231.4364303989768 13.019648726194637
232.39911350373444 13.290279914002376
233.3606801231291 13.564851646826416
234.32142463454431 13.842286294600514
235.28156888783857 14.121791237072003
236.2412774149144 14.40278864463636
237.2006705125904 14.684861124916955
238.15983490767536 14.967710313003657
239.11883214489652 15.251125730725123
240.07770502074908 15.534961612801727
241.0364824340681 15.819119793590684
241.99518300597182 16.103537116254806
242.95381777636072 16.388176145555857
243.91239223117526 16.673018232644516
244.87090786286973 16.958058201416208
245.82936341871516 17.24330011185203
246.7877559474643 17.52875371725551
247.7460817138632 17.81443137731315
248.70433701268354 18.100345319405424
249.66251888131853 18.38650525129526
250.6206256860463 18.67291640808614
251.578657545701 18.959578152807374
252.5366165599831 19.24648323633791
253.49450682688678 19.533617763295595
254.45233425964813 19.8209618237002
255.41010624047937 20.10849066179226
256.3678311683688 20.39617618888591
257.3255179663621 20.683988622511272
258.2831756091635 20.971898051297607
259.24081271759087 21.259875773635265
260.1984372474225 21.547895321348367
261.1560562814932 21.835933141062064
262.1136759190549 22.123968954384296
263.07130124693134 22.41198584869713
264.0289354257905 22.69997331280055
264.9865796761169 22.987927284498706
265.9442340508488 23.275847583464994
266.9018982804281 23.563735102097343
267.8595722956713 23.851590066494243
268.81725639632253 24.13941147528769
269.77495119146056 24.427197297324827
270.73265744769554 24.71494497632213
271.6841603445675 25.022584761207455
272.6402400663158 25.31569150910258
273.59770529274067 25.604240188162436
274.5555979407084 25.891366771691942
275.5136224293009 26.178053149563603
276.4716869592328 26.464605686607527
277.4297631211203 26.751119330301705
278.3878422556858 27.037623033436812
279.3459218294044 27.32412526802359
280.3040011822158 27.61062824133543
281.26208020620413 27.897132314244562
282.2201589401272 28.18363735713977
283.1782374490169 28.470143152550257
284.13631579156254 28.75664950421629
285.0943940137632 29.043156258316152
286.04479529646113 29.35418262672587
287.00043985735215 29.64870507619188
287.9575013216495 29.938590145757423
288.914995562029 30.227042532885896
289.87272667840057 30.51470745729207
290.83071720342394 30.801507307301517
291.7890276288784 31.08723642458793
292.7476985180552 31.371753781255293
293.70673808811597 31.65502591729716
294.6661271387735 31.937112162049427
295.62582897966735 32.21813240435407
296.5857988999803 32.49823551410877
297.54599124642414 32.77757519591347
298.5063639018245 33.056294342653075
299.4668806528525 33.334516503874184
300.4275120933953 33.612342412386425
301.3882356316991 33.88984967886597
302.3490350179677 34.16709422677593
303.3099680593618 34.443875168961554
304.2711687029245 34.71972535078972
305.23279550251095 34.99408624143767
306.19497911934803 35.26648794387424
307.1577953680692 35.536645067042585
308.1212633960251 35.80446844000842
309.0853580707626 36.070027205901816
310.0500263305264 36.33349475343702
311.0152880915973 36.59477952646117
311.9812491316345 36.85346711628757
312.94804258550556 37.10902614577394
313.91576700327744 37.361036961510216
314.8844552594395 37.609317170898024
315.85407417313354 37.853937616091706
316.8246780986692 38.0946200203814
317.79643239272235 38.33061491860856
318.76952696466094 38.56102098203479
319.74421653133004 38.784583610008426
320.7207739197176 38.99984082170095
321.69951150559655 39.204957222770894
322.68070000895 39.39800934238375
323.6645833705679 39.576820781423265
324.65137744163394 39.73880059902098
325.6411496090879 39.88145772829752
326.633799911604 40.00247581337031
327.629053567487 40.09979056277412
328.6264535047402 40.171855569312285
329.62539084168327 40.217944579510835
330.6251832755005 40.238318319516054
331.6251747807158 40.23419648773382
332.6248202885625 40.20757208836156
333.62373268170535 40.16094558489398
334.62168942052546 40.09705233451844
335.61860980185594 40.01863197180615
336.614517992714 39.92826120561599
337.60950442155035 39.828251173961256
338.6009583246929 39.69779367918474
339.59370338459996 39.57755539064878
340.586521841722 39.45792466216394
341.5791179343871 39.33646274703831
342.571453960673 39.212894098364394
343.5635635220302 39.087520184556176
344.5554935595013 38.96073374694304
345.54728700744283 38.83288322242215
346.5389787333796 38.70424605552053
347.5305956757264 38.57503367356429
348.5221581214171 38.44540375303698
349.5136811163314 38.31547242288057
350.5051757039909 38.18532449688139
351.4966499275459 38.05502152674612
352.4881096087663 37.92460795186143
353.4795589398946 37.7941157152908
354.47100092649856 37.663567688883575
355.4624377151527 37.53298019291546
356.4538708337934 37.40236483676465
357.4453013667711 37.27172985569315
358.436730081585 37.14108107673805
359.42815752017157 37.0104226134925
360.41958406437215 36.87975736388694
361.4110032261914 36.74903611244865
362.4024133725399 36.61824650385087
363.39381569569184 36.48739760760411
364.385212121894 36.35650403971931
365.37660440092804 36.22557906474637
366.3679938680814 36.09463279936466
367.3593814660481 35.963672383216164
368.3507678347873 35.83270266198974
369.34215339986565 35.70172685752826
370.33353844117033 35.57074708856659
371.3249231416895 35.439764740227105
372.3163072341774 35.30877778987714
373.307690691713 35.177786033935355
374.2990736250451 35.04679031073096
375.2904561716085 34.91579166047291
376.28183844899115 34.78479097310217
377.27322054484415 34.65378891196513
378.26460252037043 34.52278594023696
379.2559844168876 34.39178237059852
380.2473666757172 34.26078154282319
381.2387494267434 34.12978443992485
382.2301326171033 33.9987906619358
383.2215161423598 33.86779941852618
384.21289990436907 33.73680996694967
385.2042838273177 33.605821733436116
386.19566785739124 33.47483431069975
387.1870525553785 33.34385194319651
388.17843805837026 33.212875668788904
389.16982425704634 33.08190466026182
390.16121097912463 32.95093761369323
391.15259806892834 32.81997335074157
392.1439860413455 32.68901576926363
393.13537498398404 32.5580655328605
394.1267647412325 32.42712146379736
395.1181551038537 32.2961819781496
396.1095465885563 32.1652509884676
397.10093924716597 32.03432888775555
398.0923328743703 31.903414121825307
399.08372721578723 31.772504764610417
400.07512298262714 31.64160620276988
401.0665202639388 31.510719111703658
402.0579188017425 31.379841538220873
403.04931921523774 31.24897817389958
404.0407214784086 31.118128823195526
405.0321260440859 30.987296919004674
406.0235327278923 30.856481066357162
407.01494189466734 30.72568403262006
408.0063533013928 30.594903978274445
408.99776729430346 30.464143530657708
409.989183608703 30.33340068556662
410.98060260265106 30.202678160962243
411.97202400239917 30.071973883597366
412.9634482034933 29.94129085683056
413.9548753901146 29.810630481704614
414.9463055285543 29.679992506393482
415.9377381004732 29.54937300042931
416.9291731398203 29.418772224188153
417.9206105916999 29.288189763610827
418.9120502892167 29.157624353996383
419.90349201018284 29.02707431022869
420.89493551671114 28.896537827348048
421.8863805755947 28.76601313537219
422.8778269679877 28.635498572924448
423.86927449389214 28.504992621420342
424.8607229740527 28.374493919559825
425.85217225038946 28.244001266696845
426.8436221854911 28.113513619055404
427.83507266146796 27.983030081070062
428.8265235783838 27.852549893506385
429.81797485244203 27.722072419710052
430.8094264140722 27.591597131087596
431.80087820602915 27.46112359267713
432.7923301815863 27.330651449428387
433.78378230287535 27.20018041359497
434.7752345394025 27.06971025346101
435.76668686675055 26.93924078348381
436.7581392654656 26.808771855833534
437.749591720116 26.678303353244402
438.7410442185077 26.547835183053515
439.73249675103756 26.417367272285574
440.72394931016504 26.28689956363879
441.7154018899844 26.156432012233594
442.70685448588017 26.02596458299772
443.69830709425275 25.895497248575808
444.68975971229906 25.765029987666935
445.681212329613 25.634562721192736
446.67266492502256 25.504095288261773
447.6641174708742 25.37362747872904
448.6555699400395 25.24315908644198
449.64702231145395 25.112689951330914
450.6384745726776 24.982219978867576
451.6299267198589 24.851749139790364
452.6213787561578 24.72127745811702
453.6128069826509 24.59062497359123
452.6191446667559 24.703031387866318
451.6263734709378 24.823053688935158
450.63404171862504 24.9466566555335
449.6419165037383 25.07190663751323
448.64988576471706 25.197902720138675
447.6578975408644 25.324233095495025
446.665928250056 25.450712050633765
445.6739673313138 25.57725665023441
444.6820100963865 25.703830123266638
443.69005447663335 25.830416253787433
442.69809956322325 25.957007919238386
441.706144958124 26.08360200054753
440.7141904874137 26.210197134884613
439.7222360752241 26.336792727768113
438.7302816885003 26.463388520191742
437.73832731285313 26.589984399407633
436.7463729420226 26.716580316364514
435.7544185732863 26.84317624973061
434.76246420546045 26.969772190231012
433.7705098380304 27.096368133833412
432.77855547077263 27.22296407878473
431.78660110358965 27.349560024322727
430.7946467364393 27.476155970115947
429.8026923693031 27.60275191602021
428.810738002173 27.729347861972805
427.81878363504563 27.855943807946446
426.8268292679195 27.982539753929252
425.8348749007938 28.10913569991605
424.84292053366835 28.235731645904586
423.850966166543 28.36232759189388
422.8590117994177 28.4889235378835
421.8670574322924 28.615519483873257
420.8751030651671 28.742115429863084
419.8831486980418 28.86871137585294
418.8911943309165 28.99530732184281
417.8992399637913 29.12190326783269
416.90728559666593 29.24849921382257
415.9153312295407 29.375095159812453
414.92337686241547 29.501691105802326
413.9314224952901 29.6282870517922
412.93946812816483 29.754882997782083
411.94751376103954 29.88147894377196
410.9555593939142 30.008074889761836
409.9636050267889 30.134670835751713
408.9716506596636 30.261266781741597
407.97969629253834 30.38786272773149
406.9877885559879 30.514823517629075
405.9959442426939 30.642278836020928
405.0041550560056 30.770162412636946
404.01240489195027 30.898348262465664
403.0206792608248 31.026723776364264
402.02896791308143 31.15520958397351
401.03726444956544 31.283756230955575
400.04556517213257 31.41233516834059
399.0538680528933 31.54093075027268
398.06217202116875 31.66953471857005
397.0704765275433 31.79814283620999
396.07878129625493 31.926752976712002
395.08708619131016 32.05536409142826
394.0953911465952 32.1839756705642
393.10369613034584 32.31258746919167
392.1120011274509 32.44119937079195
391.1203061307815 32.569811320395225
390.1286111369982 32.69842329225304
389.1369161445465 32.82703527437864
388.1452211527066 32.95564726122153
387.1535261611467 33.08425925022355
386.16183116971456 33.21287124021055
385.1701361783405 33.341483230645544
384.1784411869928 33.470095221283756
383.18674619565707 33.59870721201392
382.19505120432666 33.72731920278561
381.20335621299876 33.855931193576026
380.21166122167193 33.98454318437485
379.21996623034556 34.11315517517746
378.2282712390195 34.24176716598176
377.23657624769345 34.370379156786825
376.2448812563674 34.49899114759223
375.25318626504145 34.627603138397774
374.2615577472453 34.756726655595436
373.2700197573387 34.88654350570305
372.27856056030464 35.0169607615266
371.28715719833076 35.147801786693755
370.2957889641459 35.27890870584431
369.30444119069364 35.410170246560625
368.3131047140688 35.54151707793873
367.3217742362286 35.67290917703573
366.3304468513611 35.804324609964226
365.3391210250988 35.93575179963703
364.34779597004274 36.067184806214755
363.35647129097254 36.19862064861074
362.36514679298057 36.33005785674062
361.37382238131136 36.46149571593159
360.3824980104397 36.592933882823196
359.3911736587079 36.724372194070064
358.39984931589845 36.85581057261118
357.40852497722557 36.987248982350415
356.417294384094 37.119392507504514
355.4261916644248 37.2524917151062
354.43520043287583 37.38641848238264
353.4442883113295 37.52092932719661
352.4534260052665 37.65580664338991
351.46259273076686 37.79089706549421
350.47177549017624 37.92610503770122
349.4809667652471 38.061375398846046
348.4901624313709 38.19667791904463
347.49948077298416 38.332875759468585
346.5089647615213 38.47027310673468
345.5185929566982 38.608706080449195
344.5283234689043 38.74786908395347
343.5381184173245 38.88748984109877
342.5481370553839 39.028687939564456
341.5584319743043 39.17180974952086
340.56896198859926 39.31654795245584
339.580122746086 39.46553436950718
340.57947923871615 39.42966515376564
341.57515809332074 39.336801713740826
342.568462607833 39.22127621244519
343.56069040129745 39.09684146698939
344.55246499980103 38.968844803895934
345.5440482476117 38.83937410195468
346.5355479707413 38.709265305041725
347.52700959205094 38.57886648039183
348.51845303803543 38.448329537672805
349.5098874624107 38.31772409305566
350.5013172604934 38.187083534752915
351.49274462548783 38.05642451309622
352.4841706864162 37.92575559670034
353.47559603865824 37.79508130339191
354.46702100190714 37.66440405882735
355.4584457501172 37.53372518281207
356.44987037885573 37.40304540040201
357.4412949409873 37.27236511266805
358.43271946589704 37.141684542545676
359.4241439699739 37.01100381437204
360.4155684623794 36.880322997652115
361.4069929482424 36.74964213129773
362.39841743043723 36.61896123711368
363.38984191057517 36.48828032732487
364.38126638955987 36.35759940878688
365.3726908678981 36.22691848534432
366.364115345874 36.096237559153025
367.3555398236469 35.96555663142165
368.34696430130606 35.83487570282759
369.33838877890156 35.70419477375046
370.3298132564614 35.5735138444029
371.32123773400133 35.44283291490397
372.3126622115301 35.31215198532034
373.3040866890526 35.18147105568933
374.29551116657166 35.05079012603181
375.2869356440887 34.920109196359476
376.2783601216047 34.78942826667887
377.2697845991201 34.65874733699361
378.26120907663517 34.52806640730577
379.25263355414995 34.39738547761648
380.2440580316647 34.26670454792638
381.23548250754686 34.136023605850795
382.22690698104174 34.00534264566376
383.2183314524063 33.87466166931493
384.2097559222672 33.7439806815585
385.2011803912031 33.613299686784146
386.19260485961826 33.48261868805946
387.1840293277576 33.351937687242206
388.17545379575705 33.22125668536307
389.1668782636876 33.090575682961585
390.15830273158497 32.959894680308935
391.1497271994667 32.82921367753754
392.1411516673412 32.698532674710705
393.1325761352123 32.56785167185822
394.1240006030818 32.43717066899396
395.11542507095066 32.306489666124314
396.1068495388192 32.175808663252226
397.0982740066875 32.04512766037902
398.0896984745558 31.91444665750531
399.0811229424241 31.783765654631374
400.0725474102924 31.653084651757332
401.0639718781606 31.52240364888324
402.05539634602883 31.391722646009136
403.04682081389706 31.261041643135016
404.0382452817653 31.130360640260896
405.0296697496335 30.99967963738677
406.02109421750174 30.86899863451265
407.01251868536997 30.738317631638516
408.0039431532382 30.607636628764393
408.9953676211064 30.476955625890277
409.98679208897465 30.346274623016143
410.9782165568429 30.215593620142016
411.9696410247111 30.084912617267896
412.96106549257934 29.954231614393777
413.95248996108296 29.823550616339762
414.94391443051563 29.692869625334396
415.9353389007774 29.562188640618935
416.92676337162436 29.43150766034314
417.91818784283134 29.300826682798622
418.9096123142409 29.17014570679152
419.9010367857579 29.039464731598827
420.8924612573294 28.908783756819396
421.8838857289277 28.778102782243263
422.8753102005388 28.647421807764864
423.866734672156 28.51674083333268
424.85815914377605 28.38605985892209
425.8495836153975 28.255378884521473
426.8410080870194 28.124697910125427
427.8324325586417 27.994016935731494
428.8238570313017 27.863335969210553
429.8152815054791 27.732655014201697
430.8067059810106 27.601974069465548
431.79813045749785 27.47129313198021
432.7895551107569 27.34061353559996
433.78097971510067 27.2099335681149
434.7724042545218 27.07925310808479
435.76382875760004 26.948572372334713
436.75525324475905 26.817891515811993
437.74667772572 26.687210612266803
438.73810220442425 26.556529691601135
439.72952668234024 26.42584876495536
440.7209511599882 26.29516783627617
441.71237563754664 26.16448690691781
442.7038001150755 26.033805977335327
443.69522459259474 25.903125047679502
444.6866490701109 25.77244411799982
445.67807354762596 25.641763188312392
446.6694980251407 25.511082258622466
447.66092250265524 25.380401328931725
448.6523469801698 25.24972039924075
449.64377145768435 25.119039469549676
450.6351959351989 24.98835853985858
451.62662041271346 24.85767761016747
452.6180448902281 24.726996680476354
453.6094693677427 24.596315750785237
454.60089384525725 24.46563482109412
455.59231832277186 24.334953891403003
456.5837428002865 24.20427296171189
457.57516727780103 24.07359203202077
458.5665917553156 23.94291110232965
459.55801623283014 23.812230172638532
460.5494407103447 23.68154924294742
461.5408651878593 23.550868313256302
462.53228966537387 23.420187383565192
463.5237141428884 23.28950645387407
464.515138620403 23.15882552418296
465.5065630979176 23.02814459449185
466.49798757543215 22.897463664800725
467.48941205294676 22.76678273510961
468.4808365304614 22.636101805418498
469.472261007976 22.505420875727374
470.46368548549054 22.374739946036257
471.45510996300516 22.24405901634514
472.4465344405197 22.113378086654013
473.43795891803427 21.9826971569629
474.4293833955489 21.852016227271783
475.42080787306344 21.72133529758067
476.41223235057805 21.590654367889556
477.40365682809266 21.459973438198446
478.39508130560716 21.329292508507326
479.3865057831217 21.198611578816205
480.37793026063633 21.0679306491251
481.3693547381509 20.93724971943398
482.36077921566545 20.80656878974286
483.35220369318006 20.675887860051745
484.3436281706946 20.545206930360624
485.33505264820917 20.414526000669518
486.3264771257237 20.283845070978398
487.3179016032383 20.153164141287277
488.30932608075284 20.022483211596168
489.3007505582674 19.891802281905058
490.292175035782 19.761121352213948
491.2835995132966 19.63044042252283
492.2750239908112 19.499759492831714
493.26644846832573 19.369078563140597
493.35848046568697 19.356947707740858
493.324939468608 20.356385050206583
493.2913984715291 21.35582239267231
493.2913984715291 21.35582239267276
493.25785747445013 22.355259735138485
493.2243164773712 23.35469707760421
493.19077548029225 24.354134420069933
493.1572344832133 25.35357176253566
493.12369348613436 26.353009105001384
493.0901524890554 27.35244644746711
493.05661149197647 28.351883789932835
493.0230704948975 29.35132113239856
492.9895294978187 30.350758474864286
492.95598850073975 31.350195817330007
492.9224475036608 32.34963315979573
492.88890650658186 33.349070502261455
492.8553655095029 34.34850784472718
492.821824512424 35.347945187192906
492.78828351534503 36.34738252965863
492.7547425182661 37.34681987212436
492.72120152118714 38.34625721459008
492.6876605241082 39.34569455705581
492.65411952702937 40.34513189952153
492.6205785299504 41.34456924198726
492.5870375328715 42.344006584452984
492.55349653579253 43.34344392691871
492.5199555387136 44.342881269384435
492.48641454163464 45.34231861185016
492.4528735445557 46.341755954315886
492.41933254747676 47.34119329678161
492.3857915503978 48.34063063924734
492.35225055331887 49.34006798171306
492.31870955624 50.33950532417879
492.28516855916104 51.33894266664451
492.25162756208215 52.33838000911024
492.2180865650032 53.337817351575964
492.18454556792426 54.33725469404169
492.1510045708453 55.336692036507415
492.1174635737664 56.33612937897314
492.0839225766874 57.335566721438866
492.0503815796085 58.33500406390459
492.01684058252954 59.33444140637032
491.9832995854506 60.33387874883604
491.94975858837176 61.33331609130177
491.9162175912928 62.33275343376749
491.8826765942139 63.33219077623322
491.84913559713493 64.33162811869894
491.815594600056 65.33106546116467
491.78205360297704 66.3305028036304
491.7485126058981 67.32994014609612
491.71497160881916 68.32937748856185
491.6814306117402 69.32881483102757
491.64788961466127 70.3282521734933
491.61434861758244 71.32768951595902
491.5808076205035 72.32712685842475
491.54726662342455 73.32656420089047
491.5137256263456 74.3260015433562
491.48018462926666 75.32543888582192
491.4466436321877 76.32487622828765
491.41310263510877 77.32431357075338
491.3795616380298 78.3237509132191
491.3460206409509 79.32318825568483
491.312479643872 80.32262559815055
491.2789386467931 81.32206294061628
491.24539764971416 82.321500283082
491.2118566526352 83.32093762554773
491.1783156555563 84.32037496801345
491.14477465847733 85.31981231047918
491.1112336613984 86.3192496529449
491.07769266431944 87.31868699541063
491.0441516672405 88.31812433787636
491.01061067016167 89.31756168034208
490.9770696730827 90.3169990228078
490.9435286760038 91.31643636527353
490.90998767892484 92.31587370773926
490.8764466818459 93.31531105020497
490.84290568476695 94.3147483926707
490.809364687688 95.31418573513642
490.77582369060906 96.31362307760213
490.7422826935301 97.31306042006784
490.70874169645117 98.31249776253355
490.67520069937234 99.31193510499928
490.6416597022934 100.311372447465
490.60811870521445 101.31080978993073
490.5745777081355 102.31024713239646
490.54103671105656 103.30968447486218
490.5074957139776 104.3091218173279
490.4739547168987 105.30855915979363
490.44041371981973 106.30799650225936
490.4068727227409 107.30743384472508
490.37333172566196 108.30687118719081
490.339790728583 109.30630852965653
490.30624973150407 110.30574587212226
490.2727087344251 111.30518321458798
490.2391677373462 112.30462055705371
490.20562674026723 113.30405789951944
490.1720857431883 114.30349524198516
490.13854474610935 115.30293258445089
490.1050037490304 116.30236992691661
490.07146275195146 117.30180726938234
490.0379217548725 118.30124461184806
490.00438075779357 119.30068195431379
489.9708397607146 120.30011929677951
489.9372987636357 121.29955663924522
489.90375776655685 122.29899398171095
489.8702167694779 123.29843132417668
489.83667577239896 124.29786866664239
489.80313477532 125.29730600910811
489.7695937782411 126.29674335157384
489.73605278116213 127.29618069403956
489.7025117840832 128.2956180365053
489.66897078700424 129.295055378971
489.6354297899253 130.2944927214367
489.6018887928464 131.29393006390245
489.56834779576747 132.2933674063682
489.5348067986886 133.2928047488339
489.50126580160963 134.2922420912996
489.4677248045307 135.29167943376535
489.43418380745175 136.29111677623106
489.4006428103728 137.29055411869678
489.36710181329386 138.28999146116251
489.3335608162149 139.28942880362825
489.30001981913597 140.288866146094
489.266478822057 141.28830348855973
489.2329378249781 142.28774083102545
489.1993968278992 143.28717817349116
489.1658558308203 144.2866155159569
489.13231483374136 145.28605285842264
489.0987738366624 146.28549020088838
489.0652328395835 147.28492754335412
489.03169184250453 148.28436488581985
488.9981508454256 149.2838022282856
488.96460984834664 150.28323957075133
488.9310688512678 151.28267691321707
488.89752785418887 152.2821142556828
488.8639868571099 153.28155159814855
488.830445860031 154.2809889406143
488.7969048629521 155.28042628308003
488.7633638658731 156.27986362554577
488.72982286879414 157.2793009680115
488.6962818717152 158.27873831047725
488.66274087463626 159.278175652943
488.6291998775573 160.2776129954087
488.5956588804784 161.2770503378744
488.5621178833995 162.27648768034015
488.52857688632054 163.27592502280586
488.4950358892416 164.27536236527158
488.4614948921627 165.27479970773732
488.42795389508376 166.27423705020306
488.3944128980048 167.27367439266877
488.3608719009259 168.27311173513448
488.3273309038469 169.2725490776002
488.2937899067681 170.2719864200659
488.26024890968915 171.27142376253164
488.2267079126102 172.27086110499738
488.19316691553126 173.2702984474631
488.1596259184523 174.2697357899288
488.1260849213734 175.2691731323945
488.09254392429443 176.26861047486022
488.05900292721554 177.26804781732596
488.02546193013666 178.2674851597917
487.99192093305766 179.26692250225742
487.95837993597877 180.26635984472313
487.9248389388998 181.26579718718887
487.8912979418209 182.2652345296546
487.857756944742 183.26467187212035
487.9191744475513 184.2627840353308
488.0747898385332 185.2506017564158
488.2991163039008 186.22511580810294
488.5675591025124 187.18841143451968
488.8782519947522 188.1389217851796
489.219268693401 189.07897902345965
489.5796588575437 190.01178067954157
489.9516809938842 190.9400045372788
490.33042267265904 191.86550696340143
490.73101217384806 192.78176459722346
491.15096893017426 193.68930871340513
491.58447184808404 194.59046087600797
492.0499309736728 195.4755302531791
492.5550906521536 196.33855615037874
493.09057547824705 197.18310099881705
493.65968222278786 198.00536465076704
494.2558481280723 198.80822591734824
494.86617553911833 199.60037517811028
495.4756131292978 200.3932092235928
496.0694175778635 201.1978186175621
496.634396008255 202.0229242915168
497.1596081417 202.87389562762758
497.63685489056826 203.75266496066934
498.06098384981874 204.65826676385058
498.4299307262644 205.58771724793297
498.74444991525843 206.53696836315723
499.0075799166716 207.50172874913724
499.22396220182975 208.47803746397585
499.3991491413993 209.46257265187126
499.5390051679527 210.45274450151993
499.6492542827027 211.4466484871729
499.7351817281467 212.4429498844014
499.80146944502974 213.44075043490759
499.8521333845774 214.43946619288354
499.89053035704524 215.43872875723054
499.9194072140577 216.43831173384083
499.9409719128566 217.4380791886851
499.9569723564048 218.43795117339425
499.9687740496976 219.43788153098694
499.97743143197647 220.43784405515075
499.98375039671765 221.43782409029376
499.98834124204336 222.43781355230783
499.991662344731 223.4378080374311
499.9940554247241 224.4378051740111
499.9957735228326 225.43780369807945
499.9970028698392 226.43780294243214
499.99787976397204 227.4378025579604
499.99850345235325 228.43780236346677
499.9989458672129 229.4378022656013
499.9992589216367 230.43780221659978
499.9994799347211 231.43780219217638
499.99963563807756 232.4378021800546
499.99974511638754 233.43780217406186
499.9998219535739 234.43780217110987
499.99987579127185 235.43780216966064
499.9999134553375 236.43780216895135
499.9999397667153 237.43780216860523
499.99995812287824 238.43780216843678
499.99997091330187 239.43780216835498
499.9999798153973 240.43780216831533
499.99998600468246 241.43780216829617
499.9999903036437 242.4378021682869
499.99999328691473 243.43780216828247
499.9999953554219 244.43780216828034
499.99999678854425 245.4378021682793
499.9999977807376 246.43780216827878
499.9999984672037 247.43780216827855
499.9999989418528 248.43780216827844
499.99999926985515 249.43780216827838
499.9999994963978 250.43780216827838
499.9999996527876 251.43780216827835
499.9999997606993 252.43780216827835
499.9999998351285 253.43780216827832
499.9999998864439 254.43780216827832
499.9999999218105 255.43780216827832
499.99999994617696 256.4378021682783
499.99999996295935 257.4378021682783
499.9999999745149 258.4378021682783
499.99999998246926 259.4378021682783
499.2809874510853 258.7428050605772
498.9500764073588 257.7991431077891
498.75633956517555 256.81808957409135
498.61699102287264 255.82784617787098
498.5034926548106 254.83430799518885
498.4032121231014 253.83934879252772
498.3098291071178 252.8437185336837
498.22005731581675 251.84775617220282
498.13217381123735 250.8516254129032
498.04529517322624 249.8554065101226
497.95902356021793 248.85913485600966
497.87326258059164 247.86281911570765
497.78809490130044 246.8664524831852
497.70368148530883 245.8700216651147
497.6201807450967 244.8735139499494
497.5376959321456 243.87692162826895
497.45625347064845 242.8802435832287
497.37580656101926 241.88348468824398
497.2962538524849 240.88665402731664
497.2174631452015 239.88976284747514
497.13929301672005 238.89282281366508
497.06111801823926 237.89588316172396
496.9812166288696 236.89908038886625
496.89670065174914 235.90265826465816
496.8041251328424 234.90695259866087
496.700385809231 233.9123480778906
496.583432816483 232.91921062643326
496.4525614126916 231.92781127416913
496.3083014233532 230.9382714541133
496.15206755405126 229.9505513631549
495.9857465147732 228.96447970658352
495.8113414132089 227.97980571964757
495.63072566147724 226.9962519843456
495.4455082952419 226.01355440764925
495.25698686698934 225.03148533111258
495.0661573116339 224.04986214434342
494.8737539322343 223.0685462219231
494.6803002401448 222.08743681466163
494.48615893083246 221.106463241104
494.29157514004146 220.12557734133716
494.0967109995265 219.14474709774686
493.9016717126813 218.1639516671973
493.70652439295833 217.18317772606463
493.5113112082246 216.20241689257557
493.31605829247985 215.22166396808683
493.1207816431539 214.2409157688899
492.92549094318616 213.2601703674191
492.7301919936319 212.27942660868138
492.5348882374159 211.29868380712333
492.33958170036675 210.31794155934062
492.1442735650596 209.33719962983884
491.94896451677766 208.35645788215027
491.7536549499444 207.37571623772837
491.5583450901503 206.39497465164808
491.3630350656682 205.41423309836466
491.167724949038 204.4334915634321
490.97241478107344 203.45275003872254
490.7769811848158 202.47203310226547
490.581021814794 201.4914210865831
490.3838376731056 200.51105461721227
490.184586619873 199.53110614010458
489.9825082785826 198.5517367797602
489.77710219754755 197.57305994756592
489.3820625404821 196.6543958798319
488.5071933673269 196.17003658151825
487.71389410973353 196.7788684859893
487.4898113419641 197.75343860311216
487.3920621418741 198.74864968317596
487.3300631211688 199.7467258934082
487.2831215865541 200.74562353197183
487.2432224610247 201.7448272448262
487.2066737883322 202.74415911889227
487.1717180551907 203.74354798050746
487.1375159121278 204.7429629160622
487.10366800245043 205.74238991140027
487.0699854639133 206.7418224937177
487.03637959851034 207.74125765710275
487.0028090467943 208.74069400728095
486.9692546578742 209.74013090022825
486.9357076233137 210.73956804005857
486.90216391700517 211.73900529159923
486.86862170939855 212.73844259343906
486.8350801735591 213.73787991782393
486.801538937561 214.7373172522715
486.7679978348805 215.73675459119326
486.7344567912672 216.73619193209728
486.70091577373927 217.73562927387675
486.6673747676971 218.73506661604168
486.6338337666986 219.73450395837585
486.6002927679094 220.73394130078415
486.5667517700856 221.73337864322485
486.5332107726829 222.7328159856797
486.4996697754635 223.73225332814073
486.46612877832354 224.7316906706044
486.4325877812183 225.73112801306922
486.39904678412785 226.73056535553454
486.36550578704407 227.73000269800013
486.331964789963 228.7294400404658
486.2984237928831 229.72887738293147
486.2648827958039 230.7283147253972
486.2313417987249 231.72775206786292
486.19780080164577 232.72718941032863
486.1642598045668 233.72662675279437
486.1307188074877 234.72606409526009
486.12788961406113 235.72606009308436
486.1630635848913 236.72544129751842
486.2274442482057 237.7233667106587
486.3098824701517 238.7199628874336
486.40219037317905 239.7156933986859
486.49948645137687 240.71094888004095
486.5991717868574 241.70596789186442
486.6999579419328 242.7008760036743
486.801236691215 243.69573409151587
486.9027309442718 244.69057021701417
487.0043178091189 245.6853968898022
487.10594390585425 246.68021955563884
487.20758642820755 247.67504054337968
487.30923576142004 248.6698608352201
487.4108878960593 249.66468084081072
487.5125411751908 250.6595007294548
487.61419491921777 251.65432057059454
487.71584885116647 252.64914039253182
487.8175028587612 253.64396020673934
487.9191568966975 254.63878001784647
488.02081094676583 255.6335998277139
488.1224650016725 256.62841963708695
488.22411905850413 257.6232394462633
488.32577311609987 258.6180592553616
488.4274271739987 259.61287906442885
488.5290812320172 260.60769887348397
488.6307352900833 261.6025186825342
488.7342101772783 262.5971507490392
488.83992877720374 263.59154683593306
488.9473689227995 264.58575839043965
489.05587351840956 265.5798543378872
489.1649601989282 266.5738865788801
489.27434118047904 267.56788647871656
489.38386315530556 268.56187085335733
489.493450095528 269.55584806764983
489.60306610657483 270.5498220764258
489.7126948354443 271.5437946825908
489.8223290295608 272.53776668595935
489.9319655387657 273.53173843397303
490.0416030172202 274.52571007507663
490.1512408975603 275.5196816718511
490.26087894319824 276.51365325039285
490.370517056365 277.5076248214859
490.4801551969615 278.5015963895533
490.5897933486457 279.4955679563978
490.69943150479276 280.48953952275
490.80906966273 281.4835110889047
490.92026010569947 282.47731020612724
491.03336336071624 283.47089344557156
491.1479342817823 284.46430851695214
491.26341268069365 285.45761850853825
491.3793873257021 286.45087068281987
491.49561287089546 287.44409352923674
491.6119586162517 288.437302302626
491.7283597457793 289.4305045866773
491.8447856585164 290.4237039658773
491.9612224132544 291.41690207408436
492.07766382710093 292.41009963607365
492.1941072145375 293.4032969666793
492.31055142824266 294.3964942004122
492.42699598454533 295.38969139397824
492.5434406817591 296.38288857102356
492.6615112525094 297.3758937776175
492.7815852099769 298.36865872700787
492.9031962761744 299.36123655699316
493.0257577331284 300.35369748280806
493.14883889301336 301.3460940910657
493.2721828090611 302.3384580758888
493.39565260372535 303.33080640677144
493.51918039840393 304.323147519465
493.64273414657276 305.31548540109276
493.76629924860214 306.307821869011
493.889869229654 307.3001577293843
494.0134412774315 308.2924933323977
494.1391960942562 309.2845546843541
494.26763958886164 310.276271513239
494.39814565602074 311.26771902391954
494.52992687672827 312.2589978494115
494.6624053447409 313.25018373284263
494.79523631817534 314.24132243781605
494.9282361612645 315.2324384964783
495.0613138111305 316.22354411098473
495.1944262767828 317.2146450500863
495.32931350531385 318.20550600682003
495.46637524621815 319.1960685132679
495.60510302764334 320.18639906548816
495.74486030402693 321.17658485800285
495.88518036078585 322.1666910551712
496.02578489742604 323.1567568935255
496.1676122118816 324.1466483082142
496.3108411168642 325.1363378963061
496.4551253313471 326.1258741843981
496.6000569613277 327.1153158565705
496.74534117513804 328.10470581872767
496.89080321513467 329.0940696521682
497.0370115240365 330.0833234772344
497.1840737887569 331.0724507138907
497.3317787689276 332.06148217892746
497.47987798627423 333.0504546870496
497.62879319596726 334.03930465561
497.7785576537536 335.0280263592172
497.9289424540379 336.01665389871
498.0797026411379 337.0052242634213
498.23066572739265 337.9937636640465
498.38173066784265 338.98228750481456
498.5328441718141 339.9708039229471
498.6012658025352 338.97314742873203
498.6648056155791 337.97516812425806
498.7250764075575 336.9769860608877
498.783251212561 335.97867964897665
498.84012223929176 334.9802981155343
498.8947926535993 333.9817936609627
498.9462339239521 332.98311763957014
498.99402529589474 331.9842603000227
499.0383552636532 330.98524335624325
499.0797666707024 329.986101176488
499.1189129782788 328.9868676869555
499.1564057745891 327.9875707890194
499.1926109100053 326.98822640985395
499.22777701322923 325.9888449285446
499.2621142723725 324.98943462609896
499.295813283238 323.9900025990622
499.3290406765018 322.9905547813464
499.3619330309317 321.991095881231
499.39472572214635 320.99163370615736
499.42762018573177 319.9921748754567
499.46072702557626 318.99272305713055
499.4940758306282 317.9932792832235
499.52789268450454 316.9938512365919
499.56237162265114 315.9944458119397
499.59757521661544 314.99506565055367
499.6339700381815 313.9957281615325
499.67257075714764 312.9964734470101
499.9808756017783 313.9477610600785
499.9976423626621 314.947620488063
499.99874909951103 315.94761987562964
499.9989551795158 316.94761985439516
499.99907756270136 317.9476198469064
499.99917711266323 318.9476198419513
499.9992633375896 319.94761983823395
499.99933948010965 320.9476198353351
499.99940725257403 321.9476198330386
499.9994678060758 322.9476198312052
499.99952202422645 323.9476198297354
499.9995706331291 324.947619828554
499.9996142512183 325.94761982760275
499.9996534164002 326.94761982683576
499.9996886031205 327.9476198262167
499.999720234153 328.94761982571646
499.9997486891681 329.94761982531156
499.99977431106197 330.94761982498335
499.99979740836716 331.9476198247166
499.99981825472787 332.9476198244993
499.99983708936713 333.9476198243219
499.99985412146935 334.9476198241769
499.99986953812385 335.9476198240581
499.9998835131172 336.94761982396045
499.9998962136718 337.9476198238798
499.9999078035615 338.94761982381266
499.9999173451867 339.9476198237671
499.9999259532688 340.94761982373007
499.99993424733236 341.9476198236957
499.99994244576305 342.9476198236621
499.99995061600686 343.9476198236287
499.99995877802706 344.94761982359546
499.99996693765513 345.94761982356215
499.99997509658783 346.9476198235289
499.99998325531857 347.94761982349564
499.99999141398473 348.94761982346233
499.99999957264777 349.9476198234291
