12.725818593072365
301842
835
0.0 100.0
0.0 99.0
0.0 98.0
0.0 97.0
0.0 96.0
0.0 95.0
0.0 94.0
0.0 93.0
0.0 92.0
0.0 91.0
0.0 90.0
0.0 89.0
0.0 88.0
0.0 87.0
0.0 86.0
0.0 85.0
0.0 84.0
0.6498199602569683 83.23991183455362
1.4348740783155367 82.62048465423355
2.3086789688127705 82.13420797029414
3.2231245426001838 81.72949907172554
4.148421410441285 81.35025547406903
5.069239994320823 80.96026427470412
5.98162776014254 80.55093730909
6.891115317313158 80.13520616597967
7.80583064504405 79.73110733003212
8.729264539294608 79.34734979857605
9.657143205863704 78.97446753816942
10.577899933062568 78.58433031959365
11.474279438841961 78.14104284896234
12.325189914949298 77.61573212029712
13.109478875286879 76.99533641859328
13.813096622213735 76.284757734555
14.436017866289024 75.50247318039348
15.018325748425905 74.6895048351295
15.65675696364244 73.91982595180403
16.45975233292386 73.3238406861199
17.432779545505632 73.0931503231323
18.407037919257235 73.31858461771698
19.23857272223087 73.87405727360888
19.94096130207049 74.58585098172303
20.5806443376162 75.35448978768784
21.20554554093953 76.13519362787633
21.92540415341681 76.82931435083617
22.767008250396586 77.36940929058922
23.687197734966517 77.7608825495571
24.643855528070404 78.05209701845175
25.615408628798672 78.28891883430765
26.592898033030217 78.4999033470451
27.572748043987485 78.69963806117121
28.553525908920037 78.89476565957375
29.534661341234777 79.08808731758592
30.51593235808594 79.28071958769631
31.497255135758735 79.47308799991764
32.478599126607776 79.66534816642252
33.45995373776671 79.85755411627088
34.44131566153467 80.04972272603443
35.422684196177684 80.24185757246428
36.41791373035259 80.14429644134128
37.36221243294675 79.81520684825304
38.295844475840276 79.45697339297219
39.294720447379994 79.40957303980277
40.19172671886771 79.85159085495471
40.911483268973434 80.54581740917163
41.73496858393726 81.11315499477558
42.673645082147345 81.45795411268057
43.63858978327196 81.72040739189714
44.61255601439844 81.94710053388708
45.590411127820566 82.1563835412102
46.570107867874356 82.3568686965908
47.55070794563346 82.55288779642251
48.53175664889445 82.74664909758951
49.51302904247855 82.93927435447381
50.4944130858418 83.13132996993974
51.47623494788873 83.32113468854998
52.45872035243853 83.50747424378886
53.44183494615223 83.69046521522502
54.425415755461216 83.87093347160013
55.40929549623211 84.04976483266579
56.39335036295575 84.22763000429173
57.37750202412461 84.40495881700576
58.36170519388299 84.58200152551859
59.3459351081521 84.75889549335756
60.3301786926783 84.93571338362605
61.31442919644449 85.11249275413061
62.29868318146186 85.28925274105475
63.28293891171985 85.46600300966647
64.26719551507843 85.6427484162406
65.25145255470225 85.81949139333145
66.23570981216854 85.99623315728373
67.21996717837024 86.17297431569824
68.20422459883574 86.34971517192177
69.18848204637825 86.52645587735513
70.17273950743112 86.70319650755026
71.15699697522487 86.87993710020577
72.13419229945417 87.0922795083686
73.09649812481902 87.3642491729801
74.04057558114548 87.69397293077768
74.96858303377333 88.06653456040041
75.8851682451853 88.46637396593829
76.79468244590603 88.88204681649185
77.70018373609534 89.30639032529751
78.67904135684464 89.51093312839997
79.63697612547132 89.22394710250998
80.33034276231152 88.50336212700958
80.77716800929815 87.60874086711503
81.10736329359214 86.66482822590822
81.39365360559238 85.70668530480782
81.66466472358906 84.74410908760619
81.9305298469981 83.78009885106577
82.19468818247465 82.81561952324259
82.45828462631255 81.85098647653726
82.72169676271058 80.88630308474582
82.98504855113016 79.92160321663336
83.2483805966872 78.95689795916725
83.51170618601888 77.99219093939227
83.77502966447864 77.027483343438
84.03056879415146 76.0606846295342
84.28293127217815 75.09305185844579
84.55689431700772 74.13131163880864
84.56488478628724 74.13377287058174
84.71972054422696 73.56651674290933
85.54671729614145 74.12872344184032
86.37371404805559 74.69093014077109
87.20071079997007 75.25313683970208
88.02770755188455 75.81534353863309
88.85470430379902 76.3775502375641
89.68170105571353 76.93975693649509
90.50869780762764 77.50196363542592
91.33569455954215 78.06417033435692
92.16269131145663 78.62637703328792
92.98968806337109 79.1885837322189
93.81668481528558 79.75079043114992
94.64368156720008 80.3129971300809
95.47067831911455 80.87520382901191
96.29767507102905 81.43741052794292
97.12467182294353 81.99961722687391
97.951668574858 82.56182392580492
98.7786653267725 83.12403062473592
99.60566207868698 83.68623732366692
100.43265883060147 84.24844402259791
101.25965558251596 84.81065072152892
102.08665233443044 85.37285742045991
102.91364908634492 85.93506411939092
103.74064583825941 86.49727081832191
104.56764259017389 87.05947751725292
105.39463934208837 87.6216842161839
106.22163609400286 88.18389091511492
107.04863284591735 88.74609761404591
107.87562959783183 89.30830431297692
108.70262634974631 89.87051101190791
109.5296231016608 90.4327177108389
110.3566198535753 90.99492440976991
111.18361660548976 91.5571311087009
112.01061335740425 92.1193378076319
112.83761010931875 92.68154450656291
113.66460686123322 93.24375120549391
114.4916036131477 93.8059579044249
115.3186003650622 94.3681646033559
116.14559711697669 94.9303713022869
116.97259386889118 95.49257800121791
117.79959062080567 96.0547847001489
118.62658737272014 96.6169913990799
119.45358412463462 97.17919809801091
120.28058087654911 97.7414047969419
121.10757762846359 98.3036114958729
121.93457438037808 98.8658181948039
122.76157113229254 99.4280248937349
123.58856788420705 99.9902315926659
124.41556463612153 100.55243829159689
125.24256138803602 101.11464499052789
126.06955813995049 101.6768516894589
126.89655489186498 102.23905838838989
127.72355164377947 102.8012650873209
128.55054839569397 103.36347178625189
129.37754514760846 103.92567848518289
130.20454189952292 104.48788518411389
131.03153865143742 105.05009188304489
131.8585354033519 105.61229858197589
132.68553215526637 106.17450528090689
133.51252890718087 106.73671197983789
134.33952565909536 107.29891867876889
135.16652241100985 107.86112537769988
135.99351916292431 108.4233320766309
136.8205159148388 108.98553877556188
137.64751266675327 109.54774547449287
138.4745094186678 110.10995217342389
139.30150617058226 110.67215887235488
140.12850292249675 111.23436557128588
140.95549967441121 111.79657227021688
141.7824964263257 112.35877896914789
142.6094931782402 112.92098566807888
143.43648993015472 113.48319236700989
144.26348668206919 114.04539906594088
145.09048343398365 114.60760576487189
145.91748018589814 115.16981246380288
146.74447693781264 115.73201916273388
147.57147368972713 116.29422586166487
148.3984704416416 116.85643256059588
149.22546719355609 117.4186392595269
150.05246394547058 117.98084595845789
150.4571865355497 118.25598337686303
151.2769594618296 118.82867207881071
152.09673238810947 119.4013607807584
152.91650531438935 119.97404948270608
153.73627824066924 120.54673818465378
154.5560511669491 121.11942688660145
155.37582409322897 121.69211558854911
156.19559701950885 122.26480429049681
157.01536994578873 122.8374929924445
157.83514287206862 123.41018169439218
158.6549157983485 123.98287039633988
159.47468872462838 124.55555909828755
160.29446165090826 125.12824780023524
161.11423457718814 125.70093650218294
161.93400750346802 126.27362520413061
162.75378042974788 126.84631390607831
163.5735533560278 127.41900260802598
164.39332628230767 127.99169130997367
165.21309920858755 128.56438001192134
166.03287213486743 129.13706871386904
166.85264506114729 129.7097574158167
167.67241798742717 130.28244611776438
168.49219091370705 130.85513481971208
169.3119638399869 131.42782352165977
169.6405560388437 131.65737616215424
170.46032896474458 132.23006486464448
171.2801018910519 132.80275356655284
172.09987481743832 133.37544226834805
172.91964774381114 133.9481309701627
173.73942067015443 134.52081967201963
174.55919359647328 135.09350837391153
175.37896652277573 135.66619707582691
176.19873944906823 136.23888577775654
177.018512375355 136.8115744796944
177.83828530163856 137.3842631816368
178.65805822792038 137.95695188358172
179.47783115420125 138.52964058552797
180.29760408048168 139.1023292874749
181.11737700676184 139.6750179894222
181.93714993304187 140.24770669136967
182.75692285932183 140.82039539331726
183.57669578560174 141.3930840952649
184.39646871188165 141.96577279721257
185.21624163816153 142.53846149916023
186.03601456444142 143.11115020110793
186.8557874907213 143.68383890305563
187.67556041700118 144.25652760500333
188.49533334328106 144.829216306951
189.31510626956094 145.40190500889867
190.13487919584082 145.97459371084636
190.9546521221207 146.547282412794
191.7744250484006 147.1199711147417
192.59419797468047 147.6926598166894
193.41397090096035 148.26534851863704
194.23374382724023 148.83803722058474
195.0535167535201 149.4107259225324
195.8732896798 149.98341462448008
196.69306260607988 150.55610332642777
197.51283553235976 151.12879202837547
198.33260845863964 151.70148073032317
199.15238138491952 152.27416943227087
199.9721543111994 152.84685813421856
200.79192723747929 153.41954683616623
201.61170016375917 153.9922355381139
202.43147309003905 154.5649242400616
203.25124601631893 155.13761294200927
204.0710189425988 155.71030164395694
204.8907918688787 156.28299034590464
205.71056479515858 156.8556790478523
206.53033772143849 157.42836774979997
207.35011064771837 158.00105645174767
208.16988357399828 158.57374515369537
208.98965650027816 159.14643385564304
209.80942942655804 159.71912255759074
210.62920235283792 160.29181125953843
211.4489752791178 160.8644999614861
212.26874820539763 161.43718866343374
212.51906648710113 161.61205959076858
212.0271862672725 162.48272247004007
211.53530604744392 163.3533853493116
211.04342582761532 164.22404822858311
210.5515456077867 165.0947111078546
210.05966538795806 165.9653739871261
209.56778516812946 166.83603686639765
209.07590494830083 167.70669974566914
208.58402472847223 168.57736262494066
208.09214450864363 169.44802550421215
207.600264288815 170.31868838348365
207.1083840689864 171.18935126275517
206.88905590910966 171.5775776631787
206.49741618100774 172.49769630953483
206.10577645290584 173.41781495589098
205.71413672480392 174.33793360224712
205.322496996702 175.25805224860326
205.47577210271098 176.24623580537695
205.95303547028848 177.12499611283775
206.54177717639848 177.93331733827145
207.1660551161381 178.7145196513469
207.80262283461968 179.48574046265009
208.14548758894676 180.42512524017218
208.12288528323344 181.42486977542927
207.83313420733163 182.3819718149286
207.5017251347004 183.3254589778395
207.1416901333726 184.25839777423448
206.76416465794125 185.18439697261442
206.3766000888464 186.10623953226457
205.98348929764362 187.02573064469576
205.58739227422328 187.94393930727608
205.1897169144364 188.86146549666708
204.79121890973744 189.77863469602505
204.3922967555209 190.69561949135988
203.99315778417972 191.61250993277406
203.59390874483037 192.52935245173717
203.1946041438566 193.44617077378422
202.7952716260631 194.3629769366304
202.39592513574098 195.27977701334692
201.99657167473455 196.1965740536902
201.59721474565097 197.11336958334385
201.19785609510916 198.03016436312686
200.7984965917648 198.94695877142598
200.39913666665655 199.86375299600286
199.9997765332605 200.78054712984857
199.6004162971292 201.69734121894228
199.20105601037915 202.6141352859862
198.80169569871174 203.530929342176
198.40233537478844 204.44772339302705
198.00297504484104 205.36451744125395
197.60361471193448 206.28131148819185
197.20425437757504 207.19810553449685
196.80489404250258 208.11489958049128
196.4055337070804 209.03169362633335
196.00617337148668 209.9484876721007
195.60681303580884 210.8652817178314
195.2074527000898 211.78207576354419
194.80809236435056 212.69886980924815
194.40873202860146 213.6156638549478
194.0093716928475 214.53245790064534
193.6100113570912 215.44925194634186
193.21065102133372 216.36604599203787
192.81129068557567 217.28284003773365
192.4119303498173 218.19963408342926
192.01257001405884 219.11642812912484
191.61320967830028 220.0332221748204
191.21384934254172 220.95001622051595
190.8144890067831 221.86681026621147
190.41512867102452 222.783604311907
190.01576833526593 223.70039835760252
189.61640799950732 224.61719240329805
189.2170476637487 225.53398644899357
188.81768732799011 226.45078049468913
188.41832699223153 227.36757454038465
188.0189666564729 228.28436858608018
187.6196063207143 229.2011626317757
187.22024598495568 230.11795667747123
186.82088564919712 231.03475072316678
186.4215253134385 231.9515447688623
186.0221649776799 232.86833881455783
185.62280464192128 233.78513286025336
185.22344430616266 234.70192690594888
184.82408397040405 235.61872095164438
184.42472363464543 236.53551499733993
184.02536329888682 237.45230904303546
183.6260029631282 238.36910308873098
183.22664262736959 239.28589713442648
182.82728229161103 240.20269118012203
182.4279219558524 241.11948522581756
182.0285616200938 242.03627927151308
181.62920128433518 242.9530733172086
181.22984094857657 243.86986736290413
180.83048061281795 244.78666140859966
180.4311202770594 245.70345545429498
180.32076598858748 245.9567909649332
181.0962755601439 246.5881267744865
181.87178513170036 247.21946258403983
182.64729470325682 247.85079839359315
183.42280427481325 248.48213420314647
184.1983138463697 249.11347001269976
184.97382341792616 249.74480582225308
185.74933298948258 250.3761416318064
186.52484256103904 251.00747744135973
187.3003521325955 251.63881325091302
188.07586170415192 252.27014906046634
188.85137127570835 252.9014848700197
189.6268808472648 253.53282067957298
190.40239041882126 254.1641564891263
191.1778999903777 254.79549229867962
191.95340956193414 255.42682810823294
192.7289191334906 256.05816391778626
193.50442870504702 256.6894997273395
194.27993827660345 257.32083553689284
195.05544784815993 257.9521713464462
195.83095741971633 258.5835071559995
196.02489864022823 258.7413930699179
196.8004082123747 259.37272887874644
197.57591778388897 260.00406468835155
198.35142735527984 260.6354004981082
199.12693692669154 261.26673630783927
199.90244649814906 261.89807211751406
200.67795606964467 262.5294079271421
201.4534656411658 263.1607437367387
202.2289752127025 263.79207954631624
203.00448478424815 264.4234153558828
203.77999435579883 265.05475116544324
204.55550392735222 265.6860869750003
205.33101349890705 266.31742278455556
206.10652307046266 266.9487585941099
206.88203264201866 267.58009440366374
207.65754221357486 268.21143021321734
208.43305178513117 268.8427660227708
209.20856135668757 269.47410183232415
209.98407092824397 270.10543764187753
210.7595804998004 270.73677345143085
211.53509007135682 271.36810926098417
212.31059964291325 271.9994450705375
213.08610921446967 272.6307808800908
213.8616187860261 273.26211668964413
214.63712835758253 273.89345249919745
215.41263792913898 274.5247883087508
216.1881475006954 275.1561241183041
216.96365707225186 275.7874599278574
217.73916664380832 276.41879573741073
218.51467621536477 277.05013154696405
219.29018578692126 277.6814673565174
220.0656953584777 278.3128031660707
220.84120493003417 278.944138975624
221.6167145015906 279.57547478517733
222.39222407314702 280.20681059473065
223.16773364470345 280.838146404284
223.94324321625987 281.4694822138373
224.71875278781636 282.10081802339056
225.49426235937278 282.7321538329439
226.2697719309292 283.3634896424972
227.04528150248566 283.9948254520505
227.82079107404212 284.62616126160384
228.59630064559974 285.2574970711581
229.29191397484465 285.82379002286666
230.12062757174363 285.26411710560745
230.94934116864303 284.70444418834774
231.77805476554255 284.1447712710881
232.60676836244207 283.58509835382847
233.43548195934156 283.0254254365689
234.26419555624105 282.4657525193093
235.09290915314054 281.90607960204966
235.92162275004006 281.34640668479005
236.75033634693955 280.78673376753045
237.579049943839 280.2270608502708
238.40776354073847 279.6673879330112
239.23647713763796 279.1077150157515
240.0651907345375 278.5480420984919
240.89390433143703 277.9883691812323
241.72261792833652 277.4286962639727
242.551331525236 276.86902334671305
243.3800451221355 276.3093504294534
244.20875871903502 275.7496775121938
245.03747231593448 275.1900045949341
245.866185912834 274.63033167767446
246.69489950973355 274.07065876041486
247.523613106633 273.5109858431552
248.35232670353253 272.9513129258956
249.18104030043204 272.391640008636
250.00975389733154 271.8319670913763
250.83846749423105 271.2722941741168
251.66718109113054 270.7126212568572
252.49589468803 270.1529483395975
253.32460828492952 269.5932754223379
254.15332188182902 269.03360250507825
254.9820354787285 268.4739295878186
255.81074907562802 267.914256670559
256.6394626725275 267.3545837532993
257.46817626942703 266.7949108360397
258.2968898663265 266.2352379187801
259.125603463226 265.6755650015205
259.95431706012545 265.1158920842608
260.78303065702494 264.5562191670012
261.6117442539245 263.9965462497416
262.44045785082403 263.436873332482
263.2691714477235 262.8772004152224
264.097885044623 262.3175274979627
264.92659864152245 261.75785458070305
265.75531223842194 261.19818166344345
266.5840258353214 260.63850874618385
267.4127394322209 260.0788358289243
268.24145302912035 259.51916291166464
269.07016662601984 258.959489994405
269.8988802229194 258.39981707714537
270.7275938198189 257.8401441598857
271.5563074167184 257.2804712426261
272.55556343436757 257.24190427240575
273.4419749336763 257.7048023755485
274.1859463710833 258.3730137944292
274.86599664382067 259.1061792781706
275.52273390633445 259.86029874352465
276.17138140817025 260.6213877122807
276.8172612153309 261.38482682229676
277.4621983358868 262.1490624603883
278.10681484210306 262.91356854925453
278.75132235813976 263.678166523207
279.39579282991923 264.44279572157984
280.0402507115597 265.20743553141943
280.6847043143005 265.97207894760396
280.7484790297231 266.9700432684455
280.5849197867021 267.9565767823326
280.36127550507547 268.9312476166637
280.12207761299265 269.9022184547547
279.8788380911287 270.8721847093241
279.63454661139076 271.84188655676354
279.3451142153963 272.79908501484255
279.0440243504675 273.7526807851966
278.7399089079884 274.7053159712179
278.4350068819024 275.65769969351084
278.18679451840524 276.6264053364216
277.9534808340856 277.59880686084927
277.72404534013475 278.5721307299265
277.61308540090477 279.5659556098154
277.5332347888233 280.5627624515607
277.6534519252134 281.55551007312323
278.01044981991 282.489615261623
278.62146587200414 283.28123346763095
279.4393358694823 283.85663651526363
280.38638922740313 284.17771273246274
281.36423179246714 284.38705436221915
282.3542349805786 284.5280993462814
283.3498796494023 284.6213285983594
284.34809165950725 284.68110135872956
285.3474091147591 284.7180421712394
286.34717497202706 284.73968080893417
287.3471092244925 284.7511477503914
288.3470981106742 284.75586235674723
289.3470980861211 284.7560839560437
290.3470942235076 284.75330452948936
291.3470827425708 284.7485126883224
292.3470638555257 284.74236665434586
293.3470389342875 284.7353067779104
294.34700945877194 284.7276288770058
295.34697668125057 284.71953233648577
296.3469415646479 284.71115188470225
297.34692526303866 284.70544198515796
298.3469229001948 284.70326812174505
299.346922372328 284.70429561059217
300.34691610287723 284.70783663618005
300.0989781821272 283.7390607139698
299.7679430996392 282.79544226662887
299.3961041168992 281.8671450238694
299.10062024090223 280.9117972971092
299.6690549195661 280.0890688995853
300.6673756350047 280.03114007147553
301.6407242456774 280.2604705799159
302.58970666734797 280.57579955632025
303.5276410933609 280.9226122038689
304.4607022656674 281.282329938675
305.3914469093864 281.64799974627255
306.3209835391403 282.0167295307297
307.2498482330872 282.38714872615407
308.17832618977394 282.75853623798884
309.1065779314482 283.1304887942089
310.0346963465277 283.50277391020256
310.9627358890703 283.87525559764146
311.8907286823292 284.2478537399604
312.8186937370081 284.62052096054026
313.74664232317593 284.99322918613916
314.6745811285196 285.36596176257615
315.508914359788 285.9172221903245
316.1397331445102 286.6931523810256
316.5593807416635 287.6008394935283
316.8563678916176 288.5557209692949
317.09950378413174 289.52571320522844
317.3137454402305 290.5024938934037
317.51990107634714 291.4810131081856
317.72100920312437 292.460582156974
317.9185449010173 293.4408778511694
318.1136391998392 294.42166234052837
318.30712640259986 295.402765139611
318.4995835271884 296.38407052286084
318.6913925518773 297.365502791562
318.88279916482014 298.3470136211109
319.0739583239656 299.3285726747978
319.26496641700203 300.31016113662616
319.45588279609325 301.2917674406986
319.6467437329045 302.273384526328
319.83757126660686 303.2550081061085
320.02837872890694 304.2366355875548
320.2191741561541 305.2182654082823
320.4099623792917 306.19989662921614
320.60074629599103 307.18152868713236
320.7915276412551 308.1631612448133
320.98230745245513 309.14479410063996
321.17308634913223 310.12642713420325
321.3638647009452 311.10806027365993
321.55464272829045 312.08969347617614
321.7454205624907 313.07132671622963
321.9361982817553 314.05295997862055
322.12697593264255 315.0345932543004
322.31775354285975 316.01622653788434
322.50853112889115 316.99785982616874
322.6993087005417 317.979493117248
322.8900862636424 318.96112640998894
323.0808638216605 319.9427597037177
323.2716413766574 320.92439299803357
323.4624189298585 321.90602629269847
323.6531964819923 322.88765958757074
323.84397403349175 323.8692928825663
324.03475158461424 324.8509261776352
324.22552913551266 325.83255947274756
324.41630668627795 326.8141927678858
324.60708423696417 327.7958260630394
324.7978617876032 328.7774593582022
324.98863933821445 329.7590926533704
325.1794168888091 330.7407259485418
325.37019443939374 331.7223592437152
325.56097198997264 332.7039925388897
325.7517495405481 333.6856258340648
325.9425270911214 334.66725912924034
326.1333046416935 335.6488924244161
326.3240821922648 336.6305257195921
326.5148597428358 337.6121590147681
326.7056372934065 338.5937923099442
326.89641484397697 339.57542560512036
327.0871923945475 340.5570589002965
327.27796994511783 341.53869219547266
327.4687474956882 342.52032549064876
327.6595250462585 343.50195878582497
327.85030259682884 344.4835920810011
328.04108014739904 345.46522537617733
328.2318576979693 346.4468586713535
328.4226352485396 347.42849196652963
328.61341279910994 348.4101252617058
328.8041903496803 349.39175855688194
328.99496790025063 350.3733918520581
329.18574545082095 351.35502514723424
329.3765230013912 352.3366584424104
329.5673005519615 353.3182917375865
329.75807810253184 354.2999250327627
329.9488556531021 355.28155832793885
330.1396332036724 356.26319162311495
330.33041075424273 357.2448249182911
330.521188304813 358.22645821346725
330.71196585538326 359.2080915086434
330.9027434059536 360.18972480381956
331.09352095652383 361.1713580989957
331.2842985070942 362.15299139417186
331.4750760576645 363.134624689348
331.6658536082348 364.11625798452417
331.8566311588051 365.0978912797004
332.04740870937536 366.0795245748765
332.23818625994573 367.06115787005257
332.42896381051605 368.0427911652287
332.6197413610863 369.02442446040493
332.8105189116565 370.0060577555811
333.00129646222683 370.9876910507572
333.1920740127972 371.96932434593333
333.38285156336747 372.95095764110954
333.5736291139377 373.9325909362857
333.764406664508 374.91422423146184
333.95518421507836 375.895857526638
334.0684514814808 376.4786667702928
334.9869490976199 376.0832402548101
334.9869490976246 376.08324025480806
335.9054467137637 375.6878137393254
336.8239443299028 375.29238722384275
337.74244194604194 374.8969607083601
338.66093956218106 374.50153419287744
339.5794371783202 374.1061076773948
340.4979347944593 373.71068116191213
341.4164324105984 373.3152546464295
342.33493002673754 372.91982813094677
343.25342764287666 372.5244016154641
344.1719252590158 372.12897509998146
345.0904228751549 371.73354858449875
346.008920491294 371.3381220690161
346.92741810743314 370.94269555353344
347.84591572357226 370.5472690380508
348.7644133397113 370.1518425225681
349.68291095585045 369.75641600708536
350.60140857198957 369.3609894916027
351.51990618812874 368.96556297612005
352.43840380426786 368.5701364606374
353.356901420407 368.17470994515475
354.2753990365461 367.7792834296721
355.19389665268517 367.3838569141894
356.11239426882423 366.98843039870667
357.03089188496335 366.593003883224
357.9493895011025 366.19757736774136
358.8678871172416 365.8021508522587
359.7863847333807 365.40672433677605
360.70488234951983 365.0112978212934
361.62337996565896 364.61587130581074
362.5418775817981 364.2204447903281
363.4603751979372 363.82501827484543
364.3788728140763 363.42959175936267
365.29737043021544 363.03416524388
366.2158680460602 362.63873872771364
367.13436566206894 362.24331221192807
368.05286327821966 361.8478856964724
368.9713608944336 361.4524591811634
369.88985851065917 361.05703266588165
370.80835612687355 360.6616061505738
371.7268537430703 360.26617963522506
372.64535135925047 359.8707531198378
373.5638489754175 359.47532660441993
374.48234659157504 359.07990008898
375.400844207726 358.68447357352494
376.3193418238726 358.28904705805974
377.2378394400164 357.893620542588
378.15633705615846 357.4981940271121
379.07483467229935 357.10276751163354
379.99333228843955 356.70734099615333
380.9118299045793 356.31191448067216
381.83032752071887 355.91648796519047
382.7488251368582 355.5210614497083
383.6673227529975 355.125634934226
384.58582036913674 354.73020841874353
385.50431798527586 354.33478190326093
386.422815601415 353.93935538777833
387.3413132175541 353.54392887229574
388.2598108336932 353.1485023568131
389.17830844983234 352.7530758413304
390.09680606597146 352.3576493258478
391.0153036821106 351.9622228103652
391.9338012982497 351.5667962948825
392.8522989143888 351.1713697793999
393.7707965305279 350.7759432639172
394.68929414666707 350.3805167484346
395.6077917628062 349.9850902329519
396.5262893789453 349.5896637174692
397.4447869950844 349.1942372019865
398.36328461122355 348.79881068650377
399.28178222736267 348.4033841710211
400.2002798435018 348.00795765553846
401.1187774596409 347.6125311400558
402.03727507578003 347.21710462457315
402.95577269191915 346.82167810909044
403.87427030805827 346.42625159360773
404.7927679241974 346.0308250781251
405.7112655403365 345.6353985626424
406.62976315647563 345.23997204715977
407.54826077261475 344.8445455316771
408.4667583887539 344.44911901619446
409.385256004893 344.0536925007118
410.30375362103206 343.65826598522904
411.2222512371711 343.2628394697464
412.14074885331024 342.8674129542637
413.05924646944936 342.4719864387811
413.9777440855885 342.0765599232984
414.8962417017276 341.68113340781576
415.8147393178667 341.28570689233305
416.73323693400584 340.8902803768504
417.65173455014497 340.4948538613677
418.5702321662841 340.09942734588503
419.4887297824232 339.7040008304024
420.4072273985623 339.30857431491967
421.32572501470145 338.91314779943696
422.24422263084057 338.5177212839543
423.1627202469797 338.12229476847165
424.0812178631188 337.726868252989
424.99971547925793 337.33144173750634
425.91821309539705 336.9360152220236
426.83671071153617 336.5405887065409
427.7552083276753 336.14516219105826
428.6737059438144 335.7497356755756
429.59220355995353 335.35430916009295
430.51070117609265 334.9588826446103
431.4291987922318 334.56345612912764
432.3476964083709 334.168029613645
433.31479462694165 333.9136263203539
434.3146006686444 333.8939316770551
435.29631819879387 334.08427529002176
436.25709564833693 334.36159584903163
437.2049639819411 334.68025808738184
438.14504935076275 335.02119723052544
439.08036994275517 335.37499857336496
440.0127659942939 335.73643681577283
440.9433777982274 336.10244456211103
441.8729097241651 336.4711862042708
442.80179258965194 336.84155982941843
443.73028730578574 337.2129054394797
444.6585506747242 337.5848289771685
445.58667643365595 337.9570957841866
446.5147204315301 338.3295663709579
447.4427158778874 338.7021579054029
448.3706824993426 339.07482122458674
449.2986320078719 339.44752715373215
450.22657135594244 339.8202583790171
451.154504670757 340.19300462414543
452.0824344026048 340.56575978876793
453.0103620063983 340.9385202508856
453.9382883461393 341.31128385964433
454.86621393497944 341.6840493376269
455.79491914501557 342.0548682056093
456.72467371165374 342.42304811518545
457.6553830492413 342.7888077752455
458.5868275662219 343.1526911518745
459.51878952601805 343.5152472240799
460.45109648727464 343.8769152071699
461.38362559728625 344.238010013254
462.3162944408446 344.5987437492083
463.2490497684066 344.9592538030275
464.18185801720875 345.3196269026987
465.1146983881199 345.6799168448263
466.0475581432868 346.0401565944237
466.98042954687895 346.4003661783605
467.913307928946 346.7605576889099
468.84619048249925 347.1207383953281
469.7801322803256 347.47816351793824
470.71549335954853 347.8318578089227
471.6521410179687 348.1821307938588
472.58977636721715 348.52975120729815
473.528105322919 348.8754950010118
474.4668960084955 349.21998309757646
475.40598369099655 349.5636607438889
476.3471475669429 349.90161127076163
477.2909350337235 350.23216416750887
478.2370417015891 350.5560193404183
479.1849008012023 350.874709044175
480.1370769115468 351.1802588026255
481.0940472394039 351.47044459070105
482.05799558388645 351.73653402899083
483.0304982492463 351.9694257760924
484.01014048437355 352.1701770927875
484.99721149082535 352.3304606796648
485.9906795753577 352.4445709991614
486.98844900482925 352.5113255167023
487.98821840502876 352.53279983682313
488.9880187327185 352.5128172255938
489.98632478139797 352.4546361877038
490.9815890698095 352.3574302402903
491.97238353997085 352.22205550890476
492.9579748434933 352.05291124379045
493.9385090032788 351.8565626723831
494.9147372918341 351.63981782555993
495.8802741905094 351.3795516208838
496.84194670444805 351.1053510083117
497.8023310366853 350.8266720991829
498.7383032081884 350.47459810955604
499.67427537969155 350.12252411992927
