16.109726959041737
293102
836
0.0 100.0
0.0 101.0
0.0 102.0
0.0 103.0
0.0 104.0
0.0 105.0
0.0 106.0
0.0 107.0
0.0 108.0
0.0 109.0
0.0 110.0
0.0 111.0
0.0 112.0
0.0 113.0
0.0 114.0
0.9479451279899396 114.3184337204508
1.8958902559798838 114.63686744090158
2.8438353839698256 114.95530116135237
3.7917805119597654 115.27373488180316
4.739725639949705 115.59216860225396
5.687670767939649 115.91060232270475
6.635615895929591 116.22903604315553
7.583561023919531 116.54746976360633
8.53150615190947 116.86590348405713
9.479451279899415 117.18433720450791
10.42739640788936 117.50277092495868
11.3753415358793 117.82120464540947
12.323286663869242 118.13963836586026
13.271231791859192 118.45807208631103
14.219176919849133 118.77650580676183
15.167122047839072 119.09493952721263
16.115067175829015 119.41337324766343
17.063012303818958 119.73180696811421
18.010957431808905 120.050240688565
18.958902559798847 120.36867440901578
19.906847687788787 120.68710812946657
20.854792815778726 121.00554184991736
21.802737943768665 121.32397557036815
22.750683071758605 121.64240929081893
23.69862819974854 121.96084301126973
24.64657332773848 122.27927673172053
25.586566759935046 122.62046926890052
26.500513396982385 123.02630364968886
27.358612790230822 123.53978727290061
28.087855661955473 124.22404222102944
28.68264629681273 125.02792287180174
29.15887438411019 125.90724466094892
29.50655636225381 126.84485718330245
29.732488832638587 127.81900014961995
29.858874667917313 128.81098130903825
29.91208667045597 129.8095645468236
29.915180060050297 130.80955976228256
29.885513364122488 131.80911960899147
29.835113750547144 132.80784874091435
29.771901797893733 133.80584886568477
29.700918972644875 134.80332640353697
29.625295253039063 135.80046283002685
29.54693631365704 136.79738804117306
29.466983893150797 137.794186722179
29.386112699328457 138.79091128293274
29.30471668364098 139.78759312215237
29.223023420361056 140.78425064143102
29.141163111830963 141.78089445437894
29.059209601433388 142.77753060771352
28.97720443478427 143.77416251200057
28.895170814612566 144.77079207465738
28.81312161149112 145.76742035454268
28.731063919863647 146.76404793556017
28.649001627442352 147.76067513775894
28.56693685307312 148.75730213559098
28.48487074568107 149.7539290236577
28.40280392529866 150.75055585301376
28.320736725043883 151.74718265108933
28.238669323139156 152.74380943256
28.156601814561114 153.74043620524662
28.074534249736658 154.73706297330165
27.992466655346174 155.73368973892204
27.91039904545957 156.7303165032664
27.8283314274736 157.7269432669438
27.746263805265418 158.72357003027355
27.66419618086165 159.72019679342247
27.582128555318867 160.7168235564776
27.500060929186503 161.7134503194842
27.41799330274962 162.71007708246572
27.335925676155764 163.7067038454343
27.253858049481153 164.70333060839624
27.171790422765078 165.69995737135477
27.08972279602774 166.69658413431154
27.007655169279523 167.69321089726742
26.925587542525754 168.68983766022285
26.843519915769146 169.68646442317805
26.761452289011096 170.6830911861331
26.67938466225231 171.67971794908811
26.597317035493152 172.6763447120431
26.515249408733805 173.67297147499806
26.43318178197436 174.669598237953
26.351114155214866 175.66622500090796
26.26904652845535 176.6628517638629
26.186978901695824 177.65947852681785
26.104911274936285 178.6561052897728
26.022843648176746 179.65273205272774
25.940776021417207 180.64935881568266
25.85870839465767 181.64598557863758
25.77664076789813 182.64261234159252
25.69457314113859 183.63923910454747
25.612505514379052 184.63586586750242
25.530437887619513 185.63249263045736
25.448370260859967 186.6291193934123
25.36630263410042 187.62574615636726
25.284235007340875 188.6223729193222
25.202167380581333 189.61899968227715
25.120099753821794 190.6156264452321
25.038032127062255 191.61225320818704
24.955964500302713 192.60887997114202
24.873896873543167 193.60550673409696
24.791829246783628 194.6021334970519
24.709761620024086 195.59876026000688
24.627693993264543 196.5953870229618
24.545626366505005 197.59201378591675
24.46355873974546 198.5886405488717
24.440298106441233 198.87111697215366
25.353178573066494 199.27934393556043
26.26605903969256 199.68757089896752
27.1789395063186 200.09579786237467
28.09181997294465 200.50402482578178
29.004700439570687 200.91225178918893
29.917580906196743 201.32047875259605
30.830461372822796 201.72870571600316
31.74334183944885 202.13693267941028
32.65622230607489 202.54515964281742
33.56910277270093 202.95338660622454
34.48198323932698 203.36161356963166
35.39486370595304 203.76984053303875
36.30774417257906 204.17806749644592
37.22062463920514 204.58629445985298
38.13350510583117 204.99452142326015
39.04638557245721 205.4027483866673
39.95926603908328 205.8109753500744
40.872146505709324 206.21920231348153
41.785026972335395 206.62742927688862
42.69790743896144 207.0356562402958
43.6107879055875 207.44388320370288
44.52366837221356 207.85211016711
45.43654883883962 208.2603371305171
46.34942930546566 208.66856409392423
47.26230977209172 209.07679105733135
48.17519023871777 209.4850180207385
49.08807070534382 209.8932449841456
50.00095117196986 210.30147194755276
50.913831638595916 210.70969891095987
51.82671210522197 211.117925874367
52.73959257184804 211.52615283777408
53.65247303847407 211.93437980118125
54.56535350510013 212.3426067645884
55.47823397172622 212.75083372799543
56.39111443835223 213.15906069140266
57.3039949049783 213.56728765480975
58.21687537160437 213.97551461821686
59.12975583823041 214.38374158162404
60.04263630485649 214.7919685450311
60.95551677148253 215.20019550843824
61.86839723810857 215.6084224718454
62.781277704734634 216.01664943525248
63.69415817136069 216.4248763986596
64.60703863798673 216.83310336206674
65.51991910461277 217.24133032547388
66.43279957123883 217.64955728888097
67.34568003786488 218.0577842522881
68.25856050449092 218.4660112156952
69.17144097111695 218.87423817910238
70.08432143774303 219.28246514250947
70.99720190436906 219.6906921059166
71.91008237099513 220.0989190693237
72.82296283762118 220.50714603273084
73.73584330424721 220.915372996138
74.64872377087329 221.32359995954508
75.56160423749935 221.7318269229522
76.4744847041254 222.14005388635934
77.38736517075145 222.54828084976648
78.30024563737753 222.95650781317354
79.21312610400355 223.36473477658075
80.12600657062961 223.77296173998784
81.03888703725568 224.18118870339492
81.95176750388171 224.58941566680207
82.86464797050775 224.9976426302092
83.7775284371338 225.40586959361636
84.69040890375985 225.81409655702348
85.60328937038591 226.22232352043056
86.33041703747716 226.54748451400846
86.67337937267278 225.60813535813844
87.01634170786896 224.66878620226677
87.35930404306515 223.72943704639513
87.70226637826134 222.7900878905235
88.04522871345752 221.85073873465186
88.38819104865374 220.91138957878022
88.73115338384993 219.97204042290855
89.0741157190461 219.03269126703688
89.41707805424232 218.09334211116524
89.76004038943847 217.15399295529357
90.10300272463469 216.21464379942194
90.44596505983085 215.27529464355027
90.78892739502706 214.33594548767863
91.13188973022326 213.396596331807
91.47485206541941 212.45724717593532
91.81781440061563 211.51789802006368
92.16077673581182 210.57854886419204
92.50373907100803 209.63919970832038
92.8467014062042 208.6998505524487
93.18966374140041 207.76050139657707
93.5326260765966 206.8211522407054
93.87558841179278 205.88180308483376
94.21855074698897 204.94245392896212
94.56151308218517 204.00310477309046
94.90447541738136 203.06375561721882
95.24743775208272 202.1244064611665
95.59040008703154 201.18505730520454
95.93336242222775 200.2457081493329
96.27632475754763 199.30635899350642
96.61928709289846 198.36700983769123
96.96224942823382 197.42766068187038
97.30521176353825 196.48831152603827
97.64817409881174 195.54896237019486
97.99113643406011 194.6096132143423
98.33409876929011 193.67026405848299
98.67706110450754 192.7309149026191
99.0200234397168 191.7915657467522
99.36298577492082 190.85221659088342
99.70594811012168 189.91286743501348
100.04891044532057 188.9735182791428
100.39187278051836 188.03416912327174
100.73483511571543 187.0948199674004
101.07779745091207 186.15547081152891
101.42075978610858 185.2161216556574
101.76372212130494 184.2767724997858
102.10668445650123 183.3374233439142
102.44964679169748 182.39807418804259
102.79260912689367 181.45872503217095
103.13557146208989 180.5193758762993
103.47853379728606 179.58002672042764
103.82149613248228 178.64067756455603
104.16445846767849 177.7013284086844
104.50742080287468 176.76197925281275
104.85038313807085 175.8226300969411
105.19334547326702 174.88328094106944
105.53630780846323 173.9439317851978
105.87927014365944 173.00458262932617
106.22223247885562 172.0652334734545
106.56519481405184 171.12588431758286
106.90815714924803 170.18653516171122
107.2511194844442 169.24718600583955
107.59408181964037 168.30783684996788
107.9370441548366 167.36848769409627
108.28000649003276 166.42913853822463
108.62296882522895 165.489789382353
108.96593116042516 164.55044022648136
109.30889349562136 163.61109107060972
109.65185583081755 162.67174191473808
109.99481816601374 161.73239275886644
110.3377805012099 160.79304360299477
110.68074283640613 159.85369444712313
111.02370517160226 158.91434529125146
111.36666750679846 157.97499613537983
111.7586452147062 157.0550214202363
112.27537117256121 156.19887056642676
112.96871682960139 155.47826540417523
113.82831051305119 154.9672872252153
114.78915636101854 154.6902037424093
115.7858137589411 154.6085089985991
116.78447631854192 154.66021095263875
117.77560387083126 154.7931251170191
118.75935968537448 154.97263694769444
119.7380357831795 155.17804652776593
120.71364254260399 155.39757204101036
121.68751025847855 155.62468802894887
122.66042707641253 155.8558435293836
123.63283490730004 156.0891309281617
124.6049739890526 156.32353571849092
125.576972487746 156.55852277885333
126.54889794295167 156.79381177035796
127.52078564151643 157.02925667129762
128.49265390284398 157.26478179230207
129.4645121909843 157.50034806275053
130.4363653759921 157.7359353858183
131.40821595584035 157.971533455523
132.38006520835373 158.20713700046494
133.35191378571355 158.44274333035378
134.32376202014214 158.6783510747893
135.29561008059696 158.91395953684065
136.26745805288402 159.14956836256982
137.23930598052848 159.38517737244248
138.21115388558584 159.62078647548307
139.18300177922262 159.85639562563168
140.12912575061523 160.18020024381414
141.0752497220078 160.50400486199663
142.0213736934004 160.8278094801791
142.967497664793 161.15161409836156
143.9136216361856 161.47541871654406
144.85974560757822 161.79922333472655
145.80586957897083 162.123027952909
146.7519935503634 162.44683257109148
147.698117521756 162.77063718927394
148.64424149314863 163.09444180745643
149.5903654645412 163.4182464256389
150.5364894359338 163.7420510438214
151.4826134073264 164.06585566200386
152.428737378719 164.38966028018632
153.3748613501116 164.7134648983688
154.3209853215042 165.03726951655128
155.26773813187893 165.35923087455495
156.2144909422536 165.68119223255863
157.16124375262834 166.0031535905623
158.10799656300307 166.325114948566
159.05474937337777 166.64707630656972
160.0015021837525 166.96903766457336
160.94825499412724 167.29099902257704
161.89500780450194 167.61296038058072
162.84176061487665 167.93492173858442
163.78851342525135 168.2568830965881
164.7352662356261 168.57884445459177
165.6820190460008 168.90080581259542
166.62877185637552 169.22276717059913
167.57552466675025 169.5447285286028
168.523099118266 169.86426359527718
169.47067356978178 170.18379866195156
170.41824802129756 170.5033337286259
171.3658224728133 170.82286879530025
172.31339692432908 171.14240386197463
173.26097137584486 171.461938928649
174.20854582736064 171.78147399532338
175.1561202788764 172.10100906199773
176.10369473039216 172.42054412867213
177.0512691819079 172.7400791953465
177.9988436334237 173.05961426202083
178.94737028567332 173.37631157803747
179.8958969379229 173.69300889405412
180.8444235901725 174.00970621007076
181.79295024242214 174.3264035260874
182.74147689467176 174.64310084210405
183.69000354692133 174.9597981581207
184.63853019917096 175.27649547413733
185.58705685142058 175.59319279015395
186.5355835036702 175.90989010617056
187.4852235916996 176.22323289483433
188.43486367972895 176.53657568349809
189.3845037677583 176.84991847216185
190.3341438557877 177.1632612608256
191.283783943817 177.47660404948934
192.23342403184637 177.7899468381531
193.18306411987575 178.10328962681686
194.13391499447772 178.41293880616126
195.08476586907966 178.72258798550567
196.03561674368166 179.0322371648501
196.98646761828363 179.3418863441945
197.9373184928856 179.65153552353894
198.8881693674876 179.96118470288334
199.83902024208953 180.27083388222775
200.79152030963849 180.57537225636025
201.74402037718738 180.87991063049282
202.69652044473634 181.18444900462532
203.64902051228526 181.48898737875786
204.6015205798342 181.7935257528904
205.5556507142972 182.09291794802846
206.5097808487602 182.39231014316658
207.46391098322317 182.69170233830465
208.4180411176862 182.99109453344278
209.3738654989766 183.28503288094237
210.32968988026704 183.57897122844193
211.2855142615574 183.8729095759415
212.24133864284786 184.16684792344108
213.1992530981543 184.4539017447273
214.1571675534607 184.74095556601347
215.11508200876713 185.02800938729968
216.07500711657656 185.30826603288918
217.03493222438598 185.58852267847868
217.99485733219535 185.86877932406819
218.95711664439423 186.14091351171567
219.9193759565931 186.41304769936312
220.8835628723202 186.6782713625998
221.84774978804728 186.94349502583646
222.81392444389633 187.20138363433824
223.78009909974537 187.45927224284
224.74836607755444 187.70919034879574
225.7166330553635 187.95910845475146
226.6871145952124 188.20028386977657
227.65759613506128 188.44145928480168
228.63043877927785 188.67292675464074
229.60457062937616 188.89890714897626
230.57984784057965 189.11989212879894
231.55512505178305 189.34087710862156
232.53210907714475 189.55418958877235
233.5100988374822 189.76284247917908
234.4889133154105 189.96759163741388
235.4684376201373 190.1689175832069
236.44796192486413 190.3702435289999
237.4286488071014 190.56582788166585
238.40980643720184 190.7590368485791
239.39136073764018 190.95022041296417
240.37324808954077 191.13968605147875
241.35541343295816 191.32770530099793
242.33780954300786 191.51451505170493
243.32039628386474 191.70031950991927
244.30313982472097 191.88529284017352
245.28601185620303 192.06958220430056
246.26898883961474 192.25331094479276
247.25205131083047 192.4365817217519
248.23518325136854 192.61947947322483
249.2183715319078 192.80207411994326
250.2016054282388 192.98442297545304
251.18487620610244 193.16657285165226
252.1681767692325 193.34856186931017
253.15150136384224 193.53042099510697
254.13484533247544 193.71217533302706
255.11820491032307 193.89384520024595
256.1015770575941 194.075447017339
257.0849593221736 194.2569940407532
258.0683497275076 194.43849696276
259.05174668135606 194.61996440105577
260.0351489017103 194.80140329711293
261.01855535676646 194.98281923950455
262.0019652163668 195.1642167258179
262.9853778127689 195.34559937448535
263.96879260898515 195.52697009589014
264.9522091732535 195.70833123043303
265.9356271584661 195.8896846598476
266.91904628560286 196.0710318968863
267.9024663303958 196.25237415754142
268.88588711259797 196.43371241917657
269.86930848735136 196.61504746730066
270.8527303382441 196.79637993319335
271.83615257172795 196.97771032416406
272.8195751126302 197.15903904788223
273.80299790054573 197.34036643193807
274.7864208869366 197.5216927395665
275.77305957695427 197.68461632705527
276.765126480504 197.81032734041963
277.76197932788386 197.88960155230927
278.7614593741131 197.92184495767555
279.76140461931163 197.91138041732273
280.76030197010493 197.86443275946795
281.75732858547235 197.78737480563467
282.75217285003987 197.68596036259493
283.7448259322103 197.56496507980424
284.7354471980337 197.42832867287558
285.7242683150306 197.27922200440963
286.71153904545514 197.12017325450267
287.6974991696984 196.95319231726074
288.6823655168867 196.77987677215302
289.6663273460592 196.60149762894505
290.64954614165026 196.41906736830717
291.63215758279125 196.23339357979924
292.61427443493403 196.04512120068557
293.5959896833069 195.85476581958977
294.57737955542177 195.66273999083108
295.558506266144 195.46937407473564
296.5394204228113 195.2749327796113
297.5201630839864 195.07962831844557
298.50076749384885 194.88363089152801
299.4812605268597 194.68707705102307
300.4616638811665 194.4900763838567
301.4419950583732 194.2927168566064
302.42226816415746 194.0950690939675
303.40249456014544 193.8971898059953
304.3826833932035 193.69912453506583
305.3628420242638 193.5009098586214
306.34297637516295 193.3025751561926
307.3230912087903 193.10414402732525
308.3031903551295 192.90563542966476
309.2832768934883 192.7070645926117
310.2633532993097 192.50844375092547
311.2434215623858 192.30978273383587
312.2234832820025 192.11108943817186
313.20353974349274 191.91237020837445
314.183591979812 191.71363014174057
315.1636408210575 191.51487333362255
316.14368693428383 191.31610307440343
317.1237308555115 191.11732200773787
318.10377301545753 190.91853225767937
319.08381376021646 190.719735530814
320.063853367882 190.52093319831565
321.0438920619053 190.32212636187109
322.02393002183 190.12331590664644
323.0039673919188 189.92450254384264
323.9840042880857 189.72568684488618
324.96404080346616 189.52686926890016
325.9440770128931 189.32805018477575
326.9241129764935 189.1292298889057
327.9041487425782 188.93040861943285
328.8841843499639 188.73158656769792
329.86421982983904 188.53276388743754
330.8442552072627 188.33394070217474
331.8242905023693 188.13511711115672
332.80432573133635 187.93629319412577
333.784360907162 187.73746901515256
334.76439604029 187.5386446257161
335.7444311391116 187.3398200671782
336.7244662103689 187.14099537277212
337.7045012594791 186.94217056919973
338.6845362907947 186.74334567791522
339.6645713078128 186.54452071615646
340.6446063133433 186.34569569777358
341.6246413096437 186.14687063389485
342.60467629852815 185.94804553346142
343.58471128145396 185.74922040365735
344.5647462595922 185.55039525025472
345.5447812338838 185.35157007789132
346.5248162050847 185.15274489029352
347.50485117380225 184.95391969045525
348.4848861405246 184.7550944807822
349.4649211056438 184.556269263207
350.4449560694749 184.3574440392828
351.4249910322711 184.15861881025728
352.4050259942358 183.95979357713304
353.38506095553237 183.76096834071552
354.3650959162921 183.56214310165197
355.3451308766205 183.36331786046247
356.32516583660237 183.16449261756475
357.3052007963058 182.96566737329454
358.2852357557855 182.76684212792156
359.2652707150854 182.5680168816626
360.2453056742409 182.36919163469176
361.22534063328044 182.1703663871489
362.2053755922267 181.97154113914644
363.185410551098 181.7727158907747
364.16544550990915 181.5738906421063
365.1454804686719 181.37506539319955
366.12551542739584 181.17624014410126
367.10555038608857 180.97741489484906
368.08558534475617 180.77858964547323
369.06562030340365 180.57976439599807
370.04565526203487 180.38093914644304
371.02569022065313 180.18211389682386
372.00572517926093 179.9832886471532
372.9857601378603 179.78446339744107
373.965795096453 179.58563814769576
374.94583005504023 179.38681289792368
375.92586501362314 179.1879876481301
376.9058999722025 178.9891623983193
377.88593493077906 178.79033714849461
378.8659698893533 178.5915118986588
379.8460048479258 178.39268664881405
380.82603980649685 178.19386139896207
381.8060747650667 177.99503614910435
382.7861097236356 177.79621089924194
383.7661446822038 177.59738564937584
384.74617964077135 177.39856039950672
385.7262145993384 177.1997351496352
386.70624955790504 177.00090989976178
387.6862845164714 176.80208464988678
388.6663194750375 176.60325940001056
389.6463544336034 176.4044341501333
390.62638939216913 176.20560890025524
391.60642435073476 176.00678365037652
392.58645930930027 175.80795840049728
393.5664942678657 175.6091331506176
394.54652922643106 175.4103079007376
395.52656418499635 175.21148265085733
396.5065991435616 175.01265740097688
397.48663410212674 174.81383215109622
398.4666690606919 174.61500690121545
399.4467040192571 174.41618165133454
400.42673897782225 174.21735640145354
401.40677393638737 174.0185311515725
402.3868088949525 173.81970590169135
403.3668438535176 173.62088065181018
404.34687881208265 173.422055401929
405.3269137706477 173.22323015204773
406.30694872921276 173.02440490216648
407.2869836877779 172.82557965228523
408.267018646343 172.62675440240395
409.24705360490805 172.4279291525226
410.2270885634731 172.22910390264127
411.20712352203816 172.03027865275996
412.1871584806032 171.83145340287862
413.1671934391683 171.63262815299728
414.14722839773333 171.43380290311595
415.1272633562984 171.2349776532346
416.10729831486344 171.03615240335327
417.0873332734285 170.83732715347193
418.06736823199356 170.63850190359057
419.0474031905586 170.43967665370923
420.02743814912367 170.24085140382786
421.0074731076887 170.0420261539465
421.9875080662538 169.84320090406513
422.96754302481884 169.64437565418376
423.9475779833839 169.44555040430242
424.92761294194895 169.24672515442103
425.907647900514 169.04789990453966
426.88768285907906 168.8490746546583
427.8677178176441 168.65024940477693
428.8477527762092 168.45142415489556
429.8277877347742 168.2525989050142
430.80782269333923 168.05377365513286
431.7878576519043 167.85494840525155
432.76789261046935 167.65612315537018
433.74792756903435 167.45729790548882
434.7279625275994 167.25847265560745
435.70799748616446 167.05964740572608
436.6880324447295 166.86082215584472
437.6680674032946 166.66199690596338
438.6481023618596 166.463171656082
439.6281373204247 166.26434640620067
440.60817227898974 166.06552115631933
441.5882072375548 165.866695906438
442.56824219611985 165.66787065655666
443.5482771546849 165.4690454066753
444.52831211324997 165.27022015679393
445.508347071815 165.07139490691256
446.4883820303801 164.8725696570312
447.46841698894514 164.67374440714983
448.4484519475102 164.47491915726846
449.42848690607525 164.2760939073871
450.4085218646403 164.07726865750573
451.3885568232054 163.87844340762436
452.3685917817705 163.679618157743
453.34862674033553 163.4807929078616
454.3286616989006 163.28196765798026
455.30869665746565 163.08314240809892
456.2887316160307 162.88431715821758
457.2687665745958 162.68549190833625
458.2488015331609 162.4866666584549
459.22883649172593 162.2878414085735
460.208871450291 162.08901615869215
461.18890640885604 161.89019090881078
462.1689413674211 161.6913656589294
463.14897632598615 161.49254040904805
464.1290112845512 161.2937151591667
465.10904624311627 161.0948899092853
466.0890812016813 160.89606465940395
467.0691161602464 160.69723940952258
468.04915111881144 160.49841415964121
469.0291860773765 160.29958890975985
470.0092210359416 160.1007636598785
470.9892559945066 159.90193840999714
471.96929095307166 159.7031131601158
472.9493259116367 159.50428791023447
473.9293608702018 159.3054626603531
474.90939582876683 159.10663741047173
475.88943078733195 158.9078121605904
476.86946574589695 158.70898691070903
477.849500704462 158.51016166082766
478.7613190577831 158.32517590051265
478.8030788920138 159.32430357816202
478.84483872624446 160.32343125581139
478.88659856047514 161.32255893346075
478.9283583947058 162.32168661111012
478.9701182289365 163.3208142887595
479.01187806316716 164.31994196640886
479.05363789739783 165.31906964405823
479.09539773162845 166.3181973217076
479.1371575658592 167.317324999357
479.17891740008986 168.31645267700637
479.22067723432053 169.31558035465574
479.26243706855115 170.31470803230513
479.3041969027818 171.3138357099545
479.34595673701244 172.31296338760384
479.3877165712432 173.3120910652532
479.42947640547385 174.3112187429026
479.4712362397046 175.31034642055198
479.5129960739352 176.30947409820135
479.5547559081659 177.30860177585072
479.59651574239655 178.3077294535001
479.6382755766273 179.30685713114946
479.68003541085795 180.30598480879883
479.7217952450886 181.3051124864482
479.76355507931925 182.30424016409756
479.80531491354986 183.30336784174693
479.84707474778054 184.3024955193963
479.8888345820112 185.30162319704567
479.9305944162419 186.30075087469504
479.97235425047256 187.2998785523444
480.0141140847033 188.2990062299938
480.05587391893397 189.2981339076432
480.0976337531647 190.29726158529255
480.1393935873953 191.29638926294191
480.181153421626 192.2955169405913
480.22291325585667 193.29464461824068
480.2646730900873 194.29377229589002
480.30643292431796 195.29289997353936
480.34819275854863 196.2920276511888
480.3899525927794 197.29115532883816
480.43171242701 198.29028300648753
480.47347226124066 199.2894106841369
480.51523209547133 200.28853836178627
480.556991929702 201.28766603943563
480.5987517639326 202.286793717085
480.64051159816336 203.28592139473437
480.68227143239403 204.28504907238374
480.7240312666247 205.28417675003314
480.7657911008553 206.28330442768248
480.80755093508594 207.28243210533185
480.8493107693167 208.28155978298122
480.8910706035474 209.28068746063062
480.932830437778 210.27981513828
480.9745902720087 211.27894281592933
481.0163501062394 212.27807049357872
481.0581099404701 213.27719817122812
481.09986977470066 214.27632584887743
481.1416296089314 215.27545352652683
481.18338944316207 216.2745812041762
481.2251492773928 217.2737088818256
481.2669091116235 218.27283655947497
481.30866894585404 219.2719642371243
481.3504287800848 220.2710919147737
481.3921886143155 221.2702195924231
481.4339484485462 222.26934727007244
481.47570828277674 223.2684749477218
481.51746811700747 224.26760262537118
481.55922795123814 225.26673030302055
481.6009877854689 226.26585798066995
481.64274761969943 227.2649856583193
481.6845074539302 228.2641133359687
481.6869484466024 228.3225154676993
481.73630311514387 229.32129678345024
481.7921054857573 230.31973861722622
481.859741887105 231.31744865386648
481.9431139663973 232.3139671415999
482.04567756752243 233.30869359029032
482.1702202327737 234.30090784363085
482.31870443641577 235.28982262320935
482.49220717252166 236.27465601041948
482.69094340083063 237.2547090250863
482.91435730542383 238.22943269220144
483.161261780397 239.1984725160674
483.43993189154196 240.1588594012103
483.732463012625 241.11511540417075
484.0397766806701 242.06672367937261
484.3613119915426 243.01362126827127
484.6958325385361 243.95600972513986
485.04185188741 244.89423710174154
485.3978552358816 245.82872178105788
485.7624107679084 246.75990343039848
486.1342206789169 247.68821231761
486.51213911383434 248.61405121101944
486.8951698641771 249.53778680321662
487.282450233369 250.45974879572964
487.67322697421207 251.38023428655288
488.0668310409862 252.2995143519404
488.4626570801677 253.21783986433013
488.8601509524892 254.1354446929284
489.25880547857673 255.0525458699148
489.6581623047092 255.96934144441406
490.05781681070937 256.88600729183815
490.45741912138374 257.8026958939838
490.8566653188985 258.7195396504494
491.2552794626842 259.6366583801535
491.65299307033484 260.5541679911601
492.0495301154242 261.4721867120323
492.4445963390371 262.39083935528777
492.8378673694839 263.3102619439875
493.228969608976 264.2306091818625
493.6174544558327 265.1520642940426
494.00276866863555 266.0748497281561
494.3842271308897 266.9992357089967
494.7609906978287 267.92554516842563
495.1320479536149 268.8541551581029
495.4962018094465 269.7854939628797
495.85206722440006 270.7200311779974
496.1980891003398 271.65825762261034
496.53258689636385 272.6006541551035
496.853826138184 273.54765222770703
497.1601099975363 274.4995924556101
497.44987920029064 275.4566890072365
497.72180687442983 276.41900669908114
497.9748763749684 277.3864547999616
498.20843366083795 278.35879784344843
498.42221028585004 279.3356804129512
498.61631747268984 280.3166607389604
498.79121531448385 281.30124732475963
498.9476634644757 282.2889334977742
499.086660619657 283.2792262781435
499.20937983792345 284.271667708893
499.3171055910679 285.26584835752254
499.41117685756876 286.2614138233855
499.4929388750062 287.2580657046884
499.5637046752556 288.2555586628165
499.624726365613 289.25369510304193
499.6771753360572 290.25231870856067
499.7221301325055 291.25130773066064
499.76057056551633 292.2505686240763
499.7933766412844 293.2500303599085
499.82133103314413 294.249639559534
499.8451239995311 295.2493564668385
499.8653598583769 296.24915170088235
499.8825643233205 297.2490036931222
499.8971921805239 298.2488967002953
499.90963493081097 299.24881928628145
499.92022813976484 300.24876317666934
499.9292583305095 301.2487224036656
499.9369693236425 302.24869267351613
499.94356797999137 303.24867090214633
499.9492293382579 304.24865487652926
499.9541011644923 305.2486430091134
499.9583079465244 306.24863416056667
499.9619543761563 307.24862751232
499.96512836675845 308.24862247519917
499.9679036551887 309.24861862407886
499.9703420356624 310.2486156512248
499.97249527024644 311.2486133330125
499.9744067167555 312.248611506197
499.97611271061334 313.2486100509884
499.9776437331334 314.24860887897273
499.9790253949162 315.24860792447765
499.98027925976237 316.2486071383888
499.9814235316319 317.2486064837095
499.98247362467936 318.24860593236167
499.9834426341514 319.24860546287186
499.98434172389136 320.2486050586906
499.98518044428073 321.2486047069646
499.9859669926479 322.2486043976354
499.98670842648795 323.24860412277326
499.98741083826354 324.2486038760821
499.9880794983949 325.2486036525289
499.98871897055255 326.24860344806655
499.98933320200547 327.24860325942643
499.9899255924394 328.2486030839632
499.9904990466218 329.2486029195383
499.9910560177632 330.24860276442985
499.99159854882646 331.24860261725985
499.9921282958416 332.2486024769439
499.99264653773434 333.24860234265657
499.9931541684231 334.2486022138121
499.99365166231223 335.248602090062
499.99413914454334 336.2486019712425
499.99461652215837 337.2486018572978
499.99508381439915 338.2486017481168
499.9955413528608 339.2486016434461
499.99598979789573 340.24860154289456
499.996429962486 341.2486014460221
499.99686301393035 342.2486013522553
499.9972800182833 343.24860126530905
499.99769702263615 344.2486011783627
499.998114026989 345.2486010914164
499.998531031342 346.24860100447006
499.9989480356949 347.24860091752373
499.9993303736244 348.2486008444326
499.9997127115538 349.24860077134144
