0.0
67517
771
0.0 100.0
0.0 99.0
0.0 98.0
0.0 97.0
0.0 96.0
0.0 95.0
0.0 94.0
0.0 93.0
0.0 92.0
0.0 91.0
0.0 90.0
0.0 89.0
0.0 88.0
0.0 87.0
0.0 86.0
0.0 85.0
0.0 84.0
0.0 83.0
0.0 82.0
0.0 81.0
0.0 80.0
0.0 79.0
0.0 78.0
0.0 77.0
0.0 76.0
0.0 75.0
0.0 74.0
0.0 73.0
0.0 72.0
0.0 71.0
0.0 70.0
0.0 69.0
0.0 68.0
0.0 67.0
0.0 66.0
0.0 65.0
0.0 64.0
0.0 63.0
0.0 62.0
0.0 61.0
0.0 60.0
0.0 59.0
0.0 58.0
0.0 57.0
0.0 56.0
0.0 55.0
0.0 54.0
0.0 53.0
0.0 52.0
0.0 51.0
0.0 50.0
0.0 49.0
0.0 48.0
0.0 47.0
0.0 46.0
0.0 45.0
0.0 44.0
0.0 43.0
0.0 42.0
0.0 41.0
0.0 40.0
0.0 39.0
0.0 38.0
0.0 37.0
0.0 36.0
0.0 35.0
0.0 34.0
0.0 33.0
0.0 32.0
0.0 31.0
0.0 30.0
0.0 29.0
0.0 28.0
0.0 27.0
0.0 26.0
0.0 25.0
0.0 24.0
0.0 23.0
0.0 22.0
0.0 21.0
0.0 20.0
0.0 19.0
0.0 18.0
0.0 17.0
0.0 16.0
0.0 15.0
0.0 14.0
0.0 13.0
0.0 12.0
0.0 11.0
0.0 10.0
0.0 9.0
0.0 8.0
0.0 7.0
0.0 6.0
0.0 5.0
0.0 4.0
0.0 3.0
0.0 2.0
0.9784584694036735 2.2064437542097615
1.956439315289881 2.415138423714515
2.933656778895144 2.6273789213225274
3.9097815474049056 2.8445895018699874
4.8844342148732185 3.0683129422979016
5.857181102051457 3.3001825036574033
6.8275328333687355 3.5418796644383277
7.7949461967041405 3.7950819243810083
8.758829783490514 4.061405845807217
9.718553654474924 4.342350843026778
10.673462801116695 4.639249010181581
11.62289355640597 4.953225507567673
12.566191498490625 5.285172781180297
13.502728955682967 5.6357403085922115
14.431920103035 6.005339837383323
15.353231906037333 6.3941644272031954
16.26618978848738 6.802218228646488
17.170377765355163 7.229352987812437
18.065433721572496 7.675306836590398
18.951041361358364 8.139741017452337
19.82692096058736 8.622270734313854
20.692821343464892 9.122487214382776
21.548515449051486 9.639969192488639
22.393801472122917 10.174283275402502
23.22851090118906 10.72497390454746
24.052523890338293 11.2915448124781
24.865791355045367 11.873434862959225
25.668362054751356 12.469991877814842
26.46041182428536 13.080448397626972
27.242271184776477 13.703903239947103
28.014446973567914 14.339312203689605
28.777633554226853 14.985490385851556
29.53270973283589 15.641127453517171
30.280718757294263 16.304816009489652
31.02283063113265 16.97509204718463
31.76028822109 17.650485490308185
32.494340963096775 18.32957795231343
33.22617200856231 19.011064064345675
33.95682605448881 19.693811942534424
34.68714560785025 20.376917607843932
35.41772293464435 21.059747579047873
36.14887350477408 21.741963705945338
36.8806346056993 22.423524921958048
37.61279031472357 23.104662219236047
38.34492155668765 23.78582581525401
39.076477792970145 24.46760691880279
39.80686507946032 25.1506401623082
40.53554373538003 25.83549592552191
41.26212758571556 26.5225737292906
41.98647569947037 27.212008142487285
42.70876698182309 27.90359711249567
43.429548309767036 28.59675963116453
44.149748552247935 29.290525881951098
44.87065397691763 29.983559336180985
45.593844994384284 30.674207403039603
46.32109927801865 31.36057553089482
47.05427110315368 32.040618966881205
47.795160334400464 32.71224620502937
48.545386132201635 33.37342791402743
49.306279800639466 34.022304501161855
50.07880834328863 34.65728454084213
50.86353573959053 35.27712557973293
51.660623547661004 35.88098899659589
52.46986720422113 36.46846214859279
53.29076029056519 37.03954405234437
54.122576710472856 37.59459490007994
54.96446033756803 38.134254013251464
55.81551289577483 38.659334524382515
56.67487297000025 39.1707054883874
57.541781376795214 39.66917295395383
58.41563011236137 40.15537084303752
59.29599350764793 40.62967063456132
60.18264112820884 41.092116303752476
61.0755326129753 41.542388217635136
61.974795331401566 41.97979713758146
62.88068663442125 42.40330740559546
63.793543605220925 42.811586906504395
64.71372445549002 43.20308046047181
65.641546839596 43.576102743387885
66.57722912072202 43.928946432274046
67.52084079304632 44.26000082637468
68.47226768261385 44.5678755960585
69.43119615363068 44.851523595299284
70.39711839756143 45.110356009575
71.36935818558791 45.34434274975102
72.3471135717555 45.55409118197461
73.32951040426644 45.7408971333586
74.31565862727322 45.90676359247733
75.3047026557725 46.05438442329025
76.29585783356418 46.187092424317804
77.28842715666434 46.30877290278707
78.28179582720304 46.42374544034354
79.27540532904749 46.5366177480388
80.26871293384706 46.652116675511486
81.26114608107673 46.7749028647992
82.2520631255635 46.90937743840183
83.24073182411786 47.05949141009948
84.22633427257863 47.22857072163147
85.20800198596233 47.41917109020409
86.18487831053446 47.63297625031596
87.15619886283116 47.87075006024045
88.12137595680068 48.13234741740709
89.08007142004013 48.41678195955008
90.03224432542552 48.72234170534447
90.97816534468146 49.04673872341005
91.91839613074856 49.387276634561886
92.85373851951381 49.741020349387924
93.78516292499185 50.10495520190949
94.71372736075693 50.47612644087104
95.64049812887818 50.85175384050524
96.56648101159308 51.229319332730114
97.49256864318582 51.60662782536042
98.41950644032545 51.98184285735398
99.34787662624167 52.353499685492345
100.27809783374784 52.72049901124892
101.21043661241185 53.082084964791484
102.14502681554518 53.43781119689589
103.08189311407321 53.78749897003413
104.02097554566024 54.13119096395397
104.96215283884635 54.46910412260699
105.90526307962755 54.80158430808221
106.85012099914417 55.12906486006463
107.79653170245571 55.45203046296584
108.74430102282827 55.77098706716235
109.69324289613547 56.0864380476398
110.6431842420244 56.398866342406336
111.59396785022071 56.70872200297303
112.54545373417164 57.01641440236258
113.49751935438499 57.32230826436013
114.45005904639373 57.62672267786235
115.40298292267877 57.92993231822011
116.35621545881929 58.23217019149726
117.30969392336979 58.53363132935492
118.26336676862033 58.834476977872185
119.21719206486081 59.13483893327225
120.17113603314918 59.434823775166336
121.12517170995052 59.73451683045826
122.07927776049428 60.033985767605046
123.0334374454872 60.33328377216607
123.98763773718693 60.63245229210118
124.94186857511443 60.931523367178954
125.89612224825711 61.230521573350266
126.85039288894603 61.529465622160615
127.80467606321253 61.82836965912214
128.75896844294667 62.12724430505474
129.71326754627194 62.42609748203737
130.6675715339655 62.724935061789544
131.6218790513081 63.02376136977364
132.5761891063044 63.32257957359141
133.5305009766915 63.62139197968976
134.4848141394924 63.92020025819785
135.43912821805236 64.2190056120024
136.39344294250645 64.51780890296507
137.347758120476 64.81661074549112
138.3020736154911 65.11541157543314
139.25638933120325 65.41421170050812
140.21070519990465 65.71301133696154
141.1650211742289 66.0118106360731
142.11933722118528 66.31060970320954
143.07365331789387 66.60940861144525
144.02796944855316 66.90820741124786
144.98228560229444 67.2070061373303
145.93660177167155 67.50580481347427
146.89091795160294 67.80460345590956
147.84523413863383 68.10340207567018
148.7995503304241 68.40220068023012
149.75386652539436 68.70099927463366
150.70818272248243 68.9997978622732
151.66249892097642 69.29859644542242
152.61681512040082 69.59739502560002
153.57113132043906 69.89619360381707
154.5254475208811 70.19499218074449
155.47976372158797 70.49379075682613
156.43407992246802 70.79258933235465
157.388396123461 71.09138790752249
158.3427123245274 71.39018648245576
159.29702852564145 71.68898505723692
160.2513447267863 71.9877836319197
161.20566092795104 72.28658220653901
162.15997712912855 72.5853807811175
163.11429333031427 72.88417935566976
164.06860953150525 73.18297793020523
165.02292573269958 73.48177650472999
165.97724193389604 73.78057507924794
166.93155813509387 74.07937365376154
167.88587433629255 74.37817222827239
168.84019053749176 74.67697080278148
169.79450673869133 74.9757693772895
170.7488229398911 75.27456795179683
171.70313914109104 75.57336652630372
172.65745534229106 75.87216510081032
173.6117715434911 76.17096367531676
174.5660877446912 76.4697622498231
175.52040394589133 76.76856082432937
176.4747201470915 77.0673593988356
177.42903634829162 77.36615797334181
178.38335254949175 77.66495654784799
179.3376687506919 77.96375512235417
180.29198495189206 78.26255369686032
181.2463011530922 78.56135227136647
182.20061735429235 78.86015084587262
183.1549335554925 79.15894942037879
184.10924975669266 79.45774799488495
185.06356595789282 79.7565465693911
186.01788215909298 80.05534514389728
186.97219836029313 80.35414371840344
187.9265145614933 80.65294229290959
188.88083076269342 80.95174086741577
189.83514696389358 81.25053944192193
190.7894631650937 81.5493380164281
191.74377936629384 81.84813659093425
192.698095567494 82.14693516544041
193.65241176869415 82.44573373994656
194.6067279698943 82.74453231445271
195.56104417109447 83.04333088895886
196.5153603722946 83.34212946346503
197.46967657349475 83.64092803797118
198.4239927746949 83.93972661247734
199.37830897589504 84.2385251869835
200.3326251770952 84.53732376148966
201.28694137829535 84.83612233599581
202.24125757949548 85.13492091050198
203.1955737806956 85.43371948500813
204.14988998189577 85.73251805951429
205.10420618309593 86.03131663402044
206.05852238429608 86.3301152085266
207.01283858549624 86.62891378303277
207.96715478669637 86.92771235753892
208.9214709878965 87.22651093204509
209.87578718909663 87.52530950655125
210.83010339029678 87.82410808105742
211.78441959149694 88.12290665556358
212.7387357926971 88.42170523006975
213.69305199389726 88.7205038045759
214.64736819509739 89.01930237908206
215.60168439629754 89.31810095358821
216.5560005974977 89.61689952809436
217.51031679869786 89.91569810260053
218.46463299989801 90.2144966771067
219.41894920109814 90.51329525161285
220.3732654022983 90.81209382611902
221.32758160349846 91.11089240062519
222.2818978046986 91.40969097513135
223.23621400589874 91.7084895496375
224.1905302070989 92.00728812414366
225.14484640829906 92.3060866986498
226.09916260949922 92.60488527315596
227.05347881069937 92.90368384766212
228.00779501189953 93.20248242216829
228.9621112130997 93.50128099667447
229.91642741429985 93.80007957118062
230.8707436155 94.09887814568678
231.82505981670016 94.39767672019295
232.7793760179003 94.69647529469911
233.73369221910042 94.99527386920528
234.68800842030055 95.29407244371143
235.64232462150068 95.59287101821758
236.5966408227008 95.89166959272373
237.55095702390093 96.19046816722988
238.5052732251011 96.48926674173605
239.45958942630125 96.78806531624221
240.4139056275014 97.08686389074836
241.36822182870156 97.38566246525451
242.3225380299017 97.68446103976068
243.27685423110185 97.98325961426684
244.231170432302 98.282058188773
245.18548663350214 98.58085676327914
246.1398028347023 98.8796553377853
247.09411903590245 99.17845391229147
248.0484352371026 99.47725248679762
249.00275143830277 99.77605106130378
249.95706763950292 100.07484963580995
250.91138384070308 100.3736482103161
251.8657000419032 100.67244678482226
252.82001624310337 100.9712453593284
253.77433244430352 101.27004393383456
254.7286486455037 101.56884250834074
255.68296484670384 101.8676410828469
256.63728104790397 102.16643965735307
257.59159724910415 102.46523823185922
258.5459134503043 102.76403680636537
259.5002296515044 103.0628353808715
260.4545458527046 103.36163395537764
261.4088620539047 103.66043252988379
262.3631782551049 103.95923110438993
263.3174944563051 104.25802967889607
264.2718106575053 104.55682825340222
265.22612685870547 104.85562682790837
266.18044305990566 105.15442540241452
267.13475926110584 105.45322397692068
268.089075462306 105.75202255142685
269.04339166350616 106.05082112593301
269.9977078647063 106.3496197004392
270.95202406590647 106.64841827494537
271.90634026710666 106.94721684945154
272.86065646830684 107.2460154239577
273.81497266950703 107.54481399846388
274.76928887070716 107.84361257297004
275.7236050719073 108.1424111474762
276.6779212731074 108.44120972198235
277.63223747430754 108.7400082964885
278.58655367550773 109.03880687099465
279.5408698767079 109.3376054455008
280.4951860779081 109.63640402000695
281.4495022791083 109.9352025945131
282.4038184803085 110.23400116901925
283.35813468150866 110.5327997435254
284.31245088270884 110.83159831803158
285.266767083909 111.13039689253776
286.2210832851091 111.42919546704394
287.1753994863093 111.72799404155009
288.1297156875095 112.02679261605627
289.0840318887096 112.32559119056242
290.03834808990973 112.62438976506857
290.99266429111003 112.92318833957421
291.9469804923132 113.22198691407081
292.90129669354064 113.52078548848982
293.85561289491113 113.81958406245191
294.80992909693055 114.11838263434146
295.7642453013668 114.417181198512
296.71856151349687 114.71597973810988
297.67287774714623 115.0147782089783
298.6271940347484 115.31357650752983
299.5815104454583 115.61237441289366
300.53582711487263 115.91117149199245
301.49014428977296 116.20996695663393
302.44446239020203 116.50875946523047
303.3987820889612 116.8075468688476
304.353104405409 117.10632591150247
305.30743080670106 117.4050919065503
306.2617633060323 117.70383842237955
307.21610454483823 118.00255701891231
308.17045784499817 118.30123707930107
309.1248272183087 118.59986577733052
310.0792173238975 118.89842821025573
311.0336333694495 119.19690771037759
311.98808095836523 119.4952863289362
312.94256589131146 119.79354546589369
313.8970939360862 120.09166660190789
314.8516705835008 120.38963207677168
315.80630080857895 120.68742585334738
316.76098885566995 120.98503420797064
317.71573806329286 121.28244629673533
318.6705507402017 121.57965456043968
319.62542809895797 121.8766549471982
320.58037024794146 122.1734469485977
321.5353762378588 122.47003346080257
322.49044415490096 122.76642049465673
323.44557125003956 123.06261676764493
324.4007540926195 123.3586332152301
325.3559887363042 123.65448245978641
326.3112708863623 123.95017827270988
327.2665960589525 124.24573506017305
328.2219597251776 124.54116739634651
329.1773574349478 124.83648962064714
330.13278491789004 125.1317155084665
331.0882381604885 125.4268580184648
332.043713460234 125.72192911426407
332.99920745874897 126.01693965441814
333.9547171566401 126.31189934189433
334.9102399132514 126.60681672286366
335.86577343459885 126.90169922417795
336.82131575264026 127.19655321928747
337.776865198741 127.491384113287
338.7324203737953 127.78619643905864
339.6879801170212 128.08099395791876
340.64354347499795 128.37577975963288
341.5991096720972 128.67055635802774
342.5546780830868 128.96532577964186
343.51024820837495 129.2600896438735
344.465819652112 129.5548492339029
345.4213921031773 129.84960555828792
346.37696531894164 130.1443594035791
347.332539111604 130.43911137859698
348.2881133368509 130.73386195118962
349.24368788455934 131.02861147836808
350.19926267126203 131.3233602307286
351.15483763410805 131.6181084120324
352.11041272606894 131.9128561747446
353.06598791217107 132.20760363225006
354.0215631665595 132.50235086837034
354.9771384702306 132.79709794471518
355.93271380929474 133.09184490631532
356.8882891736549 133.38659178590513
357.8438645560101 133.68133860715471
358.79943995110807 133.97608538709193
359.75501535518924 134.27083213790527
360.7105907655758 134.5655788682766
361.66616618036915 134.86032558436082
362.62174159822973 135.15507229050118
363.5773170182164 135.44981898974876
364.53289243967095 135.74456568423744
365.48846786213494 136.03931237545333
366.4440432852906 136.33405906442698
367.3996187089183 136.6288057518702
368.35519413286704 136.9235524382726
369.3107695570334 137.21829912396967
370.2663449813466 137.5130458091905
371.2219204057586 137.8077924940908
372.177495830237 138.1025391787761
373.13307125475967 138.39728586331773
374.08864667931186 138.6920325477636
375.0442221038837 138.98677923214586
375.99979752846855 139.281525916486
376.955372953062 139.57627260079835
377.91094837766104 139.87101928509236
378.8665238022638 140.16576596937438
379.82209922686906 140.46051265364846
380.7776746514764 140.75525933791582
381.7332500760889 141.05000602216626
382.6888255007268 141.34475270633448
383.64440092547716 141.63949939013818
384.59997635064485 141.9342460725887
385.5555517771405 142.22899275073382
386.5111272073502 142.52373941683797
387.46670264687145 142.81848605275405
388.4222781076393 143.11323261978828
389.37785361305555 143.40797904207093
390.3334292057113 143.70272518152086
391.28900495810063 143.99747080310937
392.2445809863426 144.29221553037223
393.20015746637443 144.58695879290758
394.1557346514344 144.88169976968703
395.11131288903835 145.17643733400087
396.06689263520514 145.4711700073096
397.0224744635294 145.76589592978058
397.9780590669111 146.06061285460834
398.9336472503339 146.35531817132775
399.8892399139762 146.650008960449
400.8448380270055 146.94468207828442
401.80044259349233 147.23933426733007
402.7560546128167 147.53396228453624
403.7116750375872 147.8285630376944
404.66730473237885 148.12313371925043
405.62294443648193 148.41767192719928
406.578594733396 148.71217576419983
407.5342560290722 149.00664390839626
408.4899285400263 149.30107565228025
409.44561229152964 149.59547090888697
410.4013071252449 149.8898301873377
411.3570127149944 150.1841545419559
412.31272858887576 150.47844550072176
413.26845415569164 150.77270497964207
414.22418873363245 151.06693518972986
415.1799315792922 151.36113854282127
416.1356819153814 151.65531756155883
417.09143895585987 151.9494747977026
418.04720192760965 152.24361276164473
419.0029700881645 152.53773386471215
419.9587427393975 152.83184037459418
420.91451923743995 153.1259343830161
421.87029899948476 153.42001778354305
422.8260815085277 153.7140922560966
423.78186631750293 154.00815925344966
424.73765305462217 154.3022199838216
425.69344143191495 154.59627538307834
426.6492312588623 154.8903260703825
427.60502246249746 155.18437228282798
428.56081511436537 155.47841378778128
429.5166094633475 155.7724497761464
430.47240597176636 156.0664787449476
431.4282053506648 156.36049838255244
432.38400858905004 156.65450547344037
433.3398169715082 156.948495840668
434.2956320791435 157.2424643424094
435.2514557703347 157.53640493395417
436.2072901402355 157.83031079867334
437.1631374609873 158.12417454160823
438.11900010784007 158.41798842887613
439.074880479272 158.71174464670173
440.0307809212112 159.00543554731078
440.98670366617523 159.29905384657096
441.94265079733236 159.59259274081256
442.8986242452762 159.88604591736095
443.8546258221444 160.17940744351176
444.8106572943004 160.47267152969874
445.76672049191734 160.7658321719457
446.7228174520185 161.05888268446077
447.67895059099396 161.3518151349555
448.63512290284973 161.64461969441538
449.59133817945116 161.93728391292194
450.54760124746633 162.2297919380259
451.50391821245915 162.52212370582916
452.4602966932368 162.81425415871865
453.41674601990974 163.10615257513587
454.3732773592908 163.39778212916264
455.3299037243504 163.68909982116384
456.2866398237895 163.98005692458295
457.2435017159519 164.2706000699634
458.2005062490855 164.56067303244288
459.1576702958833 164.8502192075474
460.11500982044356 165.13918466346695
461.07253884475756 165.42752156293767
462.0302684033661 165.71519167359838
462.98820558342953 166.0021696501961
463.94635273954407 166.2884457882683
464.90470694754146 166.57402802163318
465.8632597219373 166.85894305931652
466.821996973535 167.14323671453747
467.7808991350211 167.4269736432184
468.7399413417948 167.7102368523132
469.6990935298089 167.99312743226892
470.6583203053343 168.27576499720874
471.6175804516473 168.55828928235167
472.5768259572482 168.84086327263466
473.53600046676746 169.1236781595988
474.4950370537242 169.4069603949725
475.45385517916424 169.6909811729583
476.4123566228383 169.97606884802468
477.3704200545271 170.26262505692745
478.32789376428354 170.55114558501043
479.28458591296464 170.84224716977417
480.2402515228395 171.13670131238803
481.1945753214232 171.43547562095023
482.14714948755403 171.73978214079517
483.09744532494244 172.0511305331827
484.0447779087914 172.3713819587502
484.9882628559011 172.7027973394697
485.92676467125943 173.0480716399456
486.8588368333395 173.4103443061452
487.7826551805877 173.7931754194153
488.69594852550057 174.20047784530772
489.5959338496044 174.6363980402949
490.4792676390666 175.10514255108342
491.34202904954316 175.61075381341118
492.1797531471556 176.1568475199116
492.9875315340192 176.7463338028021
493.7601914544679 177.38115397208801
494.4925523062384 178.06207069445134
495.1797417605011 178.78854894873717
495.8175363868678 179.55875542402657
496.4026795125814 180.36968545949827
496.933127326457 181.2174030520694
497.4081851208497 182.0973576486178
497.8285164332584 183.00472834894305
498.19603213737594 183.93474566449527
498.51368671954623 184.88295216438135
498.7852199266259 185.84538123576948
499.0148826508958 186.8186515132777
499.20717882230167 187.7999884495349
499.3666442665034 188.78719196052214
499.4976726352879 189.7785705797054
499.60438988068154 190.7728599890504
499.6905730913198 191.769139294368
499.7596065841806 192.76675363711945
499.8144672335412 193.76524765770833
499.8577313583602 194.76431132710263
499.891596467444 195.7637377397948
499.91791236900883 196.7633914164873
499.93821735146247 197.7631852490786
499.953776220224 198.7630642025539
499.9656178885532 199.76299408754141
499.9745709642338 200.76295400795615
499.9812963614347 201.76293139221667
499.98631641742827 202.7629187916562
499.9900403276549 203.7629118578785
499.99278594969803 204.76290808865116
499.9947981854008 205.76290606410282
499.99626424715234 206.7629049894337
499.99732616390696 207.76290442559997
499.9980908973479 208.7629041331913
499.99863842930495 209.7629039832957
499.9990281565895 210.76290390735204
499.99930389546 211.7629038693361
499.99949775994133 212.76290385054438
499.99963313970034 213.76290384138053
499.9997269664824 214.7629038369788
499.999791424646 215.76290383490138
499.99983523181754 216.76290383394183
499.99986459035324 217.76290383351085
499.99988388902705 218.76290383332463
499.9998962168555 219.76290383324863
499.9999037367939 220.76290383322038
499.9999079557359 221.76290383321148
499.99990991835466 222.76290383320958
499.99991034541506 223.76290383320946
499.9999097318813 224.7629038332093
499.9999084161054 225.76290383320844
499.99990662835165 226.76290383320685
499.99990452464425 227.76290383320463
499.9999022102542 228.76290383320196
499.9998997559144 229.76290383319895
499.9998972089581 230.7629038331957
499.9998946009356 231.7629038331923
499.9998919527974 232.7629038331888
499.99988927840883 233.76290383318522
499.9998865869253 234.7629038331816
499.99988388439647 235.76290383317797
499.9998811748534 236.7629038331743
499.99987846105336 237.76290383317064
499.9998757450006 238.76290383316694
499.99987302832244 239.76290383316325
499.99987031255074 240.76290383315956
499.99986759933853 241.76290383315586
499.9998648906268 242.7629038331522
499.99986218876495 243.76290383314856
499.9998594965846 244.76290383314492
499.9998568174227 245.76290383314134
499.99985415509093 246.76290383313778
499.99985151379235 247.76290383313432
499.99984889798986 248.7629038331309
499.9998463122384 249.76290383312758
499.9998437609913 250.7629038331243
499.99984124840125 251.76290383312116
499.9998387781291 252.76290383311812
499.9998363531797 253.76290383311516
499.9998339757748 254.76290383311235
499.99983164727223 255.76290383310965
499.99982936813603 256.76290383310703
499.9998271379531 257.76290383310453
499.99982495549534 258.76290383310214
499.9998228188159 259.76290383309987
499.99982072537136 260.76290383309765
499.99981867215917 261.76290383309555
499.9998166558611 262.76290383309356
499.9998146729868 263.7629038330916
499.99981272001276 264.7629038330897
499.99981079351613 265.7629038330879
499.9998088903065 266.76290383308606
499.9998070075592 267.7629038330843
499.99980514295396 268.76290383308253
499.999803294821 269.7629038330808
499.99980146229086 270.7629038330791
499.99979964544116 271.7629038330774
499.99979784542654 272.7629038330758
499.9997960645735 273.76290383307423
499.99979430642367 274.7629038330727
499.99979257570806 275.7629038330712
499.9997908782444 276.7629038330698
499.9997892207566 277.76290383306844
499.9997876106287 278.7629038330671
499.9997860556166 279.76290383306593
499.9997845635493 280.7629038330648
499.99978314205606 281.7629038330638
499.999781798356 282.76290383306286
499.9997805391405 283.76290383306207
499.99977937056474 284.7629038330614
499.99977829835564 285.7629038330608
499.99977732802665 286.76290383306036
499.9997764651796 287.76290383306
499.9997757158703 288.7629038330597
499.9997750870107 289.76290383305945
499.9997745867853 290.76290383305934
499.99977422507277 291.7629038330592
499.99977401387014 292.7629038330592
499.9997739677448 293.7629038330592
499.9997741043672 294.7629038330592
499.99977444521096 295.7629038330592
499.9997750165393 296.762903833059
499.9997758507981 297.76290383305866
499.99977698849153 298.76290383305803
499.9997784805155 299.76290383305695
499.99978039074506 300.76290383305513
499.99978279842236 301.7629038330523
499.999785799606 302.76290383304774
499.99978950704553 303.76290383304087
499.99979404827525 304.7629038330306
499.99979956178777 305.76290383301534
499.9998061905651 306.7629038329934
499.99981407166706 307.76290383296237
499.9998233209708 308.7629038329196
499.999834013801 309.76290383286243
499.99984616439497 310.76290383278865
499.9998598027289 311.76290383269566
499.9998749823171 312.7629038325805
499.99989168080157 313.7629038324411
499.9999096891206 314.76290383227894
499.9999285762534 315.7629038321006
499.9999477441046 316.7629038319169
499.99996653439786 317.76290383174035
499.99998433847406 318.76290383158187
499.9999899722989 319.762903831566
