0.0
12329
749
0.0 100.0
0.0 99.0
0.0 98.0
0.0 97.0
0.0 96.0
0.0 95.0
0.0 94.0
0.0 93.0
0.0 92.0
0.0 91.0
0.0 90.0
0.0 89.0
0.0 88.0
0.0 87.0
0.0 86.0
0.0 85.0
0.0 84.0
0.0 83.0
0.0 82.0
0.0 81.0
0.0 80.0
0.0 79.0
0.0 78.0
0.0 77.0
0.0 76.0
0.0 75.0
0.0 74.0
0.0 73.0
0.0 72.0
0.0 71.0
0.0 70.0
0.0 69.0
0.0 68.0
0.0 67.0
0.0 66.0
0.0 65.0
0.0 64.0
0.0 63.0
0.0 62.0
0.0 61.0
0.0 60.0
0.0 59.0
0.0 58.0
0.0 57.0
0.0 56.0
0.0 55.0
0.0 54.0
0.0 53.0
0.0 52.0
0.0 51.0
0.0 50.0
0.0 49.0
0.0 48.0
0.0 47.0
0.0 46.0
0.0 45.0
0.0 44.0
0.0 43.0
0.0 42.0
0.0 41.0
0.0 40.0
0.9999411365388273 39.9891499558785
1.9999296015686947 39.98434685196439
2.99992433247836 39.9875931040966
3.9998469468244426 40.00003357512044
4.999607506827519 40.0219155919913
5.999136027117623 40.05261961659191
6.998408721014573 40.09075205989066
7.9974605717710165 40.13428824599056
8.996380565105007 40.18075163929778
9.995291231126373 40.22741512940249
10.994318534774182 40.271511008645206
11.993560605073082 40.310437669749994
12.993063889817709 40.34195248824387
13.992813221479736 40.36434163385797
14.992738589108368 40.37655880099047
15.9927370269708 40.37832636221933
16.992703962648253 40.37019447733038
17.99256553743833 40.353556230478475
18.992302458520182 40.330619608543614
19.991957078439185 40.304339561462214
20.99161838238159 40.27831500766838
21.99138380339611 40.25665622322305
22.99130151480643 40.24382772339064
23.991301307896098 40.24447101229875
24.991125696355148 40.263211136164166
25.990274951909782 40.30445146987549
26.987979897733357 40.3721629244395
27.983214082337525 40.46967660448119
28.97475224744067 40.59949211643523
29.96127503770542 40.76311602754926
30.941511568144442 40.96094510628359
31.914403324703606 41.19220606282235
32.879266852572705 41.454957604374435
33.835930478927935 41.74615290998365
34.784822717651366 42.06175316234484
35.72699654350379 42.39687773900049
36.6640828410859 42.745975534587686
37.598176025325785 43.103004837525965
38.53166341515547 43.46161506190469
39.46701653804442 43.8153303930707
40.40656703279346 44.15774077231883
41.352292401935784 44.48270773396357
42.3056375036087 44.78459035538498
43.26739576495791 45.058490057331774
44.237668641053496 45.300503581567924
45.2159120938945 45.50796381142827
46.201065257884096 45.6796415428942
47.19174121751546 45.8158808287426
48.186446726720604 45.91864731139593
49.18379078669841 45.991481548036276
50.18264377323035 46.03936381298074
51.182218976700675 46.06850849701178
52.18206403116034 46.08611153858334
53.18196657145707 46.10007255244871
54.18179294524944 46.11870645352111
55.18128896041797 46.15045099103914
56.17987713077815 46.203570347367176
57.176486138540156 46.28585330822564
58.169445570335036 46.404308222896105
59.15647218791413 46.56486492998236
60.13476266982161 46.77210327828992
61.10119221654215 47.02903504204349
62.052600536748926 47.33696719080572
62.98613017414387 47.69546742247269
63.899571355644056 48.1024381928476
64.79166597223823 48.55428683458917
65.6623315532806 49.04616227206106
66.512781383287 49.57221843507225
67.34553420025676 50.12586339877093
68.16432111686832 50.69996093855468
68.97390537943735 51.28696461980426
69.77983195648616 51.87898011994459
70.58812070332793 52.46776641541092
71.40491221826674 53.04469935876219
72.2360729384479 53.60073160353574
73.08676843359237 54.12639040403366
73.96102301896964 54.61185813720119
74.86129956087693 55.04717658166622
75.78815249531561 55.4226011918377
76.74002256367766 55.72910302373506
77.71324338431661 55.958975236659604
78.70230809410397 56.10645743847813
79.70039641417782 56.1682612031868
80.7000991879776 56.143881620396456
81.69422168416952 56.03562053521293
82.67652368175516 55.84831654289217
83.64227532367318 55.58884830565943
84.5885633233477 55.26552335816541
85.51434738642799 54.8874706256709
86.42031677289029 54.464127418812524
87.30861940426144 54.00486884774489
88.18253295856974 53.5187874763715
89.04612937131267 53.014603744089776
89.90396206737447 52.50067469687862
90.76078637468436 51.985066215176744
91.62131091875759 51.47565723503645
92.48997146657965 50.98024947101022
93.37071750657935 50.506660606038864
94.26680446757842 50.06278206597702
95.18058981734924 49.65658465763444
96.11333853533736 49.29605750319037
97.06505182501378 48.98906920658398
98.03434125730948 48.7431464617231
99.01837697926064 48.56517540249143
100.01294062383559 48.461044922372494
101.01260832426921 48.435267243854454
102.01107488745866 48.49062537056263
103.00160731484024 48.62790432126356
103.97758872887641 48.84575812420481
104.93308991862195 49.14074537205609
105.86339349150154 49.50753586032897
106.76540027241387 49.93925772355594
107.63786834686273 50.42792883899812
108.48146523803442 50.96490582659206
109.29864366856697 51.5412906049063
110.09337342386837 52.14825404370518
110.87077280117961 52.777261363341516
111.63668438646006 53.42020727361174
112.39723538333357 54.069485473734545
113.15841641885434 54.71802493372408
113.92570706792338 55.35932444241813
114.7037716337034 55.98750875571922
115.49624386483515 56.59741675114562
116.30561273396899 57.18471738427744
117.13321230590047 57.74603632083563
117.97930767359043 58.27906786659405
118.84325794021044 58.78264500746444
119.72372894625707 59.25674500483973
120.61892509551734 59.70241736695074
121.52681204063231 60.12163246077469
122.44530925586122 60.5170599074912
123.37244141518343 60.8917944257178
124.30644721841563 61.2490522591219
125.24585138462439 61.591863887439274
126.18950846663724 61.922788820871304
127.13662580798831 62.243676249282096
128.08676863418876 62.55549127428864
129.0398452340941 62.85822051752908
129.99606700076492 63.15086353033634
130.95587863888622 63.431508536219056
131.91985851680306 63.69748371357859
132.8885966427982 63.94556926987602
133.86256549642127 64.17225114425557
134.8420040199751 64.37399399686421
135.82683525181938 64.54750896677773
136.8166326566601 64.68999088622913
137.8106403239418 64.79930125803855
138.8078405937581 64.87407840614098
139.80705277087495 64.91376499205413
140.80704130204484 64.91855430606265
141.8066123646579 64.88926794769263
142.80468342305235 64.8271860469858
143.80031858206087 64.7338552902865
144.7927307244101 64.61089944570064
145.7812573762002 64.45985290088517
146.76532017544397 64.28203162222457
147.74437804868967 64.07844949914985
148.71788269840147 63.8497822802716
149.68524281206967 63.59637665585922
150.64580125748918 63.318298478122685
151.59882772272118 63.015411442138294
152.54352772368617 62.68747561278032
153.47906738869705 62.33425396113457
154.40461172625606 61.955614714340975
155.31937218743263 61.55161805758743
156.22265752379903 61.12257773185397
157.11392070976456 60.669091311613414
157.99279457008845 60.192037082369616
158.85911004929042 59.69253984464445
159.71289370951223 59.17191189539638
160.55434455422255 58.63157822447045
161.38379387807078 58.072996252717175
162.20165475634542 57.49758024339191
163.0083694747612 56.90663916080298
163.8043635145499 56.30133470136057
164.5900138730866 55.682663937439145
165.3656379624993 55.05146882345084
166.13150755054355 54.40847288714256
166.88789048651813 53.75434380648154
167.63512131639965 53.089779222054595
168.3737000848621 52.41561203004915
169.10441620812225 51.73293059101064
169.82849081480572 51.04320893414014
170.547726099602 50.34844235095984
171.2646440840559 49.65128483391902
171.9825902799672 48.9551862347418
172.70577117117028 48.26452756463138
173.43918977360124 47.58475028227468
174.18844310948606 46.92246677903344
174.9593526838957 46.28552217541116
175.75741897315837 45.68295251309606
176.58712929300714 45.12475829498159
177.4512077768404 44.62140119134997
178.34996746273322 44.182959602294076
179.28097746897544 43.81796594717537
180.23924348376391 43.5320879226589
181.21797687303643 43.32695149799678
182.20981441314026 43.199443482402486
183.20814672334015 43.141714820448826
184.2081467107572 43.14187345818659
185.20721022318887 43.18514120746613
186.20475502048706 43.25517246750971
187.20153925264134 43.335304823824686
188.19877213233454 43.40964581964006
189.19729392873876 43.46399857583218
190.19703739601385 43.4866480712073
191.19688145394593 43.46898851804437
192.19489082818575 43.40592276720112
193.1888261805447 43.29595679368626
194.17674167616954 43.14096333090693
195.15748725873823 42.94567354041084
196.13099650023554 42.7170258710168
197.09833053424808 42.46352071004175
198.06151958230862 42.19469575268802
199.02327177637704 41.92077474727843
199.98660863710217 41.652479960209725
200.95445885368008 41.40095270866408
201.9292193621526 41.17769959866926
202.912289854786 40.99447185373547
203.9036084945983 40.86299046965123
204.90125720176707 40.794455390425554
205.9012476343365 40.798829721186436
206.8976165138081 40.88397110959739
207.88292171533183 41.0547740950814
208.8491269671032 41.312548049253415
209.7887217499691 41.654836880521934
210.695812744742 42.07577146831672
211.56691299777182 42.566876700595294
212.40125911497677 43.118117624969614
213.20064823618014 43.718931267376036
213.96892083468038 44.35905407933767
214.71127138162205 45.02906576987401
215.4335506495832 45.720667287421136
216.14166726178362 46.42676279337326
216.84113753226185 47.141424490064175
217.5367900363356 47.859802937385595
218.2326074391685 48.57802166584848
218.93167815839863 49.2930742020408
219.63622865004754 50.00272806465078
220.3477093354777 50.70543371729621
221.0669111507321 51.40023494709851
221.79409431426365 52.086678423778295
222.52911562742753 52.76472242618141
223.27154507263043 53.434646689733405
224.02076635826563 54.09696645023518
224.77605917208712 54.75235394278414
225.5366631666119 55.40157005742773
226.30182515777116 56.045407868747645
227.0708318064508 56.684648648334274
227.84303034549933 57.320029963995424
228.61783988127695 57.95222469923772
229.39475557713945 58.58182933829501
230.17334771525302 59.20935964231842
230.9532572957021 59.835251842560425
231.73418950383345 60.459867633509624
232.51590607649604 61.083501500473744
233.29821733355175 61.70638920871971
234.08097441571903 62.32871657459479
234.86406208365997 62.950627906151624
235.6473922847408 63.57223372664777
236.43089858033517 64.19361757320634
237.21453144413888 64.8148417958239
237.99825438621724 65.43595237378892
238.78204082353864 66.0569828244683
239.56587160067005 66.67795731091806
240.34973305958226 67.29889306704104
241.13361556116337 67.91980225823964
241.91751236982174 68.54069338667942
242.7014188239661 69.16157233716076
243.48533172738186 69.78244314486417
244.2692489083749 70.40330855165048
245.053168904315 71.02417040421133
245.83709073852586 71.64502993570578
246.62101376423846 72.26588796275998
247.4049375566102 72.8867450217949
248.1888618387681 73.50760146240191
248.97278643165293 74.12845751066943
249.75671122032696 74.74931331172341
250.54063613154824 75.37016895804285
251.32456111897534 75.99102450814082
252.10848615348976 76.61187999878382
252.8924112169152 77.23273545292224
253.67633629794875 77.85359088482772
254.4602613894025 78.4744463035761
255.24418648572848 79.09530171617256
256.0281115788096 79.7161571328661
256.8120366472111 80.3370125807215
257.5959616280723 80.95786813910986
258.3798863500178 81.57872402441873
259.1638103890759 82.19958077197558
259.947732788955 82.82043958923418
260.7316515668781 83.44130297969909
261.51556291498923 84.06217575112865
262.2994600159036 84.68306651058481
263.0833314289708 85.3039897005013
263.86715907533215 85.92496813877398
264.6509159493184 86.54603589874816
265.43456379445695 87.16724122294437
266.2180510788969 87.78864904001858
267.0013116592811 88.41034258447291
267.78426451136625 89.03242363338187
268.56681482027005 89.65501098792305
269.348856570377 90.27823703125699
270.1302765781798 90.9022424570391
270.9109597051496 91.5271695369969
271.69079480948045 92.15315452887234
272.4696808770941 92.78031997249734
273.24753273350666 93.40876765486681
274.0242857836949 94.03857294146198
274.79989934662717 94.66978099036143
275.5743583224795 95.30240512420528
276.34767312481597 95.93642737656495
277.1198779972226 96.57180099502216
277.89102798837035 97.20845450451759
278.6611949637337 97.84629682834037
279.4304630787682 98.48522293298099
280.1989241296575 99.12511949748664
280.9666731440316 99.76587019075785
281.7338044903144 100.40736025112533
282.5004086869226 101.04948018209055
283.26656999620974 101.6921284903832
284.032364804168 102.33521348640171
284.79786072281064 102.97865423623146
285.56311631246194 103.62238079503379
286.32818131124856 104.26633385825471
287.09309729086993 104.91046392595833
287.85789875581315 105.55472995736207
288.62261490609984 106.1990972512952
289.38727263316656 106.84353387380912
290.151901831877 107.48800434518807
290.9165447405965 108.13245855003507
291.68127161293563 108.77681311913695
292.4462053102046 109.42092214622969
293.2115570350854 110.06453440312202
293.977674071415 110.7072354896666
294.7450978680315 111.34837565873003
295.5146272132275 111.98698711093101
296.2873770960731 112.62169776828775
297.06482007059435 113.25065120167335
297.8487947736455 113.87144397303575
298.64146699141656 114.48109203148748
299.44523326637227 115.07603721824324
300.2625656493646 115.65220366616613
301.09580789735634 116.20511175632367
301.94694607825176 116.73005346453712
302.8173870784991 117.2223262193067
303.7077834218247 117.67751228213427
304.61793921129583 118.09177842713311
305.5468189737547 118.46215983446137
306.4926609139644 118.78678735045504
307.4531739691376 119.06502227069657
308.4257809998564 119.29747777998048
309.40786391508584 119.48592710371062
310.3969719194955 119.63311866465315
311.3909682533389 119.74253204731703
312.3881079589298 119.81811251790289
313.38705378237927 119.86401722150654
314.38684610461576 119.88439643633444
315.3868454152931 119.88322227925454
316.38666386280215 119.8641678304117
317.38609805354037 119.83053305103816
318.38507044335194 119.78521016063922
319.38358255203184 119.730679721253
320.3816803237436 119.66902878367678
321.37943025192396 119.60198341980956
322.37690413965805 119.53094932033179
323.3741702598993 119.457055576219
324.37128893149696 119.3811981128334
325.3683109277576 119.3040804172472
326.36527755229724 119.22625015607545
327.36222158296755 119.14813101814578
328.3591685724946 119.07004964986253
329.3561382034576 118.99225790905692
330.3531455369674 118.91495087879723
331.3502020844148 118.83828118992113
332.34731668479964 118.76237023090115
333.3444961986452 118.68731680215335
334.34174604246004 118.61320371956157
335.339070591509 118.54010280394314
336.33647347747046 118.46807861997843
337.33395780403293 118.39719125677283
338.3315262991964 118.32749837724202
339.3291814189063 118.25905670779537
340.3269254131494 118.19192309511305
341.3247603629966 118.12615522405505
342.3226881953092 118.06181206982862
343.3207106808131 117.99895414726777
344.31882942073935 117.93764361792785
345.3170458269259 117.8779443179321
346.3153610998316 117.81992177159727
347.31377620808456 117.76364325338446
348.31229187184795 117.70917795049256
349.31090855053264 117.65659725961773
350.309626433484 117.60597522614378
351.3084454306134 117.55738910699964
352.30736515889083 117.51092001557151
353.30638492040123 117.46665359362714
354.30550366825855 117.42468065377224
355.30471995783796 117.38509774535072
356.3040318821283 117.34800761228064
357.3034369911549 117.31351952663582
358.30293219616385 117.2817494910032
359.302513659613 117.25282030282096
360.30217667223235 117.2268614661603
361.30191551882587 117.20400892555972
362.3017233353563 117.18440458918784
363.3015919612337 117.16819561062945
364.30151179239067 117.155533412595
365.301471642249 117.14657246000809
366.30145861858466 117.14146881826494
367.3014580242494 117.14037855677248
368.301453288693 117.14345607045647
369.3014259355601 117.15085238829792
370.3013555898808 117.16271351851336
371.3012200271197 117.17917885012079
372.3009952659819 117.20037959911788
373.3006557073861 117.22643726385331
374.30017432297234 117.25746204582879
375.2995228971831 117.29355120241158
376.2986723265338 117.33478732526814
377.2975929775332 117.38123657721994
378.29625510058503 117.43294696284617
379.29462929129556 117.48994674638115
380.2926869835988 117.5522431574683
381.290400951963 117.61982153663585
382.2877457938108 117.6926450660724
383.2846983592598 117.77065520800693
384.2812380942356 117.8537729354435
385.2773472653703 117.94190079245466
386.2730110408195 118.03492576898351
387.2682174096338 118.1327229237042
388.2629569325903 118.23515964303994
389.257222328188 118.34210038886201
390.25100790756505 118.45341176394177
391.24430888036676 118.5689677132961
392.23712055940314 118.68865467987521
393.22943749506123 118.81237654215593
394.2212525710487 118.94005917622997
395.2125560916143 119.07165450332876
396.2033348875073 119.20714390368457
397.1935714641865 119.34654089865452
398.18324321162805 119.48989302565663
399.1723216907995 119.63728285583481
400.16077200761043 119.78882813354507
401.14855228097304 119.94468104996226
402.1356132075499 120.1050266991868
403.12189772193756 120.27008080146553
404.10734074761353 120.44008681061376
405.0918690312403 120.61531254713378
406.07540105115874 120.79604651127767
407.05784699034325 120.98259402956691
408.0391087647876 121.17527337463079
409.0190801000774 121.37441197463183
409.99764665136473 121.58034279967191
410.97468616452863 121.79340098354768
411.950068678379 122.01392071435399
412.9236567688946 122.2422324092059
413.89530583648605 122.47866017713656
414.8648644362594 122.72351956863612
415.8321746495815 122.97711560804267
416.79707249337866 123.23974110382596
417.75938836195655 123.5116752301934
418.7189474949813 123.79318237082876
419.67557046471 124.08451121215319
420.6290736755544 124.38589406984316
421.5792698695311 124.6975464289747
422.52596863200785 125.01966667535027
423.4689768933856 125.35243599330697
424.40809942393264 125.69601840353613
425.34313932084683 126.05056091322824
426.2738984885716 126.41619375050658
427.2001781151214 126.79303065612854
428.1217791482801 127.18116920829874
429.03850277568364 127.5806911613378
429.9501509117929 127.99166278557554
430.8565266927079 128.41413520333884
431.75743497704855 128.84814472305757
432.65268284832854 129.29371317904236
433.54208011204014 129.75084828741
434.42543977957706 130.2195440285567
435.3025785314222 130.69978106379196
436.1733171536347 131.19152718913264
437.03748094419564 131.69473782403938
437.8949000886299 132.20935652828322
438.74541000687816 132.7353155371056
439.5888516751548 133.2725363038437
440.42507192719745 133.82093004019893
441.2539237388891 134.3803982468519
442.07526649892816 134.95083323046654
442.88896626640883 135.5321186065099
443.69489601427125 136.12412979011236
444.49293585596615 136.72673447899854
445.28297325160537 137.33979313320026
446.06490318945396 137.96315945591607
446.8386283388411 138.59668087876298
447.60405917130464 139.24019905310945
448.36111404786305 139.89355034749792
449.10971927155003 140.55656634961903
449.8498091055964 141.22907437004798
450.581325758781 141.91089794408572
451.30421934039657 142.60185732759462
452.0184477878965 143.30176998270363
452.72397677050554 144.0104510496856
453.420779571813 144.72771380216207
454.1088369536176 145.4533700839816
454.7881370021593 146.18723072746323
455.4586749566017 146.92910595393474
456.1204530185646 147.67880575832618
456.77348014101614 148.43614027975158
457.41777179519397 149.20092015942726
458.05334971550803 149.97295688602077
458.6802416243877 150.75206312690273
459.2984809413425 151.53805304221407
459.9081064825205 152.3307425776209
460.5091621582104 153.12994973144333
461.10169667568755 153.93549479262745
461.6857632534763 154.7472005476336
462.26141935078647 155.56489245638022
462.82872641309075 156.38839879943998
463.3877496321582 157.21755080030803
463.9385577168847 158.05218272744713
464.48122267031704 158.89213198086446
465.0158195684418 159.73723916727067
465.54242633745946 160.58734816664946
466.06112352804126 161.44230619163227
466.5719940870057 162.30196383975937
467.07512312847786 163.16617513778044
467.5705977075404 164.0347975767623
468.0585065994825 164.90769213692624
468.5389400871004 165.7847233016948
469.01198975740704 166.66575906114093
469.4777483079747 167.55067090566166
469.9363093623226 168.4393338110624
470.3877672934507 169.33162621628702
470.8322170547876 170.22742999482762
471.2697540183012 171.12663042051656
471.7004738200938 172.02911612807307
472.12447221432035 172.93477906851692
472.54184493664485 173.84351445940877
472.9526875786431 174.75522072982477
473.35709547452024 175.6697994600346
473.75516360117 176.587155316039
474.14698649188574 177.5071959794399
474.5326581629911 178.42983207352404
474.9122720514865 179.35497708683886
475.2859209608522 180.282547295788
475.6536970117575 181.21246168775133
476.0156915948399 182.1446418858992
476.3719953238342 183.07901207629743
476.7226979888261 184.01549893726641
477.06788851070235 184.95403157047997
477.407654898495 185.89454143312165
477.74208421105357 186.83696227059374
478.07126252347996 187.78123004968398
478.3952748975471 188.72728289252703
478.71420535448976 189.67506101193806
479.0281368485944 190.62450664861728
479.3371512409825 191.57556401034526
479.64132927455256 192.52817921277142
479.94075055252443 193.48230022097619
480.2354935237189 194.43787679087075
480.5256354771261 195.39486040978647
480.8112525464787 196.35320423623625
481.09241972296405 197.31286303959672
481.3692108717487 198.27379314108924
481.64169874656733 199.2359523576833
481.9099549968819 200.19929995028275
482.1740501641574 201.16379657683035
482.43405366713444 202.12940424997697
482.69003377966726 203.09608629800914
482.9420576076153 204.0638073271009
483.1901910725087 205.03253318285164
483.4344989087962 206.00223090953173
483.67504467861085 206.97286870635622
483.9118908039189 207.9444158811895
484.1450986117645 208.9168428030504
484.37472838526764 209.89012085536683
484.60083941192386 210.86422239197606
484.82349002193007 211.839120697372
485.04273761240205 212.8147899518185
485.2586386576045 213.7912052009213
485.47124870952933 214.7683423283607
485.68062239620895 215.74617802996204
485.8868134262242 216.72468978724513
486.0898746066978 217.70385583903854
486.28985787894754 218.6836551505408
486.4868143716891 219.66406738014985
486.6807944672397 220.64507284523665
486.8718478726066 221.6266524886165
487.0600236854247 222.60878784765322
487.2453704448385 223.5914610276957
487.4279361595643 224.5746546809536
487.60776830909214 225.55835199110356
487.78491381855724 226.54253666304086
487.95941901236495 227.5271929164279
488.1313295553282 228.51230548117272
488.3006903921906 229.49785959279586
488.4675456965739 230.48384098582474
488.63193883859606 231.47023588385298
488.7939123770103 232.45703098561097
488.95350807738043 233.44421344717688
489.11076695334634 234.4317708611686
489.26572932425915 235.4196912342762
489.4184348799964 236.40796296474662
489.56892274294296 237.396574821395
489.7172315179458 238.38551592543362
489.863399323227 239.37477573594816
490.0074637982942 240.36434403931264
490.1494620882787 241.3542109423059
490.28943080736224 242.34436686824793
490.4274059866458 243.33480255515633
490.56342301371694 244.32550905475483
490.6975165721484 245.31647773114534
490.82972058917 246.3077002580702
490.96006819880495 247.29916861392553
491.0885917259484 248.29087507400862
491.2153226943625 249.28281219986127
491.3402918586475 250.27497282595863
491.4635292572829 251.26735004434767
491.5850642812409 252.25993718810463
491.70492575085376 253.25272781462274
491.8231419929085 254.24571568973226
491.9397409105343 255.23889477348732
492.0547500404109 256.23225920814616
492.168196595041 257.225803308447
492.28010749203656 258.219521553793
492.3905093771558 259.2134085814587
492.49942865258436 260.2074591794868
492.6068915259368 261.2016682776401
492.71292409779915 262.1960309346744
492.8175525054911 263.1905423203829
492.92080313748704 264.18519769134934
493.022702926367 265.1799923601259
493.1232797186865 266.17492165854196
493.2225627087713 267.1699808969192
493.32058291175065 268.1651653219419
493.41737364100766 269.16047007664264
493.5129709484488 270.1558901662581
493.6074139839379 271.15142043352654
493.70074523353594 272.14705554633065
493.79301060459903 273.1427899995372
493.88425933824135 274.1386181316005
493.97454374450865 275.1345341551612
494.0639187708397 276.1305321996715
494.1524414281133 277.1266063631499
494.24017010923325 278.12275076960356
494.3271638417847 279.11895962847643
494.413481518484 280.11522729265573
494.4991811471855 281.1115483120267
494.58431915684946 282.10791748021205
494.6689497881566 283.1043298728711
494.75312458849737 284.10078087667796
494.83689202195137 285.09726620877905
494.9202971964655 286.09378192710176
495.00338170337307 287.09032443232263
495.0861835590082 288.0868904626003
495.1687372345627 289.08347708234413
495.2510737584091 290.08008166633965
495.33322087465683 291.07670188050963
495.4152032425676 292.0733356604668
495.49704266397043 293.06998118877885
495.57875833198517 294.0666368713498
495.6603671107515 295.06330131198575
495.7418838996465 296.0599732806536
495.8233222430471 297.0566516621911
495.9046955822162 298.0533353530742
495.98602000755625 299.05002303627447
496.0673201782934 300.0467126982245
496.14864130071146 301.04340065092015
496.23007154231175 302.04007969442057
496.3117804828484 303.03673592855364
496.3940791666444 304.03334363805897
496.4775051038297 305.02985761839483
496.5629305713259 306.0262021820389
496.6516845016606 307.02225576485966
496.7456683749482 308.0178294846624
496.8474393528801 309.01263733950213
496.9602362757548 310.00625540203424
497.08787503325937 310.9980761255436
497.2345050985271 311.9872675245962
497.40435774559205 312.97273699560225
497.601021102613 313.9532080681002
497.8272651505166 314.9272787178932
498.0859688634377 315.89323543996767
498.37455649687666 316.8506889259533
498.69609738143544 317.79758462219297
499.03028693175185 318.74009050782934
499.27096652211657 319.71069513113474
