13.29512532297397
288554
743
0.0 100.0
0.0 99.0
0.0 98.0
0.0 97.0
0.0 96.0
0.0 95.0
0.0 94.0
0.0 93.0
0.0 92.0
0.004657366752012377 91.00001084559133
0.007578060310207519 90.00001511082586
0.008772090206703189 89.0000158236798
0.055265610523810856 88.00109723211764
0.24398791488340227 87.01906673776567
0.6766033545806266 86.11748818803439
1.365110488972169 85.39225862031672
2.2388737067639295 84.90590706101607
3.206659208725149 84.65413092594034
4.192936895671324 84.48903603131272
5.189250114264826 84.40324576114264
6.189090340458617 84.42112094183403
7.188984082405376 84.40654339692048
8.130517012870678 84.06962242569811
8.80128267183867 83.32795307163983
9.325256144868113 82.47621848882577
9.95541018046721 81.69974834038594
10.734962323109398 81.07341100563575
11.609098052558148 80.58772929247259
12.528684901973639 80.19484250676697
13.468304777307845 79.85262256305106
14.416632890477892 79.53533123040654
15.368739509661047 79.22956500318774
16.322474056861456 78.9289150181945
17.27690181608786 78.63047297621974
18.231620982158574 78.33296446552256
19.186461194415827 78.03584467645338
20.14135117832965 77.73888488351659
21.0962614573054 77.44199035829516
22.05117995654288 77.14512227342576
23.00610176753293 76.84826484148999
23.94770159718948 76.51153088004453
24.87359184669646 76.13373828367995
25.79948209620344 75.75594568731535
26.72537234571043 75.37815309095078
27.65126259521741 75.00036049458619
28.5771528447244 74.6225678982216
29.503808947854363 74.24665771409249
30.430465050984317 73.87074752996334
31.35712115411428 73.49483734583423
32.28377725724424 73.11892716170507
33.210433360374196 72.74301697757593
34.139276259905124 72.37254313505669
35.068119159436044 72.00206929253743
35.99696205896697 71.63159545001817
36.9258049584979 71.26112160749891
37.85464785802883 70.89064776497965
38.78610480045229 70.52679619577715
39.71756174287576 70.16294462657464
40.64901868529922 69.79909305737212
41.580475627722684 69.43524148816961
42.51431830557714 69.07755747536275
43.44816098343159 68.7198734625559
44.38200366128605 68.36218944974905
45.3158463391405 68.00450543694218
46.25222789197938 67.65352169443686
47.18860944481827 67.30253795193154
48.12499099765715 66.95155420942622
49.06137255049604 66.6005704669209
50.00050764246575 66.25702239309273
50.939642734435466 65.91347431926457
51.87877782640518 65.5699262454364
52.81791291837488 65.22637817160823
53.760075050333 64.89122072039443
54.70223718229112 64.55606326918063
55.644399314249235 64.22090581796681
56.589090277523326 63.89294395447005
57.533781240797424 63.5649820909733
58.478472204071515 63.23702022747654
59.46811729597089 63.38055625807329
60.45776238787027 63.524092288670055
61.447407479769645 63.66762831926681
61.86283490381579 62.75800199194862
61.878498243638006 61.75812466958071
61.88187813208874 60.758130381419996
61.88491439908972 59.758134990889275
61.88794105445339 58.75813957122111
61.89096744096448 57.758144150739255
61.893993819955334 56.758148730234645
61.89702019873584 55.75815330972939
61.90004657751046 54.75815788922412
61.90307295628491 53.75816246871885
61.90609933505936 52.75816704821358
61.909125713833795 51.758171627708315
61.91171545942187 50.90245133578378
62.9117108303637 50.90549404755192
62.91171083036376 50.905494047551926
63.91170620130559 50.90853675932006
64.91170157224742 50.91157947108819
65.91169694318926 50.91462218285632
66.91169231413109 50.917664894624465
67.91168768507292 50.9207076063926
68.91168305601477 50.92375031816074
69.9116784269566 50.926793029928874
70.91167379789843 50.929835741697005
71.91166916884026 50.93287845346515
72.9116645397821 50.93592116523328
73.91165991072393 50.93896387700143
74.91165528166576 50.94200658876956
75.91165065260759 50.94504930053769
76.91164602354942 50.948092012305835
77.91164139449126 50.95113472407397
78.91163676543309 50.95417743584211
79.91163213637492 50.95722014761024
80.91162750731675 50.960262859378375
81.91162287825858 50.96330557114652
82.91161824920042 50.96634828291465
83.91161362014225 50.96939099468278
84.91160899108408 50.97243370645093
85.91160436202591 50.97547641821906
86.91159973296774 50.9785191299872
87.91159510390958 50.98156184175534
88.91159047485141 50.984604553523475
89.91158584579324 50.98764726529161
90.91158121673507 50.99068997705975
91.9115765876769 50.99373268882789
92.91157195861874 50.99677540059602
93.91156732956057 50.99981811236416
94.9115627005024 51.0028608241323
95.91155807144423 51.00590353590044
96.91155344238607 51.008946247668575
97.9115488133279 51.011988959436714
98.91154418426973 51.01503167120485
99.91153955521156 51.01807438297298
100.9115349261534 51.02111709474112
101.91153029709523 51.02415980650926
102.91152566803706 51.0272025182774
103.91152103897889 51.03024523004554
104.91151640992072 51.03328794181367
105.91151178086255 51.0363306535818
106.91150715180439 51.039373365349945
107.91150252274623 51.042416077118084
108.91149789368806 51.04545878888622
109.9114932646299 51.04850150065435
110.91148863557173 51.051544212422485
111.91148400651356 51.05458692419062
112.9114793774554 51.05762963595877
113.91147474839723 51.06067234772691
114.91147011933906 51.06371505949504
115.91146549028089 51.06675777126317
116.91146086122272 51.069800483031315
117.91145623216455 51.07284319479945
118.91145160310639 51.07588590656759
119.91144697404822 51.07892861833572
120.91144234499005 51.081971330103855
121.9114377159319 51.085014041872
122.91143308687373 51.08805675364014
123.91142845781557 51.09109946540828
124.91142382875742 51.09414217717641
125.91141919969925 51.09718488894454
126.91141457064109 51.10022760071268
127.91140994158292 51.10327031248082
128.91140531252475 51.106313024248955
129.91140068346658 51.10935573601709
130.9113960544084 51.112398447785225
131.91139142535025 51.11544115955336
132.91138679629208 51.1184838713215
133.9113821672339 51.12152658308964
134.91137753817574 51.12456929485778
135.91137290911757 51.12761200662592
136.9113682800594 51.130654718394055
137.91136365100124 51.13369743016219
138.91135902194307 51.13674014193032
139.9113543928849 51.13978285369846
140.91134976382673 51.142825565466595
141.91134513476857 51.14586827723473
142.9113405057104 51.14891098900287
143.91133587665223 51.151953700771
144.91133124759406 51.15499641253915
145.9113266185359 51.15803912430728
146.91132198947773 51.16108183607541
147.91131736041956 51.16412454784356
148.9113127313614 51.167167259611695
149.91130810230322 51.170209971379826
150.91130347324506 51.173252683147965
151.9112988441869 51.1762953949161
152.91129421512872 51.17933810668424
153.91128958607055 51.18238081845237
154.91128495701238 51.18542353022051
155.91128032795422 51.18846624198865
156.91127569889605 51.191508953756795
157.91127106983788 51.194551665524926
158.9112664407797 51.19759437729306
159.91126181172154 51.2006370890612
160.91125718266338 51.20367980082934
161.91125255360524 51.206722512597466
162.91124792454707 51.20976522436561
163.9112432954889 51.21280793613374
164.91123866643073 51.21585064790189
165.91123403737257 51.21889335967003
166.9112294083144 51.22193607143815
167.91122477925623 51.224978783206296
168.91122015019806 51.228021494974435
169.9112155211399 51.23106420674257
170.91121089208173 51.234106918510705
171.91120626302356 51.23714963027884
172.9112016339654 51.24019234204698
173.91119700490722 51.24323505381511
174.91119237584905 51.24627776558325
175.9111877467909 51.24932047735139
176.91118311773272 51.25236318911953
177.91117848867455 51.255405900887666
178.91117385961638 51.2584486126558
179.91116923055824 51.261491324423936
180.91116460150008 51.264534036192074
181.91115997244194 51.26757674796021
182.91115534338377 51.270619459728344
183.91115071432563 51.27366217149648
184.91114608526743 51.27670488326462
185.91114145620926 51.27974759503276
186.9111368271511 51.28279030680089
187.91113219809293 51.285833018569036
188.91112756903476 51.288875730337175
189.9111229399766 51.291918442105306
190.91111831091843 51.294961153873444
191.91111368186026 51.298003865641576
192.9111090528021 51.30104657740972
193.91110442374392 51.30408928917786
194.91109979468575 51.30713200094599
195.9110951656276 51.31017471271413
196.91109053656942 51.31321742448227
197.91108590751125 51.316260136250406
198.91108127845308 51.31930284801854
199.91107664939491 51.322345559786676
200.91107202033675 51.32538827155482
201.91106739127858 51.328430983322946
202.67001086517092 51.330740240252
202.8742326515896 52.30966488594817
203.07845443800835 53.28858953164464
203.2826762244271 54.2675141773411
203.48689801084583 55.246438823037565
203.69111979726458 56.22536346873402
203.8953415836833 57.20428811443048
204.09956337010206 58.18321276012694
204.3037851565208 59.1621374058234
204.50800694293952 60.14106205151986
204.71222872935826 61.11998669721632
204.91645051577703 62.09891134291277
205.12067230219577 63.07783598860923
205.32489408861449 64.05676063430569
205.52911587503326 65.03568528000214
205.73333766145197 66.01460992569861
205.93755944787074 66.99353457139506
206.14178123428945 67.97245921709153
206.3460030207082 68.95138386278798
206.55022480712694 69.93030850848443
206.75444659354565 70.9092331541809
206.9586683799644 71.88815779987735
207.1628901663832 72.8670824455738
207.3671119528019 73.84600709127027
207.57133373922065 74.82493173696673
207.7755555256394 75.80385638266318
207.97977731205813 76.78278102835965
208.18399909847685 77.76170567405612
208.3882208848956 78.74063031975258
208.5924426713144 79.71955496544903
208.7966644577331 80.6984796111455
209.00088624415184 81.67740425684195
209.20510803057059 82.6563289025384
209.40932981698933 83.63525354823487
209.61355160340807 84.61417819393134
209.99816683217983 85.5372551819431
210.4741705534625 86.41669844749526
211.01614534549708 87.25709319093377
211.6167419215438 88.05664541114265
212.27184582852803 88.8121842063438
212.97661425297775 89.52162163691725
213.73523356299793 90.1731557821963
214.52584977842713 90.78546779408275
215.34240857482285 91.36273006725563
216.18212464009417 91.90575578462565
217.04237801259745 92.41562256634103
217.92034676610115 92.89434050821401
218.8168874939074 93.3373018195998
219.72438225991365 93.75736520728218
220.64063317318275 94.15797007986052
221.56466561381347 94.5402841505694
222.4956739385753 94.9052820947064
223.43284506166071 95.25415210782714
224.37538740435616 95.5882388214603
225.3225759174336 95.90891610580411
226.27377457196872 96.2174953008425
227.22843892783595 96.51517964311908
228.18610804280587 96.80305090989079
229.14639266260212 97.08207321900377
230.146382629769 97.08655267942083
231.14637259693586 97.09103213983789
232.1463625641027 97.09551160025494
233.1461521444353 97.07499831045506
234.14594172476785 97.05448502065518
235.14573130510044 97.03397173085528
236.14561680247544 97.01883924463692
237.14550229985045 97.00370675841856
238.14538779722545 96.98857427220018
239.14538358585668 96.98567207996487
240.14537937448793 96.98276988772956
241.14537516311918 96.97986769549426
242.14530031723154 96.99210232558238
243.14522547134388 97.00433695567051
244.14515062545624 97.01657158575863
245.1447073198798 97.04634430201016
246.14426401430342 97.07611701826168
247.14335050137828 97.11885097834437
248.1424369884532 97.16158493842704
249.14085354222675 97.21783780636237
250.1392700960003 97.2740906742977
251.13678864660676 97.34449480198968
252.13430719721316 97.41489892968166
253.13066813843648 97.50013316461451
254.1270290796598 97.58536739954735
255.12193636721886 97.68616169086332
256.1168436547779 97.78695598217926
257.1099582978143 97.90410249636841
258.1030729408507 98.02124901055755
259.0940040572481 98.15561985023429
260.0849351736455 98.28999068991101
261.0732268268696 98.44256725484661
262.05972778280466 98.60632275533192
263.0462287387397 98.77007825581724
264.02987351881717 98.95019751249586
265.0113698206204 99.14167860698424
265.9928661224237 99.33315970147264
266.97099705184263 99.54114980920417
267.9466962854068 99.7602639475483
268.922395518971 99.97937808589242
269.8941458823207 100.21538916895783
270.8633518841209 100.46164051631342
271.830103626097 100.71735729203635
272.7968553680731 100.97307406775928
273.75934899766986 101.24437834893757
274.71923843007795 101.52475715974776
275.67665404255416 101.81347041712752
276.631648136923 102.11009523018393
277.58664223129176 102.40672004324033
278.53724704182906 102.7171238031779
279.4854984228051 103.03464438278974
280.4315008064511 103.35880405044772
281.37533222809355 103.68923142146942
282.3170721942862 104.02557326554405
283.2568035737479 104.36748690150341
284.19461209240353 104.71463986827288
285.13058549462994 105.06671058606238
286.0665588968563 105.41878130385187
286.99923855855496 105.77948706850447
287.93024786764965 106.14448250187192
288.8597497123506 106.51329996444318
289.78784081374704 106.88565316707304
290.71460925152655 107.26128631621683
291.6401395054862 107.6399599870804
292.5645128796785 108.02144899751771
293.48780737829117 108.40554178426538
294.4100975443573 108.79203997258935
295.33145433904974 109.18075793831017
296.25194507098706 109.57152233333295
297.1716333721539 109.96417157718408
298.09057921448397 110.35855532287391
299.00883896085037 110.75453390588457
299.9264654444934 111.15197778433406
300.84350807138327 111.55076697735073
301.7600129405504 111.95079050764986
302.6760229779652 112.35194585331433
303.59157808009707 112.75413841286799
304.50671526380256 113.15728098690303
305.42146881968966 113.56129327878523
306.33587046655725 113.96610141630947
307.24994950492476 114.37163749561329
308.163732968039 114.77783914816892
309.0772457690741 115.18464913126292
309.9905108435296 115.59201494202748
310.90354928608 115.99988845480459
311.8163804813446 116.4082255813947
312.7290222282236 116.8169859535611
313.64149085759993 117.22613262702193
314.55380134332756 117.63563180605823
315.46596740652916 118.04545258779493
316.37800161330523 118.45556672516449
317.2899154660196 118.86594840753801
318.2017194883737 119.27657405800176
319.11342330451777 119.68742214626357
320.02503571246916 120.09847301619226
320.9365647521273 120.50970872702
321.84801776817983 120.921112907272
322.75940146819937 121.33267062052589
323.6707219762276 121.74436824214543
324.58198488213833 122.1561933461776
325.49319528706275 122.5681346016467
326.4043578451501 122.98018167752477
327.31547680192546 123.39232515570266
328.22655602949317 123.80455645132994
329.1375990588224 124.21686773993447
330.04860910933576 124.62925189077387
330.959589116012 125.04170240591017
331.8705417541954 125.45421336453632
332.7814694622972 125.8667793721186
333.69237446255687 126.27939551395255
334.6032587800223 126.6920573127606
335.51412425989497 127.10476068998977
336.4249725833751 127.51750193049446
337.33580528213315 127.93027765031479
338.24662375152144 128.3430847672849
339.1574292626343 128.7559204742271
340.0682229733129 129.16878221450872
340.97900634135556 129.5816667704041
340.9850162283266 129.58143835952313
341.89568984951006 129.99456492085835
342.80636347069344 130.40769148219354
343.7170370918768 130.82081804352873
344.6277107130603 131.23394460486395
345.5383843342438 131.64707116619917
346.4490579554272 132.0601977275344
347.3597315766106 132.47332428886958
348.27040519779405 132.88645085020477
349.1810788189775 133.29957741153999
350.0917524401609 133.7127039728752
351.00242606134435 134.1258305342104
351.0394345849703 134.14261942954025
352.0230329001703 133.96224660914925
353.00663121537025 133.78187378875825
353.99022953057016 133.60150096836725
354.9738278457702 133.42112814797625
355.9574261609701 133.24075532758528
356.94102447617007 133.06038250719428
357.92462279137 132.88000968680328
358.90822110656995 132.69963686641228
359.8918194217699 132.51926404602128
360.8754177369699 132.33889122563028
361.85901605216986 132.1585184052393
362.84261436736983 131.97814558484828
363.8262126825698 131.7977727644573
364.8098109977698 131.6173999440663
365.7934093129697 131.4370271236753
366.77700762816966 131.2566543032843
367.76060594336957 131.0762814828933
368.74420425856954 130.89590866250234
369.72780257376957 130.71553584211134
370.7114008889695 130.53516302172034
371.69499920416945 130.35479020132934
372.6785975193694 130.17441738093834
373.6621958345694 129.99404456054734
374.64579414976936 129.81367174015634
375.6293924649693 129.63329891976537
376.61299078016924 129.45292609937434
377.59658909536915 129.27255327898337
378.5801874105692 129.09218045859237
379.5637857257691 128.91180763820137
380.5473840409691 128.73143481781037
381.53098235616903 128.5510619974194
382.514580671369 128.3706891770284
383.498178986569 128.19031635663737
384.4817773017689 128.0099435362464
385.04333771164875 127.90696426779435
386.04110258913204 127.84014174718409
387.039760806558 127.78835598883565
388.03936123899666 127.76008983472234
389.03935135131144 127.75564289501084
390.03919199587733 127.77349465890131
391.03845823033316 127.81179599930125
392.0368365669405 127.868723119316
393.034106587522 127.94256420577445
394.0301224881975 128.03174001864775
395.0248077580767 128.13470221503735
395.993932379885 128.3812736395881
396.9363783771015 128.7156320435958
397.8324189859135 129.1596041456021
398.6655926730356 129.71261554429773
399.4998506909725 130.26398979062043
400.34337579121785 130.80107954592773
401.20099188112187 131.3153699719885
402.08002422388836 131.7921321143304
402.9678159187937 132.25237759932415
403.8650804605645 132.69387090853817
404.7712015939225 133.11688921982275
405.68492331923994 133.52322972811956
406.60487109130895 133.9152706656061
407.5298365048241 134.29532195661918
408.46032646641265 134.6616393482114
409.3927348987362 135.02304565049732
410.32699972989724 135.3796255507379
411.26283360889454 135.7320669656155
412.1998991494672 136.08122047436387
413.1377390775467 136.42828857906377
414.07582069486455 136.77470289639248
415.0136299173278 137.12185396187098
415.9505581984992 137.47137562921256
416.88595616397333 137.82497235740283
417.81903949051565 138.18463262172003
418.7489884143254 138.55232134755343
419.67482515138465 138.93024506513623
420.59553379899626 139.32049573613273
421.5098742101188 139.72544216788424
422.4163313323265 140.1477400314817
423.3131908095355 140.5900556180716
424.19866342839816 141.05474717302445
425.06951140265244 141.54629961756842
425.9223552824724 142.06846560329868
426.75444274097265 142.6231100492337
427.56389355994224 143.21029772934074
428.3382349012162 143.8430658442091
429.095469502324 144.49620882923233
429.83297056278536 145.17155480413587
430.54994074858087 145.86865863620133
431.2466709342658 146.5859919257923
431.92477991932924 147.32095328829797
432.5865675481298 148.07064464770298
433.2353506804978 148.83161800279152
433.8746084868026 149.6006104976043
434.5085767319126 150.37396957603553
435.14178882222006 151.1479479017582
435.77839249294414 151.91913903657542
436.4216810402362 152.68476286387107
437.0739310920999 153.44276673578986
437.73646949930657 154.19179467851032
438.4098552260089 154.93108600341114
439.0940886317592 155.66034908793924
439.7888223961114 156.37961607360518
440.4935189743313 157.08912487034073
441.2075463638439 157.7892426368814
441.9302318160677 158.48041970330075
442.66089334470075 159.1631595736581
443.39886037011513 159.8379963460713
444.1434881779765 160.50547625420302
444.8941677862565 161.1661426796498
445.6503319428856 161.82052465390444
446.4114579326425 162.4691287147278
447.1770971033973 163.11239900022682
447.9468821470339 163.75070220920622
448.7205084900956 164.38434428587166
449.4977087631221 165.0135976018006
450.2782336421922 165.63872231987892
451.0618421466417 166.25997726895733
451.84829907827685 166.8776223892999
452.6373762318656 167.4919164928727
453.4288920970496 168.10306511240972
454.2227232935803 168.71120328043946
455.01878499927676 169.31641874680142
455.81700419313995 169.91878584297154
456.6173009676284 170.5183899396415
457.41958081832314 171.11533804556797
458.22377676601866 171.70970230905462
459.02986268962013 172.30150082525043
459.83783443191624 172.8907220601452
460.64768410786104 173.47735951409106
461.4594202509134 174.06138385781523
462.2730700456781 174.64273918072834
463.0886605212343 175.2213687480526
463.90619828349776 175.79724374080126
464.7257014456245 176.37031840196187
465.54720730232856 176.9405184786025
466.37077496136453 177.50773652396956
467.19646712409565 178.0718574794431
468.02432518666717 178.6327951125498
468.85437189463477 179.19048899147637
469.68661080159603 179.7449061644967
470.5210164302169 180.29605700312973
471.3575106886027 180.8440326920864
472.1959629591626 181.3890077282054
473.0361603984924 181.93128834093608
473.87776533588595 182.47138197111033
474.72034932362175 183.0099469380468
475.5633501931558 183.5478591371693
476.4060196600227 184.08629034875557
477.24740396272955 184.62672763018475
478.0863546075584 185.17093514165563
478.92155431645847 185.72088190840063
479.7515473543119 186.2786556592304
480.57476888755866 186.84637593119442
481.38957203404755 187.42611365850897
482.1942536844931 188.0198201865481
482.9870809413265 188.6292666081653
483.7663194745879 189.2559940674972
484.5302639629414 189.90127603587564
485.27726974312964 190.56609357803688
486.00578417625564 191.25112403044542
486.7143760842913 191.95674255901898
487.39090330656876 192.6931601834126
488.050592074824 193.44469909061422
488.68997805584684 194.21358501666015
489.3069951152453 195.0005347916848
489.90040342544125 195.80543638653376
490.46948798758956 196.6277153909626
491.0138951346522 197.46653650313561
491.53353999348354 198.3209188652488
492.02855014792226 199.18980605413037
492.499227324265 200.07211155432287
492.94601779221233 200.96675018402286
493.3694871149922 201.87266062808692
493.7702975659607 202.78882163052833
494.1491877726551 203.7142632609249
494.50695452742775 204.64807424242997
494.8444366860106 205.58940616722495
495.1625009805532 206.5374753126659
495.4620295445674 207.49156264584855
495.74390899385344 208.45101247573552
496.0090209812396 209.41523010373461
496.2582341958894 210.3836787464844
496.4923977890151 211.355875954696
496.7123361822374 212.33138971840555
496.9188451710337 213.30983442177222
497.11268919272885 214.29086678375273
497.2945995987058 215.2741818930627
497.4652737583849 216.25950941790802
497.62537482642296 217.2466100450039
497.7755320199199 218.2352721800334
497.91634127397515 219.22530892378205
498.04836616738316 220.21655532479474
498.1721390326436 221.20886590008112
498.2881621841308 222.20211240942257
498.3969092146218 223.19618186542618
498.4988263234079 224.19097475992064
498.5943336492951 225.18640348700353
498.6838265894241 226.18239094358472
498.76767709051853 227.17886928929337
498.8462349033546 228.17577884890366
498.91982879431237 229.1730671418329
498.9887677101071 230.17068802467819
499.05334189343654 231.1686009341284
499.1138239484737 232.16677021887847
499.17046985601013 233.16516455037248
499.2235199386943 234.163756403297
499.27319977727365 235.162521597744
499.3197210790868 236.1614388958611
499.36328250028737 237.16048964661553
499.4027750910092 238.15970950994796
499.44040331086 239.15900131771525
499.4759581969801 240.158369042866
499.50940714419096 241.15780947027054
499.5408015655429 242.15731654393636
499.5702307055691 243.1568834129938
499.597798694811 244.15650334375204
499.62361327344115 245.1561700919887
499.64778035878453 246.15587802533025
499.6704015350575 247.15562213378203
499.6915730045882 248.15539799310147
499.71138527099936 249.15520171088798
499.72992318858985 250.15502986892886
499.7472661921793 251.15487946773186
499.763488610752 252.15474787564145
499.77866001282166 253.15463278329793
499.79284555447884 254.15453216343968
499.80610631369683 255.15444423570653
499.8184996019201 256.154367435961
499.8300792486618 257.15430038960403
499.84089585792753 258.1542418883748
499.850997037295 259.1541908701611
499.8604276017145 260.1541464013997
499.869229754763 261.15410766170015
499.8774432503268 262.1540739303765
499.8851055376515 263.1540445746221
499.8922518924744 264.1540190391024
499.89891553663045 265.15399683677924
499.9051277481627 266.153977540807
499.91091796360604 267.153960777369
499.9163138737779 268.15394621933973
499.92134151411904 269.15393358067615
499.92602535037736 270.15392261145496
499.93038836022856 271.1539130934822
499.9344521112673 272.1539048364118
499.93823683568235 273.1538976743167
499.941761501836 274.15389146266165
499.94504388290625 275.1538860756344
499.9481006227012 276.15388140379434
499.95094729872727 277.1538773520039
499.95359848257556 278.1538738376098
499.9560677976767 279.15387078884663
499.95836797447384 280.1538681434365
499.9605109030626 281.1538658473624
499.9625076833471 282.1538638537947
499.9643686727667 283.1538621221524
499.9661035316519 284.1538606172836
499.9677212662724 285.1538593087501
499.9692302696423 286.1538581702039
499.9706383601565 287.15385717884396
499.97195281812833 288.1538563149437
499.973180420307 289.15385556143985
499.9743274726336 290.1538549035751
499.97539984180105 291.1538543285871
499.9764029862989 292.1538538254375
499.977341987357 293.1538533845759
499.97822157965095 294.1538529977345
499.97904618107555 295.1538526577507
499.9798199205834 296.1538523584142
499.98054666311714 297.1538520943368
499.98123003097385 298.153851860841
499.98187342139056 299.15385165386533
499.9824800205779 300.15385146988405
499.98305281475734 301.1538513058374
499.98359459893624 302.15385115907236
499.9841079841863 303.1538510272901
499.9845954041152 304.153850908501
499.98505912107817 305.1538508009843
499.98550123251266 306.15385070325306
499.98592367762143 307.1538506140231
499.9863282444927 308.1538505321859
499.9867165776501 309.1538504567846
499.987090185954 310.153850386993
499.987450450741 311.15385032209764
499.9877986340716 312.1538502614818
499.98813588695816 313.153850204612
499.9884632574588 314.1538501510263
499.9887816985479 315.1538501003239
499.98909207568465 316.15385005215694
499.98939517399936 317.1538500062226
499.98969170501744 318.15384996225725
499.9899823128769 319.1538499200308
499.9902675800368 320.1538498793421
499.99054803251795 321.1538498400153
499.9908241447391 322.1538498018963
499.991096344016 323.15384976485007
499.99136501477386 324.153849728758
499.99163050250627 325.1538496935161
499.9918931174929 326.1538496590328
499.9921531382753 327.1538496252274
499.99241095134585 328.1538495919936
499.99266728235943 329.1538495591408
499.99292365406734 330.15384952627755
499.9931824508353 331.15384949278973
499.99344655211365 332.153849457915
499.9937188265708 333.1538494208483
499.99400292666644 334.15384938049186
499.99430271077335 335.15384933555663
499.99461917983683 336.1538492854803
499.994965161533 337.1538492256286
499.9953111432292 338.15384916577693
499.9956571249253 339.15384910592525
499.99600310662146 340.1538490460736
499.99634908831763 341.153848986222
499.99669507001386 342.1538489263703
499.99704105170997 343.1538488665186
499.99738703340614 344.15384880666693
499.9977330151023 345.15384874681524
499.9980789967985 346.15384868696367
499.99842497849454 347.1538486271119
499.9987709601908 348.15384856726024
499.99943669081017 349.1538483456616
