0.2617581860901428
127298
964
0.0 100.0
0.0 99.0
0.0 98.0
0.0 97.0
0.0 96.0
0.0 95.0
0.0 94.0
0.0 93.0
0.0 92.0
0.0 91.0
0.0 90.0
0.0 89.0
0.0 88.0
0.0 87.0
0.0 86.0
0.0 85.0
0.0 84.0
0.0 83.0
0.0 82.0
0.0 81.0
0.0 80.0
0.0 79.0
0.0 78.0
0.0 77.0
0.0 76.0
0.0 75.0
0.0 74.0
0.0 73.0
0.0 72.0
0.0 71.0
0.0 70.0
0.0 69.0
0.0 68.0
0.0 67.0
0.0 66.0
0.0 65.0
0.0 64.0
0.0 63.0
0.0 62.0
0.0 61.0
0.0 60.0
0.0 59.0
0.0 58.0
0.0 57.0
0.0 56.0
0.0 55.0
0.0 54.0
0.0 53.0
0.0 52.0
0.0 51.0
0.0 50.0
0.0 49.0
0.0 48.0
0.0 47.0
0.0 46.0
0.0 45.0
0.0 44.0
0.0 43.0
0.0 42.0
0.0 41.0
0.0 40.0
0.0 39.0
0.0 38.0
0.0 37.0
0.0 36.0
0.0 35.0
0.0 34.0
0.0 33.0
0.0 32.0
0.5279513135257676 31.150725362119875
1.0826217825390672 30.318655250407787
1.6469088969103172 29.49307663358528
2.222122610998202 28.675073465421963
2.808787243823217 27.865243477960217
3.4073637311035383 27.064177819680477
4.020399614021762 26.274122754349793
4.650443237404589 25.497563012517503
5.300826042171752 24.737956399023915
5.977599170160649 24.001764757376087
6.688025850346234 23.297993535969237
7.4384636787071345 22.63705249036458
8.23268863131263 22.029428655530236
9.070800492485487 21.48393025208494
9.948921243320834 21.005491178688576
10.859943954039913 20.59313499702755
11.79516676943147 20.23907527668211
12.74608709279073 19.929639437416004
13.705184376175346 19.6465627675821
14.667032134508426 19.372977516171087
15.62817565119315 19.096928353276287
16.586909900410667 18.8126245731795
17.543238855412014 18.52033203166325
18.498764461199446 18.225423882090265
19.456245287366052 17.93692697132117
20.418805550280723 17.665859193343703
21.389015734241312 17.42359446429888
22.36815744115994 17.220415927606446
23.35590805131318 17.06437512479545
24.35050479853286 16.960561299030136
25.349268782168476 16.910857124232486
26.34926326173642 16.914179899222482
27.34786204351626 16.967099394947837
28.34309320520256 17.06464392225989
29.333739615488643 17.20109790639848
30.319260694097697 17.370650858650112
31.299626409246805 17.567838750165233
32.27513816225175 17.787786061467788
33.246278780886875 18.026293710898543
34.21360532863087 18.279827436524318
35.17768138124571 18.54545379962591
36.13903880412621 18.820757096868373
37.09815881512718 19.10375675145738
38.05546451232134 19.39283425338305
39.01131980302086 19.686672071306027
39.96603181136791 19.984203550511054
40.91985518574188 20.284571608895856
41.87299744305043 20.58709406646348
42.82562481975152 20.891233970388658
43.77786824678042 21.19657387226892
44.72983522416745 21.502774580897423
45.68163609159854 21.80949123965178
46.63342573801013 22.116242717209264
47.58545007142319 22.422265050690687
48.538080040597585 22.72639683434834
49.491933992758504 23.02666777524504
50.44787759188527 23.320218171750593
51.406893230079696 23.603571318368967
52.36986553744714 23.873171643375127
53.337419660819855 24.12583548792846
54.309864315012 24.358969343327296
55.28717972718966 24.570758354184825
56.25078042414016 24.838104004675905
57.2106194975513 25.118655164276518
58.16699185815001 25.410805652694464
59.119931135121675 25.713966887691186
60.06916233780307 26.02854616840757
61.014035962079326 26.35598140497665
61.94992312567182 26.708281301404103
62.875267209155965 27.087409679609834
63.789203072889585 27.493268321234577
64.72133549967572 27.85538589735287
65.65504888577617 28.213407283050504
66.58860264752825 28.57184468890894
67.52023303787861 28.935251920228886
68.448169427465 29.307990510773774
69.37068737767106 29.693944693997114
70.29637163718193 30.07224173561098
71.22919617021788 30.432572681501384
72.16730847816515 30.778903878013956
73.10962502332949 31.11362694072335
74.05558447302892 31.437911876427066
75.00504404113141 31.75180123358756
75.95908514942472 32.05147699785032
76.91875860919059 32.33259414535473
77.8845644747043 32.591860475870845
78.85650214961893 32.827098984796464
79.82843982453356 33.062337493722076
80.7930937256732 33.32585760873431
81.75481919001538 33.599872446354105
82.71410466495479 33.88231071849562
83.67139440953248 34.17144104365428
84.62710018376984 34.465764799218405
85.58162886742498 34.76388388964971
86.53553953475917 35.06397460717706
87.48983120935372 35.362851504577144
88.44622350040554 35.654936741480135
89.40718718717231 35.93161126635656
90.37551149468514 36.18130715234548
91.35339997565943 36.390434192150984
92.34138382002742 36.54499137660982
93.3375437070844 36.632544100260354
94.33747671519438 36.64411904268351
95.33512058590146 36.57551359653978
96.3241272696984 36.4276427765481
97.29922677706867 36.20587499095636
98.25709671184563 35.918672644081596
99.19656310345995 35.576031579661134
100.11826674747746 35.18813675808595
101.02406948422914 34.764437097839256
101.91644628845982 34.31314601741438
102.79800423477873 33.84107018952018
103.67117038870865 33.353647510902086
104.53803056744273 32.85509617901629
105.40027754478186 32.34860812380715
106.25922648847312 31.836546885153346
107.11586440065521 31.32062878369507
107.97091125888473 30.802078043427695
108.82487985764011 30.281753498225616
109.67812801636732 29.76024838834785
110.5309009960414 29.237966620393223
111.38336427693474 28.715179517713203
112.23562794445 28.1920670622761
113.08776433721069 27.668747305212786
113.93982057974021 27.145297059662692
114.79182746903355 26.621766486919626
115.64380610115417 26.098189930521357
116.49577346724634 25.574595042163978
117.02008102595822 25.25237054320472
117.72003052145533 24.82212412649099
116.86809447448377 25.34577715086403
117.72002731901827 24.822126094908512
118.17898574768687 25.674058209686038
117.72003048493248 24.822124148940926
118.1934327357497 25.7008753539872
118.66771001464211 26.58125087768514
119.14198725269095 27.461626423386384
119.61626449629198 28.342001966096554
120.0905417427621 29.22237750726106
120.56481899094057 30.10275304750526
121.03909624025985 30.98312858713487
121.51337349037729 31.863504126334504
121.98765074105386 32.74387966523292
122.46192799211471 33.624255203924314
122.93620524343314 34.50463074247695
123.41048249491989 35.385006280938896
123.88475974651412 36.26538181934294
124.35903699817561 37.145757357710764
124.83331424987837 38.02613289605635
125.30759150160607 38.90650843438849
125.78186875334872 39.786883972712594
126.25614600510009 40.66725951103199
126.7304232568566 41.54763504934862
127.20470050861603 42.428010587663664
127.67897776037717 43.3083861259778
128.15807903505834 44.186145756286045
128.6548829472001 45.05400857544622
129.18791975215282 45.900100629873975
129.77509826901667 46.70955809591749
130.42767664948275 47.467279322588794
131.14752668351068 48.16140894197554
131.9283003743881 48.786222869183945
132.75896623109276 49.34299412787564
133.627482278441 49.83865517687848
134.52318417220263 50.28331023140033
135.43770829393975 50.687841603188645
136.36496037535483 51.062279284934725
137.3006881192668 51.41500239060466
138.24199704577347 51.752548690952956
139.18694554521554 52.07976778178081
140.1342445342937 52.400118566533195
141.08304611846648 52.71599125270792
142.03279809053956 53.02899475355619
142.9831446792938 53.34018820021473
143.93385928716572 53.65025550642248
144.88479927637718 53.95963090447233
145.83587590156472 54.26858600318708
146.78703456890122 54.577288431993026
147.73824205391264 54.88584040566727
148.6894783415062 55.194303572293684
149.6407314884012 55.50271474349595
150.5919944308472 55.81109569999131
151.54326302541602 56.11945922083485
152.4945348602755 56.427812745548096
153.4458085415377 56.73616057404357
154.39708326897528 57.04450517499936
155.34835858602955 57.352847956921224
156.29963423372823 57.66118971876257
157.25091006597359 57.96953091125217
158.20218600076566 58.27787178737063
159.15346199230112 58.586212488427556
160.1047380151107 58.894553092999146
161.05601405509245 59.20289364459214
162.0072901044696 59.51123416719888
162.95856615896994 59.81957467399992
163.90984221625487 60.12791517221001
164.86111827504868 60.436255665764925
165.81239433465777 60.7445961568047
166.7636703947061 61.052936646489286
167.71494645499047 61.361277135445675
168.66622251540136 61.669617624011735
169.6174985758799 61.97795811236911
170.56877463639452 62.28629860061515
171.52005069692834 62.59463908880191
172.47132675747235 62.9029795769572
173.42260281802177 63.21132006509579
174.37387887857406 63.51966055322558
175.32962014298968 63.81386904306438
176.30245522809156 64.0453682810649
177.29699663438987 64.14971094328038
178.29595400395124 64.10405819090919
179.2826342104831 63.94138622024989
180.25987048185715 63.72923233762938
180.9367854212561 63.582276952525426
180.801137406636 63.01073333827486
181.74872216458485 63.33023783981286
181.8854255350477 63.37633117539251
180.90818926367365 63.58848505801303
180.93850531918002 63.58952362457096
180.801137406636 63.01073333827486
181.74872216458482 63.33023783981285
182.69630692253367 63.64974234135085
182.69630692253418 63.64974234135102
183.64389170187525 63.969246779444084
184.59147647087588 64.28875124820473
185.5390612316163 64.60825574146347
186.486645987104 64.9277602503007
187.43423073999384 65.24726476684255
188.381815492152 65.56676928555446
189.3294002446687 65.88627380320301
190.27698499804706 66.2057783182961
191.22456975241607 66.52528283045103
192.17215450770317 66.84478733988317
193.1197392637508 67.16429184705976
194.06732402038477 67.48379635249734
195.01490877744823 67.80330085666117
195.9624935348142 68.12280535992784
196.9100782923867 68.44230986258204
197.85766305009656 68.7618143648287
198.8052478078959 69.08131886680994
199.7528325657525 69.40082336862156
200.70041732364507 69.72032787032647
201.6480020815556 70.03983237197804
202.59558683948413 70.35933687357627
203.54317159742197 70.67884137514685
204.4907563553648 70.9983458767027
205.4383411133103 71.31785037825057
206.38592587125726 71.63735487979406
207.33351062920505 71.95685938133511
208.2810953871533 72.2763638828748
209.2286801451018 72.59586838441373
210.17626490305042 72.91537288595231
211.12384966099916 73.2348773874906
212.07143441894794 73.55438188902873
213.01901917689673 73.87388639056681
213.96660393484555 74.19339089210483
214.91418869279437 74.51289539364285
215.86177345074321 74.83239989518086
216.80935820869206 75.15190439671883
217.75694296664088 75.47140889825681
218.7045277245897 75.79091339979482
219.6521124825385 76.11041790133282
220.59969724048733 76.42992240287083
221.54728199843618 76.74942690440884
222.49486675638502 77.06893140594684
223.44245151433387 77.38843590748483
224.3900362722827 77.70794040902283
225.33762103023153 78.02744491056085
226.28520578818038 78.34694941209884
227.23279054612922 78.66645391363684
228.18037530407807 78.98595841517482
229.1279600620269 79.30546291671281
230.07554481997573 79.6249674182508
231.02312957792458 79.94447191978881
231.97071433587342 80.26397642132682
232.91829909382227 80.58348092286482
233.86588385177112 80.90298542440283
234.81346860971996 81.22248992594082
235.7610533676688 81.54199442747884
236.70863812561763 81.86149892901685
237.65622288356644 82.18100343055482
238.60380764151526 82.50050793209282
239.55139239946408 82.82001243363081
240.49897715741292 83.13951693516881
241.44656191536177 83.4590214367068
242.39414667331062 83.7785259382448
243.34173143125946 84.0980304397828
244.28931618920828 84.41753494132081
245.2369009471571 84.73703944285882
246.18448570510594 85.05654394439682
247.1320704630548 85.37604844593483
248.07965522100363 85.69555294747283
249.02723997895248 86.01505744901084
249.9748247369013 86.33456195054885
250.92240949485014 86.65406645208684
251.86999425279896 86.9735709536248
252.8175790107478 87.29307545516279
253.76516376869662 87.61257995670078
254.71274852664544 87.93208445823879
255.6603332845943 88.2515889597768
256.60791804254313 88.57109346131479
257.555502800492 88.89059796285278
258.5030875584408 89.21010246439079
259.4506723163896 89.52960696592879
260.3982570743384 89.8491114674668
261.34584183228725 90.16861596900478
262.2934265902361 90.48812047054277
263.2410113481849 90.80762497208076
264.1885961061337 91.12712947361874
265.13618086408246 91.44663397515673
266.08376562203125 91.76613847669472
267.03135037998004 92.08564297823271
267.97893513792883 92.4051474797707
268.9265198958777 92.7246519813087
269.8741046538265 93.04415648284667
270.82168941177537 93.36366098438467
271.7692741697242 93.68316548592264
272.71685892767306 94.00266998746065
273.6644436856219 94.32217448899863
274.61202844357075 94.64167899053666
275.5596132015196 94.96118349207467
276.50719795946844 95.28068799361267
277.45478271741723 95.60019249515067
278.4023674753661 95.91969699668866
279.3499522333149 96.23920149822668
280.29753699126377 96.55870599976467
281.2451217492126 96.87821050130268
282.19270650716146 97.19771500284067
283.1402912651103 97.51721950437867
284.08787602305915 97.83672400591665
285.03546078100794 98.15622850745464
285.9830455389568 98.47573300899268
286.93063029690563 98.79523751053067
287.8782150548544 99.11474201206869
288.82579981280327 99.4342465136067
289.7733845707521 99.75375101514466
290.7209693287009 100.07325551668265
291.66855408664975 100.39276001822063
292.6161388445986 100.7122645197586
293.56372360254744 101.03176902129658
294.5113083604963 101.35127352283463
295.45889311844513 101.67077802437264
296.4064778763939 101.99028252591064
297.35406263434277 102.3097870274486
298.3016473922916 102.62929152898663
299.24923215024046 102.94879603052463
300.1968169081893 103.26830053206265
301.14440166613815 103.58780503360063
302.091986424087 103.90730953513861
303.0395711820358 104.22681403667666
303.98715593998463 104.54631853821463
304.9347406979335 104.86582303975261
305.8823254558823 105.18532754129062
306.82991021383117 105.5048320428286
307.77749497178 105.82433654436662
308.72507972972886 106.14384104590462
309.6726644876777 106.46334554744261
310.6202492456265 106.78285004898062
311.56783400357534 107.10235455051858
312.5154187615242 107.4218590520566
313.46300351947303 107.74136355359462
314.4105882774219 108.0608680551326
315.3581730353707 108.38037255667062
316.3057577933196 108.69987705820863
317.2533425512684 109.01938155974662
318.20092730921726 109.33888606128463
319.1485120671661 109.65839056282262
320.0960968251149 109.97789506436062
321.04368158306374 110.29739956589863
321.9912663410126 110.6169040674366
322.93885109896144 110.93640856897464
323.8864358569103 111.25591307051262
324.8340206148591 111.57541757205061
325.781605372808 111.89492207358859
326.7291901307568 112.21442657512657
327.67677488870567 112.53393107666457
328.6243596466545 112.85343557820258
329.5719444046033 113.17294007974058
330.5195291625521 113.49244458127859
331.46711392050094 113.81194908281658
332.4146986784498 114.13145358435457
333.3622834363986 114.45095808589257
334.3098681943475 114.7704625874306
335.2574529522963 115.08996708896859
336.2050377102451 115.4094715905066
337.15262246819395 115.7289760920446
338.1002072261428 116.0484805935826
339.04779198409165 116.36798509512059
339.99537674204043 116.6874895966586
340.9429614999892 117.0069940981966
341.89054625793807 117.32649859973459
342.8381310158869 117.64600310127257
343.78571577383576 117.96550760281059
344.7333005317846 118.28501210434857
345.6808852897334 118.60451660588653
346.62847004768224 118.92402110742451
347.5760548056311 119.24352560896254
348.5236395635799 119.56303011050055
349.4712243215287 119.88253461203854
350.41880907947757 120.20203911357652
351.3663938374264 120.52154361511451
352.31397859537526 120.84104811665249
353.2615633533241 121.16055261819048
354.20914811127295 121.48005711972849
355.1567328692218 121.79956162126652
356.10431762717064 122.11906612280454
357.0519023851195 122.43857062434252
357.99948714306834 122.75807512588052
358.9470719010172 123.07757962741852
359.894656658966 123.39708412895652
360.8422414169148 123.71658863049451
361.78982617486366 124.03609313203253
362.73741093281245 124.35559763357055
363.6849956907613 124.67510213510852
364.63258044871014 124.99460663664651
365.580165206659 125.31411113818451
366.5277499646078 125.63361563972254
367.4753347225566 125.95312014126053
368.42291948050547 126.27262464279852
369.3705042384543 126.5921291443365
370.31808899640316 126.91163364587449
371.26567375435195 127.2311381474125
372.21325851230074 127.55064264895049
373.1608432702496 127.87014715048846
374.10842802819843 128.18965165202644
375.0560127861473 128.5091561535645
376.0035975440961 128.82866065510245
376.9511823020449 129.14816515664052
377.89876705999376 129.4676696581785
378.8463518179426 129.7871741597165
379.7939365758915 130.10667866125445
380.7415213338403 130.42618316279248
381.68910609178914 130.74568766433046
382.636690849738 131.06519216586847
383.58427560768683 131.3846966674065
384.5318603656357 131.70420116894448
385.47944512358447 132.0237056704825
386.4270298815333 132.3432101720205
387.37461463948216 132.66271467355844
388.322199397431 132.98221917509645
389.26978415537985 133.30172367663445
390.2173689133287 133.6212281781725
391.16495367127754 133.94073267971046
392.11254888234583 134.26020617776697
393.06021814148386 134.57945995657752
394.00816685194445 134.89788301217513
394.95686090400005 135.214078514348
395.90712617140923 135.52552019677935
396.86016502708156 135.82836824379095
397.8174432180146 136.11753681947636
398.7804469206288 136.38702498016508
399.7526080418826 136.62133834794975
400.73232200789755 136.82173930801542
401.7186728436843 136.98639661499786
402.7107174067071 137.1122838064705
403.7071124108525 137.19711891544114
404.70618627466723 137.2401469835161
405.70618408398946 137.2422401511462
406.705514581053 137.2056538471682
407.7029179684458 137.13363660744383
408.6975349491882 137.03001681387695
409.6888939060096 136.89883976279708
410.6768474569164 136.74408905601155
411.661488455866 136.56949780998937
412.64306695414433 136.3784385215011
413.6219198792182 136.1738732481178
414.59841777042277 135.9583462927898
415.57292829781954 135.73400451782834
416.5457938690585 135.50263342996755
417.5173198097353 135.2657002187199
418.487769808069 135.0243979171683
419.45736598498667 134.7796873662992
420.4262916838241 134.5323354103087
421.39469567985486 134.2829487617653
422.3626969522434 134.03200347558914
423.33038947025807 133.779870196194
424.2978466620529 133.52683545145626
425.2651253872634 133.2731193349893
426.2322693413372 133.01888996591757
427.19931189046633 132.76427514275568
428.16627837905736 132.50937161209774
429.1331879738403 132.25425235465772
430.1000551163009 131.9989722558839
431.0668906534564 131.7435724827965
432.0337027102193 131.4880838394131
433.00049735761337 131.23252932513037
433.9672791217574 130.97692607687515
434.93405136984376 130.72128683824002
435.9008166017893 130.46562106755243
436.8675766699492 130.2099357715115
437.83433294420536 129.95423613094405
438.80108643571555 129.69852596952524
439.76783788946614 129.44280810415177
440.7345878533432 129.1870846063194
441.7013367295692 128.93135699671157
442.6680848129257 128.67562638977031
443.63483241854544 128.41989397682946
444.6015804229341 128.1641630713634
445.5683316855892 127.90844448354703
446.535093641167 127.65276632404297
447.5018818358161 127.39718739946755
448.4687235803488 127.14181112604162
449.4356605447186 126.88679562271794
450.4027492213881 126.63235605925023
451.3700587054582 126.37875723821969
452.3376659611678 126.1262969468902
453.30564939548304 125.87528286184465
454.2740819318871 125.62600706591968
455.24302479422545 125.37872235243432
456.2125229265583 125.13362365516497
457.18260252788286 124.8908365733547
458.1532707229311 124.65041349808563
459.12451703608656 124.41233662146406
460.0963161368315 124.17652629982538
461.0686312773836 123.9428528793148
462.0414179067 123.7111501088886
463.01462706923553 123.48122854409543
463.9882083375225 123.25288775921307
464.96211215492497 123.02592662939358
465.93629156385003 122.80015134459363
466.9107033617329 122.57538113271798
467.8853087655714 122.35145188762284
468.8600738309807 122.12821867491105
469.83497020107626 121.90555959116537
470.80997696127577 121.68338439550827
471.7850840946791 121.46165014378829
472.76029724877986 121.24038264940882
473.7356426131096 121.01969866657234
474.71117016708115 120.79982144755625
475.6869536929378 120.58108299490824
476.66331493938014 120.36493786670616
477.64007385231673 120.15059695600773
478.61736891364137 119.93871405648443
479.59532092091365 119.72988428975543
480.57404173973043 119.5246878989133
481.55364403444327 119.32374177629981
482.53425598538917 119.1277820823265
483.51604468221365 118.9378058870081
484.4992498615189 118.75530225584586
485.4842230329049 118.58259483953196
486.4714531645834 118.42329428364475
487.4615376157526 118.28282087138112
488.4550290563482 118.16891407850564
489.4520677135613 118.09201208878648
490.4517122761031 118.0653522204336
491.450941787592 118.1045999384519
492.44344962535604 118.22678091887417
493.41859538833967 118.44834522316313
494.36113285082877 118.7824457047619
495.2523637424598 119.23599558934193
496.0726152336796 119.80799864103986
496.804854012036 120.48904663602336
497.43842886727646 121.26272803221111
497.9710841527596 122.1090603232451
498.4082632433648 123.0084347962749
498.7605022273808 123.94434488711664
499.0404964384699 124.90434657553004
499.2609116924669 125.87975270417873
499.43318039432637 126.8648027000468
499.56705084314365 127.85580154108217
499.67056858424223 128.85042914841964
499.7502506562905 129.8472494769614
499.81131734910355 130.84538316491552
499.85791913468984 131.8442967115151
499.8933363652973 132.843669324596
499.9201474583034 133.84330984262826
499.9403679907572 134.84310538676078
499.95556481446954 135.84298990836768
499.9669491921644 136.84292510424012
499.9754524006846 137.84288895130902
499.9817867045172 138.84286888940525
499.9864941658759 139.84285780924765
499.9899854082056 140.84285171484257
499.99257015475024 141.84284837437963
499.9944811008183 142.84284654852053
499.995892438522 143.84284555258296
499.99693413459073 144.84284501001747
499.9977028667485 145.84284471454288
499.99827035348983 146.84284455352224
499.9986896661386 147.8428444656107
499.9989999898304 148.8428444174603
499.99923019951916 149.84284439096206
499.99940153571737 150.842844376284
499.9995295996808 151.84284436808383
499.99962583643554 152.84284436345308
499.9996986339405 153.84284436080333
499.99975413559855 154.8428443592631
499.99979683942854 155.84284435835127
499.99983003894414 156.84284435780017
499.99985614691207 157.84284435745934
499.9998769326731 158.8428443572433
499.99989369582113 159.84284435710282
499.9999073931251 160.84284435700903
499.9999187311646 161.84284435694474
499.99992823387026 162.8428443568996
499.999936291725 163.84284435686715
499.999942997033 164.84284435684467
499.9999488131979 165.84284435682775
499.9999539460416 166.84284435681457
499.999958507306 167.84284435680416
499.99996257355485 168.8428443567959
499.9999662061109 169.8428443567893
499.9999694573801 170.842844356784
499.9999723728747 171.84284435677978
499.99997499210053 172.84284435677637
499.99997734923994 173.84284435677358
499.999979473828 174.8428443567713
499.9999813914127 175.8428443567695
499.9999831241646 176.842844356768
499.9999846914096 177.84284435676676
499.99998611008124 178.84284435676574
499.99998739509243 179.84284435676489
499.999988559642 180.8428443567642
499.99998961546316 181.84284435676364
499.99999057302625 182.84284435676318
499.9999914417057 183.84284435676284
499.99999222991744 184.84284435676253
499.9999929452346 185.84284435676227
499.99999359448407 186.84284435676207
499.999994183829 187.84284435676187
499.9999947188407 188.8428443567617
499.9999952045595 189.8428443567616
499.99999564554946 190.84284435676147
499.99999604594575 191.84284435676142
499.9999964094964 192.84284435676136
499.99999673960036 193.8428443567613
499.99999703934054 194.84284435676125
499.99999731151405 195.84284435676122
499.9999975586592 196.8428443567612
499.9999977830795 197.84284435676116
499.9999979868662 198.84284435676113
499.99999817191747 199.8428443567611
499.99999833995645 200.84284435676108
499.9999984925478 201.84284435676108
499.9999986311119 202.84284435676108
499.99999875693857 203.84284435676108
499.284102358346 203.14463783539207
498.9166052575356 202.21461316857082
498.6503520073478 201.25071005789815
498.41192575036837 200.27954945326942
498.1830502009807 199.3060937619858
497.9582866170162 198.3316804352484
497.7355479836956 197.35680223709926
497.5138627245176 196.38168396434298
497.29273403963083 195.40643932594693
497.0718996137606 194.43112801341616
496.8512201104443 193.45578163555027
496.6306217411135 192.48041690405304
496.41006564412623 191.50504261277726
496.18953146959865 190.52966336455356
495.96900861743364 189.554281556402
495.7484915918792 188.5788984309376
495.5279775552447 187.60351462973566
495.30746504755837 186.6281304828715
495.08695332004066 185.65274615962903
494.8664419897321 184.67736174658688
494.6459308612533 183.70197728791584
494.4254198351449 182.72659280610128
494.20650166272117 181.75084958486804
493.99104460994727 180.77433626780063
493.78002458623564 179.79685452904909
493.57339615209463 178.8184350432433
493.37048611953094 177.83923765829735
493.1704131324491 176.85945666244157
492.97235060301426 175.87926727541787
492.77563693850493 174.89880629496258
492.5797911772708 173.91817158325458
492.3844858082622 172.93742910286718
492.18950815998153 171.95662141699248
491.9947250254604 170.97577508320404
491.80005529757443 169.99490623516942
491.60545070243586 169.014024462706
491.4108830392964 168.03313536374503
491.21633608826494 167.05224215658927
491.02393343200083 166.07092609238646
490.83617180377433 165.08871146667283
490.6543556492036 164.10537892580118
490.478422923408 163.12097673360833
490.30747128276147 162.13569731305788
490.14031975284536 161.14976609535213
489.97586088346526 160.16338215373395
489.8132083817259 159.1766987375979
489.6517180132355 158.18982444930944
489.4952747171564 157.20213750745393
489.3486709538608 156.21294220995824
489.21438749131124 155.22199924909435
489.0921981813431 154.2294924367603
488.98778237854094 153.2349587067515
488.9076228581036 152.2381766587173
488.8694131246041 151.2389069172231
488.9549784743034 150.24257435681426
489.32292265927515 149.3127264785323
490.122145335427 148.71169144301047
491.1163088538261 148.819575170626
491.8844572968807 149.45984696403318
492.4522590308229 150.28301231250956
492.918322525288 151.16776358779939
493.32448085575123 152.08156630753453
493.6864290309372 153.0137645259836
494.01160890227567 153.95941670901723
494.3049978231407 154.91540987903136
494.5707246156524 155.87945825527677
494.81245116862897 156.84980266505409
495.0334203264024 157.8250834611907
495.2364444226727 158.80425720283904
495.4239131930591 159.78652776644654
495.59783136766384 160.77128787354988
495.7598739526514 161.7580716394533
495.9114448340165 162.7465180304742
496.0537292522375 163.73634384562124
496.18773634384763 164.72732421848346
496.31433178859123 165.71927864957905
496.43426239083067 166.71206092714374
496.54817479561115 167.70555172430147
496.6566302069332 168.69965303893446
496.7601164336907 169.69428392568165
496.8590580929187 170.68937716154912
496.9538254401717 171.68487660900985
497.0447420752596 172.6807351157588
497.13209165620367 173.67691283620275
497.2161237073926 174.6733758883893
497.29705859805205 175.67009527892708
497.37509177237104 176.66704604185657
497.4503973199488 177.66420654774515
497.52313097840835 178.66155794766752
497.59343265738397 179.6590837237421
497.66142856545315 180.65676932376138
497.72723301082704 181.6546018623013
497.7909499347077 182.65256987461993
497.8526742247413 183.65066311275945
497.9124928459097 184.64887237567055
497.9704858179699 185.6471893670073
498.0267270622053 186.6456065756164
498.0812851355638 187.64411717477466
498.13422386691263 188.64271493700085
498.18560290777026 189.64139416185762
498.2354782081887 190.6401496146128
498.28390242719206 191.63897647399028
498.3309252861759 192.63787028753256
498.3765938728073 193.63682693333612
498.4209529021897 194.6358425871235
498.4640449413178 195.63491369378397
498.50591060216163 196.63403694265875
498.5465887080609 197.6332092459681
498.58611643749595 198.63242771987942
498.6245294484285 199.63168966781453
498.6618619848964 200.6309925656993
498.6981469659792 201.63033404895108
498.73341605699926 202.62971190102638
498.7676997248844 203.62912404329617
498.8010272832525 204.628568525923
498.83342693583324 205.62804351936336
498.8649258271937 206.6275473061711
498.89555010669494 207.62707827292752
498.9253250062837 208.62663490231603
498.9542749272391 209.62621576551655
498.9824235273223 210.62581951516609
499.009793798934 211.62544487910594
499.0364081307247 212.62509065504025
499.0622883486204 213.6247557061057
499.08745573618233 214.62443895724243
499.1119310375226 215.62413939218496
499.13573444805843 216.62385605086723
499.15888559905875 217.62358802705253
499.1814035414548 218.62333446604106
499.20330673315584 219.62309456236082
499.2246130325695 220.62286755739783
499.2453396995276 221.62265273696232
499.2655034035737 222.6224494288148
499.28512023870655 223.62225700019013
499.3042057431803 224.62207485536126
499.3227749227824 225.621902433281
499.34084227607246 226.62173920533186
499.35842182026954 227.6215846732047
499.3755271167518 228.62143836691806
499.3921712954265 229.62129984298173
499.40836707749 230.6211686827019
499.4241267963334 231.62104449062105
499.43946241651395 232.6209268930833
499.4543855508449 233.62081553691405
499.4689074757341 234.62071008820308
499.4830391449476 235.62061023118
499.496791201994 236.6205156671723
499.51017399132894 237.6204261136372
499.52319756856036 238.62034130325884
499.53587170982456 239.6202609831048
499.5482059204739 240.62018491383537
499.5602094431989 241.62011286896123
499.5718912656862 242.6200446341449
499.5832601278894 243.61998000654265
499.5943245289825 244.6199187941834
499.60509273404114 245.61986081538254
499.6155727804906 246.6198058981878
499.6257724843533 247.6197538798554
499.63569944631155 248.61970460635462
499.645361057607 249.61965793189898
499.6547645057835 250.61961371850276
499.6639167802862 251.61957183556137
499.6728246779181 252.61953215945417
499.6814948081629 253.61949457316857
499.6899335983742 254.61945896594452
499.6981472988343 255.61942523293794
499.7061419876855 256.6193932749024
499.7139235757349 257.6193629978877
499.7214978111336 258.61933431295535
499.72887028393404 259.61930713590846
499.7360464305245 260.619281387037
499.7430315379454 261.6192569908766
499.74983074808716 262.61923387598017
499.75644906177297 263.61921197470235
499.7628913427273 264.6191912229951
499.76916232143464 265.6191715602148
499.77526659888815 266.6191529289396
499.7812086502328 267.6191352747967
499.7869928283044 268.6191185462988
499.792623367067 269.6191026946898
499.7981043849522 270.61908767379845
499.80343988810165 271.6190734399002
499.8086337735164 272.6190599515864
499.81368983211445 273.61904716964045
499.81861175170013 274.6190350569209
499.82340311984785 275.6190235782507
499.82806742670147 276.6190127003123
499.83260806769266 277.61900239154886
499.8370283461807 278.6189926220702
499.84133147601574 279.61898336356415
499.84552058402727 280.61897458921266
499.8495987124413 281.6189662736124
499.85356882122727 282.6189583926995
499.85743379037723 283.61895092367837
499.86119642211906 284.6189438449545
499.8648594430666 285.6189371360708
499.86842550630746 286.6189307776471
499.8718971934306 287.61892475132316
499.8752770164682 288.61891903970496
499.8785674196805 289.61891362631366
499.88177078121356 290.61890849553794
499.88488941514305 291.6189036325874
499.8879255752904 292.6188990234425
499.8908814631129 293.6188946547966
499.89375924230325 294.61889051398146
499.89656106204825 295.61888658887676
499.89928908916374 296.61888286780385
499.90194554704493 297.6188793394134
499.904532757273 298.61887599257943
499.90705317845857 299.6188728163129
499.9095094368262 300.61886979970575
499.91190434410356 301.61886693191116
499.9142409001139 302.61886420216047
499.91652227961197 303.6188615998109
499.9187518048714 304.61885911441635
499.9209329070175 305.61885673581025
499.92306907994447 306.6188544541902
499.9251638308632 307.6188522601971
499.92722063122466 308.61885014498097
499.9292428710994 309.6188481002518
499.9312338192663 310.6188461183125
499.93319659039923 311.61884419207536
499.93513411995593 312.61884231506326
499.9370491467337 313.6188404813978
499.93894420257504 314.61883868577786
499.94082160839645 315.61883692345
499.9426834755456 316.6188351901738
499.94453171143437 317.6188334821844
499.9463680284286 318.6188317961529
499.9481939550628 319.6188301291475
499.9500108487639 320.61882847859476
499.9518199094043 321.61882684224327
499.95362219313154 322.6188252181286
499.9554186260527 323.6188236045417
499.95721001745534 324.6188219999989
499.9589970723441 325.618820403215
499.9607804031503 326.6188188130794
499.96256054053026 327.6188172286336
499.96433794322246 328.6188156490522
499.9661130069638 329.6188140736253
499.9678860541215 330.61881250177595
499.9696572697182 331.61881093317237
499.97142657173794 332.6188093679564
499.973193413368 333.6188078070905
499.97495654853964 334.61880625276643
499.9767135646169 335.6188047092125
499.97846085746147 336.61880318269516
499.9801944698125 337.6188016799881
499.98191130893724 338.61880020621874
499.9836099972175 339.6187987634467
499.9852910170338 340.61879735053196
499.9869562870302 341.6187959639689
499.9886063384677 342.6187946026331
499.99023610074113 343.6187932745697
499.9918402824406 344.61879198786943
499.9934072869071 345.6187907601172
499.99494891482254 346.6187895718082
499.9964606544831 347.6187884291291
499.9979523356477 348.6187873165721
