6.127320285026866
261878
1009
0.0 100.0
0.0 101.0
0.0 102.0
0.0 103.0
0.0 104.0
0.0 105.0
0.0 106.0
0.0 107.0
0.0 108.0
0.0 109.0
0.0 110.0
0.0 111.0
0.0 112.0
0.0 113.0
0.0 114.0
0.03351532153976835 114.99943820380356
0.06703064307954003 115.99887640760713
0.18626062019910197 116.99174307164418
0.3119639475853683 117.98381094910218
0.44698447846325506 118.9746537500759
0.5938170796359978 119.96381510558513
0.7545534492229223 120.95081248121082
0.9332120265057319 121.9347236117319
1.129836552317696 122.91520247221243
1.3446374968364436 123.89186032132534
1.5789349087870896 124.86402528816647
1.8349202921412342 125.83070594045503
2.1151235445360332 126.79064663515828
2.421955286834436 127.74241040937862
2.757430692792554 128.6844593741343
3.1230585186175333 129.61522051050736
3.5198390557318637 130.5331340169813
3.9483161165984084 131.4366866763826
4.408644747077289 132.32443526239186
4.900654149183746 133.19502514760694
5.423898580142685 134.04720779555893
5.977696725888215 134.8798587511032
6.561164872490799 135.6919947753628
7.173251333873482 136.48278562242163
7.8127780848234405 137.25155446597566
8.478491139931034 137.99776229778882
9.169116222381653 138.7209752646873
9.889755248136215 139.41428572513018
10.639037502621392 140.07653651079494
11.411473587827928 140.71162901923037
12.200803880169788 141.3255978210367
13.001681877882291 141.9244253694845
13.810110520284884 142.51301956767463
14.623318776861398 143.0949923603684
15.439477097826426 143.67282070435954
16.257419089932938 144.2481214062093
17.07642099171173 144.82191220857783
17.896043449242207 145.3948162381602
18.71602459834056 145.9672067649191
19.536210772427836 146.53930346988784
20.356512994249602 147.11123376710447
21.17688033618737 147.6830706531847
21.99728394157878 148.25485551155433
22.81770760376086 148.82661159113002
23.638142291527906 149.3983518495591
24.45858300704524 149.970083458202
25.279027001635335 150.54181036131314
26.099472771997323 151.1135347161338
26.919919500073963 151.6852576965958
27.740366742725833 152.2569799386198
28.560814260900905 152.82870178525533
29.381261926131533 153.40042342085923
30.20170966961907 153.97214494416073
31.022157454637863 154.5438664078629
31.842605261641413 155.1155878400159
32.66305308025509 155.6873092555078
33.48350090498647 156.25903066222048
34.30394873293476 156.83075206431675
35.12439656257129 157.4024734639903
35.944844393092225 157.9741948623947
36.76529222407565 158.5459162601354
37.58574005530054 159.11763765752963
38.4061878866513 159.6893590547432
39.226635718067584 160.26108045186274
40.04708354951792 160.83280184893343
40.867531380985945 161.40452324597874
41.687979212463134 161.9762446430109
42.508427043945076 162.54796604003621
43.32887487542946 163.11968743705802
44.149322706915115 163.691408834078
44.969770538401434 164.26313023109708
45.79021836988808 164.83485162811564
46.61066620137491 165.40657302513392
47.43111403286182 165.97829442215212
48.25156186434878 166.55001581917023
49.07200969583576 167.1217372161883
49.89245752732275 167.69345861320636
50.712905358809735 168.2651800102244
51.53335319029674 168.8369014072425
52.35380102178374 169.40862280426057
53.17424885327074 169.98034420127863
53.99469668475774 170.55206559829668
54.81514451624474 171.12378699531473
55.63559234773176 171.69550839233278
56.45604017921877 172.26722978935084
57.276488010705776 172.8389511863689
58.09693584219278 173.41067258338694
58.91738367367978 173.982393980405
59.73783150516678 174.55411537742305
60.55827933665378 175.1258367744411
61.378727168140784 175.69755817145915
62.199174999627786 176.2692795684772
63.019622831114795 176.84100096549525
63.8400706626018 177.4127223625133
64.6605184940888 177.98444375953136
65.48096632557582 178.5561651565494
66.30141415706282 179.12788655356746
67.12186198854982 179.69960795058552
67.94230982003683 180.27132934760357
68.76275765152383 180.84305074462162
69.58320548301083 181.41477214163967
70.40365331449783 181.98649353865773
71.22410114598483 182.55821493567578
72.04454897747183 183.12993633269383
72.86499680895884 183.70165772971188
73.68544464044584 184.27337912672994
74.50589247193284 184.845100523748
75.32634030341984 185.41682192076604
76.14678813490684 185.9885433177841
76.96723596639384 186.56026471480214
77.78768379788085 187.13198611182017
78.60813162936785 187.70370750883822
79.42857946085486 188.27542890585624
80.24902729234188 188.8471503028743
81.0694751238289 189.41887169989235
81.8899229553159 189.99059309691037
82.7103707868029 190.56231449392843
83.5308186182899 191.13403589094648
84.35126644977692 191.70575728796453
85.17171428126392 192.2774786849826
85.99216211275092 192.84920008200066
86.81260994423792 193.42092147901872
87.63305777572492 193.99264287603677
88.45350560721192 194.56436427305482
89.27395343869892 195.13608567007287
90.09440127018593 195.70780706709093
90.91484910167293 196.27952846410898
91.73529693315993 196.85124986112703
92.55574476464693 197.42297125814508
93.37619259613393 197.99469265516313
94.19664042762093 198.56641405218116
95.01708825910794 199.1381354491992
95.83753609059494 199.7098568462173
96.65798392208194 200.28157824323534
97.47843175356894 200.8532996402534
98.29887958505596 201.42502103727145
99.11932741654296 201.99674243428947
99.93977524802997 202.56846383130753
100.76022307951698 203.14018522832558
101.58067091100399 203.7119066253436
102.40111874249101 204.28362802236163
103.22156657397801 204.85534941937968
104.04201440546501 205.42707081639776
104.86246223695201 205.9987922134158
105.68291006843901 206.57051361043386
106.50335789992602 207.14223500745192
107.32380573141302 207.71395640446997
108.14425356290003 208.28567780148802
108.96470139438703 208.85739919850607
109.78514922587405 209.42912059552413
110.60559705736105 210.00084199254218
111.42604488884805 210.57256338956023
112.24649272033506 211.14428478657828
113.06694055182206 211.71600618359633
113.88738838330906 212.2877275806144
114.70783621479606 212.85944897763244
115.52828404628308 213.4311703746505
116.34873187777009 214.00289177166854
117.1691797092571 214.5746131686866
117.9896275407441 215.14633456570465
118.8100753722311 215.7180559627227
119.6305232037181 216.28977735974075
120.45097103520511 216.8614987567588
121.27141886669213 217.43322015377686
122.09186669817913 218.0049415507949
122.91231452966613 218.57666294781296
123.73327904988861 219.14764215630998
124.55500729170741 219.71752170200133
125.37748787772047 220.28631488553256
126.20058618520937 220.85421379925657
127.02414113005811 221.42145030444215
127.84801125065363 221.9882289423511
128.67208861551535 222.55470621172964
129.49629741805862 223.12099222586932
130.32058727806077 223.68716024571646
131.14492602043165 224.2532570906347
131.96929370767498 224.81931178430753
132.79367827514687 225.38534189385487
133.61807256095375 225.9513578490443
134.44247238042558 226.51736574444402
135.26687532080985 227.08336909415655
136.0912800066872 227.64936990149118
136.91568566162476 228.21536929734503
137.7400918510482 228.78136791469348
138.56449833354395 229.3473661051667
139.38890497589315 229.91336406280487
140.21331170501765 230.47936189405007
141.03771848104358 231.04535965698074
141.8621252823192 231.61135738313385
142.68653209713892 232.17735508955923
143.5109389191996 232.74335278543776
144.33534574511944 233.30935047569517
145.15975257309032 233.87534816296517
145.9841594021483 234.44134584865174
146.8085662317811 235.00734353350106
147.63297306171717 235.5733412179087
148.45737989181282 236.13933890208384
149.28178672199235 236.70533658613684
150.10619355221584 237.2713342701258
150.93060038246233 237.83733195408126
151.75500721272087 238.4033296380192
152.57941404298566 238.96932732194796
153.40382087325372 239.53532500587198
154.23009181352518 240.0985978822498
155.0591061153249 240.65782528448568
155.8908087063583 241.21304668182944
156.8111095355382 241.60425811291347
157.78925778743223 241.81216674023958
158.7869670515296 241.8798145364667
159.78673284423206 241.85817291587105
160.7840356232797 241.7847755936865
161.778827181552 241.6828454431414
162.7719364123892 241.56565305590613
163.76406925278462 241.44046349160888
164.75567268989414 241.3111475084026
165.74699952896015 241.1797279583065
166.73818501508072 241.0472465177047
167.72929928719145 240.91423336189524
168.7203780347419 240.78095577130398
169.7114391906246 240.6475474308582
170.70249168506996 240.51407476229423
171.69353993496117 240.380570581133
172.6845861130322 240.24705102102752
173.67563128327527 240.11352398055305
174.66667596473195 239.97999331232876
175.65772040976077 239.846460889384
176.6487647406995 239.71292761969357
177.63980901670047 239.57939394227193
178.63085326629817 239.44586006889404
179.62189750322858 239.31232610150374
180.6129417340914 239.17879208908175
181.6039859620521 239.04525805512105
182.59503018862654 238.91172401087215
183.5860744145396 238.77818996171496
184.57711864013754 238.64465591021883
185.56816286558546 238.51112185760928
186.55920709096205 238.37758780447018
187.55025131630472 238.24405375107943
188.5412955416313 238.11051969756932
189.53233976695026 237.97698564400253
190.52338399226556 237.84345159040888
191.51442821757917 237.7099175368025
192.50547244289197 237.57638348319009
193.49651666820438 237.44284942957484
194.48756089351662 237.3093153759582
195.47860511882874 237.17578132234092
196.46964934414083 237.04224726872337
197.46069356945293 236.90871321510565
198.451737794765 236.7751791614879
199.4427820200771 236.64164510787015
200.4315907551442 236.49245635006673
201.41813336726258 236.32895199393312
202.40299828588383 236.1556283311828
203.38679019843124 235.97631443655587
204.36995112394004 235.79357255697522
205.35275996753438 235.60894651072823
206.3353790636857 235.4233132381753
207.31789834094235 235.23715236736987
208.30036602226625 235.05071938972355
209.2828073865203 234.86414777933595
210.2652354667964 234.67750623228667
211.2476568979709 234.4908296896546
212.2300750240871 234.30413575435335
213.2124915169411 234.1174332247282
214.1949072067044 233.93072646934195
215.1773225032803 233.74401764508957
216.15742288016713 233.54551512312514
217.13527850133423 233.3362344882066
218.1115232458903 233.1195637732343
219.08675673933465 232.89838594146912
220.06140181721736 232.67462943953228
221.03572049253643 232.44945590883975
222.00986383163468 232.22352504576313
222.98061255072705 231.98342730653906
223.94811262519096 231.73055657689184
224.9132937543454 231.46897410820532
225.87653424664708 231.20033354166628
226.8384706045768 230.92705997307087
227.80541743144016 230.67208186809142
228.78471414586375 230.4696517687505
229.77805653573347 230.35445239163442
230.7780519414841 230.35142114145418
231.7710566346068 230.46949603055566
232.74369703357002 230.7018118808644
233.68787846926432 231.03123777008713
234.6017810537525 231.43717134355182
235.48855838837568 231.89936822670722
236.3540304524264 232.40032541684212
237.20446673668545 232.92640347798482
238.04521120588453 233.46783559516217
238.88020143069883 234.01810037185112
239.70773665780501 234.57951416567727
240.52254186678212 235.15924899421853
241.31918872036567 235.76369402122708
242.0935414254439 236.39644822954028
242.84458118775012 237.05670520635692
243.5739609658095 237.74081421766874
244.2847428687972 238.44422667589305
244.98034390661144 239.16265495776383
245.6639437289353 239.89251198685838
246.33825040192522 240.63096341434783
247.00546314235032 241.3758306233283
247.6673194408393 242.12546135919132
248.32516788320436 242.87861169403683
248.9800415535157 243.63435005877227
249.63272321724395 244.39198232170259
250.28380019527526 245.15099402693355
250.93370925154824 245.91100601274323
251.5827725773381 246.67174039418958
252.2312261454727 247.43299460269913
252.8792417023454 248.19462170177775
253.52694357936548 248.9565155779211
254.17442137701357 249.71859989186072
254.8217394250981 250.48081990250338
255.46894376881255 251.24313646238983
256.1162326277428 252.00538126106326
256.76395468442274 252.7672579815964
257.41248627477523 253.52844572211444
258.0621156261313 254.28869680291388
258.71299036500454 255.04788194126724
259.36512254818194 255.80598722133342
260.0184241769981 256.56308495728706
260.67274947145 257.31929816071613
261.32793058296164 258.07477000739107
261.9838022247805 258.8296424399635
262.64021576457344 259.5840437024071
263.29704534355056 260.3380827625232
263.95418883546665 261.0918482638778
264.6119166879799 261.8451039123985
265.27085642434724 262.5972996474543
265.9317219192369 263.3478040096429
266.5950602305586 264.09612365039334
267.26113557486786 264.84200811577875
267.929937310397 265.5854489261686
268.60125326814 266.32662021870476
269.2752765156946 267.0653303524893
269.95265588235293 267.8009642244837
270.63414827080265 268.53278942525577
271.32027938123736 269.26026732821475
272.0118655447319 269.9825612977749
272.709994037047 270.6985337890187
273.4156085128153 271.40712973283024
274.1300717219907 272.1068027441254
274.8549942882423 272.7956331099914
275.59253067928586 273.4709405006562
276.3453927462574 274.1291188261238
277.115956183702 274.76648213607626
277.9061356219838 275.3793576987451
278.7171837033595 275.964337193853
279.54938481772155 276.5188110933781
280.40192053034474 277.0414800695973
281.27301756525725 277.5325910099831
282.1602954485412 277.9938262621432
283.06116801528884 278.4279099159262
283.97319137629387 278.83804817186086
284.89431208082976 279.22732525528
285.8230067703572 279.5981704704891
286.75831687057075 279.9519995484893
287.6997860052556 280.2890987452189
288.6473170104979 280.60876262197775
289.6009809118849 280.9096366208398
290.56108419617465 281.1892822599905
291.52808448801943 281.44405752482623
292.50224107974776 281.6699312390832
293.483236024711 281.86396452992926
294.4706537991774 282.02209782391844
295.4627190258837 282.1478220696319
296.4576343787768 282.2485367189018
297.45625719860703 282.3010006466458
298.45577758378585 282.3319683655162
299.4552979689646 282.3629360843866
299.78304198001854 282.37309043896136
299.80714473135055 282.3238665888688
299.85901681206514 282.375444335165
299.8046766757225 282.3289069761086
299.80714473135055 282.3238665888688
299.85901681207514 282.375444335175
300.6185489188912 283.02591414901394
301.41508590556396 283.63050395116267
302.24065620940314 284.19480322762763
303.0909744352034 284.7210720894006
303.9625056606918 285.21141209694497
304.8517093323211 285.668923660035
305.7551517777319 286.09763305791444
306.6697458777244 286.5020061928516
307.5928888179833 286.886463097914
308.5224855013897 287.255041456204
309.4569022102987 287.61122317122
310.3948919240239 287.95788625974495
311.33551637964564 288.29733527430574
312.27807653047887 288.63137174246646
313.22205512596383 288.9613784261356
314.16707131019143 289.28840199034437
315.1128456481125 289.61322640711444
316.0591736337577 289.93643430241497
317.0059058545007 290.25845619950735
317.95293326386013 290.5796089449759
318.9001763165397 290.90012508988934
319.8475769914806 291.2201750252457
320.79509295630766 291.5398834805575
321.74269330920526 291.85934172695033
322.6903554769605 292.1786165549676
323.63806295727625 292.4977568560167
324.5858036760154 292.81679843644736
325.5335687916301 293.1357675346745
326.48135182454035 293.4546833896071
327.42914802261953 293.773560116426
328.37695389830196 294.0924080770935
329.32476689053925 294.411234882344
330.2725851176692 294.73004612480617
331.22040719656354 295.0488459158355
332.1682321101523 295.36763727892503
333.11605911029983 295.6864224382273
334.06388764654423 296.0052030302978
335.01171731377707 296.3239802595871
335.95954781380726 296.64275501268486
336.90737892711047 296.9615279422985
337.85521049205636 297.2802995290064
338.80304238962896 297.59907012668424
339.75087453218464 297.91783999592894
340.69870685517833 298.2366093286578
341.64653931107364 298.5553782662151
342.59437186485945 298.87414691270305
343.54220449074893 299.1929153447967
344.49003511339265 299.5116897333206
345.4378556243377 299.8304941859743
346.38564870492394 300.1493801787569
347.33338786709965 300.46842638305725
348.281040948433 300.7877281798568
349.22857549132925 301.1073815702946
350.1759639706762 301.42746760435523
351.1231874150775 301.74804169310306
352.07023689318527 302.06912935405535
353.0171130920593 302.39072765007984
353.9638246082435 302.7128104113759
354.91038564116275 303.0353351560992
355.85681364931884 303.3582500448513
356.8031273271199 303.6814998293935
357.7493450677217 304.00503033393727
358.6954839345815 304.3287914258202
359.67654944385237 304.5224676156812
360.65584737879533 304.32004342094046
361.34743877138067 303.5977544581964
361.58097521098284 302.62540640766207
361.5498892204805 301.6258896938476
361.4187226913266 300.6345293448172
361.25358912600365 299.64825813181153
361.0772954860781 298.66392051060535
360.8973713526067 297.6802400207132
360.7162562123517 296.69677812212717
360.5340754285728 295.7135130703625
360.35025947499867 294.7305523919976
360.1644078771657 293.7479745662846
359.9765028664196 292.76578736063766
359.03074624858556 292.44091135379335
358.08498963075147 292.11603534694905
357.1392330129175 291.7911593401048
356.1934763950834 291.4662833332605
355.2477197772493 291.14140732641613
354.30196315941527 290.8165313195718
353.3562065415812 290.4916553127275
352.4104499237472 290.1667793058832
351.46469330591316 289.84190329903896
350.51893668807907 289.5170272921946
349.57318007024503 289.19215128535035
348.627423452411 288.86727527850604
347.68166683457696 288.54239927166174
346.7359102167429 288.21752326481743
345.79015359890883 287.8926472579732
344.84439698107474 287.5677712511288
343.89864036324076 287.2428952442845
342.95288374540667 286.91801923744026
342.00712712757263 286.5931432305959
341.0613705097386 286.26826722375165
340.11561389190456 285.94339121690734
339.1698572740705 285.61851521006304
338.22410065623643 285.29363920321873
337.27834403840245 284.9687631963744
336.3325874205683 284.6438871895301
335.38683080273427 284.3190111826858
334.44107418490023 283.9941351758415
333.4953175670662 283.6692591689972
332.54956094923216 283.3443831621529
331.60380433139807 283.01950715530864
330.65804771356403 282.6946311484643
329.71229109573 282.36975514162003
328.76653447789596 282.0448791347757
327.8207778600619 281.72000312793136
326.87502124222783 281.3951271210871
325.9292646243938 281.07025111424286
324.98350800655976 280.74537510739844
324.03775138872567 280.4204991005542
323.09199477089163 280.09562309370995
322.1462381530576 279.77074708686564
321.20048153522356 279.4458710800213
320.2547249173896 279.120995073177
319.30896829955543 278.7961190663327
318.3632116817214 278.4712430594884
317.4174550638873 278.14636705264405
316.4649198591764 277.84193859834585
315.51238465446556 277.5375101440476
314.55984944975467 277.2330816897493
313.6073142450438 276.92865323545107
312.6547790403329 276.62422478115286
311.7022438356221 276.3197963268546
310.74970863091124 276.01536787255634
309.79717342620035 275.71093941825814
308.8446382214894 275.4065109639599
307.89210301677855 275.1020825096616
306.9395678120677 274.7976540553634
305.9870326073568 274.49322560106515
305.03449740264597 274.1887971467669
304.0819621979351 273.8843686924687
303.1294269932242 273.5799402381704
302.1768917885134 273.2755117838722
301.2275549475084 272.96125144225925
300.27821810650346 272.6469911006463
299.32888126549847 272.3327307590333
298.3795444244935 272.0184704174203
297.43020758348854 271.70421007580734
296.4929747859404 271.3555057838921
295.55574198839224 271.00680149197683
296.5512735556981 271.10123082268194
297.53290946076027 271.2919949437654
298.4357338577924 271.7220043717127
299.3184748476107 272.19186429221526
300.1975912878823 272.66847134676254
301.0760810613693 273.1462324982585
301.9544632343785 273.62419144852464
302.8328269537509 274.10218431090885
303.71118750893373 274.58018298778876
304.5895475215812 275.0581826616192
305.46790744120545 275.5361825063866
306.34626734487995 276.0141823804628
307.2246272458197 276.4921822595643
308.1029871462906 276.9701821395274
308.9813470466811 277.4481820196383
309.8597069470578 277.9261818997745
310.73806684743215 278.40418177991506
311.6164267478061 278.88218166005635
312.4947866481799 279.3601815401978
313.3731465485538 279.8381814203392
314.25150644892767 280.31618130048065
315.12986634930155 280.7941811806221
316.0052852328134 281.2775462376865
316.8801965567759 281.7618293937039
317.7550207595674 282.24626991039327
318.6298300220199 282.7307374060287
319.5046367227698 283.2152095273351
320.3794429842965 283.69968244174186
321.25424917051544 284.18415549213074
322.1290553438223 284.6686285658347
323.00386151491534 285.15310164353616
323.8786676856287 285.6375747219231
324.75347385627714 286.1220478004274
325.62828002691435 286.606520878952
326.5030861975497 287.09099395747995
327.38144953536556 287.5689875210151
328.2604179567037 288.04586749993047
329.1394899789867 288.52255647571997
330.01857975966374 288.99921270143113
330.8976725849257 289.47586331201813
331.7767659321835 289.9525129598803
332.6558593689382 290.4291624426817
333.5349528210374 290.90581189718296
334.4140462757673 291.38246134683226
335.29851806492957 291.849055018217
336.1839004406359 292.31391849149554
337.0694385880277 292.77848516003075
337.9550034309667 293.243000939042
338.84057285030326 293.7075079933867
339.72614305421 294.17201355196767
340.61877016224764 294.62280934386945
341.5125858267015 295.0712439076319
342.4066046063728 295.5192733950488
343.3006581854751 295.96723343533637
344.2030477038164 296.3981547241904
345.10683361725165 296.82613956349667
346.010857897707 297.25362067459645
346.924714435851 297.65965789911104
347.84020514631726 298.0619970086318
348.7559743542758 298.46370182283613
349.6860196810156 298.83114663530387
350.61838283339887 299.1926697356417
351.5639738890929 299.51802731645313
352.5197330518869 299.81217765681555
353.48480100002223 300.0741773810173
354.4513526615067 300.33064937886826
355.43007469051975 300.5358399973783
356.41727873423315 300.69530214359463
357.410904298536 300.80803296441917
358.4090372774966 300.8691112446111
359.409034041491 300.87165525734287
360.40701830863696 300.80819343788335
361.3977147805265 300.6721033920106
362.37474998622594 300.45902545597835
363.3314508353623 300.1679524664008
364.26192360725514 299.8015914139319
365.16202600007887 299.365912997628
366.0299168972973 298.86915813803904
366.86608856467063 298.3206903243233
367.67298409545424 297.7299961543831
368.4543930215524 297.10597685162554
369.2148093105428 296.4565408906271
369.9588791371051 295.78843903222554
370.69099538438326 295.10725931990925
371.41504251429205 294.41750881887947
372.1342691304289 293.72273326185376
372.85125776637864 293.02564840624507
373.5679617255463 292.32827086508576
374.28578209237475 291.63204251104787
375.00566291498654 290.9379448225085
375.7281883838858 290.24660051842267
376.45367172086395 289.55836078710297
376.7171071920293 288.5936837673021
375.9125790258099 287.9997692702912
374.95816336874486 287.70128852794915
373.97549490795467 287.5159167497082
372.9845936937775 287.3813255771065
371.99230725656633 287.2573593457095
370.9991019377471 287.1409841135109
370.00525270891256 287.0302424757004
369.0109719352567 286.9234448018576
368.016408688983 286.8193105175826
367.0216624060588 286.71693946401524
366.0267979321967 286.6157234640591
365.0318571703666 286.51526013518225
364.03686712173715 286.4152861229174
363.0418451867219 286.3156299698782
362.0468025933761 286.21618029703967
361.051746599075 286.1168647987252
360.0566819024515 286.017636528895
359.0616115499441 285.9184649928538
358.066537519122 285.8193303713362
357.07146109492044 285.72021977655294
356.07638311283995 285.62112482421634
355.0813041164439 285.52204005782164
354.08622445951016 285.42296192523594
353.0911443723634 285.32388811353985
352.09606400498734 285.224817116458
351.10098345506435 285.125747952916
350.1059027862205 285.02667998385795
349.1108220399025 284.9276127929862
348.1157412431106 284.8285461091009
347.1206604134348 284.72947975552086
346.1255795623347 284.63041361713937
345.13049869727615 284.531347618964
344.13541782312353 284.43228171213605
343.1403369430458 284.3332158648233
342.14525605910774 284.2341500562863
341.1501751726546 284.13508427301275
340.1550942845628 284.036018506199
339.1600133954033 283.93695275010936
338.1649325055483 283.8378870010068
337.16985161524 283.7388212564565
336.17477072463646 283.6397555148722
335.1796898338405 283.54068977522036
334.1846089429192 283.44162403682736
333.1895280519163 283.34255829925485
332.19444716086014 283.2434925622167
331.1993662697693 283.14442682552675
330.204285378656 283.0453610890637
329.20920448752787 282.94629535274845
328.2141235963902 282.84722961652943
327.21904270524624 282.7481638803732
326.22396181409823 282.6490981442579
325.22888092294755 282.55003240816916
324.23380003179517 282.4509666720978
323.23871914064165 282.3519009360378
322.24363824948733 282.25283519998504
321.2485573583326 282.15376946393724
320.2534764671776 282.05470372789244
319.2583955760224 281.95563799184976
318.263314684867 281.8565722558083
317.26813467804084 281.7585072059002
316.2727953385915 281.6620727756145
315.27728687096686 281.567400230029
314.2816285430601 281.47431696585187
313.2858499007474 281.38252973627215
312.28998031330536 281.29173455573897
311.294044646161 281.20166709818795
310.29806226007975 281.1121177452259
309.30204748447386 281.02292936720113
308.3060105761201 280.93398850371807
307.3099587074689 280.8452153379727
306.31389681019766 280.75655476723017
305.3178282330347 280.6679692741258
304.32175522843164 280.5794335779288
303.3256793005429 280.4909307763878
302.3296014482524 280.4024496361583
301.3331553286556 280.31821703712126
300.3361490302875 280.2408966580846
299.33859167038867 280.1710445735658
298.34058537760836 280.1079300778388
297.35115335755944 280.252927587134
298.03539615525517 280.9821818595257
298.804544884019 281.62125167812223
299.59258127954985 282.2368803318728
299.7785859980869 282.3821906692045
299.80714473135055 282.3238665888688
300.1855209146024 282.70009577642816
299.80714473135055 282.3238665888688
299.7674047315728 282.4050256136123
299.80714473135055 282.3238665888688
299.91686054010694 282.4329598442532
300.89983827475794 282.6166845654541
301.84975505943936 282.9291875289288
302.79192702336957 283.2643173401721
303.73222168304 283.60467884357
304.6717353837613 283.9471901662397
305.61069549470096 284.29121619732473
306.54917237603377 284.6365582642726
307.48721410449906 284.98308058052055
308.4248722780521 285.3306394238396
309.36220363736766 285.6790786909201
310.29926604383206 286.02824061093867
311.236114137249 286.3779771544412
312.1727963147261 286.7281578198081
313.10935327428723 287.07867324243267
314.0458178202632 287.42943548973136
314.98221548596297 287.78037624209844
315.91856557350843 288.1314439186989
316.85493193460985 288.48246818822696
317.79145812552264 288.8330658119133
318.7283441104046 289.1827008378071
319.66578722122625 289.5308393360704
320.6039291587384 289.877090263984
321.5428319341061 290.22127274233935
322.4824821981768 290.56340923737014
323.4228118770028 290.90367398006174
324.36372277013066 291.24232821551914
325.30510743466124 291.5796632320631
326.2468634715309 291.9159600756695
327.1889014009714 292.2514664682991
328.13114765606 292.58638734667403
329.0735444506896 292.92088440416774
330.01604798095445 293.2550805972016
330.9587035621253 293.58884766461136
331.90169596619234 293.92166191591656
332.8453084224749 294.2527140754751
333.78982639663093 294.58117380892236
334.7354524335716 294.9064297055021
335.68226811392555 295.2282061301138
336.63024135602353 295.54655614545266
337.5792590115355 295.8617790658227
338.5291649102162 296.1743151175857
339.4797914905155 296.4846522001725
340.43109500955245 296.7929079619481
341.3832419354726 297.09854865207444
342.3365527505392 297.4005395292164
343.2913613403824 297.6977609227291
344.247891086699 297.98939570188213
345.2062016257279 298.27512443824963
346.1662020498157 298.5551229842303
347.1278635794745 298.8293621177876
348.0913709587759 299.09704388786486
349.0570652483822 299.3567254987305
350.0252661744559 299.6068993717669
350.99629765850193 299.84585095052563
351.97051955314026 300.0714428386938
352.94822558655244 300.28142120002997
353.92968723062137 300.47307985812176
354.915129934495 300.64308773259313
355.9047204948378 300.78699924318335
356.8983769392095 300.89945754905057
357.89559977922045 300.9739330977934
358.8953633641194 300.99567647172296
359.89451944086267 300.95460173122365
360.88846514144467 300.8447293311654
361.8716118873575 300.661911181079
362.83771186975486 300.4037429723238
363.78057475170937 300.07056196171186
364.6950786256681 299.66598481886456
365.5780363401368 299.1965322925532
366.4285981989621 298.67065728429395
367.2481448721855 298.09764484951745
368.0398137396821 297.4866944388975
368.8078592277224 296.84629914823637
369.55701807240507 296.18390876075046
370.29199010012155 295.505811335247
371.0170765854173 294.8171535183006
371.73596987512224 294.1220330697327
372.45166667931045 293.42362195550646
373.16647240997827 292.72429887752
373.88206522197225 292.0257812131603
374.59959228234834 291.3292505838065
375.3197764780798 290.6354676752403
376.0430184627052 289.9448729810274
376.7694854115548 289.2576715751578
377.4991830674472 288.5739016350572
378.23201117306184 287.8934878141943
378.967804310859 287.21628145098543
379.70636090772183 286.54208996985386
380.44746681826297 285.8707018337053
381.1909195133535 285.2019133094597
381.93655311121336 284.5355571451282
382.6842590089901 283.8715271078333
383.4339960035768 283.20979117942363
384.1857870703284 282.55038979031946
384.93970442837934 281.89342052374036
385.69584762654966 281.2390143319445
386.4543202247023 280.58730940035997
387.2152179005848 279.9384375125141
387.97863867937536 279.292536038208
388.74471192050373 278.64978275021406
389.5136300944692 278.01043555052854
390.28568069704534 277.37487448575047
391.06128334453814 276.7436530244533
391.8410419896131 276.11757279362746
392.6258172162035 275.4977923133524
393.41680563512824 274.88596119194153
394.21559390198956 274.28434893747465
395.02414846977325 273.6959277355145
395.8447143829461 273.12437582873883
396.67963912906936 272.5740117053523
397.5312873378385 272.0498978546477
398.4019023460622 271.55793290929535
399.29330530032917 271.10472128861016
400.2065166373195 270.6972350262744
401.1414463903285 270.34240216852527
402.09673436870025 270.046725185352
403.0697480049862 269.8159775665091
404.05669741898635 269.6549469662967
405.05283717376267 269.56716548217764
406.0527585165597 269.5546232248443
407.0507773641549 269.61753888143915
408.04138321314275 269.7542870147028
409.01967092134294 269.96153845615595
409.9816692854031 270.23459366585837
410.92451302461023 270.5678288432299
411.84645479729335 270.9551573443526
412.74675707003564 271.3904225711915
413.6256530292398 271.8674360855647
414.48468817727775 272.37935269443324
415.3268531765197 272.91857260694735
416.15583814738153 273.4778434877245
416.97472772568403 274.05179458193686
417.78503055198934 274.637805955275
418.5865399576656 275.2357881227453
419.3778719038942 275.8471748668592
420.15748643489525 276.4734345438718
420.924239153306 277.11537711825804
421.6777034930326 277.772865892885
422.41855461831767 278.4445351643005
423.1471771712253 279.1294506155748
423.86679619074596 279.82381972976697
424.5809135356258 280.5238457419563
425.294212979943 281.22470514493006
425.66348601132097 281.587538003371
426.05494214624315 282.0268531383866
426.0762691247075 281.99312212194855
426.05479539518564 282.02668844570496
426.05494214624315 282.0268531383866
426.0762691247784 281.993122121825
426.61516760742336 281.1507514045022
427.17298527583296 280.3207878819242
427.77115549532334 279.5194188105752
428.4294675116737 278.7666736417905
429.1596001637446 278.0833682120009
429.9626092189914 277.4874013864212
430.83027021032126 276.99024506882625
431.7488790293311 276.595076955693
432.7034959351301 276.29724048518824
433.68102273602744 276.0864293053913
434.67158771538766 275.94938543772435
435.6686016144932 275.8721631288338
436.668134371153 275.8415973249996
437.6681244802986 275.84604497728344
438.66768679629286 275.87562835850093
439.66660173829354 275.9222002239112
440.66497690296325 275.97918294559764
441.6630415426114 276.04136795250497
442.6610330109586 276.1047164260941
443.6591424750811 276.16617777678664
444.6574964208596 276.2235310587201
445.6561581687764 276.275248688671
446.65513929952715 276.32037850590973
447.65441473424426 276.3584390572853
448.6539376821903 276.38932394888707
449.6536522903857 276.4132133222714
450.6535029896831 276.43049276423517
451.6534403956234 276.4416813388255
452.6534242112737 276.4473706654524
453.65342388525926 276.44817814842173
454.6534178965278 276.444717306474
455.6533924605494 276.43758489385607
456.65334018572725 276.42736007543533
457.6532588797892 276.41460839846866
458.6531504695455 276.39988397201034
459.65301992428806 276.38372620382086
460.6528741705601 276.36665323653835
461.6527211137888 276.34915780524193
462.65256887700605 276.3317092984444
463.65242524079974 276.3147607946404
464.6522971586003 276.298756170499
465.6521902671703 276.28413524596544
466.6521083912737 276.27133895394684
467.652053025048 276.2608161508055
468.6520227132704 276.25303009683455
469.65201228945364 276.24846418784523
470.6520119407977 276.24762913594986
471.6520060143056 276.25107194717714
472.65197143711936 276.25938778609213
473.65187468565625 276.27329798254584
474.6516670612439 276.2936745798258
475.6512797377163 276.32150436666717
476.6506186475649 276.3578601538633
477.6495571568087 276.4039237484873
478.6479234867042 276.4610610509348
479.64547983007276 276.5309276510036
480.641890270806 276.6155812604826
481.6366746113363 276.71758182830297
482.6291453564146 276.840063746004
483.6183259990989 276.9867663572239
484.60283977280676 277.16207360002755
485.58077374079596 277.3709878270512
486.5495468930086 277.61893657085113
487.50582102709996 277.91140841644966
488.44548634949854 278.2535035521671
489.3637379126865 278.64950111112785
490.25524360400016 279.10251060590184
491.1143716313805 279.6142713239816
491.9354743503666 280.1850517764094
492.7132449109182 280.813600068221
493.44312587697397 281.49717433294245
494.1216925483793 282.23171314911076
494.7469151915477 283.01215958959824
495.3182394624586 283.8328840119643
495.83648559527524 284.68811552788304
496.30361678285664 285.5723035472481
496.7224459298733 286.4803686030724
497.0963409664933 287.40783962773617
497.42896687370774 288.35089848372013
497.72407002719297 289.3063638827813
497.98531885172406 290.2716353739594
498.2162080046859 291.2446154349291
498.4200128896481 292.2236269613503
498.59977141601166 293.2073377278867
498.7582751761073 294.1946961015461
498.8980629759265 295.1848775854276
499.0214173390742 296.1772402716933
499.13036692147034 297.1712875484843
499.2266965382655 298.1666370373213
499.3119642792317 299.1629951116854
499.3875235775406 300.1601364218511
499.45454755592107 301.1578877868324
499.5140532762664 302.15611575140076
499.56692423287984 303.1547171042672
499.613930196776 304.1536117130014
499.65574413724823 305.1527371277428
499.6929563527725 306.1520445133933
499.72608615486547 307.151495570831
499.75559151863956 308.15106019280825
499.78187709836686 309.1507146672635
499.80530094975023 310.1504402912156
499.8261802320609 311.1502222952396
499.8447960990294 312.15004900497337
499.86139793430755 313.1499111850089
499.87620704687305 314.1498015240886
499.88941991251363 315.14971423036934
499.9012110271427 316.1496447127609
499.91108983978194 317.1495959161008
499.9200019439103 318.1495562025122
499.9279399081894 319.14952469637745
499.9353946196236 320.1494969096301
499.94213908283524 321.14947416547943
499.94822588697434 322.1494556407156
499.95371469081874 323.1494405771183
499.958651441604 324.1494283912899
499.9630777148757 325.1494185952944
499.96703565790955 326.1494107626072
499.9705683483137 327.14940452263704
499.9737183635127 328.14939956132685
499.97652622937414 329.1493956192637
499.97902930907037 330.1493924865548
499.9812613131877 331.14938999563054
499.98325244135685 332.1493880133329
499.9850299712834 333.1493864335253
499.98661898910245 334.14938517103565
499.98804298199366 335.1493841571572
499.98932414547244 336.14938333646694
499.99048340240313 337.1493826645284
499.9915402255117 338.1493821060907
499.9925123722912 339.1493816335559
499.99341567439757 340.1493812255784
499.9942639171462 341.14938086582043
499.99506892094416 342.1493805418048
499.9958343199358 343.1493802488869
499.99655454852984 344.14937998952223
499.99722171491095 345.1493797669667
499.99786227453353 346.14937956180836
499.9984906455118 347.1493793643833
499.99904272348175 348.1493792119883
499.99955999660244 349.1493790782025
