8.46055685130062
289222
853
0.0 100.0
0.42281982122108225 100.90621377101795
0.6377033245876839 101.88285345891768
0.7326016388454851 102.878340430179
0.7566197222212356 103.87805195440534
0.740482325868132 104.87792173814667
0.7026411984093327 105.87720550618889
0.654090307655255 106.8760262163301
0.6013953076147198 107.8746368696734
0.548437172847847 108.87323360307583
0.5112676900406187 109.87254257909268
0.5140040672612671 110.87253883520552
0.5286665526358025 111.87243133518872
0.5131769646610003 112.8723113643244
0.4863126231688043 113.87195045277392
0.4551739418727757 114.87146552646072
0.4234209709405747 115.8709612737438
0.39283014185169834 116.87049326481545
0.3641569509964603 117.87008210435208
0.3376448160860827 118.86973059592424
0.3132953301357078 119.86943410323727
0.29100297488273286 120.86918559780842
0.2706201024565266 121.86897784548374
0.2519876291144133 122.86880424588391
0.23494918335504097 123.86865908103054
0.21935731995700672 124.86853752053996
0.20656018213094493 125.86845563381897
0.20363424461815566 126.86845135325464
0.2289266678491749 127.86813144874874
0.3153632055524493 128.86438880754207
0.5080280967557746 129.84565342001804
0.8535314510814737 130.78407093485336
1.381745911765169 131.63318193085132
2.0887337070612255 132.3404076779098
2.9363931565429695 132.8709483999136
3.8723143843316055 133.22315779129127
4.852170478976817 133.4228626579987
5.844933024417997 133.3027688264787
6.82205594084 133.09009347246948
7.812363991511819 132.9512051548377
8.80475482872932 132.82807747230146
9.797392669100324 132.70695721031532
10.789821310436782 132.58413460712245
11.78204333540735 132.4596538730175
12.774169759385419 132.33441346881625
13.766283683423143 132.20907408262633
14.75841337703577 132.08385958245916
15.75835233606969 132.0949084831356
16.758352266540612 132.0945355781176
17.75531522061956 132.01665831446397
18.750263613835543 131.9162705919231
19.744284521547 131.80708068839493
20.737925861365945 131.69448900218848
21.73142913133859 131.5806854321493
22.72489765132614 131.46657890387965
23.7183767166909 131.35256422639486
24.711887070702897 131.23882251693453
25.7054384308461 131.1254395607304
26.699035022613675 131.0124536641421
27.69267794869604 130.89987597786958
28.68636628043508 130.78769978001245
29.68197816187301 130.69412103488497
30.678836362202365 130.61491416374292
31.6762406142896 130.54290890061375
32.673863815609465 130.47400354386764
33.67163689089591 130.40730354211783
34.66949200462486 130.34184231691546
35.66738012040991 130.27688611340142
36.665274267453995 130.2120226314169
37.65265972719699 130.05368768932226
38.63781631214566 129.88202958979804
39.6315329602054 129.77010451053107
40.62681311360133 129.67306113746432
41.622563137185054 129.5809639576323
42.61782355914816 129.48371843087745
43.61264130401393 129.38204417405606
44.60434794436401 129.2535220378866
45.59199013810489 129.0967964906944
46.57692084480499 128.92384706745383
47.55944574731048 128.73771588802228
48.54027756292638 128.54285966031676
49.51957323267723 128.34042450722515
50.46437639134948 128.0127860000821
51.398070912185524 127.65471541798863
52.34327285409163 127.32822914106887
53.27612817092444 126.96797789838293
54.18775820526941 126.55696612181175
55.08320739210783 126.11180238363173
55.97703665059158 125.66339491638972
56.86509184330532 125.20365806264167
57.71478199556023 124.67637574247435
58.51612668332143 124.07817285766276
59.31479195717496 123.47639733444795
60.143401285377514 122.91657005642757
61.07108093623127 122.54319294760614
62.018981474615934 122.2246265191645
62.97504861159199 121.93147872436737
63.93545204902451 121.65286566407086
64.89864358895534 121.38404963514836
65.86392491003457 121.12283713319732
66.83095921818757 120.86819101236483
67.79957905569108 120.61964401400301
68.76970139696401 120.37702776771448
69.74128544470634 120.14033294695865
70.71430944641905 119.90962904128953
71.68941090379946 119.68786982994844
72.66896401005052 119.4866840649602
73.66096189043066 119.36042953901637
74.65311403383095 119.48546603107451
75.64525889633089 119.61056028280092
76.63653979111291 119.74232593705177
77.6290638681166 119.86437492954232
78.62345110145903 119.97017677340912
79.61927698394302 120.06145005413792
80.61611720593794 120.14088286733956
81.61384422201603 120.20826833600992
82.61252468649134 120.2596232761361
83.61215578872599 120.28678316282839
84.61211384057 120.27762376588728
85.61066029026584 120.22372582715268
86.60593221172296 120.12659806408215
87.59673645297994 119.99129486564561
88.57615222288909 119.7894415781983
89.53643617735203 119.51041697928089
90.49080025832987 119.2117713683315
91.46337294869724 118.97917222398313
92.44386140061434 118.78259553244206
93.42962692514105 118.6144695955537
94.42023847985533 118.47776280103871
95.41630052728426 118.38910391726695
96.41578702198245 118.35706102545086
97.41566235504109 118.37285084308358
98.40821861567308 118.49463782711817
99.37547604686321 118.74843511198833
100.36304484736822 118.90562246602518
101.35913522763241 118.99396245892265
102.35709490932483 119.05780972759058
103.35405135244618 119.13577029787342
104.34781661070647 119.2472629499848
105.33681866391184 119.39516473751817
106.30187666892309 119.65720108416443
107.23743240183087 120.01038017559452
108.18809552564622 120.3206052954956
109.14709289685526 120.6040202598397
110.1099957141733 120.87386866987943
111.07398139649699 121.13982280929993
112.03761154214183 121.40706229441483
113.00032471504102 121.6775865016984
113.96201896969364 121.95171085407908
114.87887695801507 122.35092436744155
115.78760683589067 122.76830909291218
116.69509839337701 123.18837941213388
117.60240533885087 123.60884832500957
118.5096848480242 124.02937643612013
119.41696028161438 124.44991334009376
120.32423510983014 124.87045155011282
121.23150984812641 125.2909899541254
122.13878457306646 125.71152838695284
123.04605929602266 126.13206682406026
123.95333401868417 126.55260526180345
124.86060874130192 126.97314369964104
125.76788346391317 127.39368213749266
126.67515818652345 127.81422057534638
127.58243290913357 128.2347590132004
128.4897076317437 128.65529745105448
129.3969823543538 129.07583588890856
130.30425707696392 129.49637432676266
131.21153179957403 129.9169127646167
132.11880652218414 130.33745120247076
133.02608124479423 130.75798964032487
133.93335596740434 131.17852807817894
134.84063069001445 131.59906651603302
135.74790541262456 132.01960495388707
136.65518013523467 132.44014339174115
137.56245485784478 132.86068182959522
138.4697295804549 133.2812202674493
139.377004303065 133.70175870530338
140.28427902567512 134.12229714315745
141.19155374828523 134.54283558101156
142.09882847089534 134.96337401886564
143.00610319350545 135.3839124567197
143.91337791611556 135.80445089457376
144.82065263872568 136.22498933242784
145.7279273613358 136.64552777028192
146.6352020839459 137.06606620813602
147.542476806556 137.4866046459901
148.44975152916612 137.90714308384418
149.2021790463735 138.56581814132636
149.88358144691819 139.29772713056744
150.539223419819 140.05279904990408
151.18599889421913 140.81547951098494
151.82976648601525 141.5807005821487
152.47251828306125 142.34677507421466
153.11492754345568 143.11313683093238
153.7572213540631 143.87959534961124
154.39947625952829 144.6460864691983
155.0417180551783 145.41258857351391
155.68395543331422 146.17909437918343
156.3261913229237 146.94560143205217
156.96842671096007 147.7121089051754
157.61066192998675 148.47861651990715
158.25289709206405 149.24512418235517
158.89513223495175 150.01163186088164
159.53736737137334 150.77813954482588
160.1796025056161 151.54464723059567
160.82183763912468 152.31115491698063
161.46407277238592 153.07766260357283
162.10630790556377 153.8441702902349
162.74854303871354 154.6106779769205
163.3907781718538 155.37718566361403
164.03301330499093 156.14369335031023
164.67524843812697 156.91020103700734
165.31748357126264 157.67670872370476
165.9597187043982 158.44321641040227
166.6019538375337 159.2097240970998
167.2441889706692 159.97623178379737
167.8864241038047 160.74273947049494
168.5286592369402 161.5092471571925
169.1708943700757 162.27575484389007
169.8131295032112 163.04226253058766
170.4553646363467 163.80877021728523
171.0975997694822 164.5752779039828
171.73983490261767 165.34178559068036
172.38207003575315 166.1082932773779
173.02430516888862 166.87480096407546
173.66654030202412 167.64130865077303
174.30877543515962 168.4078163374706
174.9510105682951 169.1743240241682
175.5932457014306 169.94083171086572
176.2354808345661 170.70733939756326
176.87771596770156 171.47384708426083
177.51995110083703 172.2403547709584
178.16218623397253 173.00686245765596
178.80442136710803 173.77337014435352
179.4466565002435 174.5398778310511
180.088891633379 175.30638551774865
180.73112676651448 176.07289320444622
181.37336189964995 176.83940089114378
182.01559703278545 177.60590857784132
182.65783216592095 178.3724162645389
183.30006729905642 179.13892395123645
183.9423024321919 179.905431637934
184.58453756532737 180.67193932463158
185.22677269846287 181.43844701132912
185.86900783159837 182.20495469802668
186.51124296473387 182.97146238472425
187.15347809786934 183.7379700714218
187.7957132310048 184.50447775811938
188.4379483641403 185.27098544481692
189.0801834972758 186.03749313151448
189.72241863041128 186.80400081821205
190.36465376354676 187.57050850490964
191.00688889668226 188.33701619160718
191.64912402981776 189.1035238783047
192.29135916295326 189.8700315650023
192.93359429608876 190.63653925169984
193.57582942922423 191.40304693839738
194.21806456235967 192.16955462509495
194.86029969549514 192.9360623117925
195.50253482863064 193.70256999849005
196.14476996176614 194.4690776851876
196.78700509490162 195.23558537188518
197.42924022803712 196.00209305858277
198.07147536117262 196.7686007452803
198.7137104943081 197.5351084319779
199.3559456274436 198.30161611867544
199.9981807605791 199.06812380537298
200.6404158937146 199.83463149207057
201.2826510268501 200.60113917876814
201.9248861599856 201.3676468654657
202.56712129312103 202.1341545521633
203.20935642625653 202.90066223886083
203.85159155939203 203.66716992555837
204.4938266925275 204.43367761225596
205.136061825663 205.20018529895353
205.77829695879848 205.9666929856511
206.42053209193398 206.73320067234863
207.06276722506948 207.4997083590462
207.70500235820498 208.26621604574376
208.34723749134042 209.03272373244135
208.98947262447592 209.7992314191389
209.63170775761142 210.56573910583646
210.27394289074692 211.33224679253402
210.9161780238824 212.09875447923162
211.55841315701787 212.86526216592918
212.19558416279955 213.6359846253082
212.8355808884018 214.40436226112175
212.84905213882982 214.40563990185353
212.97928225822477 214.56106956056504
213.97811284617535 214.51272231079525
214.97694343413292 214.46437506102515
215.9757740220905 214.41602781125502
216.97460461004806 214.36768056148492
217.97343519800563 214.3193333117148
218.9722657859632 214.27098606194465
219.97109637392077 214.22263881217452
220.96992696187834 214.1742915624044
221.9687575498359 214.1259443126343
222.96758813779348 214.07759706286419
223.96641872575105 214.02924981309405
224.96524931370863 213.98090256332395
225.9640799016662 213.93255531355382
226.96291048962377 213.88420806378372
227.96174107758134 213.83586081401359
228.9605716655389 213.78751356424345
229.95940225349648 213.73916631447335
230.95823284145405 213.69081906470325
231.95706342941162 213.64247181493312
232.9558940173692 213.59412456516296
233.95472460532676 213.54577731539285
234.95355519328433 213.49743006562272
235.9523857812419 213.44908281585262
236.95121636919947 213.4007355660825
237.95004695715704 213.35238831631236
238.9488775451146 213.30404106654225
239.94770813307218 213.25569381677212
240.94653872102975 213.20734656700202
241.94536930898732 213.15899931723192
242.9441998969449 213.11065206746179
243.94303048490247 213.06230481769163
244.94186107286004 213.01395756792152
245.9406916608176 212.96561031815145
246.93952224877518 212.91726306838132
247.93835283673275 212.86891581861119
248.93718342469032 212.82056856884105
249.9360140126479 212.77222131907092
250.93484460060546 212.7238740693008
251.93367518856303 212.6755268195307
252.9325057765206 212.62717956976056
253.93133636447817 212.57883231999045
254.93016695243574 212.5304850702203
255.9289975403933 212.48213782045022
256.9278281283509 212.4337905706801
257.92665871630845 212.38544332090993
258.925489304266 212.33709607113985
259.9243198922236 212.28874882136972
260.92315048018116 212.2404015715996
261.92198106813873 212.19205432182946
262.9208116560963 212.14370707205939
263.9196422440539 212.09535982228925
264.91847283201145 212.04701257251912
265.917303419969 211.99866532274896
266.9161340079266 211.95031807297886
267.91496459588416 211.90197082320879
268.9137951838417 211.85362357343865
269.9126257717993 211.80527632366852
270.91145635975687 211.7569290738984
271.9102869477144 211.70858182412826
272.90911753567195 211.66023457435816
273.9079481236295 211.61188732458805
274.9067787115871 211.56354007481792
275.90560929954466 211.5151928250478
276.90443988750224 211.46684557527766
277.9032704754598 211.41849832550758
278.9021010634174 211.37015107573745
279.90093165137495 211.32180382596732
280.8997622393325 211.27345657619722
281.8985928272901 211.2251093264271
282.89742341524766 211.17676207665698
283.89625400320523 211.12841482688683
284.8950845911628 211.08006757711672
285.89391517912037 211.0317203273466
286.89274576707794 210.98337307757646
287.8915763550355 210.93502582780636
288.8904069429931 210.88667857803622
289.88923753095065 210.83833132826612
290.8880681189082 210.789984078496
291.8868987068658 210.74163682872586
292.88572929482336 210.69328957895576
293.88455988278093 210.64494232918562
294.8833904707385 210.59659507941552
295.8822210586961 210.5482478296454
296.88105164665365 210.49990057987526
297.8798822346112 210.45155333010516
298.8787128225688 210.40320608033502
299.87754341052636 210.35485883056492
300.8763739984839 210.3065115807948
301.8752045864415 210.2581643310247
302.87403517439907 210.20981708125453
303.87286576235664 210.1614698314844
304.84311735484255 210.4035686693142
305.7711312822231 210.77611417067988
306.6849872665626 211.18215264162427
307.59483605938533 211.5970926061963
308.5035133538182 212.01459179731177
309.41176872018445 212.43300808459873
310.31979327991854 212.85192502018353
311.22763359807345 213.2712410784646
312.13530295040925 213.69092708827463
313.04276793913095 214.11105480010082
313.95007367616137 214.5315263206009
314.85724778901215 214.95228174715345
315.76431528158014 215.37326697721073
316.67130109225957 215.79442815683933
317.578229467184 216.21571300436767
318.48471306982725 216.63795402338275
319.39106070081505 217.06048682897645
320.2973735907052 217.48309414744
321.20368987313645 217.90569419027003
322.1100269912163 218.32824954568616
323.01490945102745 218.75391107075748
323.9193816879358 219.18044356970913
324.8237591162418 219.60717705465115
325.72586610545045 220.03868948786806
326.62731458319115 220.47157589557682
327.5285929629987 220.90481633931623
328.4262550909319 221.34550069809745
329.3228416756558 221.7883691843245
330.21498057648347 222.24013038410823
331.10578458203804 222.6945181300785
331.9905932564643 223.16047264466135
332.8641098700379 223.64726698091732
333.7352213684211 224.13835226616277
334.5892703813432 224.65854481082934
335.44877592310894 225.1696712371409
336.2972084697324 225.69897475482242
337.1526369434715 226.21689572014088
337.9850972584668 226.77098039233272
338.8045138353962 227.3441788513792
339.6142714753592 227.93094333950162
340.4160303169435 228.5285910283129
341.2110090420837 229.13522833888194
342.00027215503576 229.74928349807632
342.78476912210033 230.3694161521645
343.56532757103446 230.9944989529177
344.3426535376102 231.62359699113358
345.1173570460359 232.25592164985954
345.88994512431714 232.890829250458
346.66080611355596 233.52783265332943
347.4302417482658 234.1665570101835
348.19853391630477 234.8066563341403
348.965942984585 235.4478141321287
349.73277686952747 236.08965974666853
350.4993782717877 236.7317830136918
351.2660721570256 237.3737958533912
352.0331197284729 238.01538608331734
352.80074944711595 238.65627968997603
353.574653591136 239.2895824421164
354.35921301106515 239.90963608221574
355.14996366773534 240.52177446442658
355.94195223420513 241.13231038522167
356.7328748483719 241.7442265709854
357.5534979294376 242.31569639418024
358.35327196986293 242.91599755548322
359.12852616231186 243.54764693377024
359.9204081672394 244.15832106149463
360.72087538207336 244.75769760255707
361.52843115340926 245.34748881661682
362.3431447319565 245.927352408275
363.1653043560743 246.49660942621196
363.99505103025916 247.05474960276183
364.83229639516605 247.6015769968653
365.67673146833727 248.1372349168089
366.5278862031927 248.66214978355697
367.38523743084045 249.17688162874512
368.2483593085052 249.68187729634678
369.1170954710209 250.17715245213137
369.99171698218225 250.66195881782167
370.8730557810933 251.13444365518055
371.7625302022369 251.5914286156893
372.66198623837386 252.02843987304638
373.57336737949356 252.4400032528693
374.4983074948067 252.8201161085905
375.4377612085214 253.16279193176393
376.39175921251484 253.46260488741558
377.3594730382788 253.71465637307924
378.3390977647388 253.91549311102347
379.32806878186716 254.0636022845412
380.32348370561647 254.15925336700863
381.3223605893653 254.20663449312627
382.3223578159558 254.2089896600582
383.32140872557835 254.16543188253996
384.3169414303188 254.0710145441318
385.30533864448364 253.91912330991684
386.2820233556513 253.70444453832698
387.2422134199907 253.42509701221687
388.1819934514329 253.08331712324954
389.0991703781969 252.6848369041524
389.99355510566096 252.23753839165875
390.8666719674871 251.75002742194118
391.72115249245155 251.23054399346972
392.56010076555793 250.68633282576752
393.3866051350483 250.12340252172146
394.2034436300861 249.54653609608692
395.0129536771732 248.95943007187574
395.8170118963626 248.36487950198793
396.617074436979 247.76496289853173
397.4142428287355 247.1612058652937
398.20933441378344 246.55471648254576
399.0029467176046 245.94629269009215
399.79551154374394 245.33650502510812
400.5873381204795 244.72575902849798
401.37863193284375 244.1143229300265
402.1695071188321 243.5023454466271
402.96000844052975 242.8898851128958
403.7501411855611 242.27694935343223
404.53989906703384 241.66353066391284
405.3292828127233 241.04963058894845
406.1183080322118 240.43526978045628
406.9070049909643 239.82048761801613
407.6954141046498 239.20533636063493
408.4835803101415 238.58987390644234
409.2715481994493 237.9741575712523
410.0593586706421 237.35823983203798
410.84704712018 236.742166048742
411.6346428538865 236.12597374089705
412.42224248730463 235.50978641756137
413.2100740327411 234.8938956350234
413.9984787670121 234.27873876480328
414.78782714459595 233.66479321444413
415.57842631082326 233.0524591892906
416.3704619292896 232.4419843093155
417.16398501544126 231.833444161302
417.958932420966 231.22676580957884
418.7551630433041 230.62177258973986
419.55259190451613 230.01835962061665
420.35130319353493 229.4166451727313
421.1515445207746 228.81696707726866
421.95362596339686 228.21975240949746
422.7578023611917 227.62536169521127
423.56419715055523 227.0339841138917
424.37278314997957 226.44560610484058
425.1835534322694 225.86024164627162
425.9966891444876 225.27816749849035
426.81256184221724 224.6999359349283
427.6315971569967 224.1261928276546
428.454268377186 223.55767540182472
429.2811232334098 222.99526003331215
430.1127154372514 222.43987331533094
430.9496423775616 221.89255869230047
431.79256579556784 221.3545251325882
432.6421033528638 220.8269969923495
433.49890387715794 220.31134899073473
434.3637074819744 219.8092387188856
435.2374366861176 219.3228260568101
434.6422003092399 220.12637671211536
433.91661855452315 220.81451268503216
433.13792959634475 221.44192284307158
432.3381795593617 222.0422559825414
431.53010251432295 222.63133279356134
430.7187488175365 223.21588833301922
429.90611431519744 223.79866201602843
429.09298237223993 224.3807414292893
428.27965825374775 224.96255229054827
427.46626019210225 225.5442597714279
426.6528337640103 226.12592758563255
425.83939647722286 226.70758021432414
425.0259550401188 227.2892270387821
424.21251201845917 227.87087164721004
423.3990683923032 228.45251541023532
422.5856245356647 229.03415885092477
421.7721805911825 229.61580216876257
420.9587366132301 230.1974454397913
420.14318156017123 230.77612493262833
419.3260281371568 231.35254516410524
418.50802735193713 231.92776226692814
417.68963655854645 232.50242434962843
416.8710786760254 233.07684840288752
416.0524520887922 233.65117453904625
415.23379795680097 234.225461411762
414.415132960414 234.79973279681502
413.5964637250609 235.37399813887077
412.7777928479289 235.94826114040916
411.95788560725305 236.5207575305177
411.13704084364076 237.0919088887848
410.3156985051726 237.6623444793992
409.494127020896 238.23244999263648
408.6724573399477 238.80241396992835
407.84639154349605 239.36598765626644
408.55149120790827 238.65687943938715
409.3065405102878 238.00121142051162
410.080140708157 237.36753742399867
410.86136140114354 236.74328248501163
411.645916346668 236.12322318345002
412.431981719609 235.50507981054767
413.2188495816177 234.88795829274272
414.006437926757 234.27175654120282
414.79499953574015 233.65680077951106
415.5848814459918 233.04354180659897
416.3763530695377 232.43233589275195
417.1695254336756 231.82333868358933
417.9643485209033 231.21649746876471
418.7606533724555 230.61160195432075
419.5582070259635 230.00835393751834
420.35690180044935 229.40661756899055
421.1568885491538 228.80659990100287
421.95852616563934 228.20878962019856
422.76221219261134 227.6137360343343
423.5682214287198 227.02183307665646
424.3766266270306 226.43320667957238
425.18730427189547 225.84771393314736
426.0002058824309 225.2653128929793
426.8155779035475 224.68637553265415
427.63391436226397 224.11163607834865
428.45572957647437 223.54188196147692
429.28156357130365 222.97796865875713
430.11203162697063 222.42090240729627
430.9477240150934 221.87170459918542
431.7892742630305 221.33152575824755
432.6373885682043 220.8017124653229
433.4926837741976 220.28357145111454
434.35581590284943 219.77859330456863
435.2275612362837 219.2886340474506
436.108928134913 218.8162016290027
437.0011890780658 218.3646815194571
437.9057069448471 217.93824579314725
438.82346938282745 217.54111595615143
439.75482091145227 217.17699464377284
440.6994513421607 216.84885846871802
441.656472309394 216.55883973091665
442.6245110400413 216.30803898138274
443.6018443794683 216.09633271401103
444.5865853780657 215.92230637783936
445.5768876864012 215.78337712208173
446.5711144856066 215.676078139133
447.56793696712225 215.59642300530547
448.56635884922264 215.540264788247
449.5656861561814 215.50359145233836
450.56546858918165 215.48273272121423
451.5654345315837 215.4744795984138
452.56543316630257 215.47613203915103
453.5653893348975 215.48549477854135
454.5652715911765 215.50083992690344
455.5650713488771 215.52085103636222
456.5647902730308 215.54455910859681
457.56443327216545 215.57127753446846
458.564005018402 215.60054055081372
459.56350852555084 215.63204831489094
460.56294481277905 215.6656207406519
461.56231304416997 215.70116139464903
462.5616107838066 215.73863175035993
463.5608341767462 215.77803493553935
464.5599779859178 215.8194070105912
465.55903549510464 215.86281315459598
466.55799832812227 215.90834620028153
467.55685623343896 215.9561257459721
468.55559685058176 216.00629724853258
469.55420542699375 216.0590315932842
470.5526644102438 216.1145262666085
471.5509528156199 216.1730092529522
472.5490452701109 216.23474621342177
473.5469106544526 216.300050690547
474.54451028345187 216.36929648623465
475.54179555064775 216.44293136814588
476.5387048900966 216.5214919748111
477.53515975924336 216.60562100519766
478.5310591105634 216.696089132405
479.5262714819387 216.79382518441037
480.5206233884329 216.8999585253134
481.5138821534046 217.01587671114686
482.50573070844 217.14329901639252
483.4957312614761 217.28436249496954
484.4832741812794 217.44171236483407
485.4675082356887 217.6185832955748
486.44724916355204 217.8188524002052
487.4208666632041 218.04703864950883
488.38615651180794 218.30821963691494
489.34021519508843 218.60783944409928
490.27934404223276 218.95140458852063
491.19901236234864 219.34410062997665
492.09390344401197 219.79038523867314
492.9580576114198 220.29361239906063
493.7851163129402 220.85572796034614
494.5686582443743 221.47706687083257
495.30504233649606 222.15363059205188
495.9906775258306 222.8815759108404
496.6208547421586 223.65802724609662
497.19086174903634 224.47966707723324
497.72459637095255 225.32531910576978
498.1749919621285 226.21814821116976
498.5573052486144 227.14218097626866
498.8790906796278 228.0889935957386
499.1464754883399 229.05258342760172
499.36562441380795 230.0282748483215
499.5428304652256 231.0124486212605
499.68428844040716 232.0023928829528
499.79482421715113 232.99626502868364
499.8781428765112 233.99278798426593
499.9381605417908 234.9909852993567
499.9794145427752 235.9901339906949
499.99434561691874 236.99002251599404
499.99844394404727 237.99001411781617
499.9995708849676 238.99001348281806
499.99988140351456 239.99001343460716
499.9999671491612 240.99001343093101
499.99999087949874 241.99001343064947
499.9999974619167 242.9900134306278
499.9999992920182 243.99001343062616
499.9999998020396 244.99001343062605
499.99999994451423 245.99001343062605
499.99999998441035 246.99001343062605
499.99943191171764 247.99001326927277
499.9992362589698 248.99001325013276
499.9991750084429 249.99001324825696
499.99917428869037 250.9900132482567
499.9992057583721 251.99001324776154
499.9992552991808 252.9900132465344
499.9993145316267 253.99001324478016
499.99937811646896 254.99001324275864
499.9994425743988 255.9900132406812
499.999505615021 256.99001323869413
499.9995657240477 257.9900132368876
499.9996219132564 258.990013235309
499.9996735719161 259.99001323397465
499.99972037571865 260.9900132328794
499.9997622247929 261.9900132320037
499.99979919509155 262.99001323132035
499.99983149610546 263.9900132307987
499.9998594327711 264.99001323040847
499.9998833716454 265.9900132301219
499.99990371202625 266.99001322991506
499.99992086251837 267.990013229768
499.9999352231097 268.9900132296649
499.9999471723977 269.9900132295935
499.9999570593163 270.9900132295446
499.9999651985586 271.99001322951153
499.9999718688688 272.99001322948925
499.9999773134283 273.9900132294744
499.9999817416689 274.99001322946464
499.9999853319699 275.9900132294582
499.99998823481917 276.990013229454
499.99999057613013 277.9900132294513
499.99999246050385 278.9900132294495
499.99999397429826 279.9900132294484
499.9999951884265 280.99001322944764
499.99999616084745 281.9900132294472
499.9999969387394 282.99001322944684
499.99999756037136 283.9900132294467
499.9999980566903 284.99001322944656
499.9999984526564 285.9900132294465
499.9999987683565 286.99001322944645
499.99999901992305 287.9900132294464
499.9999992202916 288.99001322944633
499.99999937981966 289.99001322944633
499.9999995067899 290.99001322944633
499.9999996078192 291.99001322944633
499.99999968818895 292.9900132294463
499.9999997521119 293.9900132294463
499.9999998029454 294.9900132294463
499.99999984336455 295.9900132294463
499.9999998754996 296.9900132294463
499.999999901046 297.9900132294463
499.9999999213532 298.9900132294463
499.9999999374947 299.9900132294463
499.9999999503245 300.9900132294463
499.99999996052156 301.9900132294463
499.99999996862584 302.9900132294463
499.99999997506677 303.9900132294463
499.99999998018563 304.9900132294463
499.9999999842538 305.9900132294463
499.9999999874867 306.9900132294463
499.9999999900559 307.9900132294463
499.9999999920976 308.9900132294463
499.9999999937202 309.9900132294463
499.99999999500966 310.9900132294463
499.9999999960343 311.9900132294463
499.99999999684866 312.9900132294463
499.9999999974957 313.9900132294463
499.99999999801 314.9900132294463
499.9999999984186 315.9900132294463
499.9999999987433 316.9900132294463
499.9999999990014 317.9900132294463
499.99999999920647 318.9900132294463
499.9999999993694 319.9900132294463
499.99999999949887 320.9900132294463
499.99999999960187 321.9900132294463
499.9999999996836 322.9900132294463
499.99999999974864 323.9900132294463
499.99999999980025 324.9900132294463
499.99999999984124 325.9900132294463
499.9999999998739 326.9900132294463
499.9999999998999 327.9900132294463
499.99999999992053 328.9900132294463
499.9999999999369 329.9900132294463
499.99999999994986 330.9900132294463
499.9999999999601 331.9900132294463
499.9999999999684 332.9900132294463
499.999999999975 333.9900132294463
499.9999999999802 334.9900132294463
499.9999999999843 335.9900132294463
499.99999999998755 336.9900132294463
499.9999999999902 337.9900132294463
499.9992473909645 336.99001351265645
499.9987058733276 335.9900136592771
499.9982675525555 334.99001375533965
499.9978752315984 333.9900138322975
499.997514537998 332.99001389734747
499.99717003966356 331.990013956687
499.9968329286767 330.9900140135089
499.99649898893574 329.9900140692668
499.99618176671925 328.99001411958176
499.99587547711485 327.99001416648844
499.995584198753 326.99001420890994
499.99530183006584 325.990014248776
499.9950237934073 324.99001428742815
499.99476072416684 323.99001432203085
499.99450727555626 322.9900143541489
499.99425864395937 321.99001438505775
499.99402868626225 320.990014411498
499.993810797562 319.99001443523576
499.9936118359723 318.9900144550286
499.9934243007274 317.9900144726133
499.993257014352 316.9900144866057
499.9931126895568 315.99001449702047
499.99298159762293 314.990014505613
499.99287421086825 313.99001451137894
499.9927955073397 312.99001451447606
499.9927487662834 311.9900145155684
499.9927381193187 310.99001451562515
499.99277034290515 309.99001451614436
499.992858136358 308.9900145199982
499.99306206068957 307.9900145407908
499.99600109240714 308.9900102218278
499.99721587274325 309.99000948398185
499.99777875799 310.9900093255619
499.9980901397599 311.99000927708255
499.99829952267805 312.99000925516197
499.99846304992195 313.9900092417914
499.99860218306907 314.9900092321124
499.9987254917429 315.9900092245099
499.99883672779 316.99000921832317
499.9989378144868 317.9900092132139
499.9990299542967 318.99000920896907
499.9991140413721 319.9900092054337
499.99919081724 320.9900092024865
499.99926093151566 321.99000920002845
499.9993249673465 322.99000919797817
499.99938345360295 323.9900091962678
499.9994368719482 324.99000919484104
499.9994856617999 325.99000919365085
499.9995302243111 326.9900091926579
499.99957092580524 327.9900091918296
499.9996081008371 328.9900091911386
499.9996420549622 329.99000919056215
499.99967306725625 330.99000919008125
499.99970139261177 331.9900091896801
499.99972726383453 332.9900091893454
499.99975089355814 333.9900091890662
499.99977244211993 334.99000918883405
499.99979225819476 335.9900091886377
499.999810843335 336.990009188465
499.99982867138533 337.9900091883061
499.9998460846339 338.9900091881545
499.9998632900425 339.99000918800647
499.9998803982036 340.99000918786015
499.99989746319204 341.9900091877146
499.9999145097753 342.9900091875693
499.9999315487546 343.9900091874241
499.99994858466846 344.99000918727904
499.99996396009334 345.9900091871608
499.9999779416913 346.99000918706304
499.999987378163 347.99000918701853
499.99999399587006 348.99000918699664
