18.03439740905895
332989
975
0.0 100.0
0.0 101.0
0.0 101.99999999999999
0.0 102.99999999999999
0.0 104.0
0.0 105.0
0.0 106.0
0.0 107.0
0.0 108.0
0.0 109.0
0.0 109.99999999999999
0.0 110.99999999999999
0.0 111.99999999999999
0.0 112.99999999999999
0.0 113.99999999999997
0.0 114.99999999999997
0.0 115.99999999999999
0.0 116.99999999999999
0.0 117.99999999999999
0.0 119.0
0.0 120.0
0.0 121.0
0.0 122.0
0.0 123.0
0.0 124.0
0.0 125.0
0.0 126.0
0.0 127.0
0.0 128.0
0.0 129.0
0.0 130.0
0.0 131.0
0.0 132.0
0.0 133.0
0.0 134.0
0.0 135.0
0.0 136.0
0.0 137.0
0.0 138.0
0.0 139.0
0.0 140.0
0.0 141.0
0.0 142.0
0.0 143.0
0.0 144.00000000000003
0.0 145.00000000000003
0.0 146.00000000000006
0.0 147.00000000000006
0.0 148.00000000000006
0.0 149.00000000000006
0.0 150.00000000000006
0.0 151.00000000000006
0.0 152.00000000000006
0.0 153.00000000000006
0.0 154.00000000000006
0.0 155.00000000000003
0.0 156.0
0.0 157.0
0.0 158.0
0.0 159.0
0.0 160.0
0.0 161.0
0.0 162.0
0.0 163.00000000000003
0.0 164.00000000000003
0.0 165.00000000000003
0.0 166.00000000000003
0.0 167.00000000000003
0.0 168.00000000000003
0.0 169.00000000000003
0.0 170.00000000000003
0.0 171.00000000000003
0.0 172.00000000000003
0.0 173.00000000000003
0.0 174.00000000000003
0.1359367544052036 174.99071751715707
0.3617951653985127 175.96487765706405
0.6928112836638132 176.90850275711628
1.1374120705158013 177.80423158903506
1.6960671455907628 178.6336316777094
2.3608268624896 179.38068891700806
3.116887665812352 180.03519030102413
3.9458389386938997 180.59451112773098
4.8292035936784075 181.06319746882076
5.750977315372353 181.45092573190522
6.6987168713672185 181.76997076634808
7.663485572980367 182.0330702767765
8.63921855012174 182.25203410328407
9.621954144080213 182.43704964956896
10.609163417062328 182.59647941886607
11.599248851056128 182.73694590381285
12.591201689990406 182.86355382351073
13.584380317085088 182.98015663086255
14.57837154618138 183.08961637907916
15.572905197842704 183.19403292811805
16.567801649093827 183.29493412378946
17.56293940623239 183.39342698808548
18.558234792980393 183.49031400020857
19.55362903352909 183.58618008327488
20.54907992794937 183.6814560865384
21.544556440107385 183.776464053266
22.540035169147433 183.87144878903345
23.535498055634164 183.9665994150298
24.53093090007326 184.06206381788178
25.52632241098641 184.15795823900228
26.521663588681324 184.25437369411662
27.516947309654867 184.35138047101935
28.51216801664681 184.44903160708265
29.507320912353823 184.54737139641506
30.502398102352082 184.6464743022512
31.49737974092003 184.74653198018063
32.49222249786769 184.847961211415
33.48685137384323 184.95146676235615
34.48114847896599 185.0581122814579
35.47494978134745 185.16928319215367
36.468063849194024 185.28643458243658
37.46031341604611 185.41069558630284
38.45158752134189 185.54251230819375
39.44013353385168 185.69343209202282
40.42292387631119 185.87815659707917
41.395710078624425 186.10986116023878
42.35321955481856 186.3982629684828
43.323960411204496 186.638392495495
44.30310313812002 186.84156611663815
45.28777126626156 187.01600429314271
46.276197245095254 187.1677082296989
47.267234617573884 187.3012931328529
48.26051347298997 187.41703904156373
49.25613554063057 187.51050934929327
50.254083623964846 187.57453764748595
51.25392609126841 187.55678826506488
52.253881358058266 187.56624682833944
53.25326561729075 187.60133389715867
54.25172444117361 187.65683143773896
55.24920215941365 187.72781172806407
56.24573828439899 187.81097272612934
57.24129077111815 187.9051812511538
58.23557984682826 188.011901604993
59.22789659422105 188.13562497725457
60.21680484144002 188.28415268033484
61.19966521669854 188.46850419984764
62.171963215460124 188.7022489358402
63.126559166429345 189.00015256185566
64.05316956229156 189.3761753993005
64.93852906700043 189.84108243024508
65.76761184423779 190.40020830917433
66.5259042132059 191.05212293791396
67.20212320684467 191.78882360483516
67.79038158363534 192.597496642679
68.29098500369535 193.46317338132008
68.70972314783697 194.37128040510134
69.0561744647897 195.30934835838707
69.34176936983259 196.26769879023
69.57816647187917 197.23935531912485
69.77616884802319 198.21955685913656
69.94430989070658 199.20531980719528
70.08863936995999 200.19484949417716
70.21320695754878 201.18706061894966
70.31300326640138 202.18206850672715
70.40916484803827 203.17743424363852
70.50356270611016 204.1729687957217
70.59698239245475 205.16859561446617
70.68982621453014 206.16427629857247
70.782361066292 207.15998574475114
70.87480751685658 208.1557034024122
70.90162314671105 208.44452786224085
70.97548249719867 209.2586244696186
70.97709310224062 209.25739592677945
70.97548113003378 209.25860940037828
70.97709310225918 209.2573959267616
71.77602260944232 208.65597124938955
72.57436740958968 208.05377063491156
73.36820267378756 207.44563777663478
74.16203793798545 206.837504918358
74.97262477150163 206.25188645439857
75.8645691735691 205.79974136306117
76.78051915371552 205.39844890877163
77.70140513431124 205.00861687988967
78.6226986900941 204.61974905649333
79.54358720870937 204.22992302313668
80.46402981323929 203.83904527784262
81.38410095695322 203.44729396577722
82.3038721606637 203.05483895838785
83.22339854519818 202.66181067932266
84.14272150097007 202.26830680006498
85.06187235261403 201.8744010855568
85.98087512616866 201.4801500206262
86.89974849926642 201.08559745858673
87.81850717797401 200.69077789182305
88.73716288273707 200.29571878724968
89.65572506516631 199.90044228021844
90.61042472740658 199.6028711880097
91.53465938708078 199.22104623615752
92.4525367386244 198.8241820685595
93.36949571917891 198.4252005802917
94.28632030770564 198.02591036769837
95.20310516427469 197.6265289375271
96.11986280015036 197.22708502774293
97.03659685069722 196.82758699199317
97.95773877256346 196.43836011756053
98.87456830282585 196.0390812520557
99.7911595035504 195.6392555765991
100.70767935914185 195.2392663838618
101.62416460705433 194.83919790177555
102.5406326467305 194.43909000101365
103.45709212321117 194.03896248637767
104.37354733850526 193.63882521198266
105.29000043340055 193.23868308116306
106.2064524731789 192.83853853379784
107.12290398793027 192.43839278396422
108.03935524142835 192.0382464357842
108.95580636492708 191.6380997898681
109.87225742373829 191.23795299579896
110.78870845036109 190.8378061280091
111.70515946096695 190.43765922353592
112.62665544705736 190.0492713405899
113.55502803479612 189.6776205120758
114.473642165225 189.2824647461095
115.3813916866803 188.86295216429858
116.28914120813562 188.44343958248766
117.20516626367188 188.04231853139487
118.12253858061564 187.6442883414529
119.04049014627441 187.2475958621889
119.95872731742979 186.85156493219912
120.87710640614308 186.4558632144695
121.79555607494804 186.06032534539492
122.71404085671814 185.66486901954246
123.6391661764576 185.285207140001
124.57996916008639 184.94625324048786
125.51435138047206 184.58998106050865
126.44419758221818 184.22203263871788
127.37097611688243 183.84642440174008
128.29575478070373 183.46591891828297
129.21927235755274 183.08236281384592
130.14202072413772 182.69695984036912
131.06431700257548 182.31047623815567
131.98635952012387 181.92338762319395
132.90826810950392 181.53598014672085
133.83011173450456 181.14841811162754
134.75192677726545 180.76078809867744
135.6737288443768 180.37312723004453
136.595520262965 179.9854410417206
137.51729480582722 179.5977147308631
138.43904068668564 179.20992028644628
139.36074250501105 178.82202112674673
140.2823974537024 178.43401061715616
141.20405240239373 178.04600010756556
142.1255521812254 177.65762122346757
143.04702746252363 177.2691842196222
143.96833030643805 176.88033840211187
144.88942712245208 176.49100479769427
145.81034596396887 176.10125040408292
146.73107230910736 175.71104148905417
147.65159293556582 175.32034752152393
148.57193733053398 174.92923859213127
149.49202102271 174.5375167528221
150.41188689920048 174.14528369803398
151.3315178847062 173.75250023288075
152.25090986767879 173.35915765745096
153.1700611177679 172.96525287268736
154.08897064785987 172.57078452730818
155.00763763082315 172.17575164967246
155.9260609023558 171.78015249104433
156.8442385070913 171.38398347892678
157.7621673083762 170.9872383267552
158.67984268386715 170.58990734983854
159.59725832779895 170.1919770339927
160.51440618008962 169.79342990122348
161.43127650240962 169.39424471606648
162.28899607350633 168.88012689167437
163.16854137248623 168.4043117310896
164.0622548441962 167.95567353556436
164.96506141857367 167.5256266901384
165.87364404851925 167.10792152550528
166.7858538694475 166.6981981522373
167.70030931367324 166.29351155680092
168.61612871845955 165.89192119608882
169.53275315085946 165.49217171212723
170.44982952543413 165.09346013316693
171.36713487659694 164.695275637326
172.28452581435118 164.29728836701906
173.20190526635565 163.8992746222313
174.11920076899463 163.50106743892303
175.03634988286282 163.10252320934393
175.95328937940468 162.70349694494328
176.86994553930637 162.3038202199338
177.786223039483 161.90327616159553
178.701989224464 161.5015644559591
179.61704847740424 161.09824502472816
180.53109665480625 160.69263939189247
181.44363667910824 160.28365197882584
182.3538355602853 159.86948052072665
183.26044057490662 159.44750025168148
184.16230974216558 159.01549098656363
185.05931534247088 158.5734718093542
185.95329238988086 158.12535905713204
186.8482592949225 157.679226522026
187.74740008818966 157.24156702666124
188.64654088145681 156.80390753129646
189.58820204347188 156.46734512110714
190.5343073181511 156.143485878188
191.47523057976582 155.80486600908353
192.4100318391482 155.44969477508909
193.34013735681432 155.08240234934772
194.26703202024729 154.7070807766937
195.1917909801867 154.32652740854184
196.1150886178407 153.94244216760885
197.03735526575406 153.55588786334272
197.95887410415736 153.16755420465753
198.8798370909239 152.77790413471527
199.8003784770883 152.38725908309098
200.72059530370228 151.9958501000355
201.64056017900035 151.60384929873814
202.56032944772045 151.211389756469
203.47994856700345 150.81857850987697
204.39945574049537 150.42550528782172
205.318884417572 150.032248491607
206.23826500037077 149.63887927068018
207.15762593783606 149.24546413794764
208.07699428103808 148.85206631192676
208.9963957087591 148.45874581321794
209.91587232036068 148.06560110612185
210.83544143077881 147.67267280329196
211.7551117841207 147.2799815235516
212.67488874533007 146.8875400099111
213.5947719644883 146.49534762968037
214.51475266510693 146.1033839700265
215.44978597275207 145.74882408285055
216.3702026880643 145.35788537899293
217.28938983856355 144.96406437605245
218.20828992756742 144.56957403849188
219.12705963715317 144.1747801419487
220.04232602312354 143.77193098567213
220.9555646698367 143.36450593225797
221.8677727928075 142.9547787786715
222.7794649577577 142.5439048364844
223.69089954951104 142.13245984021464
224.60220569935015 141.7207304372503
225.51344783378732 141.30885937438433
226.4246580712694 140.89691774853435
227.33585241751106 140.4849409732457
228.24703884715836 140.07294668878706
229.15300488670343 139.64959631948165
230.0559261284869 139.21979028051032
230.95729539757437 138.7867389662937
231.8578866153099 138.35207189998016
232.75808919532457 137.91660052900968
233.6580979331173 137.48072867640073
234.55801005513052 137.04465738331479
235.45113831939074 136.5948553117549
236.34030199687052 136.1372660257673
237.22744227027317 135.67576615002832
238.11356758429378 135.21232043815704
238.9991858325003 134.74790648655394
239.8845511701274 134.28301056386968
240.7591161410898 133.79810221008978
241.6273199246762 133.3018944006326
242.4922641614559 132.8000264227125
243.35557054686973 132.29534624190123
244.20420198017052 131.76636165761371
245.04421172516578 131.22379034588317
245.8798003951156 130.67443474642914
246.69379575774096 130.0935633754489
247.49510772780081 129.4953166649366
248.2899051869332 128.88844188464273
249.0437074158411 128.23134052283206
249.7411909015471 127.51473966658958
250.40628769808183 126.76798250978473
250.98296711979813 125.95101198120433
251.42796130602667 125.05547852330184
251.70353367483185 124.09419819501508
251.78431742399798 123.09746654312944
251.6699638007213 122.10402643479705
251.36544066989612 121.15152149371148
250.95632927692583 120.23903704554706
250.49241879697436 119.35315496163793
250.0292648729339 118.46687710303716
249.64955356977148 117.54177206778404
249.4469844045845 116.56250410991171
249.59635571931696 115.57372293577099
250.0205543681888 114.66815377425141
250.65070415335458 113.8916801763387
251.43454033905473 113.27071251696582
252.28732260569384 112.7484459129159
253.176822868014 112.29151125310955
254.08905280275943 111.88183266426904
255.01627289263232 111.50731576887428
255.95361361718912 111.15890169612842
256.8978930751136 110.82975688705214
257.84701180339135 110.51483842199755
258.79957012139033 110.21048229702058
259.75461883728605 109.91403339709696
260.71149581374067 109.62353993429434
261.66972620792177 109.33754253628598
262.628966516874 109.05495090569293
263.5889699443529 108.7749626573167
264.5495609512588 108.49699698056587
265.5106155952154 108.22063856956778
266.47204679093426 107.94559301716113
267.433793479592 107.67165268267959
268.39581257364256 107.39867051717755
269.35807286331055 107.12653978585881
270.31407339719595 106.83317486087483
271.2777404665562 106.56606855351647
272.2414075359165 106.29896224615811
273.2078227688345 106.04197664814905
274.1715886162095 105.77522696879862
275.13506469214576 105.5074325493303
276.0985371663663 105.23962517187537
277.06206700684186 104.97202426284642
278.02566668832156 104.70467495229519
278.9893330272413 104.43756600966483
279.9530580706193 104.17066894942249
280.9168330178637 103.90395215005657
281.8806496022926 103.63738585139929
282.84450052631763 103.37094374463675
283.8083795396388 103.10460327140943
284.7722824419299 102.8383492668296
285.73620908760284 102.57218123388479
286.7001651003479 102.3061195765708
287.6641620637695 102.04020633035343
288.62821594861975 101.7744995236942
289.59234442628446 101.50906350775833
290.5565640204257 101.2439586713744
291.52088785385223 100.97923325837915
292.4853243513324 100.71491859301197
293.44987689980104 100.45102774200987
294.4145442500781 100.18755686447422
295.3793213701744 99.92448822601894
296.3442004836013 99.66179392369664
297.3091720953441 99.39943960501562
298.2742258856181 99.13738773633739
299.2393514167751 98.87560020968859
300.2045386446668 98.61404024502522
301.16977825313256 98.35267364760155
302.13506297595785 98.09147371674383
303.10038992920033 97.83042990175556
304.065762565751 97.56955508005142
305.031190945729 97.30888662562502
305.9966900829946 97.04848037389637
306.9622770763211 96.78840008183508
307.9279680531507 96.52870615185248
308.89377574211665 96.269446614064
309.85970806402156 96.01065181214682
310.82576774497784 95.75233283717462
311.79195272200747 95.49448289988109
312.75825703183216 95.23708052845794
313.7246718984514 94.98009355295655
314.69118680911174 94.72348309434018
315.65779045099146 94.46720707223733
316.624471450513 94.21122300014682
317.5912201550106 93.95549474134039
318.5580314611624 93.70000325753496
319.52490715716107 93.44475555727686
320.4918563478226 93.18978641663627
321.45889371216947 92.93515190217073
322.426036387732 92.68091766941332
323.3933006253815 92.42714632634193
324.3606991221678 92.17388727237599
325.3282394667539 91.921170669047
326.2959237044993 91.66900561195301
327.2637487708341 91.41738160480338
328.23170745351484 91.16627208960517
329.19978957177585 90.91563886694055
330.1679831419762 90.66543652757764
331.1362767426165 90.41562159015562
332.10466299480964 90.16616604990188
333.07314145128464 89.91706872084386
334.0417193315992 89.6683582671727
335.0104098381263 89.42008683795805
335.9792289249536 89.17231763688737
336.9481917705451 88.92511123757073
337.91730994726333 88.6785144826154
338.8865897667153 88.43255385242603
339.8560318152939 88.18723342024026
340.8256314134392 87.94253642541523
341.7953796361887 87.69842910378377
342.7652645617477 87.45486549571902
343.73539687937 87.2122891442237
344.7060811689148 86.97193105713082
345.6776873627296 86.73532715999326
346.65041266182425 86.50336705027351
347.62411369118126 86.2755374968153
348.5982901111597 86.04974931564108
349.57217809782526 85.82272026589517
350.5448768773188 85.59064897432346
351.5154629678759 85.34989465802366
352.4830819605999 85.09747935555623
353.4470196213114 84.83135121675473
354.40675146833905 84.5504334675809
355.36196726806605 84.25452338672544
356.3125692403691 83.9441109348916
357.2586477870323 83.62017362067229
358.20044249698697 83.28398509573222
359.1382972792691 82.93695713237693
360.0726170737516 82.58052127329663
361.00383096900157 82.21604811750402
361.9323639010676 81.84479807498704
362.8586170829401 81.4678961738627
363.7829560960047 81.08632391474688
364.7057050441654 80.7009223337067
365.62714510767023 80.31240179452219
366.5475160272421 79.92135528781704
367.4670193461214 79.52827304887707
368.38582254415684 79.13355709622263
369.3040634668112 78.73753486457032
370.221854665771 78.34047150046834
371.13928742656464 77.94258064932636
372.0564353697717 77.54403372577652
372.97335758607335 77.14496775472358
373.89127327542275 76.74819226751927
374.80811040713144 76.34893085701215
375.72447457616704 75.94858511929576
376.64066368809637 75.54783892632298
377.5567890030695 75.14694691185355
378.47289110337067 74.74600185099878
379.3889847581738 74.34503749394256
380.3050753406946 73.94406611763652
381.2211648056117 73.54309218797542
382.1372538639814 73.1421173294927
383.05334277446303 72.74114213313685
383.969431631148 72.34016681387445
384.88552046826356 71.93919144990281
385.80160929826053 71.53821606966761
386.717698125668 71.13724068351615
387.63378695213345 70.73626529521266
388.54987577825625 70.33528990612633
389.4659646042544 69.93431451675522
390.3820534302071 69.53333912728037
391.2981422561435 69.13236373776803
392.21423108207375 68.73138834824191
393.1303199080019 68.33041295871082
394.04640873392924 67.92943756917786
394.9624975598562 67.52846217964428
395.87858638578314 67.12748679011044
396.79467521171 66.72651140057658
397.7107640376369 66.32553601104269
398.62685286356384 65.92456062150873
399.54294168949065 65.52358523197472
400.45903051541757 65.12260984244082
401.3751193413445 64.7216344529068
402.29120816727135 64.32065906337282
403.2072969931982 63.919683673838854
404.1233858191251 63.518708284304935
405.03947464505194 63.11773289477102
405.9555634709788 62.716757505237055
406.8716522969057 62.31578211570307
407.78774112283264 61.914806726169104
408.7038299487595 61.513831336635114
409.6199187746864 61.11285594710118
410.5360076006133 60.71188055756719
411.45209642654015 60.31090516803324
412.3681852524671 59.909929778499276
413.284274078394 59.50895438896531
414.20036290432085 59.10797899943133
415.1164517302478 58.707003609897384
416.03254055617464 58.30602822036339
416.9486293821015 57.90505283082942
417.86471820802836 57.50407744129545
418.7808070339553 57.103102051761525
419.69689585988215 56.70212666222756
420.612984685809 56.30115127269363
421.5290735117359 55.90017588315961
422.4451623376628 55.49920049362567
423.36125116358966 55.0982251040917
424.2773399895166 54.69724971455778
425.19342881544344 54.29627432502382
426.1095176413703 53.89529893548985
427.02560646729717 53.4943235459559
427.94169529322403 53.09334815642192
428.8577841191509 52.692372766887985
429.77387294507776 52.291397377354016
430.6899617710046 51.890421987820005
431.6060505969315 51.48944659828606
432.5221394228584 51.088471208752146
433.4382282487853 50.687495819218185
434.3543170747122 50.286520429684174
435.2704059006391 49.88554504015022
436.186494726566 49.48456965061627
437.1025835524929 49.08359426108229
438.0186723784198 48.68261887154833
438.93476120434667 48.28164348201435
439.8508500302736 47.88066809248039
440.76693885620045 47.47969270294637
441.6830276821273 47.078717313412405
442.59911650805424 46.67774192387847
443.5152053339811 46.276766534344496
444.43129415990796 45.87579114481056
445.3473829858348 45.47481575527662
446.2634718117617 45.07384036574267
447.17956063768855 44.67286497620868
448.0956494636155 44.27188958667477
449.01173828954234 43.87091419714079
449.9278271154692 43.46993880760684
450.84391594139606 43.06896341807287
451.760004767323 42.667988028538936
452.6760935932499 42.267012639004975
453.59218241917677 41.86603724947095
454.50827124510363 41.46506185993698
455.42436007103055 41.06408647040306
456.3404488969574 40.663111080869086
457.25653772288433 40.262135691335146
458.1726265488111 39.861160301800844
458.59074461197406 39.678148514621796
458.45213086218996 40.66849503396278
458.4093467441357 40.97417251880222
458.4165538332094 41.974146547398504
458.32939610587067 42.97034107185904
458.20662055551225 43.96277553530445
458.0716423351441 44.95362410094213
457.93254093198004 45.94390224350501
457.7919424489172 46.93396894154127
457.6407297485648 47.922470190529936
457.46794125383116 48.907429142003394
457.2100988880763 49.8736161396503
457.0392242449459 50.85890891661309
456.89189232925594 51.84799602431349
456.75060733771204 52.8379649890616
456.6110197178417 53.82817471249343
456.47199711982444 54.818463921381685
456.33319701827406 55.80878434013998
456.1944948642514 56.79911848196761
456.055838409173 57.78945902312762
455.91720386124666 58.77980263123607
455.778579944661 59.770147727528496
455.63996121632164 60.76049355003374
455.5013450265522 61.750839727859365
455.36273008044157 62.74118607975588
455.2241157439781 63.731532516982156
455.08550170645657 64.72187899604995
454.94688781554424 65.71222549563792
454.8082739965385 66.70257200529029
454.66966021280143 67.69291851987904
454.5310464463635 68.68326503688908
454.3924326884106 69.67361155508672
454.2538189346199 70.66395807386692
454.11520518287045 71.65430459293282
453.97659143212246 72.64465111213889
453.8379776818655 73.63499763141368
453.69936393184935 74.62534415072219
453.5607501819515 75.61569067004724
453.42213643211153 76.6060371893804
453.28352268230014 77.59638370871755
453.1449089325026 78.58673022805664
453.00629518271194 79.5770767473967
452.86768143292466 80.56742326673724
452.7290676831391 81.557769786078
452.5904539333541 82.54811630541886
452.4518401835695 83.53846282475976
452.3132264337852 84.52880934410072
452.174612684001 85.5191558634417
452.0359989342169 86.50950238278267
451.8973851844328 87.49984890212365
451.7587714346487 88.49019542146462
451.6201576848645 89.4805419408056
451.4815439350804 90.47088846014658
451.3429301852963 91.46123497948756
451.2043164355122 92.45158149882855
451.06570268572807 93.44192801816952
450.92708893594397 94.4322745375105
450.7884751861599 95.42262105685148
450.64986143637583 96.41296757619246
450.5112476865917 97.40331409553343
450.37263393680746 98.39366061487439
450.2340201870234 99.38400713421538
450.09540643723926 100.37435365355635
449.95679268745516 101.36470017289734
449.81817893767106 102.35504669223832
449.679565187887 103.34539321157929
449.5409514381029 104.33573973092027
449.4023376883189 105.32608625026126
449.2637239385347 106.31643276960223
449.12511018875057 107.3067792889432
448.98649643896647 108.29712580828418
448.8478826891823 109.28747232762515
448.70926893939827 110.27781884696614
448.5706551896142 111.26816536630713
448.4320414398301 112.2585118856481
448.293427690046 113.2488584049891
448.1548139402619 114.23920492433007
448.01620019047783 115.22955144367106
447.8775864406937 116.21989796301202
447.73897269090946 117.21024448235298
447.60035894112536 118.20059100169395
447.4617451913414 119.19093752103494
447.3231314415572 120.18128404037591
447.1845176917732 121.17163055971689
447.04590394198914 122.16197707905788
446.907290192205 123.15232359839885
446.7686764424209 124.14267011773983
446.6300626926367 125.1330166370808
446.4914489428526 126.12336315642177
446.3528351930684 127.11370967576273
446.2142214432844 128.1040561951037
446.07560769350016 129.0944027144447
445.9369939437161 130.0847492337857
445.798380193932 131.07509575312667
445.6597664441479 132.06544227246766
445.5211526943639 133.05578879180865
445.3825389445798 134.04613531114964
445.2439251947957 135.03648183049063
445.10531144501164 136.02682834983162
444.9666976952274 137.01717486917258
444.8280839454433 138.00752138851357
444.6894701956593 138.99786790785456
444.55085644587507 139.98821442719552
444.412242696091 140.9785609465365
444.2736289463069 141.9689074658775
444.13501519652283 142.95925398521848
443.99640144673873 143.94960050455947
443.8577876969545 144.93994702390043
443.7191739471705 145.93029354324142
443.5805601973863 146.92064006258238
443.4419464476023 147.91098658192337
443.3033326978181 148.90133310126436
443.16471894803396 149.89167962060532
443.0261051982498 150.8820261399463
442.8874914484657 151.87237265928727
442.74887769868167 152.86271917862825
442.61026394889757 153.8530656979692
442.47165019911347 154.8434122173102
442.3330364493294 155.8337587366512
442.1944226995453 156.82410525599218
442.0558089497612 157.81445177533317
441.9171951999771 158.80479829467413
441.778581450193 159.7951448140151
441.6399677004089 160.78549133335608
441.5013539506248 161.77583785269704
441.3627402008406 162.766184372038
441.2241264510566 163.756530891379
441.08551270127253 164.74687741072
440.9468989514883 165.73722393006096
440.8082852017042 166.72757044940195
440.6696714519201 167.7179169687429
440.531057702136 168.7082634880839
440.39244395235187 169.69861000742486
440.25383020256777 170.68895652676585
440.11521645278367 171.67930304610684
439.97660270299957 172.6696495654478
439.8379889532154 173.65999608478876
439.6993752034313 174.65034260412975
439.5607614536473 175.64068912347074
439.4221477038631 176.6310356428117
439.2835339540791 177.62138216215268
439.1449202042949 178.61172868149367
439.0063064545108 179.60207520083466
438.8676927047268 180.59242172017562
438.72907895494274 181.5827682395166
438.5904652051586 182.5731147588576
438.45185145537454 183.5634612781986
438.3132377055903 184.55380779753955
438.1746239558062 185.54415431688054
438.036010206022 186.5345008362215
437.8973964562379 187.52484735556249
437.7587827064538 188.51519387490345
437.62016895666983 189.50554039424443
437.48155520688573 190.49588691358542
437.3429414571017 191.48623343292644
437.2043277073175 192.4765799522674
437.218803319699 193.47647517510137
437.50251213720907 194.4353856541697
438.1196780914924 195.2222186636917
438.99519174528166 195.70541204322888
439.9715469219938 195.92158458752507
440.9260875519508 195.6235037498964
441.4737297182624 194.7867911004895
441.6750924919065 193.80727436587472
441.75749170435165 192.81067496301097
441.80686406727 191.81189452178282
441.8468175191708 190.81269297970977
441.88370235937543 189.8133734569529
441.91941050354336 188.81401119608844
441.9546073690296 187.81463079771157
441.9895658971136 186.8152420338593
442.02440959894676 185.81584925999982
442.0591971959889 184.81645453163065
442.09395722192716 183.81705884392895
442.1287036676347 182.817662683985
442.1634434182572 181.81826629129253
442.1981798669997 180.81886978382977
442.2312838889954 179.81941787216633
442.2624646242826 178.81990410950624
442.2922301024207 177.820347199515
442.32114312542717 176.82076526835547
442.34959096380373 175.82116999000942
442.3777974453468 174.82156787196496
442.40588188110047 173.82196231752442
442.44230522022946 172.82262586749036
442.48859781834904 171.82369794448522
442.54215777172914 170.8251333089238
442.63659759830523 169.82960273724038
443.1227930736324 170.70345281578443
443.5553317101003 171.60506821492228
443.93804371159854 172.5289359131936
444.2796620879992 173.46877466793046
444.5901400269305 174.41935525338178
444.8784884184143 175.37688081707643
445.1519148300444 176.3387737411709
445.41575999440323 177.30333878783415
445.6738013319699 178.26947266474087
445.92865646925554 179.2364519090885
446.18215355595294 180.20378805905705
446.4356182213926 181.1711327046584
446.6900704822991 182.13821804056187
446.9463440298872 183.1048223385073
447.20514659775023 184.07075257970874
447.46708048163055 185.0358383999731
447.7326401573556 185.99993282409804
448.00220069752334 186.96291626901518
448.2760068920933 187.92470115547115
448.5541690697126 188.88523527924923
448.83666806403426 189.84450287393136
449.12336898154115 190.80252301145498
449.41404163008684 191.75934557148761
449.70838465863034 192.71504541011262
450.0060504538528 193.6697155491421
450.3066683617911 194.62346020754222
450.60986457264937 195.5763883568385
450.91527767946445 196.52860830736756
451.2225693452143 197.48022368773962
451.53142986790647 198.4313310305366
451.84157896820165 199.3820189580849
452.1527628436054 200.33236868091788
452.4647491708905 201.2824552725437
452.7773219801403 202.23234907656482
453.0902780359231 203.1821166834818
453.4034256573303 204.13182114656865
453.71658605938933 205.0815213953747
454.02959658256145 206.03127105311802
454.34231723584213 206.98111619471305
454.65464114081243 207.9310918672353
454.9665052311542 208.88121858991775
455.27789504519706 209.8315008552002
455.58883953731345 210.78192892866105
455.89939668535374 211.73248363923855
456.20963471082825 212.68314255154604
456.5196148582037 213.63388558109352
456.8293800870446 214.58469865578334
457.1400121230472 215.53522889633803
457.45705636502214 216.48363964523878
457.7847357289808 217.42842863460925
458.1260718736047 218.36836992871932
458.4585915058598 219.31146626216832
458.7848631908009 220.25674229995076
459.1068423248754 221.2034890650472
459.4259723678357 222.15119999971037
459.7432812297026 223.0995222477784
460.05947855177305 224.04821569326828
460.3750443884678 224.99711937790187
460.69031214281796 225.94612214031463
461.0055493514751 226.89513504975162
461.3210251968544 227.84406865700885
461.6370459564214 228.7928209321169
461.953949397722 229.74127873765798
462.27206695900605 230.68933001116733
462.59167442851964 231.6368800443746
462.91295176481754 232.58386519377314
463.23596374542524 233.53026006927908
463.56470972599186 234.47467845128003
463.90684509387904 235.4143291257547
464.2720437411991 236.3452587407072
464.67078849579275 237.26232069100507
465.1133700472112 238.1590489499241
465.52599542478777 239.0699497665775
465.92019338202 239.98897532145287
466.30348797379554 240.91260146655466
466.68033673028543 241.8388762717459
467.05304297135103 242.76682565499414
467.4224964787863 243.69607487121323
467.78872161108103 244.62660114836808
468.15125240360584 245.55857294218555
468.50936341832426 246.49225195616057
468.8621917125506 247.42794004243362
469.2087944478774 248.3659520593417
469.54818983909115 249.30659586462764
469.8794179618874 250.25014656844218
470.20163368029176 251.1968128405852
470.51421744302274 252.1467030401751
470.8168737291795 253.09980281063457
471.10968795733595 254.05597216163324
471.3931274530314 255.01496228268758
471.6679908493437 255.9764455708251
471.93532365541085 256.9400498312973
472.19632166096915 257.9053891711642
472.4573196665275 258.870728511031
472.71151262183815 259.8378820363156
472.95890929622385 260.8067963181295
473.205890196262 261.7758166662215
473.45071464181706 262.7453840908283
473.6958267679114 263.71487882812266
473.9419849645703 264.6841084924529
474.18969132595936 265.6529436479501
474.43932321061726 266.6212844568403
474.691169482654 267.5890517094694
474.94545232864687 268.55618160469226
475.2023385930424 269.52262324657494
475.4581842905286 270.4893408780878
475.7098083848897 271.4571659217485
475.9314405476809 272.432296264019
476.19421356180635 273.39715394422234
476.46410418045696 274.3600449318032
476.7385166928694 275.32165700173135
477.01658945893405 276.2822170137937
477.29784848281537 277.24184890232453
477.58198611667103 278.2006324050127
477.8687423391852 279.15863599000045
478.1578448986404 280.11593412021716
478.4489929388489 281.0726121322373
478.7480964274196 282.02683281065754
479.0623134861171 282.97618397857354
479.3983829807304 283.91802116980693
479.7793966321982 284.84259058169283
480.1046561679524 285.7882153669015
480.41973507857233 286.73728084413824
480.7288992990238 287.6882895111822
481.03444427686196 288.64046715559414
481.3377650501007 289.59335566351194
481.6397205105819 290.5466776971845
481.94085217135347 291.50026026984455
482.23727362279277 292.4553175053685
482.5147988640378 293.4160358514366
482.79098476289016 294.3771400857812
483.0776417985529 295.33517335446504
483.37193729403424 296.29088783135626
483.6721594461201 297.24475714074663
483.97447440090457 298.19796523351215
484.2780132138421 299.1507843081745
484.58222529649004 300.1033886377736
484.8867223351128 301.0559019203424
485.1911321023232 302.00844309720924
485.4949992147421 302.961157523462
485.79777798212257 303.91421839141515
486.0989197309606 304.86779777830793
486.3980086696188 305.8220230173224
486.69488234712816 306.7769397778843
486.9896890506895 307.732496687511
487.2768570728939 308.69037691333426
487.5397153147536 309.65521137824857
487.76153687107353 310.630298654933
487.9255081338866 311.61676377087554
488.063650788682 312.60717611274436
488.1608388690802 313.60244214603824
488.3692457427496 314.58048436138847
488.63901469589297 315.5434094425448
488.9420774021869 316.496380059119
489.2631754912556 317.44342600161417
489.5941874406379 318.3870525640668
489.9309094700317 319.3286566607661
490.2713346685845 320.26892826205494
490.61485698872866 321.2080727746635
490.96215341830896 322.14582817454175
491.3157035948543 323.0812437360248
491.67933618894506 324.0127861862195
492.0533723084518 324.94020032311
492.4306309693031 325.86630825570353
492.7944653603176 326.79777190819624
493.12347271856925 327.74209926574565
493.4524800768209 328.68642662329506
493.73070935128993 329.64694131387944
493.98758733353674 330.6133851571713
494.26591739903813 331.5738706462017
494.55905975700546 332.529939450193
494.8613576546181 333.4831529525622
495.1695535289601 334.4344758751487
495.4817060561877 335.38450787447573
495.7965394922213 336.33365481123275
496.11310853138446 337.28222428335556
496.43060165807634 338.23048485645955
496.748148471017 339.17872745284046
497.06461571943123 340.1273308898367
497.3786362737684 341.07674707437
497.6888521538476 342.0274132133203
497.9939789784911 342.9797249379583
498.297675557266 343.9324937388961
498.59041923192683 344.88868469312337
