6.267625268938681
277816
653
0.0 100.0
0.0 101.0
0.0 102.0
0.0 103.0
0.0 104.0
0.0 105.0
0.0 106.0
0.0 107.0
0.0 108.0
0.0 109.0
0.0 110.0
0.0 111.0
0.0 112.0
0.0 113.0
0.0 114.0
0.0 115.0
0.0 116.0
0.0 117.0
0.0 118.0
0.0 119.0
0.0 120.0
0.0 121.0
0.0 122.0
0.0 123.0
0.0 124.0
0.0 125.0
0.0 126.0
0.4976716399637028 126.86736551624782
1.0290058445665802 127.71452781652978
1.599440408866212 128.5358708677893
2.2078499976539465 129.32949406066558
2.8495328682490495 130.09646413412662
3.5291063954068567 130.8300715367517
4.2324394585773994 131.5409320028427
4.945282625133807 132.24225548020092
5.662899308867841 132.9386937726767
6.385597938252397 133.6298570609709
7.113091628270035 134.31597143262078
7.844856391624391 134.99752871642966
8.58034136502884 135.67506975127276
9.319071122770843 136.34907149090438
10.060687493992823 137.01989572864147
10.804957313138843 137.68777478678624
11.551716696571752 138.35286908329982
12.300819820492542 139.01532248523245
13.052112766677347 139.67529135496264
13.805426818042502 140.33295231626096
14.560581530759613 140.9884989277701
15.317391187477337 141.64213425690923
16.075671634341184 142.2940627529147
16.835246404238177 142.9444827471768
17.59595179833205 143.59358004604383
18.357640845278663 144.24152278715724
19.120154942971844 144.88849438685784
19.88328123096275 145.53474377260395
20.64674313536871 146.18059663550758
21.41024413072053 146.8264032862141
22.173300468353723 147.47273526406897
22.935022332863596 148.12063942451834
23.69484094637219 148.77077454475557
24.452910297671686 149.42294849288623
25.210012227743622 150.076245261194
25.967266957267253 150.729364909202
26.725867341008247 151.38092109080725
27.48689607087099 152.02963926715464
28.251216899507476 152.6744754253471
29.01967467226637 153.31437592658654
29.793364478020333 153.94794051245952
30.57293427424576 154.574255874568
31.358213984779493 155.19339703474395
32.148290940314254 155.80640470544057
32.94175186731209 156.41502589906412
33.73693382560789 157.02139678655863
34.5321072146171 157.62777891146965
35.32563827308935 158.23630866360992
36.11632052825456 158.84853539560294
36.901950482936414 159.46723206951236
37.68231861529448 160.09255244979755
38.45843522677723 160.72314186088892
39.23160170972819 161.357344974758
40.00293124899051 161.9937809431487
40.77321476948367 162.63148251759918
41.542951990116705 163.26984339607793
42.31243142214361 163.90851498906414
43.081806490329754 164.54731229999584
43.85115173188372 165.18614553277126
44.62049911364036 165.82497618809722
45.38985944500824 166.46379124781132
46.17858836361175 167.07853240712842
46.96731728221526 167.69327356644553
47.756046200818766 168.3080147257626
48.54477511942228 168.92275588507974
49.333504038025794 169.53749704439684
50.122232956629304 170.15223820371392
50.910961875232815 170.76697936303106
51.699690793836325 171.38172052234816
52.48841971243982 171.99646168166527
53.277148631043346 172.6112028409824
54.06587754964685 173.22594400029948
54.85460646825036 173.84068515961656
55.64333538685386 174.4554263189337
56.43206430545738 175.07016747825077
57.22079322406089 175.6849086375679
58.009522142664395 176.299649796885
58.79825106126791 176.9143909562021
59.586979979871415 177.52913211551922
60.37570889847493 178.1438732748363
61.164437817078436 178.75861443415343
61.953166735681954 179.37335559347054
62.74378952098934 179.98565912224757
63.53441230629672 180.59796265102457
64.3250350916041 181.2102661798016
65.11565787691148 181.82256970857864
65.90628066221886 182.43487323735565
66.69690344752624 183.04717676613268
67.48752623283363 183.6594802949097
68.27814901814102 184.27178382368675
69.0687718034484 184.88408735246378
69.85939458875578 185.49639088124079
70.65001737406317 186.1086944100178
71.44064015937053 186.72099793879482
72.23126294467792 187.33330146757186
73.02188572998531 187.94560499634886
73.81263727324354 188.55774223327757
74.60338881650178 189.1698794702063
75.39414035976 189.78201670713503
76.18489190301824 190.39415394406373
76.97564344627646 191.00629118099243
77.76639498953469 191.61842841792117
78.55714653279293 192.2305656548499
79.34789807605117 192.8427028917786
80.13864961930938 193.45484012870733
80.92940116256761 194.06697736563603
81.72015270582585 194.67911460256477
82.51102654655143 195.29109382447996
83.30190038727704 195.9030730463952
84.09277422800264 196.5150522683104
84.88364806872822 197.12703149022562
85.6745219094538 197.73901071214084
86.46539575017941 198.35098993405606
87.256269590905 198.96296915597128
88.04728941398018 199.57475967526864
88.83830923705536 200.18655019456594
89.62932906013054 200.7983407138633
90.4203488832057 201.41013123316066
91.2113687062809 202.02192175245804
92.00238852935607 202.63371227175534
92.79372103200971 203.2450982956747
93.58505353466336 203.85648431959407
94.376386037317 204.4678703435134
95.16771853997065 205.07925636743278
95.95945852107512 205.69011461802836
96.75119850217959 206.30097286862394
97.54293848328408 206.9118311192195
98.33467846438855 207.52268936981508
99.12720458487878 208.13252733873856
99.91973070536903 208.742365307662
100.71225682585926 209.35220327658547
101.5059517268333 209.96051931629492
102.29964662780735 210.56883535600437
103.09460217715043 211.17550303650881
103.88955772649352 211.78217071701323
104.68617653663532 212.38665270295513
105.4840079413373 212.98953332934087
106.28183934603928 213.5924139557266
107.08167284305364 214.192635895557
107.88293331124797 214.79095158322446
108.6854822659791 215.38753785130305
109.48803122071024 215.98412411938165
110.29276407881689 216.57776123672144
111.09846451946564 217.17008445924307
111.90495039121163 217.7613378217486
112.71209662157088 218.3516893804125
113.51984272945528 218.94121989293717
114.32818772656907 219.52992895999927
115.13716733184005 220.1177656705368
115.94682657829605 220.7046659215406
116.7571980517846 221.29058236179128
117.56828988958311 221.87550118578025
118.38008294815967 222.4594464144164
119.19253430159765 223.04247540022823
120.00558391394455 223.62466980750344
120.81916201072417 224.206125463973
121.63319562743209 224.78694322443613
122.4476136401716 225.3672218648542
123.26235015064503 225.94705323560055
124.07738596073797 226.5264638225475
124.89277922806454 227.10537125867052
125.7086574545882 227.68359502114015
126.52518122223982 228.26090684057567
127.34250244866254 228.83708911454707
128.1607334734231 229.41197866056376
128.9799325068039 229.98548798368589
129.80010339200814 230.5576066069305
130.62120453268028 231.12838932985306
131.44322148094392 231.69785235478736
132.2662248141176 232.26588889726065
133.09036879893074 232.83226923969528
133.91584567831157 233.3967051719389
134.74282978725182 233.95893046802604
135.57143619360042 234.51876207070495
136.401790739353 235.07599750420502
137.23409695513874 235.6303136262549
138.0686299914516 236.18127152963996
138.90575882114413 236.72827730885768
139.74593535030561 237.27059031796418
140.58962406282512 237.8074230259535
141.43732818334888 238.33789236912713
142.28959984905498 238.8609917935529
143.14708867753052 239.37549437764716
144.01058679815793 239.87984643293487
144.88095174386126 240.37225364377855
145.75903335028738 240.8507645553115
146.6456113975517 241.31334359300018
147.54131738604121 241.7579903991104
148.44654674153202 242.18291370272846
149.36139095687597 242.58672066360424
150.28561483154175 242.96857172029755
151.21868507985235 243.32826591224068
152.16178006620478 243.6607893651232
153.11770343143579 243.95440564499444
154.08871069640213 244.1934556217411
155.07373460473667 244.36587342827318
156.06860457246796 244.46703541375373
157.06806719417173 244.49981448965625
158.06768746827115 244.47225895283708
159.0646792039857 244.39475102474643
160.057813597181 244.2777720648752
161.04692772751713 244.13062167524134
162.0324256209936 243.96093401524976
163.01492713705608 243.7746794289038
163.9950684503043 243.57637913625635
164.97340789735682 243.3693720679206
165.95039418711443 243.1560699591039
166.9263592521068 242.9381429256398
167.90153291401663 242.71670144552056
168.87607419323388 242.492493294238
169.85010576319684 242.26608105800614
170.8237402308248 242.03796721921776
171.79709413284885 241.808659170047
172.77029120989616 241.57868645595556
173.74345892957257 241.34858954293887
174.716722252019 241.11889734633533
175.69019751541177 240.89010505721183
176.66398794967546 240.66265794217955
177.63818005248766 240.43693743620284
178.6128382180854 240.21323794976254
179.58799558216256 239.99172471023485
180.56364203527215 239.77237567664986
181.53971330589314 239.55492482089545
182.51608609636176 239.3388318454601
183.4925828241918 239.123299619245
184.4689871011625 238.907348958414
185.44506943331348 238.68994776048098
186.42062224945792 238.4701826519841
187.39550112258905 238.24744697293238
188.36966700987807 238.02161335266644
189.34323098800604 237.79319885993095
190.31648204443877 237.563454695364
191.28988425530596 237.33435180171384
192.26404296585775 237.10848722579263
193.23963821566912 236.888910568232
194.21735189167367 236.67896779566377
195.19779953805647 236.48218768309545
196.18146486946733 236.3021806949523
197.1686369667175 236.14252089910272
198.159357210096 236.00660401508878
199.15338681448435 235.8974933116748
200.1502040944872 235.8177731116773
201.14903484884036 235.76942929968124
202.1489122524544 235.75377114710787
203.1487570142093 235.77139080633438
204.14746726075794 235.8221632736645
205.14400571700426 235.90529633100124
206.13747616996477 236.01938602858357
207.12717570318014 236.1625461974618
208.1125594084704 236.33289570097875
209.09329128662304 236.52825430246628
210.06924878695966 236.74621521074278
211.04047895067913 236.984357960121
212.00714298896955 237.24040607488865
212.96947131253114 237.51229612191344
213.92773364626436 237.7981864850741
214.8822208612483 238.09643831898654
215.83323382476252 238.40558932291165
216.78107582456826 238.724329881053
217.72604669572038 239.0514843593565
218.6684378891426 239.3859971970178
219.6085283062591 239.72692241997106
220.54658094194176 240.07341520876875
221.4828403995039 240.42472451426093
222.41752968963576 240.78019030855455
223.3508433661068 241.13925239414982
224.28293540774445 241.50147390913168
225.21390370972298 241.86657392380056
226.14377595731662 242.23445651805474
227.07250106667354 242.60522554487596
227.9999473011123 242.9791820693883
228.9259071739303 243.3568039886817
229.85009711836662 243.73873715901755
230.77216816560255 244.12575780943453
231.6917364090238 244.5186881412889
232.60841208938547 244.91832009325657
233.5218366092968 245.32532825831564
234.4317269982972 245.74017700184118
235.3379150633785 246.16305191325614
236.2403691217721 246.59383802316333
237.13919387149753 247.03214621300356
238.03461138560607 247.47737365536054
238.9269303275646 247.92877913364134
239.81651118930446 248.38555685904635
240.70373381966715 248.84689838565367
241.58897108011658 249.31203814176138
242.4725701318607 249.78028243244404
243.35484113750874 250.2510242646544
244.236052167506 250.72374735549212
245.11642872033164 251.19802272406486
245.99615629479084 251.6735007937338
246.87538470076888 252.1499012661531
247.75423311935117 252.62700236356892
248.63279523745985 253.10463046641087
249.5111499991349 253.58263978916807
250.3893779211188 254.06088210959552
251.26757493326426 254.53918118743155
252.14587843317696 255.0172846930045
253.02446997921805 255.49485866133304
253.90354524368377 255.9715416580977
254.7832704634709 256.44702408434546
255.66374762778506 256.9211126447657
256.5449994733417 257.3937596427494
257.4269738716881 257.86505695937814
258.3095610506007 258.3352057354259
259.19261601726936 258.8044753017114
260.07598027134287 259.27316239842423
260.95949939218644 259.7415574913787
261.843035235707 260.209921039506
262.72647290800904 260.6784697340486
263.60972343327825 261.1473711198555
264.4927232885395 261.6167443781571
265.3754319342498 262.08666505953664
266.25782827893113 262.5571719042191
267.1399067780975 263.0282743573101
268.0216736398252 263.4999598473973
268.90314341880963 263.9722002827024
269.7843361362536 264.4449575086901
270.6652749624518 264.91818766886223
271.54598443543506 265.3918445322112
272.4264891538957 265.8658819155139
273.30681286755197 266.3402553540352
274.1869778861532 266.814923174759
275.06700487324423 267.2898468549345
275.94691320366866 267.7649903385788
276.82672194585166 268.2403182014044
277.7064512454623 268.7157930791914
278.58612365619524 269.1913731984092
279.46576493911147 269.66701088971377
280.3454040301617 270.1426526346188
281.22507214598863 270.61824069796506
282.1048012376475 271.09371596050676
282.9846221357059 271.56902132271057
283.86456274494867 272.0441050250256
284.74464657246006 272.5189233656074
285.62489175529737 272.99344250968034
286.5053106348201 273.46763930066476
287.38591039639175 273.94150010292634
288.2666956494531 274.4150160350656
289.1476732694205 274.888173971823
290.02885862772507 275.360944914574
290.91028251482317 275.8332710002954
291.7919993300126 276.30505003523893
292.67409750664666 276.7761156429614
293.55671174135955 277.2462136249631
294.44003433909285 277.71497922559274
295.324673524589 278.18125544360595
296.212019455126 278.64235976971827
297.1042749910818 279.0938905644114
298.0041124722318 279.5301158588611
298.9141294395585 279.94468686505604
299.836325203067 280.33141024651496
300.77175955426503 280.68491070563596
301.72045489972714 281.0011023271228
302.6815153086434 281.2774406893054
303.6533843465954 281.51296260563225
304.6341506441557 281.70814833659097
305.6218264654368 281.8646618250087
306.6145554822421 281.985032499148
307.61073727542146 282.0723356201572
308.60907841745757 282.12991134523276
309.60859059036636 282.1611429991615
310.60855733298246 282.1692985899842
311.60848688796546 282.15742908824643
312.6080629008589 282.1283121782449
313.6070995879016 282.08442940323306
314.60550425902943 282.02796602864294
315.6032477657308 281.9608251704771
316.6003422150792 281.8846499837123
317.59682477825953 281.8008496180953
318.59274632227044 281.7106261279449
319.58816370103773 281.6150005976298
320.5831347317746 281.5148374906765
321.5777150858445 281.4108667289297
322.5719565080628 281.3037033287164
323.56590593215213 281.1938646180882
324.55960518142626 281.0817851730858
325.55309103605083 280.96782967009926
326.54639551645465 280.852303875535
327.539546281786 280.7354639965478
328.53256707727496 280.61752460649285
329.5254781887085 280.49866534184827
330.5182968788738 280.3790365474109
331.511037791986 280.2587640258893
332.5037133194324 280.13795302800827
333.4963339248174 280.0166916006497
334.48890842913653 279.89505339375853
335.4814442585365 279.77310001185674
336.47394765795457 279.65088298299577
337.4664238742523 279.52844540672385
338.45887731247143 279.40582333298875
339.4513116686626 279.2830469156621
340.44373004246455 279.1601413773807
341.4361350322934 279.03712781649097
342.4285288156716 278.9140238818978
343.42091321691123 278.7908443374258
344.4132897640694 278.66760153378067
345.4056597368271 278.54430580324225
346.3980242067025 278.42096578974713
347.39038407080466 278.29758872494534
348.38274008014804 278.1741806590824
349.37509286339366 278.05074665410547
350.3674429467483 277.9272909451816
351.35979077063865 277.80381707579977
352.3521367036785 277.68032801078124
353.3444810543678 277.55682623081424
354.3368240808884 277.43331381153615
355.32916599930644 277.30979248969084
356.3215069904391 277.18626371847586
357.31384720560277 277.0627287138462
358.30618677142485 276.9391884932538
359.2985257938708 276.81564390805926
360.29086436161515 276.69209567064934
361.2832025488622 276.5685443771264
362.2755404177073 276.44499052629186
363.2678780201124 276.3214345355307
364.2602153995597 276.19787675410174
365.25255259243545 276.0743174742584
366.24488962918787 275.9507569405536
367.2372265352961 275.827195357626
368.2295633320811 275.7036328967146
369.2219023036307 275.58008790270856
370.21424964566404 275.45661016074905
371.2066151902833 275.33327879469584
372.1990107516651 275.2101891942025
373.1914481142734 275.0874370809861
374.1839373928338 274.9651054336395
375.1764860570571 274.84325655531643
376.1690986019478 274.7219291646513
377.1617766968616 274.60113926491505
378.1545196171063 274.480883311616
379.14732479347424 274.3611424172773
380.14018836615804 274.2418867002759
381.13310567756946 274.1230792396538
382.1260716749487 274.004679374584
383.1190812173475 273.88664527482916
384.1121292948936 273.7689358203149
385.1052111743035 273.65151188413654
386.0983224861426 273.53433713302826
387.09145926837607 273.4173784575277
388.08461797866295 273.3006061312631
389.0777954854189 273.1839937816856
390.0709890453616 273.0675182370926
391.0641962732436 272.951159298962
392.05741510784134 272.8348994752896
393.0506437769917 272.7187236999412
394.0438807635048 272.602619054804
395.0371247730754 272.4865745053751
396.03037470481644 272.3705806559845
397.0236296246912 272.25462952772494
398.0168887418911 272.13871436004064
399.0101513880606 272.0228294355499
400.0034169991832 271.9069699268279
400.99668509989635 271.79113176340286
401.9899552899876 271.6753115170036
402.9832272328214 271.5595063030484
403.97664569473517 271.44496478424935
404.96707850947456 271.30696898906905
405.95460987942073 271.14954664830327
406.9397874755556 270.97800917696304
407.9231597100834 270.7964078323652
408.90518337760767 270.6076500075683
409.8862151870741 270.4138031896551
410.86652471690445 270.2163361652592
411.8463117607891 270.0162927983713
412.8446954522583 269.9594596688746
413.83117862774986 270.12332224688447
414.7547735697756 270.50669202016417
415.5969756293581 271.04585404667836
416.3762101671165 271.672586473767
417.104930263296 272.35739814234756
417.8200327546974 273.05641776066415
418.5227179144473 273.7679186856582
419.2153351593295 274.48922399694584
419.9002861750647 275.217813117125
420.57960150297833 275.9516596169202
421.25485378690155 276.6892464613368
421.9272067239991 277.42947718751356
422.5975008159226 278.17157275435954
423.26633565223375 278.91498378584663
423.93417650326 279.6592878888183
423.93980858445303 279.65312565431327
424.60507742869765 280.3997295418449
425.2703462729422 281.14633342937657
425.9356151171869 281.8929373169083
426.05494214624315 282.0268531383866
426.5893502632686 281.1816265625756
427.12375838029413 280.3363999867645
427.6581664973196 279.4911734109535
428.19257461434506 278.6459468351424
428.72698273137064 277.8007202593314
429.2613908483961 276.95549368352033
429.7957989654216 276.1102671077093
430.33020708244703 275.2650405318982
430.8646151994725 274.4198139560872
431.3990233164981 273.5745873802761
431.93343143352354 272.7293608044651
432.467839550549 271.88413422865403
433.0022476675745 271.038907652843
433.5366557846 270.1936810770319
434.07106390162545 269.3484545012209
434.6054720186509 268.5032279254098
435.13988013567644 267.6580013495988
435.67163551087896 266.8169703835027
436.3462767027661 266.07882455630516
437.16368534604874 265.5027663041407
438.08461396363646 265.11303501041647
439.0267320543957 264.7777537806046
439.9863340773021 264.49639287778746
440.9586741635442 264.26282328069306
441.9391936826653 264.06640161024296
442.92578359255737 263.90318289287535
443.9169785411641 263.7707722669553
444.9111316360005 263.6627925279892
445.90783658366155 263.5816799684934
446.90641918295233 263.52845598523646
447.9061070402219 263.50347222996027
448.9061014526752 263.50681514219576
449.9056008674629 263.53845245938606
450.90380940971727 263.5982831051321
451.8999407600919 263.68615990981243
452.89321916859706 263.80190965364557
453.88287737789153 263.9453552139677
454.86815178038063 264.1163357736806
455.8482762484498 264.3147193090161
456.82247657748576 264.5404043083097
457.78996708932755 264.79331162235206
458.74995004368867 265.0733700579259
459.70161763515705 265.38049999028146
460.64415582338665 265.71459842447246
461.57674910557165 266.07552746185166
462.4985855163807 266.4631066559613
463.4088615063464 266.877108615005
464.30678675384263 267.3172566013787
465.19158925867646 267.78322283131354
466.06252114879203 268.27462657853147
466.91886549524406 268.7910318073001
467.75994414695504 269.33194464837163
468.58512628021515 269.89681139987
469.39383711422374 270.48501781513346
470.18556613530694 271.09589027086764
470.9598742075369 271.72869909609017
471.71639909307896 272.3826640015366
472.45485907908585 273.05696130174374
473.1750545701251 273.75073248497824
473.8768676800205 274.4630936004098
474.5602600572796 275.19314487169436
475.22526935767723 275.93997994745376
475.87200486272 276.70269430192536
476.5006426947356 277.48039249284443
477.111420923069 278.2721942077919
477.7046346616897 279.0772392129386
478.28063110113106 279.8946914144469
478.839804342652 280.7237422488153
479.3825899152391 281.5636135616909
479.9094589310027 282.4135600542587
480.4209119331272 283.27287130556283
480.9174725778557 284.14087333672796
481.399681346138 285.01692967269713
481.8680894946789 285.9004418720359
482.32325343516106 286.79084952434175
482.7657296858689 287.68762974689326
483.19607048486415 288.5902962394142
483.61482009938607 289.498397973989
484.02251181984366 290.4115176052916
484.4196655924426 291.3292696856001
484.8067862228359 292.2512987618899
485.1843620728373 293.17727742119894
485.55286417071613 294.10690433768684
485.9127456601848 295.0399023620887
486.26444152136065 295.97601668268834
486.60836850673866 296.91501307710564
486.944925245097 297.8566762662904
487.27449246680436 298.80080837906706
487.5974333015688 299.74722753422066
487.91409361128166 300.69576654145897
488.2248023498163 301.6462717123014
488.5298719730443 302.59860176274793
488.82959893662763 303.55262678721067
489.12426430864855 304.50822728874454
489.4141344959787 305.46529326060704
489.6994620522731 306.4237233235845
489.9804865148034 307.38342392870027
490.2574352130954 308.34430863485096
490.53052400311196 309.30629746678574
490.7999578310217 310.26931637229995
491.0659309398862 311.2332968209403
491.32862653032294 312.1981755836691
491.58821585256806 313.1638946855701
491.84485697939454 314.1304014532759
492.09869373641357 315.09764852656485
492.3498553245706 316.06559369889357
492.5984570318142 317.03419949649935
492.84460216106027 318.0034324795062
493.0883850051634 318.9732623227885
493.32989447040717 319.9436607864094
493.56921783943505 320.9146007047551
493.80644417727194 321.88605511162996
494.04166699114614 322.85799658509075
494.27498591235644 323.8303968529873
494.5065073337771 324.80322665897774
494.73613472633946 325.77650527303695
494.963843908563 326.7502344593773
495.18974565928283 327.7243845499802
495.41403866470864 328.69890630331207
495.63694955366276 329.67374512875233
495.8586797563161 330.6488531828834
496.07938845040394 331.62419295565695
496.2991844956382 332.5997388020934
496.51811998602216 333.5754781377002
496.7361842769029 334.55141254381704
496.9532936976832 335.5275598172387
497.16929101173594 336.5039537747794
497.3839657930466 337.48063936301605
497.59709160507697 338.4576641263902
497.8084274605326 339.43507762957034
498.0177214710983 340.4129303879861
498.2244617338024 341.39132625049626
498.4290877053692 342.370166488615
498.6321280224686 343.34933686685986
498.83401717967206 344.3287452434851
499.0354686676452 345.30824373658936
499.23692015561835 346.28774222969355
499.4383716435914 347.2672407227977
499.63968118570034 348.24676839890276
499.8409907278093 349.2262960750079
