6.24284539647708
127236
1060
0.0 100.0
0.0 99.0
0.0 98.0
0.0 97.0
0.0 96.0
0.0 95.0
0.0 94.0
0.0 93.0
0.0 92.0
0.0 91.0
0.0 90.0
0.0 89.0
0.0 88.0
0.0 87.0
0.0 86.0
0.0 85.0
0.0 84.0
0.0 83.0
0.0 82.0
0.0 81.0
0.0 80.0
0.0 79.0
0.0 78.0
0.0 77.0
0.0 76.0
0.0 75.0
0.0 74.0
0.6314059184862622 73.22454750880502
1.2425031491111616 72.43299196765672
1.8386276468621063 71.63009995550243
2.4302323559016905 70.82387178169418
3.032150694001077 70.02531413552224
3.6607669397671527 69.2475984962562
4.330552202498774 68.50504364856647
5.05245394478556 67.81304807453199
5.833828023882443 67.18898513819025
6.677841447379283 66.65266308852497
7.582119447974172 66.2257189497432
8.537548620307696 65.93049852928743
9.527390204818104 65.78832385652915
10.527086352114956 65.81297366544993
11.509388114792799 66.00027888972305
12.454082736755087 66.32823021421424
13.351552320853587 66.76930656318125
14.199107222436618 67.30001428764226
14.996191796243952 67.90388197364506
15.743248244936414 68.56864257902643
16.445430708475552 69.28063962108357
17.125367772264035 70.01391009593354
17.837678608598463 70.715774236947
18.65238874047141 71.29564267118323
19.59630919637933 71.62581561513622
20.595766143859684 71.59286398189522
21.526408345944084 71.22693353536269
22.381043998281157 70.70770535647176
23.201877841145098 70.13653830349233
23.97221562892479 69.4989022844982
24.633922930018215 68.74914002372506
25.14847026776691 67.89167804951529
25.59375381394726 66.99628843403997
26.002714591620673 66.08373647260174
26.371366808396665 65.15416907694603
26.78762028047487 64.24492046023946
27.495092738181953 63.53817954477899
28.440701881200617 63.212874536149386
29.412113742146968 62.9754740382292
30.309214188625674 62.53364738791518
31.0018779214855 61.812386718544744
31.631706444957494 61.035652509808514
32.27941373493144 60.27376323536333
32.83710910449687 59.443717528931884
33.30605355089484 58.56048986508043
33.86766049085808 57.73308570447624
34.517674579481934 56.97316354754798
35.2374947694795 56.27900297961584
35.93781986077486 55.56517893511877
36.59513982532349 54.81156732148362
37.22185829897274 54.0323215612855
37.83337261734236 53.241088195944435
38.438661260077744 52.44508212877186
39.041686560356034 51.64736006738438
39.64395209830015 50.84906424389231
40.24597593999469 50.05058613271371
40.84792611874337 49.25205248764644
41.44985462512052 48.45350250598557
42.0517769335899 47.654947852522895
42.653697508629904 46.856391892465304
43.25561760716651 46.05783557323812
43.85753757644853 45.259279156583965
44.45945751102658 44.46072271377134
45.06137743636006 43.66216626399053
45.6632973592459 42.86360981236478
46.26521728148671 42.06505336025283
46.86713720355819 41.26649690801325
47.469057125585316 40.46794045574025
48.070977047600856 39.669384003458504
48.672896969613376 38.870827551174486
49.27481689162509 38.072271098889864
49.876736813636626 37.2737146466051
50.478656735648116 36.4751581943203
51.08057665765958 35.67660174203548
51.68249657967104 34.87804528975066
52.28441650168249 34.07948883746584
52.886336423693955 33.28093238518102
53.48825634570541 32.4823759328962
54.09017626771687 31.683819480611376
54.692096189728346 30.885263028326563
55.2940161117398 30.086706576041742
55.89593603375127 29.28815012375692
56.49785595576272 28.48959367147209
57.099775877774164 27.691037219187262
57.70169579978562 26.892480766902437
58.30361572179708 26.09392431461762
58.905535643808534 25.295367862332796
59.50745556581999 24.49681141004797
60.10937548783145 23.698254957763154
60.711295409842904 22.899698505478337
61.31321533185438 22.101142053193524
61.91513525386584 21.302585600908703
62.51705517587729 20.504029148623875
63.11897509788875 19.705472696339054
63.7208950199002 18.90691624405423
63.91337615020781 18.651554952743965
64.63974314962887 19.33886200359677
65.36611014904994 20.026169054449607
66.09247714847102 20.713476105302448
66.8188441478921 21.400783156155278
67.54521114731318 22.08809020700811
68.27157814673426 22.775397257860945
68.99794514615533 23.46270430871377
69.7243121455764 24.150011359566605
70.45067914499748 24.83731841041943
71.17704614441857 25.524625461272258
71.90341314383966 26.21193251212508
72.62978014326072 26.899239562977918
73.35614714268179 27.58654661383076
74.08251414210287 28.273853664683585
74.80888114152395 28.961160715536412
75.53524814094504 29.64846776638924
76.26161514036612 30.33577481724208
76.98798213978719 31.02308186809492
77.71434913920828 31.710388918947746
78.44071613862934 32.39769596980058
79.16708313805043 33.08500302065342
79.8934501374715 33.77231007150625
80.61981713689258 34.459617122359084
81.34618413631367 35.146924173211914
82.07255113573474 35.83423122406475
82.79891813515583 36.52153827491758
83.5252851345769 37.20884532577041
84.25165213399798 37.89615237662325
84.97801913341905 38.58345942747608
85.70438613284014 39.27076647832891
86.43075313226122 39.95807352918174
87.15712013168229 40.645380580034576
87.88348713110337 41.332687630887406
88.60985413052445 42.01999468174023
89.33622112994553 42.70730173259307
90.06258812936662 43.394608783445904
90.78895512878769 44.08191583429874
91.51532212820877 44.76922288515158
92.24168912762984 45.456529936004415
92.96805612705091 46.14383698685724
93.694423126472 46.83114403771007
94.42079012589308 47.5184510885629
95.14715712531415 48.20575813941573
95.87352412473524 48.89306519026856
96.59989112415631 49.58037224112139
97.32625812357739 50.267679291974225
98.05262512299846 50.954986342827056
98.77899212241954 51.64229339367989
99.50535912184063 52.329600444532716
100.2317261212617 53.01690749538555
100.95809312068278 53.70421454623839
101.68446012010385 54.39152159709123
102.41082711952494 55.07882864794406
103.13719411894601 55.766135698796894
103.8635611183671 56.45344274964972
104.58992811778819 57.14074980050254
105.31629511720925 57.82805685135538
106.04266211663032 58.5153639022082
106.7690291160514 59.20267095306103
107.49539611547247 59.889978003913875
108.22176311489356 60.577285054766705
108.94813011431464 61.26459210561954
109.67449711373573 61.95189915647237
110.4008641131568 62.6392062073252
111.12723111257789 63.32651325817802
111.85359811199896 64.01382030903086
112.57996511142005 64.70112735988369
113.30633211084113 65.38843441073652
114.0326991102622 66.07574146158936
114.75906610968327 66.7630485124422
115.48543310910433 67.45035556329505
116.21180010852541 68.13766261414787
116.9381671079465 68.82496966500071
117.66453410736757 69.51227671585355
118.39090110678866 70.19958376670637
119.11726810620974 70.8868908175592
119.84363510563082 71.57419786841203
120.57000210505188 72.26150491926488
121.29636910447297 72.9488119701177
122.02273610389405 73.63611902097054
122.74910310331512 74.32342607182338
123.4754701027362 75.0107331226762
124.20183710215727 75.69804017352902
124.92820410157836 76.38534722438185
125.65457110099943 77.07265427523468
126.38093810042051 77.75996132608752
127.10730509984158 78.44726837694036
127.83367209926266 79.13457542779318
128.56003909868377 79.82188247864599
129.28640609810483 80.50918952949883
130.0127730975259 81.19649658035165
130.73914009694695 81.88380363120449
131.46550709636807 82.57111068205728
132.23759989834 83.20662048146494
133.0725800072744 83.75690060802215
133.96152087700406 84.21492258361319
134.88750422593202 84.59248693244415
135.83614058635825 84.90885547651467
136.79791558801543 85.18269639052744
137.76717549881033 85.42873546329001
138.7406890300692 85.6573648674704
139.71674251672195 85.87489553471761
140.6941127618741 86.08643135648593
141.67220457072983 86.2946053545004
142.65070645176118 86.5008432482497
143.6294464109967 86.70594832423681
144.6083260318088 86.91038581580533
145.58728782107593 87.11442947572864
146.56629786814742 87.31824146687029
147.5453361291172 87.52191788562624
148.5243907862441 87.72551547490002
149.50345490799634 87.92906754562769
150.48252445548653 88.13259351737905
151.46159709216963 88.33610462788258
152.44067147615863 88.53960733208211
153.41974684228805 88.74310531103657
154.3988227572218 88.9466006495499
155.37789897712952 89.15009452073838
156.35697536564106 89.35358758071622
157.33605184691737 89.55708019436993
158.3151283790038 89.76057256355757
159.29420493880437 89.96406479940227
160.27328151366262 90.16755696279893
161.25235809667225 90.37104908697623
162.23143468407957 90.57454118999462
163.2105112738519 90.77803328163411
164.18958786489227 90.9815253671725
165.16866445661066 91.1850174494488
166.1477410486906 91.38850952998548
167.12681764104013 91.59200160922495
168.1058942334231 91.79549368830368
169.08497082583665 91.99898576723514
170.06404741826552 92.20247784609298
171.04312401072093 92.40596992482301
172.0222006031907 92.60946200348403
173.00127719566848 92.81295408210659
173.98035378814623 93.01644616072915
174.9594303806331 93.2199382393079
175.93850697311998 93.42343031788661
176.91758356560837 93.62692239645806
177.89666015809684 93.83041447502904
178.87573675058536 94.0339065535998
179.85481334307391 94.23739863217057
180.83388993556255 94.44089071074086
181.8129665280512 94.64438278931114
182.79204312053983 94.84787486788136
183.77111971302847 95.05136694645158
184.7501963055171 95.2548590250218
185.72927289800575 95.45835110359201
186.7083494904944 95.66184318216222
187.68742608298305 95.86533526073242
188.6665026754717 96.06882733930263
189.64557926796033 96.27231941787282
190.62465586044897 96.47581149644301
191.6037324529376 96.67930357501322
192.58280904542625 96.88279565358343
193.56188563791488 97.08628773215362
194.54096223040352 97.28977981072383
195.52003882289216 97.493271889294
196.49911541538083 97.69676396786419
197.47819200786947 97.9002560464344
198.4572686003581 98.1037481250046
199.43634519284674 98.30724020357482
200.42592664215766 98.45121435118371
201.42526373660309 98.41480869687874
202.3660244900091 98.07573760573266
201.40766677807196 98.36130808034552
200.46340675886984 98.69050865163362
199.5315297253357 99.05328295388176
198.60881119384507 99.43875735205083
197.79548201729776 98.85695356160522
197.80603000699267 97.85700919319596
197.8620417227694 96.85857908162292
197.91944935091365 95.86022825940117
197.97689984776954 94.86187990315922
198.03435166118263 93.86353162268013
198.09180351502903 92.86518334452785
198.14925537011717 91.86683506644704
198.20670722524343 90.86848678836841
198.26415908037094 89.87013851028986
198.3216109354984 88.87179023221131
198.3790627906259 87.87344195413276
198.4365146457534 86.8750936760542
198.49396650088093 85.87674539797567
198.55141835600838 84.87839711989712
198.6088702111359 83.88004884181856
198.6663220662634 82.88170056374001
198.72377392139086 81.88335228566146
198.85933177950514 80.89258285380384
198.99727540498984 79.90214277172512
199.1352920625403 78.9117128639383
199.2733109560843 77.92128326774032
199.41132991808715 76.93085368108225
199.549348882186 75.94042409471628
199.68736784634902 74.94999450835924
199.82538681051398 73.95956492200249
199.96340577467902 72.96913533564575
200.10142473884406 71.97870574928899
200.2268948586774 70.98660835032607
200.35198045532948 69.99446239659234
200.47705427977388 69.00231495873905
200.60212774381998 68.01016747545268
200.72720119683277 67.01801999077539
200.8522746495078 66.02587250605552
200.95705966238677 65.03137760859452
201.06122286511973 64.03681739061051
201.16536703489462 63.0422551794332
201.26951062210975 62.04769290725414
201.34390772873041 61.050464212056056
201.41739329811705 60.05316793155967
201.464012143697 59.05425518099695
201.50980848014063 58.05530438362585
201.52413162437037 57.05540696511765
201.5170011831243 56.05543238703697
201.50921499564708 55.05546269985412
201.47329584947963 54.05610800059133
201.4257956616159 53.05723677157685
201.37179375366503 52.05869593919307
201.3139707714624 51.06036908754117
201.25394370724422 50.06217233761591
201.1926764039814 49.06405094342035
201.1307252868137 48.06597175864508
201.06840269602154 47.06791570076207
201.00588034992933 46.06987213646284
200.94325130587248 45.07183526197347
200.88056551350218 44.073801950187274
200.81784961950197 43.075770529519694
200.75511778436734 42.077740110714416
200.6923775154166 41.07971022205778
200.6296327870401 40.08168061374901
200.5668857015036 39.08365115363439
200.50413737025428 38.08562177183973
200.44138838073528 37.08759243143218
200.37863904338286 36.08956311289397
200.31588952223402 35.09153380591166
200.25313990396373 34.09350450503571
200.19039023436912 33.0954752073867
200.12764053764906 32.09744591144317
200.06489082659036 31.09941661640116
200.0021411079501 30.10138732183583
199.9393913852995 29.10335802752265
199.87664166052687 28.105328733342887
199.81389193465054 27.107299439232513
199.7511422081763 26.109270145159734
199.68837697100898 25.11124182642157
199.6256026480581 24.113214079122898
199.5628705441934 23.115183677208854
199.50014244324393 22.117153023696012
199.49765942612865 22.077647153483724
200.48139336182155 22.257278842687374
201.35094259371098 22.41606018762493
202.33467856646837 22.59568072070261
203.31841068736463 22.775322348163993
204.3021444194043 22.9549551526494
205.28587833780745 23.134586936538547
206.2696122721675 23.314218633041378
207.253346207762 23.49385032278399
208.2370801434478 23.673482012026597
209.22081407914018 23.853113701233028
210.20454801483305 24.032745390436876
211.18828195052595 24.212377079640532
212.17201588621884 24.392008768844168
213.15574982191174 24.571640458047817
214.13948375760464 24.75127214725146
215.12321769329753 24.930903836455105
216.10695162899046 25.110535525658744
217.09068556468335 25.29016721486239
218.07441950037625 25.469798904066042
219.05815343606915 25.649430593269685
220.04188737176204 25.82906228247333
221.02562130745494 26.008693971676973
222.00935524314784 26.188325660880608
222.99308917884073 26.36795735008425
223.97682311453363 26.547589039287885
224.96055705022653 26.72722072849153
225.94429098591945 26.90685241769518
226.92802492161235 27.086484106898826
227.91175885730524 27.26611579610248
228.89549279299814 27.445747485306118
229.87922672869107 27.625379174509746
230.86296066438396 27.805010863713406
231.84669460007686 27.984642552917048
232.83042853576976 28.164274242120683
233.81416247146265 28.34390593132433
234.79789640715555 28.52353762052797
235.78163034284844 28.703169309731614
236.76536427854134 28.88280099893526
237.74909821423427 29.0624326881389
238.73283214992716 29.24206437734255
239.71656608562006 29.421696066546197
240.70030002131296 29.60132775574984
241.68403395700585 29.780959444953485
242.66776789269875 29.960591134157124
243.65150182839164 30.14022282336077
244.63523576408457 30.319854512564408
245.61896969977747 30.49948620176805
246.60270363547036 30.679117890971693
247.58643757116326 30.85874958017534
248.57017150685616 31.03838126937898
249.55390544254908 31.218012958582626
250.53763937824198 31.39764464778628
251.52137331393487 31.57727633698992
252.50510724962777 31.756908026193564
253.4888411853207 31.93653971539721
254.4725751210136 32.116171404600856
255.4563090567065 32.295803093804494
256.4400429923994 32.475434783008154
257.4237769280923 32.6550664722118
258.4075108637852 32.83469816141543
259.3912447994781 33.014329850619085
260.37497873517106 33.193961539822716
261.35871267086395 33.37359322902636
262.34244660655685 33.55322491823
263.32618054224974 33.73285660743365
264.30991447794264 33.91248829663729
265.29364841363554 34.09211998584093
266.27738234932843 34.27175167504458
267.26111628502133 34.45138336424823
268.2448502207142 34.631015053451875
269.2285841564071 34.810646742655514
270.2123180921 34.99027843185916
271.1960520277929 35.1699101210628
272.1797859634858 35.34954181026643
273.1635198991787 35.529173499470076
274.1472538348716 35.708805188673715
275.1309877705645 35.88843687787736
276.1147217062574 36.068068567081
277.0984556419503 36.24770025628467
278.08218957764325 36.427331945488305
279.06592351333614 36.60696363469196
280.04965744902904 36.78659532389559
281.03339138472194 36.966227013099235
282.01712532041483 37.14585870230288
283.00085925610773 37.32549039150653
283.9845931918006 37.505122080710166
284.9683271274935 37.684753769913804
285.9520610631864 37.86438545911744
286.9357949988793 38.04401714832109
287.9195289345722 38.223648837524735
288.9032628702651 38.40328052672837
289.886996805958 38.58291221593202
290.87073074165096 38.76254390513566
291.85446467725774 38.94217559481095
292.83819861287907 39.12180728440646
293.8219325485374 39.30143897379939
294.80566648422536 39.481070663030174
295.78940041993087 39.66070235216458
296.77313435564463 39.84033404125387
297.7568682913608 40.019965730330114
298.7406022270762 40.19959741941071
299.72433616278926 40.37922910850368
300.7080700984996 40.55886079761172
301.69180403420717 40.738492486734785
302.67553796991234 40.9181241758715
303.65927190561524 41.097755865020154
304.6430058413164 41.277387554178866
305.626739777016 41.457019243345925
306.61047371271434 41.63665093251987
307.5942076484116 41.81628262169944
308.57794158410803 41.995914310883585
309.5616755198038 42.17554600007146
310.54540945549905 42.355177689262334
311.5291433911939 42.53480937845566
312.5128773268883 42.714441067650974
313.4966112625824 42.894072756847876
314.48034519827627 43.07370444604607
315.46407913397 43.2533361352453
316.4478130696636 43.43296782444539
317.431547005357 43.61259951364616
318.4152809410503 43.792231202847496
319.39901487674354 43.97186289204923
320.3827488124367 44.15149458125138
321.36648274812984 44.33112627045378
322.3502166838229 44.51075795965644
323.3339506195159 44.69038964885925
324.3176845552089 44.87002133806225
325.3014184909019 45.04965302726537
326.28515242659483 45.22928471646859
327.2688863622878 45.408916405671896
328.25262029798074 45.588548094875264
329.2363542336737 45.76817978407868
330.2200881693666 45.94781147328215
331.20382210505954 46.127443162485626
332.1875560407525 46.307074851689165
333.1712899764454 46.48670654089272
334.1550239121383 46.66633823009628
335.1387578478312 46.84596991929985
336.1224917835241 47.025601608503436
337.10622571921704 47.20523329770704
338.08995965490993 47.38486498691065
339.07369359060283 47.56449667611427
340.0574275262957 47.74412836531789
341.0411614619886 47.92376005452152
342.0248953976816 48.10339174372516
343.0086293333745 48.2830234329288
343.99236326906737 48.46265512213243
344.97609720476026 48.642286811336064
345.9598311404532 48.82191850053969
346.9435650761461 49.00155018974335
347.927299011839 49.181181878947
348.9110329475319 49.360813568150625
349.8947668832248 49.54044525735424
350.8785008189177 49.72007694655788
351.8622347546106 49.8997086357615
352.8459686903035 50.07934032496516
353.8297026259964 50.25897201416881
354.8134365616893 50.43860370337244
355.7971704973822 50.618235392576075
356.7809044330751 50.797867081779735
357.764638368768 50.97749877098337
358.7483723044609 51.157130460187005
359.73210624015377 51.33676214939064
360.71584017584667 51.5163938385943
361.69957411153956 51.696025527797936
362.68330804723246 51.87565721700158
363.66704198292535 52.05528890620523
364.65077591861825 52.23492059540887
365.6345098543112 52.41455228461252
366.6182437900041 52.59418397381618
367.601977725697 52.77381566301982
368.5857116613899 52.95344735222347
369.5694455970828 53.13307904142711
370.5531795327757 53.31271073063076
371.5369134684686 53.492342419834394
372.5206474041615 53.67197410903804
373.50438133985443 53.85160579824169
374.48811527554733 54.031237487445345
375.4718492112402 54.210869176648984
376.4555831469331 54.390500865852616
377.439317082626 54.57013255505623
378.4230510183189 54.74976424425988
379.4067849540118 54.92939593346352
380.3905188897047 55.109027622667156
381.3742528253976 55.28865931187081
382.3579867610905 55.468291001074455
383.3417206967834 55.6479226902781
384.3254546324763 55.827554379481754
385.30918856816925 56.00718606868538
386.29292250386214 56.18681775788903
387.27665643955504 56.366449447092684
388.26039037524794 56.54608113629632
389.24412431094083 56.725712825499976
390.2278582466338 56.90534451470363
391.2115921823267 57.08497620390729
392.1953261180196 57.26460789311092
393.1790600537125 57.44423958231457
394.1627939894054 57.62387127151822
395.14652792509827 57.80350296072186
396.13026186079117 57.98313464992551
397.11399579648406 58.16276633912915
398.09772973217696 58.34239802833279
399.08146366786985 58.522029717536434
400.06519760356275 58.701661406740065
401.0489315392557 58.881293095943704
402.0326654749486 59.06092478514736
403.0163994106415 59.24055647435099
404.0001333463344 59.420188163554634
404.9838672820273 59.59981985275827
405.9676012177202 59.779451541961905
406.9513351534131 59.95908323116556
407.935069089106 60.138714920369196
408.9188030247989 60.31834660957284
409.9025369604918 60.497978298776474
410.88627089618467 60.67760998798014
411.87000483187757 60.85724167718377
412.85373876757046 61.03687336638742
413.83747270326336 61.21650505559108
414.82120663895626 61.39613674479472
415.80494057464915 61.57576843399836
416.78867451034205 61.75540012320201
417.77240844603494 61.93503181240564
418.75614238172784 62.11466350160927
419.7398763174208 62.29429519081292
420.7236102531137 62.473926880016585
421.7073441888066 62.65355856922024
422.6910781244995 62.83319025842388
423.6748120601924 63.01282194762751
424.6585459958853 63.19245363683115
425.6422799315782 63.3720853260348
426.62601386727107 63.55171701523845
427.60974780296397 63.73134870444209
428.5934817386569 63.91098039364573
429.5772156743499 64.09061208284938
430.56094961004277 64.270243772053
429.5772156743499 64.09061208284938
430.56094961004277 64.27024377205304
431.54468354573567 64.44987546125668
432.5284174814286 64.62950715046033
433.5121514171215 64.80913883966397
434.4958853528144 64.98877052886763
435.4796192885073 65.16840221807126
436.4633532242002 65.34803390727488
437.4470871598931 65.52766559647853
438.430821095586 65.70729728568219
439.41455503127895 65.88692897488583
440.39828896697185 66.06656066408945
441.38202290266474 66.2461923532931
442.36575683835764 66.42582404249674
443.34949077405054 66.6054557317004
444.33322470974343 66.78508742090402
445.31695864543633 66.96471911010767
446.3006925811293 67.14435079931133
447.2844265168221 67.32398248851496
448.268160452515 67.5036141777186
449.251894388208 67.68324586692226
450.23562832390087 67.8628775561259
451.21936225959377 68.04250924532954
452.20309619528666 68.22214093453319
453.1868301309795 68.40177262373683
454.17056406667245 68.58140431294048
455.15429800236535 68.76103600214411
456.13803193805825 68.94066769134776
457.1217658737511 69.1202993805514
458.10549980944404 69.29993106975505
459.089233745137 69.47956275895869
460.07296768082983 69.65919444816234
461.05670161652273 69.83882613736597
462.0404355522156 70.01845782656963
463.0241694879085 70.19808951577326
464.0079034236014 70.37772120497691
464.9916373592944 70.55735289418055
465.9753712949872 70.73698458338419
466.95910523068017 70.91661627258783
467.94283916637306 71.09624796179148
468.92657310206596 71.27587965099514
469.9103070377589 71.45551134019877
470.8940409734518 71.63514302940241
471.8777749091447 71.81477471860606
472.86150884483754 71.99440640780969
473.8452427805305 72.17403809701334
474.8289767162234 72.353669786217
475.8127106519163 72.53330147542063
476.7964445876092 72.71293316462427
477.7801785233021 72.89256485382792
478.7639124589949 73.07219654303157
479.7476463946879 73.25182823223523
480.7313803303808 73.43145992143886
481.71511426607367 73.61109161064249
482.69884820176657 73.79072329984614
483.68258213745946 73.97035498904978
484.6663160731524 74.14998667825343
485.4158013070882 74.28684410862178
485.1932670605166 75.26176898219039
484.97073281394484 76.236693855759
484.7481985673732 77.21161872932763
484.5256643208015 78.18654360289624
484.3031300742299 79.16146847646485
484.08059582765816 80.13639335003346
483.85806158108653 81.1113182236021
483.63552733451485 82.0862430971707
483.4129930879432 83.06116797073932
483.19045884137154 84.03609284430794
482.96792459479985 85.01101771787656
482.7453903482282 85.98594259144517
482.52285610165654 86.96086746501378
482.30032185508486 87.93579233858239
482.0777876085132 88.910717212151
481.85525336194155 89.88564208571962
481.6327191153699 90.86056695928824
481.4101848687982 91.83549183285685
481.18765062222656 92.81041670642547
480.9651163756549 93.78534157999408
480.7425821290832 94.7602664535627
480.5200478825115 95.73519132713132
480.2975136359399 96.71011620069993
480.07497938936825 97.68504107426855
479.8524451427965 98.65996594783716
479.6299108962248 99.63489082140578
479.4073766496532 100.6098156949744
479.1848424030816 101.58474056854301
478.96230815650983 102.55966544211162
478.7397739099382 103.53459031568023
478.5172396633666 104.50951518924886
478.2947054167949 105.48444006281747
478.07217117022316 106.45936493638607
477.84963692365153 107.43428980995469
477.6271026770799 108.40921468352332
477.4045684305082 109.38413955709193
477.18203418393654 110.35906443066054
476.95949993736485 111.33398930422916
476.7369656907932 112.30891417779779
476.51443144422154 113.28383905136639
476.29189719764986 114.25876392493501
476.06936295107823 115.23368879850364
475.84682870450655 116.20861367207223
475.62429445793487 117.18353854564086
475.4017602113632 118.15846341920947
475.17922596479156 119.13338829277808
474.9566917182199 120.10831316634669
474.7341574716482 121.0832380399153
474.5116232250765 122.05816291348394
474.2890889785049 123.03308778705255
474.0665547319332 124.00801266062115
473.8440204853615 124.98293753418977
473.6214862387899 125.9578624077584
473.39895199221814 126.932787281327
473.1764177456466 127.90771215489562
472.9538834990749 128.88263702846425
472.7313492525032 129.85756190203284
472.5088150059315 130.83248677560147
472.2862807593599 131.8074116491701
472.06374651278816 132.7823365227387
471.84121226621653 133.7572613963073
471.6186780196449 134.73218626987594
471.39614377307316 135.70711114344454
471.17360952650154 136.68203601701316
470.9510752799298 137.6569608905818
470.72854103335817 138.63188576415038
470.50600678678654 139.606810637719
470.2834725402148 140.5817355112876
470.0609382936432 141.55666038485623
469.83840404707155 142.53158525842485
469.6158698004998 143.50651013199348
469.3933355539282 144.48143500556208
469.17080130735656 145.45635987913067
468.94826706078493 146.4312847526993
468.7257328142132 147.40620962626792
468.50319856764145 148.38113449983652
468.28066432106993 149.35605937340517
468.0581300744982 150.33098424697377
467.83559582792645 151.30590912054237
467.6130615813548 152.280833994111
467.3905273347832 153.25575886767962
467.16799308821146 154.23068374124824
466.94545884163983 155.20560861481684
466.7229245950682 156.18053348838546
466.5003903484966 157.1554583619541
466.27785610192484 158.1303832355227
466.05532185535316 159.1053081090913
465.83278760878153 160.08023298265994
465.61025336220985 161.05515785622853
465.3877191156381 162.03008272979716
465.1651848690665 163.00500760336575
464.94265062249485 163.97993247693438
464.72011637592317 164.954857350503
464.49758212935154 165.9297822240716
464.27504788277986 166.90470709764026
464.05251363620823 167.87963197120882
463.8299793896365 168.85455684477748
463.60744514306487 169.8294817183461
463.3849108964932 170.8044065919147
463.1623766499215 171.77933146548332
462.93984240334987 172.75425633905192
462.71730815677813 173.72918121262052
462.4947739102065 174.70410608618914
462.2722396636348 175.67903095975774
462.0497054170632 176.6539558333264
461.8271711704915 177.62888070689502
461.6046369239198 178.60380558046361
461.38210267734814 179.57873045403224
461.1595684307765 180.55365532760084
460.9370341842049 181.52858020116946
460.71449993763315 182.5035050747381
460.4919656910615 183.47842994830668
460.2694314444899 184.45335482187534
460.0468971979182 185.42827969544393
459.82436295134653 186.40320456901253
459.6018287047748 187.37812944258116
459.37929445820316 188.35305431614975
459.1567602116315 189.32797918971838
458.9342259650598 190.302904063287
458.71169171848817 191.2778289368556
458.4891574719165 192.25275381042422
458.26662322534486 193.22767868399285
458.0440889787732 194.20260355756147
457.82155473220155 195.1775284311301
457.5990204856298 196.1524533046987
457.3764862390582 197.1273781782673
457.15395199248644 198.10230305183592
456.9314177459148 199.07722792540451
456.7088834993432 200.05215279897317
456.4863492527715 201.0270776725418
456.2638150061998 202.0020025461104
456.0412807596282 202.976927419679
455.8187465130565 203.9518522932476
455.5962122664848 204.92677716681624
455.3736780199132 205.90170204038486
455.15114377334146 206.87662691395343
454.92860952676983 207.85155178752206
454.7060752801982 208.8264766610907
454.48354103362647 209.8014015346593
454.26100678705484 210.77632640822793
454.03847254048316 211.75125128179653
453.8159382939115 212.72617615536515
453.59340404733985 213.70110102893375
453.37086980076816 214.67602590250237
453.14833555419654 215.650950776071
452.92580130762485 216.62587564963957
452.7032670610532 217.60080052320822
452.4807328144815 218.57572539677685
452.25819856790986 219.55065027034547
452.0356643213382 220.5255751439141
451.8131300747665 221.5005000174827
451.5905958281948 222.4754248910513
451.3680615816232 223.45034976461992
451.1455273350515 224.4252746381885
450.92299308847987 225.40019951175714
450.70045884190813 226.3751243853258
450.47792459533645 227.3500492588944
450.25539034876476 228.32497413246298
450.0328561021931 229.2998990060316
449.8103218556215 230.27482387960023
449.5877876090499 231.24974875316886
449.36525336247814 232.22467362673743
449.1427191159065 233.19959850030608
448.92018486933483 234.1745233738747
448.6976506227632 235.14944824744333
448.4751163761915 236.12437312101193
448.25258212961984 237.09929799458052
448.03004788304816 238.07422286814915
447.80751363647653 239.04914774171775
447.58497938990484 240.02407261528637
447.36244514333316 240.998997488855
447.13991089676153 241.9739223624236
446.91737665018985 242.94884723599222
446.6948424036181 243.92377210956084
446.4723081570464 244.89869698312947
446.2497739104748 245.8736218566981
446.0272396639032 246.84854673026666
445.80470541733143 247.8234716038353
445.5821711707598 248.7983964774039
445.3596369241882 249.77332135097254
445.1371026776165 250.74824622454116
444.9145684310448 251.72317109810976
444.6920341844732 252.69809597167838
444.4694999379015 253.67302084524698
444.2469656913298 254.6479457188156
444.0244314447582 255.62287059238423
443.8018971981865 256.5977954659528
443.5793629516149 257.5727203395214
443.35682870504314 258.54764521309005
443.1342944584715 259.5225700866587
442.91176021189983 260.4974949602273
442.6892259653282 261.47241983379587
442.46669171875646 262.44734470736455
442.3187937814647 263.0952871253816
442.09625953486966 264.0702119989449
441.8737252883019 265.0451368725144
441.6511910417364 266.02006174608437
441.4286567951693 266.994986619654
441.20612254860043 267.96991149322326
440.9835883020305 268.9448363667923
440.76105405546 269.91976124036114
440.538519808889 270.8946861139299
440.3159855623179 271.8696109874986
440.0934513157466 272.84453586106736
439.8709170691753 273.81946073463604
439.6483828226038 274.7943856082047
439.4258485760323 275.76931048177335
439.20331432946074 276.74423535534197
438.98078008288917 277.7191602289106
438.7582458363176 278.6940851024792
438.535711589746 279.66900997604785
438.3131773431744 280.64393484961647
438.0906430966027 281.6188597231851
437.8681088500311 282.5937845967537
437.64557460345947 283.56870947032235
437.4230403568879 284.543634343891
437.20050611031627 285.5185592174596
436.97797186374464 286.4934840910282
436.755437617173 287.46840896459685
436.5329033706013 288.4433338381655
436.31036912402965 289.4182587117341
436.087834877458 290.3931835853027
435.8653006308864 291.36810845887135
435.6427663843147 292.34303333244
435.420232137743 293.3179582060086
435.1976978911714 294.2928830795772
434.9751636445997 295.26780795314585
434.75262939802803 296.2427328267145
434.5300951514563 297.2176577002831
434.30756090488467 298.1925825738517
434.08502665831304 299.16750744742035
433.8624924117414 300.142432320989
433.6399581651698 301.1173571945576
433.4205511039662 302.09299059983545
433.2131121197765 303.0712385580947
433.0317719340053 304.0546589854931
432.8930288537845 305.0449873945024
432.8120058855442 306.04169962911055
432.79934487863153 307.0416194753502
432.85960723813525 308.0398020478424
432.99139706069246 309.0310797297612
433.18878541016136 310.0114051040599
433.44325522706896 310.9784858205893
433.7454642815541 311.93172749371695
434.0864696171482 312.87178885399953
434.45853518872593 313.7999953021815
434.85515342153434 314.71797894985934
435.27110692190723 315.6273648335894
435.70249482159215 316.52953138140947
436.1465689661174 317.42552142274036
436.60142841096837 318.3160846632965
437.0656987941776 319.2017781832427
437.5382847497655 320.0830627653052
438.01822018454646 320.9603665772436
438.50460005854893 321.83411403398685
438.9965635934427 322.7047298392275
439.4933019378841 323.5726301890152
439.99407236351124 324.43821033020214
440.49820973333726 325.30183380854487
441.00513199976376 326.16382558101196
441.5143398091334 327.0244691813931
442.0254616391775 327.8839774564274
442.53827733145556 328.7424761842967
443.05269032056674 329.60001876436706
443.56867047954245 330.45661929877235
444.086199302909 331.3122850728833
444.60523497619374 332.16703765103557
445.12569936536977 333.0209210269129
445.6474807246874 333.8740002805984
446.1704443069859 334.726355307327
446.69444482583623 335.57807325139333
447.21933728694614 336.4292418036026
447.7449848082022 337.27994426827365
448.27132136853453 338.1302205911579
448.7983901794054 338.9800432012403
449.3263220385728 339.82932993260727
449.85527847501965 340.6779789108907
450.3853963393568 341.5259028755895
450.9167542623243 342.3730502994183
451.44936344937923 343.2194116016201
451.983175725045 344.06501461388325
452.5180998703829 344.90991470190227
453.0540193516202 345.7541837997794
453.5908741914856 346.59785842954676
454.1287136602916 347.44090570330695
454.6676780663056 348.2832342431594
455.207938175478 349.12473232066
455.74963470493185 349.96530645182133
456.29284173989106 350.8049052352714
456.8375572503926 351.6435261344976
457.38371283909606 352.4812098892213
457.93119263964087 353.3180287871887
458.47993718226473 354.1540188750131
459.0300125820469 354.9891338698219
459.5815911741107 355.82325679648017
460.1348786343137 356.65624718440915
460.69004054742743 357.4879894823764
461.24715830132806 358.318422988618
461.80621835665556 359.1475501528921
462.36721647396723 359.97536722952964
462.9302381806182 360.8018093375081
463.49544897905633 361.62675585294346
464.0630274232073 362.4500751772249
464.63309608770777 363.2716722303809
465.20568189673577 364.09151702746124
465.780819117595 364.9095739797465
466.35863383076844 365.7257419509633
466.9393291618385 366.5398629078692
467.523107710118 367.3517758382802
468.1100939025247 368.1613727811623
468.7004197105538 368.9685378450587
469.2942999643235 369.7730912890152
469.8920054987494 370.5748070080308
470.4937736250201 371.3734778552543
471.09986919660594 372.1688696820315
471.7106320399254 372.9606832643982
472.32642374035015 373.7485922576759
472.9476751030584 374.5322036054327
473.57489089929265 375.31104912602984
474.2085531584015 376.08465893813224
474.8491903195996 376.85250269026676
475.4974047476175 377.61396053894214
476.15376632000124 378.3684070157037
476.8189527634733 379.1150843191093
477.49380985872705 379.85303275971046
478.1795067541184 380.5809199540274
478.87772460869223 381.29680529928487
479.5904683529104 381.9982298177314
480.3200843843734 382.68208685442266
481.06948307600646 383.34420587769455
481.84233661499786 383.97879031436827
482.64337927411884 384.5773975798341
483.4780637251013 385.12812606764646
484.35141485695283 385.6152172300521
485.26641090127555 386.01868003982986
486.2215829316893 386.31473137374905
487.2088358070904 386.4738909163853
488.2088310967257 386.47082159931466
489.1931212505334 386.2942631299135
490.1319611104878 385.9499090717686
491.0018292375526 385.45662473032166
491.78906010483945 384.8399663471054
492.2324183117963 383.94362182610695
492.35302438728013 382.95092138057646
492.3217874385315 381.9514093731284
492.2346962366415 380.95520903055
492.1284096046868 379.9608734977102
492.0157020178518 378.9672452976928
491.9008809160455 377.97385911167044
491.78537196016686 376.98055267299617
491.66964100636517 375.98727207501184
491.5538388575885 374.9939997748148
491.4380139870928 374.00073012392704
491.32218189218577 373.0074613155023
491.20634750697195 372.01419277416915
491.09051239733907 371.02092431731757
490.9746770589868 370.0276558871393
490.8588416485241 369.03438746537057
490.74300621535224 368.0411190462502
490.6271707750351 367.0478506279631
490.5113353324714 366.054582209938
490.3954998892016 365.06131379199525
490.2796644457102 364.06804537407834
490.1638290021491 363.07477695616956
490.0479935585662 362.08150853826334
489.93499416579965 361.08791348129375
489.8235966708323 360.09413755176286
489.7128804480076 359.10028549134165
489.60242278497367 358.1064046611225
489.49205747903596 357.1125135708891
489.38172396533446 356.11861895084417
489.27140113156344 355.12472314526457
489.1610818251122 354.1308269481574
489.0507636694962 353.13693062331186
488.9404458859814 352.14303425716474
488.83012822196423 351.149137877754
488.76284668018417 350.15140384799673
488.71995075946336 349.15232430162143
488.6874193044715 348.1528535894762
488.65881456619104 347.1532627887243
488.721258021387 346.1552142854424
488.8347615979077 345.1616766977705
489.2037639873971 344.23224825159986
490.11608746010813 343.8227780070881
491.0891381959018 344.053369129145
491.98295079206486 344.5018098085444
492.8234965088791 345.04355042724063
493.65391278263235 345.6006938668374
494.47698803066976 346.1686262008949
495.2953777443314 346.74328982126144
496.1109772722955 347.3219066288161
496.9249705940148 347.9027808597788
497.7379868967755 348.48502178194514
498.5510031995364 349.0672627041115
499.3918543781442 349.6085290853267
