8.403521851673995
352854
880
0.0 100.0
0.0 99.0
0.0 98.0
0.0 97.0
0.0 96.0
0.0 95.0
0.0 94.0
0.0 93.0
0.0 92.0
0.0 91.0
0.0 90.0
0.0 89.0
0.0 88.0
0.0 87.0
0.0 86.0
0.0 85.0
0.0 84.0
0.0 83.0
0.0 82.0
0.0 81.0
0.0 80.0
0.0 79.0
0.0 78.0
0.0 77.0
0.0 76.0
0.2096618671495246 75.02222604787028
0.4193237342990506 74.04445209574055
0.6289856014485778 73.06667814361083
0.8386474685981049 72.08890419148112
1.0483093357476285 71.1111302393514
1.2579712028971552 70.13335628722167
1.4676330700466815 69.15558233509195
1.708320149393493 68.18497956885052
1.9644380792987552 67.21833402575778
2.228244381101767 66.25375834955139
2.495886316744034 65.29023990432803
2.7654432240357343 64.32725544249527
3.0386611438931337 63.36530327722467
3.3150576421545033 62.404259586361
3.593716079260327 61.44386931390415
3.8738413879688607 60.4839058711518
4.15486795563089 59.524205882474035
4.438153415698692 58.56517024804006
4.723696448463268 57.606804359436126
5.01059265754916 56.648842687336376
5.298334043437506 55.69113454032756
5.587618003090636 54.73389121144644
5.878749846296156 53.77720827030462
6.171601588493383 52.82105040829017
6.465839873745787 51.865318316387985
6.761098984854023 50.90990110003296
7.058313547756626 49.955090383922894
7.35786710160992 49.001010896472366
7.660460636195822 48.0478912015616
7.964721969742257 47.09530260153085
8.271146048105502 46.14340750006261
8.579828972601867 45.192242502743866
8.891078702286169 44.24191434585728
9.205049514869359 43.29248171062409
9.52160590211939 42.34390801623276
9.840393868651926 41.39608196025305
10.161662170068295 40.44909374569859
10.485664696105292 39.503037530074145
10.812368456304071 38.5579107380129
11.142114832109893 37.61384118144255
11.475104515944183 36.67091071186384
11.811195613570227 35.72908122936899
12.150862565350618 34.78853545064888
12.494457079501782 33.84941734846725
12.842698728918549 32.91201255137504
13.19593246600695 31.97647744942399
13.553917687050005 31.042750197216606
13.91723053164527 30.111082994320583
14.286269412929741 29.181669036979557
14.661904151265258 28.254901243324852
15.044498399487647 27.33098477457503
15.434916473876235 26.41034710035639
15.833469002237848 25.493201592742373
16.241251853017438 24.580122654966416
16.658748537950707 23.671444209051838
17.0877612765262 22.768145769918927
17.529299836760035 21.870903495041826
17.985965734754856 20.98126522157975
18.461523295388947 20.101580615301025
18.957593705637002 19.23329831784453
19.47729152141126 18.378948166981626
20.02495099921355 17.5422468484854
20.60507172393229 16.727716342763358
21.21829003065608 15.937802861235914
21.867062496497244 15.176820412314536
22.555137880753097 14.45118120059761
23.286078795664267 13.768740449389991
24.062176562940408 13.138127845940783
24.883608858827092 12.567821802421749
25.747763865035083 12.064596082445448
26.649064746326157 11.631402452086075
27.580210622924653 11.266755559197048
28.53382081855064 10.965711385032915
29.503528384360344 10.721442605178794
30.483940293162604 10.524484515528467
31.470827905701682 10.36307559316998
32.46112610859082 10.22411707650207
33.4526055713552 10.093853977673364
34.443423229671666 9.95864906663732
35.431659828322246 9.805716319694323
36.41496253561575 9.623738887496636
37.39044401988865 9.403657371142447
38.355204350954864 9.140527168389148
39.307350678188634 8.834884613211962
40.24746537078359 8.494026336552757
41.17875936212961 8.129757889274135
42.10593665640893 7.755135058986275
43.03414916876832 7.3830846163048225
43.96807924600747 7.025628869633871
44.91126958251549 6.693375970296804
45.86635461632289 6.397044098576737
46.8338380508375 6.144109711946896
47.812447526641805 5.93838296632049
48.79998576427137 5.781003713496353
49.793969978312035 5.671480281127053
50.79197519646753 5.608348795049253
51.79179775242963 5.589511157473785
52.791535171009066 5.612426084750981
53.78962345465128 5.6742304378026365
54.784847240679355 5.771850188488273
55.77632599345122 5.902118691212191
56.763479726782975 6.061891989260307
57.74598146186098 6.248145420285651
58.72370496455875 6.458042424248048
59.69667476206145 6.688974823766975
60.66502382429849 6.938574690883632
61.62896041432134 7.204706707775818
62.588742676458814 7.485452160608562
63.54465887874503 7.779091759788731
64.49701183543127 8.084089867800897
65.44610674621813 8.399080106250382
66.39224205344712 8.722851600385848
67.33570298352417 9.054335345716048
68.27675738114658 9.392590605417272
69.21565339073229 9.736791539733286
70.15261853584619 10.086214373620372
71.08785979143016 10.440225381717141
72.02153373066294 10.798349627192849
72.95379958884395 11.160123547853289
73.88482339097521 11.52508201105843
74.81476316406088 11.892793879827153
75.74375787785249 12.262886870502786
76.67192453357033 12.635051698520629
77.59936051088545 13.009033660627871
78.52614813813744 13.384619461707452
79.4523593387699 13.761624517141748
80.37805917754243 14.139883434414713
81.30330797327287 14.519244299554181
82.22816218966676 14.899566108577021
83.15267453629644 15.28071820542195
84.07689370261622 15.662580657892974
85.00086403090157 16.0450448162768
85.9246252991853 16.428013639053297
86.84821267808229 16.811401632530078
87.77165685798761 17.195134412728734
88.69498431017496 17.579147975037728
89.61821763580122 17.963387778354758
90.54137596033206 18.347807741220116
91.46447533993019 18.73236922575225
92.38752915638115 19.11704006157857
93.31054848594736 19.501793641480194
94.23354243435483 19.886608104830003
95.15651888543269 20.271464533587146
96.0794855389178 20.65634445843969
97.00245077408871 21.04122778448263
97.92542401705184 21.426091906965006
98.84841558409309 21.810912082073763
99.77143617246152 22.195662642109745
100.69449622160522 22.580318521662917
101.61760532298266 22.964856669255752
102.5407717791083 23.349257104068734
103.46400234324446 23.733503542497026
104.3873021255906 24.117583627791202
105.31067462969025 24.501488848741282
106.23412187745996 24.88521424611104
107.15764458545817 25.26875799565159
108.08124236318534 25.652120937232354
109.05526341076438 25.425663438188888
110.02928445834343 25.199205939145426
111.00330550592247 24.97274844010196
111.97732655350151 24.746290941058493
112.95134760108056 24.51983344201503
113.9253686486596 24.293375942971565
114.89938969623864 24.066918443928103
115.87341074381769 23.840460944884633
116.84743179139673 23.61400344584117
117.82145283897579 23.387545946797708
118.79547388655484 23.161088447754246
119.76949493413386 22.934630948710776
120.7435159817129 22.708173449667314
121.71753702929196 22.481715950623848
122.69155807687102 22.25525845158038
123.66557912445005 22.02880095253692
124.63960017202909 21.80234345349345
125.61362121960812 21.575885954449987
126.57284956690125 21.293253723893617
127.5320779141944 21.010621493337254
128.49130626148755 20.727989262780888
129.45053460878069 20.445357032224518
130.40976295607382 20.16272480166815
131.36899130336695 19.880092571111785
132.32821965066012 19.597460340555415
133.28744799795325 19.31482810999905
134.24667634524639 19.032195879442686
135.20590469253955 18.749563648886316
136.16513303983268 18.46693141832995
137.12436138712582 18.184299187773583
138.086094807019 17.910312273742036
139.04782822691223 17.636325359710494
140.00956164680542 17.36233844567895
140.97129506669864 17.088351531647408
141.9330284865918 16.81436461761586
142.89476190648503 16.540377703584316
143.8564953263782 16.266390789552773
144.81822874627142 15.992403875521228
145.7799621661646 15.718416961489682
146.7416955860578 15.444430047458138
147.70704762575394 15.18347901861466
148.67239966545011 14.922527989771183
149.6377517051463 14.661576960927704
150.60310374484243 14.400625932084226
151.56845578453857 14.139674903240747
152.53380782423474 13.87872387439727
153.4991598639309 13.617772845553791
154.46846393137466 13.371907791434559
155.43776799881837 13.12604273731533
156.40707206626206 12.880177683196097
157.37637613370583 12.634312629076867
158.34568020114952 12.388447574957635
159.31498426859326 12.142582520838404
160.28921368715865 11.917023127325812
161.263443105724 11.691463733813219
162.2376725242894 11.465904340300629
163.21190194285478 11.240344946788035
164.19071604117906 11.035593973843815
165.16953013950337 10.830843000899595
166.14834423782767 10.626092027955377
167.12715833615195 10.421341055011156
168.11164550643574 10.245884474779452
169.09613267671955 10.070427894547747
170.08061984700333 9.894971314316043
171.07021524828406 9.75109309579772
172.0598106495648 9.607214877279398
173.05296788505518 9.490430008426083
174.04612512054558 9.373645139572767
175.04241129541066 9.28754137790872
176.03869747027574 9.20143761624467
177.03739864433135 9.150487003491007
178.0369651760775 9.121046408847644
179.03653170782366 9.091605814204282
180.0365224331268 9.09591270492331
181.03626937613376 9.118408258889781
182.03554568679021 9.156445805614224
183.0342249133962 9.20782481247177
184.03225942093655 9.270491564092492
185.02965944637796 9.342555350070317
186.02705947181937 9.414619136048143
187.0232710271756 9.501581984292091
188.01902267038707 9.593661651112111
189.01441195805432 9.689579146895237
190.00951402871885 9.788431910939272
191.004391814951 9.889516976413137
191.99909669664726 9.992289532718852
192.99366960709284 10.096331475260323
193.98814255360168 10.201324611522102
194.98254021681979 10.307028383386616
195.97688143042674 10.413261857031287
196.97118045488168 10.51988947994391
197.96544802539216 10.626810002909224
198.95969218848813 10.73394797073376
199.95391895602424 10.841247247127974
200.94813280893544 10.94866612200343
201.94233708115217 11.05617363386194
202.9365342499324 11.16374681634434
203.93072615418723 11.271368642728012
204.92491415798148 11.379026494794475
205.91909927260508 11.486711024142272
206.913282247509 11.594415306374799
207.90746363793556 11.702134213394627
208.9016438551547 11.809863947870062
209.89582320374615 11.917601698144866
210.89000190924966 12.025345382522946
211.8841801386614 12.133093459831748
212.87835801562207 12.240844789113602
213.87253563166834 12.34859852571967
214.86671305456645 12.456354044370347
215.86089033448363 12.564110882188253
216.8550675085578 12.671868696521644
217.84924460428115 12.77962723371959
218.84342164200527 12.887386306015902
219.83759863679543 12.995145774416471
220.8317755998039 13.102905536031102
221.8259525392861 13.21066551469565
222.82016248023552 13.318120590505576
223.81441522106888 13.425178926684262
224.80870641767328 13.53187951878654
225.80302814158398 13.638295257092514
226.7973730136988 13.744494481661096
227.79173514952862 13.850531941211761
228.78611008765014 13.956449278960745
229.7804945029137 14.062277605419082
230.7748859307166 14.16804001987748
231.76928254721201 14.273753638217356
232.76368300317313 14.379431134328522
233.75808630044904 14.48508189091247
234.75249170052766 14.590712853676692
235.7468986569361 14.696329164190352
236.74130676526605 14.801934628479396
237.73571572622018 14.907532063931773
238.73012531828056 15.0131235560997
239.7245353774893 15.118710648798022
240.71894578248816 15.224294484824021
241.71335644344848 15.329875910124532
242.70776729387836 15.435455550905033
243.70217828455944 15.541033870709132
244.6965893790592 15.646611212671244
245.69100055040926 15.752187830793847
246.68541177864677 15.857763913100197
247.67982304899456 15.963339598772977
248.67423435051404 16.068914990841023
249.66864567510805 16.174490165570578
250.66305701678274 16.280065179417115
251.65746837110126 16.38564007417132
252.6518797347793 16.491214880768418
253.6462911053856 16.596789622107945
254.64070248112046 16.702364315141086
255.63511386065176 16.80793897241583
256.6295252429933 16.913513603220718
257.6239366274151 17.019088214431502
258.6183480133768 17.12466281113793
259.61276468104785 17.230187647351983
260.60718821509226 17.335647758003326
261.60161793627566 17.44104951143819
262.5960525812259 17.546404800449615
263.59049096708213 17.651724773557845
264.58493214701684 17.75701836144476
265.5793754012632 17.862292356733246
266.5738201923257 17.96755183387745
267.5682661212397 18.072800560551126
268.5627128924504 18.17804132845305
269.55716028714306 18.283276204749118
270.551608143345 18.38850671978825
271.54605634116405 18.4937340064323
272.5405047918558 18.598958903280803
273.5349534297309 18.704182031102057
274.52941174591194 18.809313650409898
275.5238825620406 18.91432696322479
276.51836461985243 19.019233763244177
277.5128556159935 19.12405579620647
278.50735339987557 19.228813410983054
279.50185625199487 19.33352290017405
280.4963628659962 19.438196653845065
281.49087226670736 19.54284392756564
282.48540439734364 19.64727496285695
283.4799648748607 19.75143568751384
284.47455060286774 19.85535502952836
285.4691785033322 19.958869954141317
286.46385026729075 20.06196254351425
287.4585832348695 20.164462900645425
288.45337618536706 20.266379462794674
289.4482477166685 20.36752607028046
290.4432058902486 20.467816811758215
291.43824649201133 20.567286409342902
292.4333586211093 20.666037867671996
293.42852932414877 20.764197288065073
294.4237462315857 20.861887139900713
295.4189987115879 20.95921391447712
296.41427815572627 21.056264561438596
297.4095778401317 21.153107414672586
298.40489262712146 21.24979492575612
299.40021864309927 21.34636677423063
300.3955529907787 21.44285271273777
301.3908935132384 21.53927493190788
302.38623860903505 21.635649930084053
303.3815870909314 21.73198995077453
304.3769380794791 21.828304070181503
305.37229092350185 21.92459901239426
306.36764514094597 22.02087975717871
307.3630003749897 22.11714999173577
308.3583563615191 22.21341244589161
309.3537129050421 22.309669140547392
310.34906986085815 22.405921571729564
311.3444271218611 22.502170846889083
312.33978460877046 22.59841778581984
313.3322094113498 22.72127140288188
314.32133641625336 22.868335226341806
315.3075107519618 23.034046359311454
316.29125095880045 23.213643701855887
317.2730618269105 23.403505281067837
318.2533770820798 23.60094388033968
319.23254903768134 23.803976590422263
320.21085512214984 24.01114127151423
321.1885096446336 24.2213593360734
322.1656760836822 24.433834629689194
323.14247807865576 24.64797911973185
324.1190085810663 24.86335826881969
325.0953371760505 25.07965083599694
326.0715157983195 25.296619260946365
327.04758312423064 25.514087822556476
328.0235679105404 25.73192651721817
328.9994915136203 25.950039150853968
329.9750531740396 26.169764995305304
330.95029374978867 26.390911596935577
331.9252869935071 26.61314610079007
332.9000950307435 26.83619159063305
333.87476532267044 27.05983823611455
334.84933337829335 27.283929969472542
335.8238256191294 27.5083511639936
336.7982616668194 27.733016223498346
337.7726560789784 27.95786179172989
338.74719074128666 28.18209870207165
339.7218563929577 28.405765569203464
340.6966231938585 28.628991203622135
341.6714654475301 28.85188709962828
342.6463635960421 29.074538396565814
343.62130309886146 29.29700854252326
344.5965937600675 29.5179341548101
345.57219389809904 29.737489092519986
346.54803006155134 29.955992598438513
347.52437473008996 30.172212598013658
348.5011455492485 30.38649924444847
349.4785796747196 30.597739700717234
350.4565541926445 30.806464021986866
351.4353355197805 31.01137159541927
352.41502977291736 31.211868903058548
353.39543824326887 31.408844107749406
354.37673840047665 31.601327877101404
355.3588887598924 31.789425382399877
356.3417913718758 31.973551576506708
357.3253392589535 32.15419917218662
358.3094295485835 32.3318682518146
359.29397844092074 32.50697815615337
360.27892278411446 32.67984990286352
361.26421298192076 32.85073941718995
362.24980582956977 33.019874684544504
363.23567201232294 33.18740936663648
364.2217950050417 33.353425761102066
365.2081630589597 33.517979892651645
366.1947717395493 33.68108510834156
367.1816209537308 33.84272863116026
368.168708232856 34.00291197420607
369.1560340053938 34.16161868131926
370.1436006855206 34.31881935658257
371.13140705952213 34.47450675967572
372.1194546093645 34.62865616528754
373.1077468513076 34.781228916836184
374.09628349251767 34.9322100712402
375.085067107917 35.08156522487693
376.0741023774344 35.22924472802688
377.0633898621631 35.375225112185454
378.0529330873374 35.519461742455206
379.04273770043665 35.661893578388685
380.0328048574334 35.802488829504334
381.0231388354797 35.94119215292136
382.01374611210906 36.0779299439263
383.0046371487356 36.212596025525386
383.99582092119397 36.34509028659049
384.9873063991461 36.475307593466304
385.9790987343251 36.6031667498854
386.9711936182327 36.72865675476339
387.96358749552894 36.851759932240256
388.9562785954441 36.9724429059742
389.9492701088524 37.09062858319072
390.94256507772957 37.20623612967144
391.9361678219438 37.31916790859095
392.93007977043186 37.42934521411581
393.9243023576432 37.536683218004214
394.91883397837404 37.6411191091842
395.9136734065643 37.742580984379146
396.90881694527445 37.84101541617724
397.90426175428337 37.93635497888395
398.9000082340033 38.02849046675603
399.896054217954 38.11732963523298
400.892395536767 38.20279293979079
401.8890233949613 38.284847264911036
402.885928491033 38.36346170014021
403.88310415711965 38.43856623372327
404.88054197191275 38.510105073669
405.8782325430706 38.57802800221826
406.8761633465239 38.64232505906372
407.8743222622446 38.702977997717454
408.8726993121681 38.759927678894186
409.8712856455871 38.81308155654055
410.8700692653655 38.86238957680379
411.8690360498624 38.90783584696852
412.86817161495617 38.94940654054966
413.86745991898175 38.987127694266796
414.8668848865774 39.021035424159955
415.8664314000273 39.05114800376101
416.8660850100656 39.07746643717449
417.86583133147326 39.099989599291966
418.8656549814942 39.11876907902192
419.865540672011 39.133888797924314
420.8654740533053 39.14543145677248
421.8654417632367 39.1534675686852
422.8654312110649 39.158061502963264
423.8654304267105 39.15931398379316
424.86542848194915 39.15734179745262
425.8654155347068 39.152253151557666
426.86538265240597 39.14414368052839
427.8653217207852 39.13310468017065
428.8652254969439 39.11923246248218
429.8650877352598 39.10263413756892
430.8649033112239 39.083429605300374
431.8646686685215 39.06176787989405
432.86438161019055 39.037808867824275
433.86404089766717 39.011706972074286
434.8636460597887 38.98360857603613
435.86319739468865 38.953656465932944
436.86269602068995 38.92199423888759
437.8621438879867 38.888768337002666
438.86154373599027 38.854128131886625
439.8608990172399 38.81822518161203
440.8602138127005 38.78121248685096
441.85949275236703 38.74324406919905
442.8587409423072 38.70447481718951
443.85796389096777 38.66506036717397
444.85716742665113 38.6251568049544
445.85635760428767 38.58492014362842
446.8555406086374 38.54450574249793
447.8547226666089 38.50406795042367
448.8539093573774 38.46374479341646
449.8531060802059 38.423670997879064
450.8523183774705 38.38398743711153
451.85155136162194 38.34482823150396
452.85080805920074 38.30627888204313
453.8500868150329 38.26830562642048
454.8493782783035 38.23066825889155
455.84866256068784 38.192840716285616
456.8479066886787 38.15396691179101
457.8470619175174 38.11287155093138
458.8460606926865 38.06813401400074
459.84481401310757 38.018216031791766
460.8432111602699 37.961619772744825
461.8411243108204 37.89704931542684
462.8384198442441 37.823553607979335
463.83497637506014 37.740637500449566
464.83070741626136 37.648335314189296
465.8255848994469 37.5472472661794
466.81965902712534 37.43854294850814
467.81307040767393 37.32394002971218
468.80605144783453 37.2056663898697
469.79891510065806 37.086411340073646
470.79203031288614 36.96926965133166
471.78578486511327 36.85768161466156
472.7805374918553 36.75537222315781
473.77656193544544 36.66629187868755
474.77398586475215 36.59455970148409
475.7727275264315 36.544408996344295
476.77244137312584 36.52048777715355
477.77241597648293 36.52761467275148
478.77150284735103 36.57033965910776
479.7681058558734 36.65269525032183
480.7602027006726 36.77816975187245
481.745368305999 36.949776074838425
482.7207936395078 37.17010632412188
483.68319793145827 37.44172734472844
484.6288877866189 37.76679764150456
485.55399305442756 38.14650837808264
486.4547261434443 38.580881377186316
487.32755573214695 39.06890648830781
488.16929136434607 39.608796408093646
488.97691954219295 40.19848846870467
489.74779182370145 40.83547820614303
490.4799405402951 41.51662301951997
491.1526772029728 42.25650502544336
491.7959465584664 43.02214497756372
492.40483804236175 43.81539850629193
492.9771621114139 44.63542604240496
493.5123152667396 45.48018109586424
494.01072862171213 46.34712061369983
494.4735481447261 47.233573144361856
494.9023917512596 48.136951891696185
495.2991474205028 49.054876147244215
495.6658168516585 49.98522744017387
496.00440868958174 50.92616078919056
496.31687534799835 51.87608951671593
496.6050814557056 52.83365791609021
496.8707916523923 53.79771086659484
497.1156683587177 54.76726509339149
497.34127370267356 55.74148387209499
497.5490726453485 56.719655431394884
497.74039761532345 57.701182178796145
497.91647208254244 58.68555902837844
498.0784537437945 59.67235279681135
498.227456151525 60.66118962990896
498.36454533166625 61.65174833926859
498.49072525049166 62.64375571226802
498.60692459511233 63.63698162428891
498.71399041513774 64.63123355925423
498.8126888204929 65.6263509517162
498.9037105423405 66.62219985900681
498.9876788508037 67.61866828458479
499.0651579355558 68.61566226221252
499.13666064513177 69.61310266771217
499.20265511468995 70.61092265648156
499.26357021234287 71.60906560760527
499.3197999372809 72.6074834650344
499.37170697473346 73.60613538610745
499.4196256119726 74.60498662838788
499.4638641866205 75.60400762341908
499.5047071972462 76.60317319952898
499.54241716833735 77.60246192561384
499.57723633158537 78.60185555470636
499.6093881635261 79.60133855091132
499.6390788047391 80.60089768664285
499.6664983763328 81.60052169950649
499.691822203753 82.60020099996478
499.7152119547401 83.5999274223168
499.7368166966053 84.59969401264122
499.7567738772267 85.59949484827882
499.7752102338762 86.59932488421168
499.7922426339211 87.59917982236456
499.80797885144455 88.59905600042765
499.8225182838311 89.59895029729401
499.8359526123257 90.5988600526309
499.8483664104905 91.59878299846979
499.8598377043568 92.59871720101366
499.8704384879054 93.59866101112908
499.88023519732155 94.59861302221992
499.88928914726466 95.59857203437514
499.8976569321827 96.59853702385006
499.9053907954884 97.59850711708202
499.91253896920637 98.59848156856191
499.9191459864978 99.59845974198497
499.9252529692824 100.59844109419174
499.93089789299336 101.59842516148296
499.93611583033675 102.59841154795524
499.94093917577044 103.598399915557
499.94539785227374 104.5983899756095
499.9495195018484 105.59838148157583
499.95332966106764 106.59837422289284
499.95685192288397 107.59836801970945
499.9601080857994 108.59836271839694
499.9631182914136 109.59835818771776
499.96590115127856 110.59835431555575
499.9684738639112 111.59835100612514
499.97085232274674 112.59834817758792
499.97305121574857 113.59834576001978
499.9750841173329 114.59834369367323
499.97696357321377 115.59834192749446
499.97870117872094 116.59834041785686
499.9803076511031 117.59833912747928
499.98179289628297 118.59833802450206
499.98316607049804 119.5983370816979
499.98443563722196 120.59833627579775
499.9856094197355 121.59833558691483
499.98669464968253 122.59833499805264
499.9876980119238 123.59833449468462
499.98862568597247 124.59833406439496
499.9894833842783 125.5983336965717
499.9902763876005 126.59833338214452
499.9910095776931 127.59833311336064
499.9916874675097 128.59833288359332
499.9923142291161 129.59833268717824
499.99289371948527 130.5983325192737
499.99342950433675 131.598332375741
499.9939248801684 132.59833225304237
499.9943828946175 133.59833214815376
499.994806365279 134.59833205849006
499.99519789709746 135.59833198184145
499.99555989844083 136.59833191631895
499.9958945959562 137.59833186030772
499.9962040483007 138.59833181242735
499.99649015883153 139.59833177149773
499.99675468733597 140.59833173651006
499.9969992608728 141.59833170660195
499.99722538379353 142.59833168103617
499.9974344470048 143.59833165918246
499.9976277365314 144.59833164050204
499.99780644143004 145.59833162453432
499.9979716611063 146.59833161088557
499.99812441207797 147.59833159921914
499.9982656342278 148.5983315892473
499.99839619658314 149.59833158072405
499.99851690265996 150.59833157343908
499.99862849540284 151.5983315672126
499.99873166175246 152.59833156189094
499.9988270368684 153.59833155734276
499.99891520803254 154.5983315534557
499.9989967182591 155.59833155013374
499.99907206963167 156.59833154729483
499.9991417263886 157.5983315448688
499.9992061177759 158.59833154279568
499.9992656406851 159.5983315410242
499.99932066209175 160.59833153951053
499.99937152131037 161.5983315382172
499.99941853207974 162.5983315371122
499.99946198449027 163.59833153616813
499.9995021467669 164.59833153536164
499.9995392669165 165.5983315346727
499.99957357425245 166.5983315340842
499.9996052808031 167.59833153358156
499.9996345826151 168.59833153315225
499.9996616609575 169.5983315327856
499.99968668343587 170.59833153247254
499.999709805022 171.59833153220524
499.9997311690064 172.59833153197704
499.9997509078785 173.5983315317822
499.9997691441408 174.5983315316159
499.999785991062 175.598331531474
499.9998015533723 176.5983315313529
499.9998159279077 177.59833153124958
499.99982920420473 178.59833153116148
499.9998414650504 179.59833153108633
499.99985278699137 180.5983315310222
499.9998632408045 181.59833153096758
499.99987289193086 182.59833153092103
499.99988180087905 183.59833153088135
499.9998900235962 184.59833153084753
499.99989761181206 185.59833153081874
499.99990461335705 186.59833153079424
499.9999110724559 187.59833153077338
499.9999170299997 188.59833153075562
499.9999225237972 189.59833153074052
499.99992758880677 190.5983315307277
499.9999322573519 191.59833153071682
499.99993655931905 192.59833153070758
499.9999405223421 193.59833153069974
499.9999441719718 194.5983315306931
499.99994753183256 195.59833153068746
499.99995062376814 196.59833153068269
499.9999534679756 197.59833153067865
499.9999560831296 198.59833153067524
499.9999584864968 199.59833153067234
499.99996069404244 200.5983315306699
499.9999627205282 201.59833153066785
499.999964579603 202.59833153066612
499.9999662838869 203.59833153066467
499.99996784504845 204.59833153066344
499.9999692738769 205.59833153066245
499.9999705803477 206.5983315306616
499.9999717736847 207.59833153066086
499.9999728624164 208.5983315306603
499.9999738544283 209.59833153065978
499.9999747570114 210.59833153065938
499.9999755769071 211.59833153065904
499.9999763203488 212.59833153065875
499.99997699309995 213.59833153065853
499.9999776004893 214.59833153065836
499.9999781474439 215.59833153065819
499.9999786385199 216.59833153065807
499.99997907792937 217.59833153065796
499.9999794695673 218.5983315306579
499.99997981703467 219.59833153065784
499.9999801236613 220.5983315306578
499.9999803925259 221.59833153065773
499.99998062647524 222.59833153065773
499.9999808281409 223.59833153065773
499.9999809999558 224.59833153065773
499.99998114416877 225.59833153065773
499.99998126285715 226.59833153065773
499.99998135793925 227.59833153065773
499.99998143118506 228.59833153065773
499.9999814842263 229.59833153065773
499.99998151856596 230.59833153065773
499.9999815355874 231.59833153065773
499.9999815365626 232.59833153065773
499.9999815226604 233.59833153065773
499.9999814949548 234.59833153065776
499.99998145443203 235.59833153065776
499.9999814019985 236.59833153065773
499.9999813384875 237.59833153065776
499.9999812646655 238.59833153065776
499.9999811812387 239.59833153065773
499.9999810888586 240.59833153065773
499.99998098812694 241.59833153065773
499.9999808796007 242.5983315306577
499.99998076379643 243.59833153065773
499.9999806411935 244.59833153065773
499.99998051223804 245.59833153065773
499.99998037734565 246.59833153065773
499.999980236904 247.59833153065773
499.99998009127523 248.59833153065773
499.9999799407975 249.59833153065773
499.9999797857861 250.5983315306577
499.999979626534 251.59833153065767
499.9999794633114 252.59833153065767
499.9999792963645 253.59833153065767
499.9999791259149 254.59833153065767
499.9999789521578 255.59833153065767
499.99997877526107 256.5983315306577
499.99997859536415 257.5983315306577
499.9999784125761 258.5983315306577
499.9999782269733 259.5983315306577
499.99997803859446 260.5983315306577
499.9999778474334 261.5983315306577
499.9999776534295 262.5983315306577
499.99997745645464 263.5983315306577
499.99997725629964 264.5983315306577
499.99997705265923 265.5983315306577
499.99997684512005 266.5983315306576
499.99997663315105 267.59833153065756
499.9999764160998 268.59833153065756
499.9999761931948 269.59833153065756
499.9999759635546 270.5983315306575
499.9999757262028 271.5983315306575
499.9999754800888 272.59833153065745
499.9999752241119 273.5983315306574
499.9999749571484 274.59833153065733
499.99997467807924 275.59833153065733
499.99997438581596 276.5983315306573
499.9999740793263 277.5983315306572
499.99997375765486 278.59833153065716
499.99997341994174 279.5983315306571
499.9999730654358 280.59833153065705
499.99997269350513 281.598331530657
499.9999723036435 282.5983315306569
499.99997189547497 283.5983315306568
499.9999714687565 284.59833153065676
499.99997102338097 285.5983315306567
499.99997055937996 286.5983315306566
499.9999700769255 287.5983315306565
499.9999695763319 288.5983315306563
499.99996905805574 289.5983315306562
499.999968522692 290.5983315306561
499.99996797096804 291.5983315306559
499.99996740373365 292.59833153065574
499.9999668219464 293.59833153065557
499.99996622665503 294.5983315306554
499.9999656189801 295.59833153065523
499.9999650000923 296.59833153065506
499.9999643711918 297.59833153065483
499.9999637334879 298.5983315306546
499.99996308818163 299.5983315306544
499.9999624364549 300.59833153065415
499.9999617794663 301.5983315306539
499.9999611183568 302.5983315306537
499.9999604542643 303.59833153065347
499.9999597883459 304.59833153065324
499.9999591218095 305.598331530653
499.99995845595276 306.5983315306528
499.9999577922156 307.59833153065256
499.9999571322488 308.59833153065233
499.9999564780038 309.5983315306521
499.9999558318449 310.5983315306519
499.9999551966831 311.59833153065165
499.9999545761277 312.5983315306514
499.99995397464954 313.59833153065125
499.99995339774546 314.5983315306511
499.99995285208314 315.59833153065097
499.9999523455973 316.59833153065085
499.9999518875119 317.59833153065074
499.99995148826713 318.5983315306507
499.9999511593439 319.5983315306506
499.9999509129823 320.5983315306506
499.9999507618081 321.5983315306506
499.9999507185546 322.5983315306506
499.99995079583863 323.5983315306506
499.9999510058391 324.5983315306506
499.99995135982266 325.59833153065057
499.9999518675934 326.59833153065046
499.99995253699683 327.5983315306502
499.9999533756953 328.5983315306499
499.9999543896023 329.5983315306494
499.99995557993543 330.5983315306487
499.99995694154876 331.5983315306478
499.9999584632035 332.59833153064665
499.9999601291547 333.5983315306453
499.99996192118283 334.5983315306437
499.99996382045015 335.5983315306419
499.99996580889393 336.5983315306398
499.9999678701041 337.59833153063767
499.99996998976087 338.5983315306354
499.9999721557485 339.598331530633
499.999974358062 340.59833153063056
499.99997662043154 341.598331530628
499.99997896503805 342.5983315306253
499.9999814444576 343.5983315306222
499.99998412089155 344.5983315306186
499.9999867973255 345.59833153061504
499.99998947375946 346.5983315306114
499.9999921501934 347.5983315306079
499.99999541867396 348.59833153060254
499.99999868715446 349.5983315305972
