0.729613128185527
153799
2588
0.0 100.0
0.0 101.0
0.0 102.0
0.0 103.0
0.0 104.0
0.0 105.0
0.0 106.0
0.0 107.0
0.0 108.0
0.0 109.0
0.0 110.0
0.0 111.0
0.0 112.0
0.0 113.0
0.0 114.0
0.0 115.0
0.0 116.0
3.5272656708310556E-10 117.0
7.054531341662111E-10 118.0
1.0581797012493166E-9 119.0
1.4109062683324223E-9 120.0
1.7636328354155277E-9 121.0
2.116359402498633E-9 122.0
2.4690859695817376E-9 123.0
2.821812536664842E-9 124.0
3.1745391037479485E-9 125.0
3.5272656708310554E-9 126.0
3.879992237914161E-9 127.0
4.232718804997266E-9 128.0
4.585445372080372E-9 129.0
4.938171939163478E-9 130.0
5.277357711237086E-9 131.0
5.616543483310695E-9 132.0
5.928647665365308E-9 133.0
6.240751847419922E-9 134.0
6.539315234465037E-9 135.0
6.8378786215101535E-9 136.0
7.13644200855527E-9 137.0
7.435005395600386E-9 138.0
7.733568782645502E-9 139.0
8.03213216969062E-9 140.0
8.330695556735737E-9 141.0
8.629258943780852E-9 142.0
8.927822330825968E-9 143.0
9.226385717871083E-9 144.0
9.50765889096665E-9 145.0
9.788932064062218E-9 146.0
1.0035624809258683E-8 147.0
1.028231755445515E-8 148.0
1.0511720085702068E-8 149.0
1.0741122616948985E-8 150.0
1.0970525148195902E-8 151.0
1.1199927679442821E-8 152.0
1.1429330210689738E-8 153.0
1.1658732741936655E-8 154.0
1.1888135273183573E-8 155.0
1.211753780443049E-8 156.0
1.2332691655638783E-8 157.0
1.2547845506847077E-8 158.0
1.273450199797812E-8 159.0
1.2921158489109163E-8 160.0
1.3093566300201581E-8 161.0
1.3265974111294E-8 162.0
1.3438381922386418E-8 163.0
1.3610789733478838E-8 164.0
1.3783197544571256E-8 165.0
1.3955605355663674E-8 166.0
1.4128013166756091E-8 167.0
1.4300420977848506E-8 168.0
1.445920307270495E-8 169.0
1.4617985167561392E-8 170.0
1.474610940088687E-8 171.0
1.4874233634212349E-8 172.0
1.499469340215509E-8 173.0
1.511515317009783E-8 174.0
1.5233696821694888E-8 175.0
1.5352240473291942E-8 176.0
1.5470305095802576E-8 177.0
1.558836971831321E-8 178.0
1.5706314583552238E-8 179.0
1.5824259448791265E-8 180.0
1.5912192477279715E-8 181.0
1.6000125505768165E-8 182.0
1.6074559195582434E-8 183.0
1.61489928853967E-8 184.0
1.6220051740542425E-8 185.0
1.6291110595688148E-8 186.0
1.6361325742166732E-8 187.0
1.6431540888645317E-8 188.0
1.6501545107957117E-8 189.0
1.657154932726892E-8 190.0
1.6615573042898527E-8 191.0
1.665959675852813E-8 192.0
1.6691939793859086E-8 193.0
1.672428282919004E-8 194.0
1.6753705694446335E-8 195.0
1.6783128559702626E-8 196.0
1.681190249827566E-8 197.0
1.6840676436848694E-8 198.0
1.6860271733874954E-8 199.0
1.6879867030901215E-8 200.0
1.688175397151718E-8 201.0
1.6883640912133145E-8 202.0
1.6876673674543963E-8 203.0
1.6869706436954784E-8 204.0
1.6862739199365605E-8 205.0
1.6855771961776423E-8 206.0
1.684880472418724E-8 207.0
1.684183748659806E-8 208.0
1.681814704600507E-8 209.0
1.6794456605412082E-8 210.0
1.6754042961815288E-8 211.0
1.671362931821849E-8 212.0
1.6673215674621693E-8 213.0
1.6632802031024895E-8 214.0
1.6592388387428097E-8 215.0
1.6551974743831303E-8 216.0
1.649755852034268E-8 217.0
1.6443142296854055E-8 218.0
1.63747234934736E-8 219.0
1.6306304690093142E-8 220.0
1.623788588671269E-8 221.0
1.616946708333224E-8 222.0
1.6095342187161217E-8 223.0
1.602121729099019E-8 224.0
1.5935680209238038E-8 225.0
1.5850143127485882E-8 226.0
1.575889995294316E-8 227.0
1.5667656778400436E-8 228.0
1.5576413603857715E-8 229.0
1.5485170429314994E-8 230.0
1.5380732843220132E-8 231.0
1.5276295257125267E-8 232.0
1.516592018583194E-8 233.0
1.5055545114538617E-8 234.0
1.4943850602090087E-8 235.0
1.4832156089641553E-8 236.0
1.47093432360488E-8 237.0
1.4586530382456048E-8 238.0
1.4459011149608323E-8 239.0
1.4331491916760599E-8 240.0
1.420279608909913E-8 241.0
1.4074100261437663E-8 242.0
1.3935663457216422E-8 243.0
1.379722665299518E-8 244.0
1.3654465239062725E-8 245.0
1.3511703825130272E-8 246.0
1.3364995954616927E-8 247.0
1.3218288084103581E-8 248.0
1.3064862991138837E-8 249.0
1.2911437898174093E-8 250.0
1.2756333499596497E-8 251.0
1.2601229101018901E-8 252.0
1.2442689996084171E-8 253.0
1.2284150891149442E-8 254.0
1.2118723349717595E-8 255.0
1.1953295808285747E-8 256.0
1.1784440381777181E-8 257.0
1.1615584955268617E-8 258.0
1.1442461005586E-8 259.0
1.1269337055903382E-8 260.0
1.1095145975427248E-8 261.0
1.0920954894951116E-8 262.0
1.0742118675046364E-8 263.0
1.056328245514161E-8 264.0
1.0382409279033656E-8 265.0
1.0201536102925702E-8 266.0
1.0017423930911884E-8 267.0
9.833311758898067E-9 268.0
9.647843886536768E-9 269.0
9.46237601417547E-9 270.0
9.27461231195708E-9 271.0
9.08684860973869E-9 272.0
8.897779181908298E-9 273.0
8.708709754077906E-9 274.0
8.518633120457142E-9 275.0
8.328556486836376E-9 276.0
8.137926517740567E-9 277.0
7.94729654864476E-9 278.0
7.7564679388747E-9 279.0
7.56563932910464E-9 280.0
7.375088545526294E-9 281.0
7.1845377619479475E-9 282.0
6.9945272769668976E-9 283.0
6.804516791985848E-9 284.0
6.615931138965798E-9 285.0
6.427345485945748E-9 286.0
6.2400741764300464E-9 287.0
6.052802866914345E-9 288.0
5.867867094462937E-9 289.0
5.682931322011529E-9 290.0
5.50010977122579E-9 291.0
5.317288220440051E-9 292.0
5.138219203183264E-9 293.0
4.959150185926476E-9 294.0
4.784033480623562E-9 295.0
4.608916775320648E-9 296.0
4.438153320344129E-9 297.0
4.26738986536761E-9 298.0
4.101437247614552E-9 299.0
3.935484629861494E-9 300.0
3.7748152191747345E-9 301.0
3.6141458084879756E-9 302.0
3.459239395444655E-9 303.0
3.3043329824013342E-9 304.0
3.1556798424289056E-9 305.0
3.007026702456477E-9 306.0
2.8651350635577177E-9 307.0
2.7232434246589585E-9 308.0
2.5897141019582337E-9 309.0
2.4561847792575093E-9 310.0
2.3295821230141796E-9 311.0
2.2029794667708495E-9 312.0
2.08523011333501E-9 313.0
1.9674807598991704E-9 314.0
1.8573006235707659E-9 315.0
1.7471204872423614E-9 316.0
1.6467628249263407E-9 317.0
1.5464051626103202E-9 318.0
1.4531435502068672E-9 319.0
1.3598819378034143E-9 320.0
1.275985719666725E-9 321.0
1.192089501530036E-9 322.0
1.1150109796174888E-9 323.0
1.0379324577049416E-9 324.0
9.696598753716656E-10 325.0
9.013872930383893E-10 326.0
8.400875674629389E-10 327.0
7.787878418874886E-10 328.0
7.244250701501789E-10 329.0
6.700622984128692E-10 330.0
6.226924988316616E-10 331.0
5.753226992504541E-10 332.0
5.340218250945858E-10 333.0
4.927209509387175E-10 334.0
4.562098397257211E-10 335.0
4.1969872851272475E-10 336.0
3.8802693004037595E-10 337.0
3.5635513156802716E-10 338.0
3.2935332771581064E-10 339.0
3.023515238635941E-10 340.0
2.7924742059219445E-10 341.0
2.561433173207948E-10 342.0
2.363933151776343E-10 343.0
2.1664331303447372E-10 344.0
1.9979873778904002E-10 345.0
1.8295416254360633E-10 346.0
1.686227155407168E-10 347.0
1.5429126853782728E-10 348.0
1.4212602872213481E-10 349.0
1.2996078890644235E-10 350.0
1.1965571126486007E-10 351.0
1.0935063362327779E-10 352.0
1.0063728126194347E-10 353.0
9.192392890060915E-11 354.0
8.456828278475257E-11 355.0
7.721263666889599E-11 356.0
7.082031009128631E-11 357.0
6.442798351367662E-11 358.0
5.918262221747635E-11 359.0
5.393726092127608E-11 360.0
4.936787601825713E-11 361.0
4.479849111523818E-11 362.0
4.1165978913896305E-11 363.0
3.753346671255443E-11 364.0
3.685057058738378E-4 364.99999993210173
0.002125483023784284 365.99999838861584
0.0053810083852037175 366.9999930893791
0.011088128444915591 367.99997680363674
0.02033460478476786 368.99993405406065
0.03430438465812706 369.99983647192465
0.05422864837725876 370.9996379640796
0.08133630795759865 371.99927048395483
0.11680973563538657 372.99864110385954
0.16174857180602797 373.9976308440489
0.2171425159648243 374.99609542076183
0.2838528196632506 375.9938678073213
0.36260607280785 376.9907619466957
0.4539907910791061 377.98657760898794
0.5584551924634913 378.9811062354454
0.6763082643109903 379.9741372789964
0.8077254145270678 380.9654644362099
0.9527583222120393 381.95489126811236
1.1113476589339664 382.9422359000814
1.2833372145170927 383.9273346731851
1.4684882532767982 384.91004474886677
1.6664933251076874 385.89024574434126
1.8769890965656222 386.86784051222736
2.099568003309644 387.84275519068524
2.333788667735261 388.814938650921
2.579185102406187 389.7843614636559
2.835274757238646 390.7510144979385
3.101565484825838 391.71490725566684
3.3775615047916205 392.67606603389396
3.662768450237038 393.63453199482825
3.9566975796029924 394.59035921086166
4.258869236420015 395.5436127394764
4.568815637604524 396.4943667709655
4.886083068178271 397.4427028809482
5.210233556562862 398.38870840993843
5.540846100050621 399.33247498387954
5.877517504863999 400.2740971826307
6.22013273131383 401.21357299743636
6.568304548340131 402.1510037339863
6.921531644672195 403.08654134328737
7.279343294639641 404.020335123063
7.641348170596812 404.9525113241018
8.00722892546969 405.88317306351826
8.37672047554626 406.8124071537356
8.74958997903189 407.740290946767
9.125623549150303 408.66689698718767
9.504619139653073 409.5922954648066
9.886383544417935 410.5165551357079
10.270731631235947 411.43974338745255
10.657486540804506 412.3619259289944
11.046480138371624 413.28316638677506
11.43755338485863 414.20352594471
11.830556512827702 415.12306307903714
12.225349000751702 416.04183339390306
12.621799382352787 416.95988954410757
13.01978493782122 417.8772812258
13.419191309235854 418.7940552167451
13.819912073355734 419.7102554509752
14.221848295693256 420.625923116219
14.624908082112379 421.5410967656276
15.029006138451958 422.4558124377698
15.434063344627564 423.3701037806826
15.840006346931535 424.28400217704865
16.246767170460092 425.1975368684766
16.65428285245223 426.1107350774819
17.062495096608057 427.02362212620216
17.471349948015508 427.9362215511859
17.88079748805208 428.84855521381047
18.290791548477145 429.76064340604637
18.701289443850076 430.6725049513998
19.112251721372036 431.58415730095743
19.523642443712788 432.49561639141183
19.935430290348002 433.4068961340614
20.347590216940915 434.31800765023866
20.760105101241724 435.2289585107302
21.17296684183369 436.13975222126805
21.586176615886867 437.05038808846575
21.999744269029076 437.96086147977076
22.41368700237399 438.87116440380805
22.828027612261888 439.78128629619266
23.242792545426845 440.69121489241144
23.65800998884405 441.60093708884403
24.073708149351717 442.5104397217982
24.489913813789965 443.4197102232935
24.906651226786682 444.32873713632125
25.323941284249024 445.2375104897725
25.74180101560128 446.14602204441235
26.16024331432449 447.05426542734403
26.57927687131673 447.9622361747332
26.998906266152268 448.8699317024241
27.419132175181257 449.77735122248123
27.83995166091146 450.684495621367
28.261358513130894 451.59136731289925
28.683343618077988 452.4979700766292
29.105895337267032 453.4043088899934
29.52899988216219 454.3103897606054
29.952641674724408 455.21621956338
30.376805446811623 456.12180506152396
30.801481046277388 457.0271506503564
31.2266700594393 457.93225523165427
31.652392304482667 458.8371091259793
32.07869038286684 459.74169187419307
32.505631293905495 460.6459713987216
32.93330502672629 461.5499045700651
33.361820697247964 462.4534389192281
33.791301106294895 463.3565150944453
34.22187685261081 464.25906953971963
34.653680881091105 465.161036989791
35.08684388121381 466.06235259229913
35.52149059176518 466.96295363438537
35.95773780681803 467.8627804884849
36.395694440261906 468.76177658815527
36.83546722965016 469.6598856537557
37.27717328345098 470.557045484575
37.72095702632237 471.4531793973151
38.16700273485532 472.3481895793239
38.6155296338908 473.2419589124528
39.06681965160409 474.13433625411517
39.521297805717154 475.025094137849
39.97965852494313 475.9138603900608
40.9480468814152 476.1633077613625
41.874211092518124 475.7861872844959
42.72852322231586 475.26642696965797
43.565984374837484 474.71993010963297
44.400056309268855 474.1682744124867
45.23346291732655 473.61561409579497
46.06673950700804 473.0627577626588
46.89999071067073 472.5098631690926
47.733236958572135 471.9569611069169
48.566482239060974 471.4040575868132
49.39972733070272 470.8511537821103
50.232972385480004 470.2982499218514
51.066217433061055 469.7453460507475
51.899462479237336 469.1924421775266
52.73270752513943 468.63953830389244
53.56595257098796 468.0866344301776
54.399197616826044 467.533730556447
55.23244266266208 466.9808266827133
56.065687708497734 466.427922808979
56.89893275433331 465.87501893524467
57.732177800168834 465.3221150615102
58.565422846004395 464.76921118777585
59.39866789183993 464.2163073140414
60.23191293767546 463.663403440307
61.06515798351099 463.11049956657257
61.898403029346525 462.55759569283816
62.731648075182086 462.00469181910375
63.56489312101762 461.4517879453693
64.39813816685317 460.8988840716349
65.23138321268873 460.3459801979005
66.06462825852428 459.79307632416607
66.89787330435983 459.24017245043166
67.73111835019539 458.68726857669725
68.56436339603094 458.13436470296284
69.39760844186645 457.5814608292284
70.230853487702 457.02855695549397
71.06409853353753 456.47565308175956
71.89734357937307 455.92274920802515
72.73058862520861 455.36984533429074
73.56383367104418 454.81694146055634
74.3970787168797 454.26403758682187
75.23032376271527 453.7111337130875
76.06356880855083 453.1582298393531
76.89681385438638 452.60532596561865
77.73005890022195 452.0524220918843
78.56330394605747 451.4995182181499
79.39654899189298 450.94661434441537
80.22979403772855 450.39371047068096
81.06303908356414 449.8408065969466
81.89628412939963 449.28790272321214
82.72952917523517 448.73499884947773
83.56277422107073 448.1820949757433
84.39601926690625 447.62919110200886
85.22926431274185 447.0762872282745
86.0625093585774 446.5233833545401
86.89575440441294 445.9704794808057
87.72899945024848 445.4175756070713
88.562244496084 444.8646717333368
89.39548954191955 444.3117678596024
90.2287345877551 443.758863985868
91.06197963359065 443.2059601121336
91.89522467942619 442.65305623839913
92.72846972526176 442.1001523646648
93.56171477109727 441.5472484909303
94.39495981693281 440.9943446171959
95.22820486276838 440.4414407434615
96.06144990860395 439.8885368697271
96.89469495443949 439.3356329959927
97.72794000027501 438.7827291222583
98.56118504611055 438.22982524852387
99.39443009194606 437.67692137478946
100.2276751377816 437.12401750105505
101.06092018361713 436.5711136273206
101.89416522945268 436.0182097535862
102.72741027528824 435.4653058798517
101.74731785000716 435.26676410110815
100.76722542472609 435.0682223223646
99.78713299944502 434.86968054362103
98.80704057416393 434.67113876487736
97.82694814888288 434.4725969861338
96.84685572360179 434.27405520739023
95.86676329832072 434.0755134286467
94.88667087303963 433.87697164990306
93.90657844775856 433.67842987115944
92.92648602247749 433.4798880924159
91.94639359719642 433.2813463136724
90.96630117191535 433.08280453492875
89.98620874663428 432.8842627561852
89.0061163213532 432.68572097744163
88.02602389607213 432.4871791986981
87.04593147079106 432.28863741995445
86.06583904550999 432.0900956412109
85.08574662022892 431.8915538624673
84.10565419494785 431.6930120837238
83.12556176966677 431.49447030498015
82.14546934438569 431.2959285262366
81.16537691910463 431.0973867474931
80.18528449382353 430.8988449687494
79.20519206854247 430.70030319000585
78.2250996432614 430.5017614112623
77.24500721798033 430.3032196325187
76.26145941468577 430.1225715806763
75.2779116113912 429.94192352883397
74.29436380809663 429.7612754769916
73.31081600480206 429.58062742514926
72.32726820150751 429.3999793733069
71.34372039821295 429.21933132146455
70.36017259491838 429.0386832696222
69.37662479162381 428.85803521777984
68.39307698832926 428.6773871659375
67.40952918503469 428.49673911409513
66.42598138174012 428.3160910622528
65.44243357844556 428.1354430104104
64.458885775151 427.9547949585681
63.47533797185643 427.7741469067258
62.49179016856186 427.59349885488336
61.50824236526731 427.412850803041
60.524694561972744 427.23220275119866
59.541146758678174 427.0515546993563
58.557598955383625 426.87090664751395
57.570940818643045 426.70810086996414
56.58428268190245 426.54529509241434
55.59762454516187 426.3824893148645
54.610966408421284 426.21968353731467
53.624308271680704 426.0568777597648
52.63765013494012 425.8940719822151
51.650991998199544 425.7312662046653
50.66433386145895 425.56846042711544
49.67767572471837 425.4056546495657
48.69101758797779 425.2428488720158
47.704359451237195 425.08004309446596
46.71770131449661 424.9172373169162
45.731043177756035 424.7544315393664
44.74059714052091 424.61653067887147
43.75015110328578 424.4786298183766
42.75970506605066 424.34072895788165
41.76925902881554 424.2028280973867
40.778812991580416 424.06492723689183
39.78836695434529 423.92702637639695
38.79792091711016 423.789125515902
37.807474879875045 423.6512246554071
36.81702884263992 423.51332379491214
35.82658280540479 423.3754229344172
34.831271644530474 423.2786981028638
33.83596048365616 423.1819732713105
32.84064932278184 423.08524843975715
31.845338161907527 422.9885236082038
30.850027001033215 422.8917987766505
29.854715840158903 422.7950739450971
28.855609981065484 422.75279531781104
27.856504121972065 422.7105166905249
26.85739826287864 422.66823806323873
25.85829240378522 422.6259594359527
24.858871233715593 422.6599789129719
23.85945006364597 422.6939983899912
22.860028893576345 422.72801786701035
21.871699219920057 422.8803479565215
20.88336954626377 423.0326780460325
19.935866993634605 423.35242624815606
19.06667838306185 423.846906944696
18.347951277509228 424.54219921974584
17.87795462192306 425.4248674154671
17.71246658527576 426.4110792130677
17.795553764035834 427.40762149552523
18.05488023819433 428.3734112137354
18.352417551634417 429.3281214038511
18.683095065207393 430.2718652154956
19.039156304421553 431.2063278385733
19.413486112974805 432.1336234734323
19.800578184428343 433.0556645398809
20.19648352146239 433.97395586844067
20.59846504896961 434.8896036454504
21.004649295768584 435.80339484569936
21.413755643958616 436.7158815556687
21.824905300920424 437.62744941358176
22.237491687013613 438.53836789182805
22.65109357001043 439.44882573400497
23.06541680271074 440.3589555372994
23.480254985549024 441.268850741188
23.895462680747507 442.17857738686126
24.310937021483234 443.0881822858093
24.726604993844013 443.99769871598164
25.142414590041966 444.9071504077772
25.558365791972268 445.81653734281247
25.974526547768424 446.72582839925985
26.39102039324034 447.63496693473394
26.8079985654205 448.5438834347081
27.225611507574804 449.45250845667545
27.643988039133447 450.3607821367086
28.063224178243757 451.2686593639061
28.483380090638555 452.17611129612055
28.904482473643583 453.08312440684574
29.32652983653361 453.9896981895449
29.749498795252094 454.8958423612751
30.173350204571157 455.80157410015704
30.598034514615915 456.7069156030176
31.023496121391176 457.61189207849094
31.449676708003686 458.5165301871259
31.876517688423732 459.4208568855232
32.30396190958668 460.32489860900415
32.731954771132436 461.2286807234908
33.16044490562746 462.13222718308236
33.58938453811942 463.03556033960746
34.01872961913971 463.9387008610125
34.448439803048906 464.8416677252133
34.878478325116106 465.7444782643289
35.30881181603901 466.64714824089293
35.73941008134843 467.5496919428334
36.170245864717685 468.4521222879397
36.601420904084634 469.3543905880738
37.033234547859784 470.25635343489716
37.46615157840646 471.1577872065425
37.900714242963666 472.05842880594423
38.337450142839494 472.9580185756502
38.77680487188067 473.856332230266
39.21910665137965 474.7531985167614
39.664558021376195 475.64850465265476
40.11324554545795 476.5421933600542
40.56517552733801 477.4342467729606
41.02030510162547 478.32467199194804
41.47855926099303 479.2134931918653
41.93983784692238 480.1007485475342
42.4040826015178 480.9864555012331
42.87131408785194 481.8705905238275
43.341911849189735 482.75293838438125
43.816731500894534 483.63302150452097
44.297030321465094 484.5101264258152
44.783971957122304 485.3835609359323
45.27780558152251 486.2531173466451
45.7813158829725 487.1171065689933
46.300845847259154 487.97155880066475
46.84626629697556 488.80972139409823
47.43331120331611 489.61927576406947
48.08316969600709 490.3793309854037
48.817758595039166 491.05784343880373
49.64799911089834 491.6152487543739
50.563463658939014 492.0176473891637
51.53308590096758 492.26225464123013
52.524764184341706 492.3909953973416
53.52186691663705 492.4670620868263
54.51846201693212 492.54951332130986
55.51007863063452 492.67872822536276
56.489562927204325 492.88024872747894
57.448489622623114 493.163902729413
58.38227031908133 493.5217485215107
59.297621564726626 493.9244048229585
60.20997997346034 494.3337972190931
61.13924698320717 494.7032059691197
62.09807649013953 494.9871883218036
63.093493068877734 495.0828221796843
64.0933914321051 495.06856513878336
65.08308487803083 494.9253628933692
66.04406143354291 494.6487330689537
66.95961243053196 494.24653116454203
67.8193273841019 493.73575704753114
68.62094266076974 493.13791681116965
69.36865038488456 492.47388883035933
70.06968316799782 491.7607597838324
70.73166307631331 491.0112382024309
71.36260379570653 490.23540715857433
71.96991298299629 489.4409415828359
72.56010268370612 488.6336769935121
73.13837176151928 487.8178308844664
73.70800297301327 486.9959304751151
74.26987840860728 486.1687086216344
74.82706407035998 485.3383206771547
75.38811043674542 484.5105363001786
75.97209246577711 483.69876971441147
76.59832790781269 482.91913571621836
77.28030544087899 482.1877625936654
78.02869993461098 481.52450873445946
78.84689061866514 480.9495617764477
79.73296438036884 480.48601750798974
80.67515604492685 480.1509430875434
81.65385537689122 479.9456442380276
82.65028766201023 479.8612481411245
83.64988797605392 479.8895184818328
84.63041430044535 480.08590617792254
85.59184824648571 480.3609421163038
86.52476203816913 480.72104190426114
87.42542357439046 481.1555632468572
88.29950305313125 481.64134618690787
89.16462739716341 482.1429036306398
90.04250974986437 482.6217799975825
90.95198672874545 483.03753428184825
91.89748113528658 483.3631726198852
92.8685919417974 483.6018016237341
93.85113158842353 483.7878549569689
94.83541833873048 483.9644323993848
95.81348328840615 484.1727325535277
96.77625109776469 484.44306225086586
97.71266254227439 484.79396623572677
98.61920483760338 485.2160812280922
99.50637008558499 485.6775330920756
100.38802263963001 486.1494322062365
101.27098107053179 486.61888338506077
102.15815505367804 487.08031845484675
103.05353288174803 487.5256257027113
103.96533387877291 487.9362580709245
104.90028257558131 488.29104101067253
105.86361572778723 488.5593491131611
106.85172224508608 488.71312008074455
107.85161758587442 488.7275875431956
108.84208249539438 488.5898222971804
109.79985148532873 488.30228349645927
110.71127788421134 487.8908203517915
111.57694539785184 487.3902009795859
112.39904223196393 486.8208532867453
113.15802072803996 486.16973759618475
113.89671838082982 485.49570067007255
114.62915006595549 484.8148601405622
115.38797780044587 484.16356875464635
116.21523185607795 483.6017407316355
117.12513564600098 483.18692138169666
118.0968253160712 482.9506605405087
119.09477060135063 482.88658864660397
120.09279047109631 482.9494880869262
121.08327508911404 483.0871115641032
122.06600987423116 483.27213140660893
123.03658636099595 483.5129244366977
123.98888653378609 483.81808731272275
124.92308514910656 484.1748406548702
125.85467958641289 484.5383400419122
126.80683462903937 484.84395544532134
127.79086450952875 485.0219588000764
128.7908360095192 485.01440901817114
129.76927766383406 484.8078855834194
130.65788616206902 484.34921910670175
131.49577936277075 483.8033848972409
132.2740925789712 483.1755086853267
132.9945318527822 482.4819906590644
133.66741271765102 481.742239794453
134.31105037221622 480.9769094281237
134.94961080450076 480.2073377457441
135.62295475266984 479.4680083689004
136.37412904058303 478.8079044458867
137.22992883728048 478.29059727604215
138.18247583146368 477.98620571263643
139.18141591514348 477.94017627403707
140.13161358404827 478.2518241362276
141.03694460309254 478.67653079494187
141.89633271476143 479.1878546390194
142.72907799401514 479.74151094023944
143.55365782953473 480.30725654990374
144.37458119663273 480.8782949245796
145.1858184433263 481.4630120609601
145.97715662218656 482.07439073795024
146.74973213203782 482.70931363214925
147.51749176835517 483.3500515979683
148.31125049317012 483.95828435504416
149.15224131716585 484.499333737222
150.03911623723795 484.9613433433419
150.96448125788817 485.3404206158828
151.92126456017576 485.6312224598653
152.90401452437186 485.816161660341
153.90031514808607 485.90209807396593
154.90030880340848 485.9056602804267
155.8978568303274 485.83567503919573
156.88985369555783 485.7094125373473
157.87546080523998 485.5403603994015
158.85345014510696 485.33170553819156
159.81954711388562 485.07352605233586
160.77093229988427 484.76552243569745
161.70661799316795 484.4126877954136
162.62472665777278 484.0163590430154
163.52136246245527 483.5735902164689
164.3940319563164 483.08527888700365
165.2599935200575 482.58516832910357
166.13405158895753 482.0993468678745
167.0228992631475 481.6411440611534
167.92723650437242 481.21432541801124
168.84243081872344 480.811312555959
169.76680116627273 480.4298162118459
170.70424590312825 480.08168209208475
171.67021542343278 479.82302617036123
172.65414253386012 479.64445562025253
173.65060638728215 479.56043307075925
174.65045016976228 479.5427579290107
175.6504491881911 479.54415905049564
176.65039571437347 479.53381763976785
177.64992096211927 479.50300726621094
178.649320282056 479.46835182926384
179.64919431802974 479.45248008753276
180.6488156593566 479.4799968817489
181.64335246826977 479.5843833546119
182.62287181467826 479.7857334229295
183.57328130709863 480.0967347038228
184.48195931409018 480.51423234406747
185.34082878905275 481.02642686275885
186.14542881076952 481.6202440105858
186.89814490963286 482.27858926538147
187.6129335620796 482.97792979926567
188.3066998577862 483.6981299984752
188.99210604605022 484.4262909402246
189.6716722632384 485.1599051143355
190.34318020268947 485.9009024741514
191.01320564934426 486.6432406052177
191.6977572139152 487.3722050456697
192.43250391402637 488.0505466164699
193.2505694305343 488.6256716556575
194.15752355313413 489.0469010699904
195.1237058274075 489.3047611345213
196.11123479331667 489.4621985553917
197.10175126543984 489.59959258165435
198.08457407646745 489.7841442603889
199.05600845734858 490.02145259071483
200.0110821965799 490.31782086268515
200.94585192667523 490.6730750698348
201.87381348326758 491.04575100075425
202.80520969185176 491.4097580098008
203.73432036257853 491.7795597966294
204.6623792145748 492.1519933708832
205.59554771939997 492.5114325752034
206.54506929371854 492.8251343123735
207.51540627451715 493.0668906849775
208.50520589465413 493.2093572142984
209.50452695693843 493.2462003205049
210.5031164145542 493.19310516876146
211.49501197144613 493.0660492589499
212.47751126194112 492.87978293301614
213.45213108731218 492.6559164639019
214.4251270356154 492.4250942713261
215.4065143520549 492.2330553816926
216.39940721348057 492.1140437615458
217.39935154700566 492.1034924653658
218.39325548943393 492.21374196978917
219.37352468769538 492.41140911157015
220.3452501409297 492.647522735778
221.3212804297709 492.86515746477266
222.3076463948527 493.0297241167051
223.30453914400192 493.1084949659687
224.3042947705713 493.08638869665674
225.29593468386614 492.9573527235307
226.26779724837695 492.7218040964864
227.21822972138767 492.41087305228734
228.1595862604174 492.07345955755727
229.11454100402986 491.77670808299973
230.08887276873116 491.55159119715154
231.08264798901897 491.4401873752156
232.082537482362 491.4550534810335
233.07079988713073 491.60781937814653
234.03033788853875 491.8893985390479
234.94067965432205 492.30325584473496
235.7778862462909 492.8501425993413
236.60530674518913 493.41172546767245
237.43804548114358 493.9653916104345
238.2926096404176 494.4847374467366
239.1705263722109 494.9635507841002
240.06439031581309 495.41188910537994
240.97573163307558 495.82354066125004
241.9195403739057 496.15403281052545
242.90031873990392 496.34915789038405
243.9001558382057 496.3672071801043
244.88590021250278 496.1989572810205
245.8264228859997 495.8592263571437
246.7068645047397 495.3850717874194
247.52908778319792 494.81590671438573
248.3014353612977 494.1807065737974
249.03427580150498 493.5003060379387
249.7368156067043 492.7886615887153
250.42049651713165 492.05888051694285
251.1040806716949 491.3290088134017
251.8118838642217 490.62259913010956
252.57981735195756 489.9820695379642
253.41429894663884 489.4310337241207
254.35201068999544 489.0836194377548
255.3253114015578 488.85408572591234
256.3209533821265 488.7608277689902
257.3207635532249 488.78031165382475
258.3172667422805 488.86386639158434
259.3139295438068 488.94549518585313
260.3132932084387 488.9811640211798
261.31235239281494 488.9377964513424
262.2999149620045 488.7805699525079
263.2627118151529 488.5103437147596
264.20613423528 488.17875038370244
265.1395183873432 487.8198715396933
266.0713914944294 487.45708715153773
267.0116578926816 487.11664758227795
267.9696118499095 486.82972561408536
268.93668110596707 486.57521224707244
269.8985166743289 486.30158414282505
270.84906318693345 485.9910019035142
271.77957711620604 485.6247453985485
272.68547604056937 485.201251433022
273.5747639295433 484.7439035888986
274.46355521053687 484.2855914039964
275.37997657806613 483.8853766152444
276.33179389646796 483.5787110117112
277.3185488533985 483.41649308738397
278.31853138674876 483.4105826733139
279.31411513829283 483.50446021941246
280.3028142368547 483.65437383621565
281.28245778214915 483.8551187593466
282.2489199557822 484.11192776802136
283.22079725507416 484.34741559174233
284.2056030033732 484.5210751383188
285.2017437326608 484.6088455630319
286.20150995273775 484.5872236946304
287.19205759474323 484.45005456939646
288.1591078147655 484.19546888253467
289.09146202497277 483.83392272129277
289.98241243495704 483.3798221080484
290.82962900149215 482.84857443568785
291.6356186629206 482.2566448235966
292.40808084633886 481.62158405863886
293.15620853604605 480.9580292682158
293.88702973756534 480.2754603182848
294.6034775928277 479.57781967247206
295.30496919745366 478.8651419552399
295.990059214801 478.13668353629544
296.656846736755 477.3914356576896
297.3014393541837 476.62690942690585
297.924040136323 475.8443698010213
298.5249598659847 475.0450604250577
299.10367219189357 474.2295286697954
299.6612906612854 473.3994313004506
300.2033367789657 472.5590825595651
300.74408674922586 471.7178991849888
301.3034073260681 470.88894774351536
301.9179613920765 470.1000730386651
302.6065034298176 469.37487660854197
303.3680140630861 468.7267241917301
304.1835789746458 468.14805859310457
305.03862237854344 467.6295021569753
305.9328597513063 467.18190912624965
306.879739394097 466.8603209702666
307.8690635840387 466.71458954882246
308.86865956875585 466.7430125560063
309.8591338231971 466.88071059988914
310.84780121593457 467.03083317160224
311.84255142655394 467.1331660523041
312.8423575571394 467.152856182922
313.8404308706075 467.0908105469533
314.8357186930899 466.99384586050405
315.83192848679494 466.90686283384866
316.8314417201043 466.87566513458296
317.8304847530028 466.9194032005779
318.822170399259 467.0480872283727
319.7995670180095 467.25950115803477
320.7561535111653 467.5509497488906
321.6814347211961 467.93023154698244
322.5754648494467 468.37823838820276
323.4526083351152 468.85846677714835
324.3441033016684 469.31149737723
325.2659356200432 469.69908630483206
326.2276458865104 469.9731544776862
327.21821854679683 470.11014281548574
328.217829419038 470.08224829815407
329.20003281679345 469.89442794399156
330.14280636991185 469.56099425112234
331.0428345185053 469.1251624811245
331.92083906129557 468.6465101826451
332.82061081372893 468.21014933022707
333.7339053033721 467.80284947117076
334.6498129505989 467.40146040585955
335.5829713487583 467.04199496392584
336.538543389464 466.7472373091965
337.5181861602009 466.54648860622973
338.51554601887165 466.4738710304489
339.5139745957987 466.5299100951756
340.5050221799171 466.66341921850795
341.48991354519046 466.8365925380754
342.4673437291011 467.04785123157797
343.4334514733198 467.30599039280827
344.37621812296 467.63944360440803
345.2902696506738 468.0450416871008
346.19180188562285 468.4777536344143
347.1016597650373 468.89267367402124
348.0392957988613 469.2402922409517
348.9998017948625 469.51855152946837
349.9684703170962 469.7669087198889
350.94411006271514 469.9862875857091
351.93323450688456 470.13336863121276
352.9325980958503 470.16903958647583
353.92910332686614 470.08550920542757
354.9088986702325 469.88550649265187
355.8664999026059 469.59740949551895
356.8097805682123 469.265413131242
357.75359960057466 468.9349503736571
358.6960765783478 468.60067930645613
359.62934823261924 468.24150801120356
360.5397409419452 467.82776278185804
361.42056985609935 467.35432807253693
362.26553992858106 466.81951448201187
363.0637646957274 466.217154771279
363.81456940809846 465.5566305220032
364.51979177247193 464.8476443325838
365.1818446101099 464.0981871689143
365.80442556300864 463.31563176698563
366.39736129326116 462.51038197978295
366.9958565788523 461.7092556519637
367.6131560051177 460.9225273517657
368.25014034074917 460.15165060665004
368.90142389029575 459.39281614638213
369.5590702031159 458.6394893068005
370.2180327005363 457.88731351152825
370.89614035023993 457.1523509169607
371.60743969266355 456.44946170416273
372.3672454055799 455.7993115071931
373.2025653079524 455.2495473207455
374.13331201585845 454.8838827671967
375.08884994211843 454.5890145398836
376.05179620438514 454.3193212029497
377.0109035601812 454.03627866187514
377.9515181444864 453.6968022948149
378.860532544679 453.2800375887247
379.7217312725828 452.77176920385614
380.52743441122067 452.1794496512588
381.274969261534 451.51522706238734
381.96765197125643 450.7939846179544
382.61184552845225 450.0291221068666
383.21261800648927 449.2297020485536
383.7798072511232 448.4061145542511
384.33760438820536 447.5761372329567
384.9033558226695 446.7515613938723
385.4827864102914 445.93653980266856
386.07712460919436 445.132324591842
386.6974440183104 444.34797528784924
387.3763074013578 443.613710684891
388.12352600473497 442.94913235334
388.94505765457956 442.37896943951307
389.83186636752606 441.9168327642294
390.7794513468659 441.59732891929247
391.7665074163831 441.4369533736834
392.7661856665686 441.46231862759356
393.74711759831246 441.65667022981296
394.62354764227337 442.1381994376942
395.36278741686976 442.8116417556805
395.810864230673 443.7056368165908
395.5643365536277 444.6747725678922
395.07998978308285 445.54964867675716
394.40300593749686 446.2856465523082
393.58541430532205 446.8614450613353
392.73848300524213 447.3931473962417
391.8663805094639 447.8824706399747
390.97471818081976 448.33517174630964
390.06814327787384 448.75721670285884
389.15066413091597 449.15500058249387
388.2252007642314 449.5338376938291
387.293766337741 449.8977468983686
386.3577477038163 450.2496973450877
385.4181240722713 450.5919069753471
384.4756099088914 450.92607317924603
383.53074293600184 451.25352760896476
382.5839381554895 451.57533610418966
381.63552202923233 451.89236425980886
380.68575511988047 452.20532243257355
379.7348477996401 452.514798228579
378.78297157017766 452.8212809259445
377.83026744619895 453.12518033718766
376.87685228299244 453.42684161506065
375.92282361691355 453.726556987205
374.96826340690563 454.02457511663613
374.01324095203285 454.32110860663136
373.0578151847025 454.61634004655815
372.10203648690066 454.9104269058839
371.1459481393208 455.20350551585426
370.18958748601824 455.49569432606904
369.2329729844671 455.7870509725045
368.2760915765425 456.07752983777397
367.3189582015905 456.3671773866208
366.36159054917005 456.6560496388346
365.4040041592227 456.9441959658765
364.44621299817095 457.23166090601876
363.48823049862926 457.51848756198336
362.53007007755696 457.8047192993754
361.5717452024379 458.0903999492767
360.6132692293581 458.37557324576267
359.6546551762102 458.66028203928215
358.69591551643384 458.94456757315953
357.7370620260161 459.22846893616025
356.77810568825646 459.51202270931583
355.81905664846204 459.7952627828742
354.8599242070188 460.0782203057838
353.90071683961514 460.36092373045074
352.94144223525166 460.6433989212611
351.9821951584423 460.9259675777548
351.02315273540034 461.20923005463044
350.06452698532587 461.49389946165223
349.1065202345699 461.78064510766274
348.1492982350869 462.0699996370997
347.19297974882807 462.36232642827645
346.2376369654364 462.6578262865192
345.28330157295926 462.95656356016525
344.33021810924765 463.2592711933686
343.37885107159354 463.5673308623698
342.4297707898747 463.8823651761396
341.4840722259993 464.2074101365436
340.54413612399287 464.5487605783845
339.6143838033007 464.9169461595354
338.7014161945235 465.3249781991152
337.8140632134789 465.7860689570265
336.9632280212461 466.3115016127095
336.1622850300067 466.9102422283223
335.42318755977897 467.5838407211227
335.9024933529642 466.7061927526188
336.4606304815895 465.8764440282149
337.12831661265807 465.1320011288743
338.0161571690665 464.6718499076477
339.01150824187357 464.7681631562787
339.78043327706956 465.4075021041372
340.7509365289641 465.1664140744423
341.629894883404 464.68951554104103
342.5991544339495 464.4434750490963
343.5749656403397 464.66208998336026
344.33734374503456 465.30922182887696
344.9318625662186 466.1133035232699
345.4949734437404 466.93968487568344
346.0073349800559 467.7984547261698
346.5456458566977 468.64120107002964
347.35915057963774 469.2227593781589
348.2918292365288 468.8620510153783
349.16093063311 468.36741704721527
350.1344238292694 468.5961330218027
350.90573670915825 469.23258918000806
351.38477635812234 470.11038244423406
351.8318382367246 471.0048854775998
352.0062315071006 471.98956155999826
352.11998290493153 472.9830708047924
353.08041444899607 473.26158696081546
353.70925801531484 472.4840551163876
354.13206813450034 471.57783681867215
354.7682816334131 470.8063237703047
355.60396290102443 470.25710904092875
356.5936590453634 470.400292635941
357.54398931677576 470.7115359093419
357.9766307141545 471.6131020030223
358.93481942469526 471.8992390243815
359.4805756852204 471.06129505006237
359.9677758296173 470.1880047092824
360.41975002925074 469.2959736992464
360.87379354284644 468.4049941889536
361.37528833738 467.53983352696315
362.0850749635773 466.83541678577126
362.82740669946946 466.16538425380924
363.6432119306873 465.58705750817353
364.63582783221216 465.46575758220456
365.45114211486646 466.0447762524562
366.11076277092144 466.7963749419877
366.6106103274846 465.93026154283154
367.0962881965694 465.0561236775716
367.5598053156733 464.17003571337295
367.995495778007 463.2699391513134
368.40249358289157 462.35651001513526
368.783813845052 461.43206701653236
369.1458532017602 460.4999042066143
369.49494614677104 459.5628161020352
369.83832250324383 458.6236182113777
370.1962438281992 457.68986646431523
370.6169327444375 456.78266150635136
371.18307241665605 455.9583521763421
371.88406104911206 455.24517973073904
372.6513730801758 454.60390580566116
373.42689800329157 453.9725888538641
374.17328424146524 453.3070758311028
374.8794299756565 452.59900930733295
375.58466945606966 451.8900401434996
376.37482043641717 451.2771278918226
377.31941846678916 450.9488984583202
378.318675870227 450.9874295065099
379.2453943192255 451.3631859652512
380.0899112943225 451.89871474951303
380.82614330511103 452.5754439614511
381.51642714809486 453.29898263776056
382.4321446543927 453.7008052959814
383.37194705166826 453.35908691181834
383.90900996073174 452.51554471861857
384.4357136267303 451.6654957504858
384.937999252559 450.80079398103817
385.32893508305654 449.88037604529745
385.5786784231111 448.9120639757154
385.72507723627376 447.92283832526726
385.8722225119558 446.9337234341427
386.2426290409422 446.0048536890846
386.62749562108445 445.08188147092767
386.90157059611863 444.1201731429717
387.3220183655898 443.2128563994104
387.8050145492824 442.33723394278974
388.10779452108875 441.3841734574726
388.33604269677363 440.4105704735533
388.8874068289568 439.5763057711106
389.8843660033695 439.6542314058803
390.5804960238658 438.93631567644974
391.3832703252436 438.34003267229195
392.085745925889 437.6283248456539
392.7971298259602 436.92552121253897
393.57342786329787 437.55588726272384
394.3986472330042 438.120699613741
395.2729940303944 438.60600124972984
396.14574623823523 439.0941647302453
396.9643593177595 439.66851011938996
397.6958464795288 440.35036533288223
398.32044367123734 441.1313124169474
398.85959318658627 441.9735224858133
399.36098161871723 442.8387447925792
399.8715040758876 443.69860921254593
400.38827635099534 444.55473211007876
400.9138834913211 445.4054595247297
401.44760729590126 446.25111838054835
401.98548654630275 447.0941402734951
402.5248993209875 447.93618175614716
403.0475058658492 448.78875574077716
403.55543849132437 449.6501525413156
404.0855050791599 450.498108561673
404.6199288061957 451.3433252676018
405.1278063193361 452.2047545633924
405.8655321461303 452.8798550036832
406.8448742934815 453.0820651874563
407.8405244929947 452.9888950194333
408.83589095150575 453.08504913151984
409.6946629811348 453.5974070153539
410.3966038513277 454.3096422396673
410.9757030452807 455.1248993301382
411.4253813473502 456.018089917106
411.9540289556483 456.8669313076147
412.4592343038075 457.7299304711087
412.94634859203734 458.60326870467134
413.4826932604566 459.44726775482377
414.0101316204875 460.2968610553905
414.4574198568419 461.19125092206997
415.4396323011026 461.37902396150696
416.43928503479697 461.3526722629406
417.41261731108233 461.58207208844425
418.2973754334644 462.04812258450556
419.10096267407175 462.64330956918604
419.79620352036443 463.362086423047
420.462451058093 464.10781708385593
421.15991550100676 464.82443647437714
421.92891193865484 465.4636895376351
422.9206229907276 465.59217762734244
423.758948241078 465.0470072185481
424.35949035162207 464.24741408859813
424.8830199689935 463.39540661226073
425.4788552765612 462.59229996538517
426.03222785118777 461.7593661182814
426.57197991529 460.9175420812657
427.11084316973364 460.0751488280814
427.97578304671066 459.57327333633566
428.9491251501401 459.8026314617455
429.5454610386245 460.60536647911147
429.94531068456337 461.5219472233138
430.53039836701964 462.33291726211803
431.4986144711017 462.0828021370333
432.10292825810103 461.2860557238989
432.5524443962173 460.39278351366676
432.9845721616131 459.4909711194438
433.98454604248496 459.4837435628678
434.7949713054993 458.8979015252261
435.71019421596714 458.4949536078039
436.53710122049966 459.0572923009906
436.67206604197435 460.04814269179855
437.660125767824 460.2022140329168
438.3964644727227 460.8788271510782
438.89025213803103 461.7484096610158
439.59721592319164 462.4556594093165
440.16028209478657 463.282071223369
440.41174701818943 464.24993763579266
440.55135077862394 465.2401450837916
440.8674085639376 466.1888850251574
441.49079563735273 466.9707984197856
441.8684307480135 467.8967529128338
441.9668790510436 468.891895079376
442.25553917486286 469.8493267129231
442.3344045919334 470.8462119851537
442.37222626243204 471.8454964898072
443.0080388032408 472.6173400056512
443.66073152537354 473.3749627418959
443.97489565644145 474.3243314262068
444.3348248597097 475.2573110447595
444.5620228140935 476.2311596415772
444.74630267011673 477.21403345578943
445.01573155592996 478.1770537439919
445.8421316490384 478.74013711802314
446.8070222803875 478.47748512481803
447.2244112859821 477.56875721283956
448.1889157355722 477.30469061760095
448.5175310357686 476.36022675673763
449.23480247987777 475.6634329023836
449.9798185346219 474.99638636864444
450.09741323026003 474.0033246950522
450.5746464415986 474.88210137999295
451.0926580926332 475.7374749413055
451.66236970846364 476.55931961932436
452.2840848387683 477.34256306599355
452.95035748808334 478.08827129095465
453.65370937292175 478.79911313419007
454.39986871316813 479.4648805402435
455.19624462843353 480.069682492609
456.0394879991004 480.6072144617294
456.9202757736133 481.08072570369586
457.8187911925197 481.5196676611201
458.71753257062187 481.95814677725565
459.6249549789196 482.3783664494738
460.57328800423807 482.695643100191
461.56944735010507 482.78320198119
462.53974897298065 482.54130373678777
463.3939896126456 482.0214259342757
464.1410287024492 481.3566458215276
464.81188545380485 480.61505886158255
465.3757626657459 479.78920022364656
465.8479087954088 478.9076799276554
466.2367692890868 477.98638327811386
466.6846564616347 477.09229319279416
467.49980654381994 476.51304338182024
468.3851708983659 476.9779411767166
468.5865822147349 477.9574479309754
468.8683931722929 478.91691788058307
469.34367632196063 479.79675077815045
469.9512012124282 480.59105141862756
470.647529199678 481.3087751357867
471.5236985226729 480.82677169446845
472.52369822436856 480.8259992900959
473.4871301389175 481.0939525435348
474.2974092049679 481.6799967697844
474.9858525008521 482.4052869381667
475.82092980323944 482.9554195576664
476.80035972954323 482.7536349708901
477.2967822212244 481.885553920669
477.7049632514954 482.7984549265436
478.1193828937304 483.7085408346478
478.54467128323154 484.61359872547894
478.98291494693945 485.5124549382404
479.45871475530714 486.3920085422676
480.0047267742886 487.229785884482
480.6249928661213 488.01417735264226
481.29708726985837 488.7546428227794
482.00263668637746 489.463303546151
482.7265138310162 490.1532324406537
483.4488009670239 490.84482574105346
484.15349580825 491.55433626299754
484.82769131981826 492.2928891806556
485.4681785607651 493.0608579913402
486.08046655966564 493.8514928036286
486.6732334820375 494.65686686314484
487.2513769730284 495.4728019732026
487.0021109591417 496.44123702746333
486.0909761098539 496.8533453705156
485.09770756434585 496.9691797199304
484.0982817122019 497.003061367859
483.09831456272707 497.011166919733
482.09831495092226 497.01028578968624
481.09832359327396 497.0061283110429
480.09833802396906 497.0007560506153
479.0983549917711 496.9949306479566
478.09837296072726 496.98893585108686
477.0983913115924 496.9828776835747
476.0984098064004 496.9767958027833
475.09842835522136 496.9707050476736
474.09844692427663 496.9646109713847
473.0984655009075 496.9585156521433
472.0984840803739 496.95241986772476
471.0985026609016 496.94632390921254
470.09852124182646 496.94022788554526
469.0985398229 496.9341318374936
468.09855840402923 496.928035780316
467.09857698517925 496.921939719723
466.09859556633705 496.9158436578517
465.09861414749776 496.9097475955021
464.0986327286596 496.90365153297347
463.09865130982183 496.8975554703779
462.0986698909842 496.89145940775717
461.0986884721466 496.8853633451271
460.09870705330906 496.8792672824935
459.0987256344715 496.87317121985853
458.098744215634 496.8670751572231
457.09876279679645 496.86097909458755
456.0987813779589 496.8548830319518
455.0987999591214 496.8487869693161
454.09881854028384 496.8426909066805
453.09883712144625 496.8365948440447
452.0988557026087 496.830498781409
451.0988742837712 496.8244027187733
450.09889286493365 496.81830665613757
449.09891144609605 496.81221059350185
448.0989300272586 496.80611453086624
447.09894860842104 496.8000184682305
446.09896718958345 496.7939224055948
445.0989857707459 496.78782634295914
444.0990043519084 496.7817302803234
443.0990229330709 496.7756342176877
442.09904151423336 496.769538155052
441.09906009539577 496.76344209241626
440.09907867655824 496.75734602978054
439.0990972577207 496.75124996714476
438.09911583888316 496.74515390450904
437.09913442004563 496.7390578418734
436.0991530012081 496.73296177923766
435.09917158237056 496.72686571660194
434.099190163533 496.7207696539663
433.0992087446955 496.71467359133055
432.0992273258579 496.7085775286949
431.09924590702036 496.7024814660592
430.0992644881828 496.69638540342356
429.0992830693453 496.69028934078784
428.09930165050775 496.6841932781521
427.0993202316702 496.6780972155164
426.0993388128326 496.6720011528806
425.0993573939951 496.66590509024485
424.09937597515756 496.65980902760924
423.09939455631996 496.65371296497347
422.09941313748243 496.64761690233775
421.0994317186449 496.6415208397021
420.09945029980736 496.63542477706636
419.0994688809698 496.62932871443064
418.0994874621323 496.623232651795
417.09950604329475 496.61713658915926
416.0995246244572 496.61104052652354
415.0995432056197 496.6049444638879
414.09956178678215 496.59884840125216
413.0995803679446 496.5927523386164
412.099598949107 496.5866562759806
411.0996175302695 496.580560213345
410.0996361114319 496.5744641507092
409.09965469259436 496.5683680880735
408.0996732737568 496.56227202543784
407.0996918549193 496.5561759628022
406.09971043608175 496.55007990016657
405.0997290172442 496.5439838375308
404.09974759840674 496.53788777489507
403.09976617956914 496.53179171225935
402.0997847607316 496.5256956496236
401.0998033418941 496.51959958698785
400.09982192305654 496.51350352435225
399.099840504219 496.50740746171647
398.0998590853814 496.50131139908075
397.0998776665438 496.495215336445
396.09989624770634 496.48911927380937
395.0999148288688 496.4830232111736
394.09993341003127 496.4769271485378
393.09995199119373 496.4708310859021
392.0999705723562 496.4647350232664
391.09998915351866 496.45863896063076
390.1000077346811 496.4525428979951
389.1000263158436 496.4464468353594
388.10004489700606 496.4403507727237
387.1000634781685 496.43425471008794
386.100082059331 496.4281586474522
385.10010064049345 496.4220625848165
384.1001192216559 496.4159665221808
383.1001378028184 496.40987045954506
382.10015638398085 496.40377439690934
381.10017496514337 496.3976783342736
380.1001935463058 496.39158227163796
379.10021212746824 496.38548620900235
378.1002307086307 496.3793901463666
377.1002492897932 496.37329408373085
376.1002678709557 496.3671980210951
375.1002864521181 496.36110195845936
374.10030503328056 496.35500589582375
373.100323614443 496.34890983318803
372.1003421956055 496.3428137705523
371.10036077676796 496.3367177079166
370.1003793579304 496.33062164528087
369.1003979390929 496.3245255826451
368.10041652025535 496.3184295200095
367.1004351014178 496.31233345737377
366.1004536825802 496.306237394738
365.1004722637427 496.3001413321023
364.10049084490515 496.2940452694666
363.10050942606756 496.28794920683083
362.10052800723 496.28185314419517
361.1005465883925 496.2757570815595
360.10056516955495 496.2696610189239
359.1005837507174 496.26356495628806
358.1006023318799 496.2574688936523
357.10062091304235 496.2513728310166
356.1006394942048 496.24527676838096
355.1006580753673 496.23918070574524
354.1006766565298 496.2330846431095
353.10069523769226 496.22698858047374
352.10071381885473 496.220892517838
351.1007324000172 496.2147964552023
350.10075098117966 496.2087003925666
349.1007695623421 496.202604329931
348.1007881435046 496.1965082672953
347.10080672466705 496.1904122046596
346.10082530582946 496.1843161420238
345.1008438869919 496.1782200793881
344.1008624681544 496.1721240167523
343.10088104931685 496.1660279541167
342.10089963047926 496.15993189148105
341.10091821164167 496.1538358288452
340.10093679280413 496.1477397662095
339.10095537396654 496.1416437035739
338.100973955129 496.1355476409382
337.10099253629147 496.1294515783025
336.10101111745394 496.1233555156668
335.10102969861634 496.11725945303107
334.1010482797788 496.1111633903953
333.1010668609413 496.10506732775957
332.10108544210374 496.09897126512385
331.1011040232662 496.09287520248813
330.10112260442867 496.0867791398525
329.10114118559113 496.0806830772168
328.1011597667536 496.07458701458114
327.10117834791606 496.0684909519454
326.10119692907847 496.0623948893097
325.10121551024093 496.056298826674
324.10123409140346 496.05020276403826
323.1012526725659 496.0441067014025
322.1012712537283 496.03801063876676
321.1012898348908 496.0319145761311
320.10130841605326 496.02581851349544
319.1013269972157 496.0197224508596
318.1013455783782 496.013626388224
317.10136415954065 496.00753032558833
316.1013827407031 496.0014342629526
315.1014013218656 495.9953382003169
314.10141990302805 495.9892421376812
313.1014384841905 495.98314607504545
312.101457065353 495.97705001240973
311.1014756465155 495.97095394977407
310.10149422767796 495.96485788713835
309.1015128088404 495.95876182450263
308.10153139000283 495.9526657618669
307.10154997116535 495.94656969923125
306.1015685523278 495.94047363659547
305.1015871334903 495.9343775739598
304.1016057146527 495.9282815113241
303.10162429581516 495.9221854486884
302.1016428769776 495.9160893860527
301.1016614581401 495.90999332341687
300.10168003930255 495.90389726078126
299.10169862046496 495.8978011981455
298.1017172016274 495.8917051355098
297.1017357827899 495.8856090728741
296.10175436395235 495.87951301023844
295.1017729451148 495.87341694760266
294.1017915262773 495.867320884967
293.10181010743975 495.8612248223312
292.1018286886022 495.8551287596954
291.1018472697647 495.8490326970597
290.1018658509271 495.84293663442406
289.10188443208955 495.8368405717884
288.101903013252 495.8307445091527
287.1019215944145 495.824648446517
286.10194017557694 495.8185523838813
285.1019587567394 495.8124563212456
284.1019773379019 495.8063602586099
283.10199591906434 495.8002641959742
282.1020145002268 495.7941681333385
281.10203308138927 495.78807207070275
280.10205166255173 495.78197600806703
279.1020702437142 495.77587994543137
278.10208882487666 495.76978388279565
277.1021074060391 495.76368782015993
276.1021259872016 495.7575917575242
275.10214456836405 495.7514956948885
274.1021631495265 495.7453996322528
273.102181730689 495.7393035696171
272.10220031185145 495.7332075069814
271.1022188930139 495.72711144434567
270.1022374741764 495.72101538170995
269.10225605533884 495.7149193190742
268.1022746365013 495.7088232564385
267.10229321766377 495.7027271938028
266.10231179882624 495.696631131167
265.1023303799887 495.6905350685313
264.10234896115116 495.68443900589557
263.10236754231363 495.6783429432599
262.1023861234761 495.6722468806243
261.10240470463856 495.6661508179886
260.102423285801 495.66005475535286
259.1024418669635 495.65395869271714
258.10246044812595 495.6478626300814
257.1024790292884 495.64176656744576
256.1024976104509 495.63567050481004
255.10251619161335 495.6295744421743
254.1025347727758 495.6234783795386
253.10255335393828 495.61738231690293
252.10257193510074 495.61128625426716
251.1025905162632 495.6051901916315
250.10260909742567 495.5990941289957
249.10262767858816 495.59299806636
248.10264625975063 495.5869020037243
247.1026648409131 495.58080594108856
246.10268342207556 495.57470987845284
245.10270200323802 495.5686138158172
244.1027205844005 495.56251775318145
243.10273916556292 495.5564216905458
242.1027577467254 495.5503256279101
241.10277632788785 495.54422956527446
240.10279490905032 495.5381335026387
239.10281349021278 495.532037440003
238.10283207137525 495.52594137736725
237.1028506525377 495.5198453147316
236.10286923370015 495.5137492520958
235.10288781486258 495.5076531894601
234.10290639602505 495.5015571268244
233.10292497718748 495.49546106418865
232.10294355834992 495.4893650015529
231.10296213951239 495.48326893891726
230.10298072067485 495.47717287628154
229.10299930183731 495.4710768136458
228.10301788299978 495.4649807510102
227.10303646416224 495.4588846883745
226.1030550453247 495.4527886257388
225.10307362648717 495.44669256310294
224.1030922076496 495.4405965004674
223.10311078881207 495.4345004378316
222.10312936997454 495.42840437519584
221.103147951137 495.42230831256023
220.10316653229944 495.41621224992446
219.10318511346188 495.4101161872888
218.10320369462434 495.4040201246531
217.10322227578683 495.39792406201735
216.1032408569493 495.39182799938163
215.10325943811176 495.3857319367459
214.1032780192742 495.3796358741102
213.10329660043666 495.37353981147453
212.10331518159913 495.36744374883875
211.1033337627616 495.36134768620303
210.10335234392406 495.35525162356737
209.1033672137116 495.34979824351825
208.10338036585574 495.34466948973784
207.10339284722227 495.3396732334104
206.1034050749405 495.33472800470713
205.1034172074715 495.3298020616696
204.1034293043528 495.32488336100073
203.10344138788972 495.3199673740331
202.1034534664323 495.3150524030972
201.10346554310576 495.3101378124689
200.10347761907968 495.3052233641789
199.1034896947918 495.30030896916037
198.10350177040593 495.29539459407897
197.1035138459834 495.290480226459
196.10352592154712 495.28556586163154
195.10353799710572 495.2806514978493
194.10355007266242 495.2757371344581
193.10356214821837 495.2708227712132
192.10357422377405 495.26590840802305
191.10358629932966 495.2609940448536
190.10359837488522 495.2560796816917
189.10361045044075 495.2511653185327
188.1036225259963 495.24625095537476
187.1036346015518 495.2413365922171
186.10364667710732 495.2364222290598
185.10365875266285 495.2315078659026
184.10367082821838 495.22659350274523
183.10368290377392 495.22167913958793
182.10369497932945 495.21676477643064
181.10370705488498 495.2118504132734
180.1037191304405 495.20693605011616
179.103731205996 495.2020216869588
178.10374328155154 495.1971073238015
177.10375535710708 495.1921929606442
176.1037674326626 495.1872785974869
175.10377950821814 495.18236423432967
174.10379158377367 495.17744987117237
173.10380365932923 495.1725355080151
172.10381573488476 495.1676211448578
171.1038278104403 495.1627067817005
170.10383988599582 495.1577924185432
169.10385196155136 495.15287805538594
168.1038640371069 495.1479636922287
167.10387611266242 495.14304932907135
166.10388818821795 495.1381349659141
165.10390026377348 495.13322060275675
164.103912339329 495.1283062395995
163.10392441488455 495.12339187644227
162.10393649044008 495.118477513285
161.10394856599564 495.1135631501277
160.10396064155117 495.1086487869703
159.1039727171067 495.1037344238131
158.10398479266223 495.09882006065584
157.10399686821776 495.0939056974986
156.1040089437733 495.08899133434124
155.10402101932885 495.0840769711839
154.10403309488436 495.0791626080266
153.1040451704399 495.0742482448693
152.10405724599542 495.06933388171205
151.10406932155095 495.0644195185547
150.10408139710648 495.05950515539746
149.10409347266202 495.05459079224016
148.10410554821755 495.04967642908287
147.10411762377308 495.0447620659256
146.1041296993286 495.03984770276827
145.10414177488414 495.034933339611
144.10415385043967 495.0300189764537
143.1041659259952 495.0251046132964
142.10417800155074 495.020190250139
141.10419007710627 495.0152758869818
140.1042021526618 495.0103615238246
139.10421422821733 495.00544716066725
138.10422630377286 495.00053279750995
137.1042383793284 494.99561843435265
136.10425045488392 494.99070407119535
135.10426253043946 494.9857897080381
134.104274605995 494.9808753448808
133.1042866815505 494.9759609817235
132.10429875710602 494.97104661856633
131.10431083266155 494.9661322554091
130.10432290821709 494.9612178922517
129.10433498377262 494.9563035290944
128.10434705932815 494.95138916593703
127.10435913488368 494.94647480277973
126.10437121043921 494.9415604396225
125.10438328599474 494.9366460764652
124.10439536155027 494.93173171330795
123.1044074371058 494.9268173501507
122.10441951266135 494.92190298699336
121.10443158821688 494.9169886238361
120.10444366377241 494.9120742606789
119.10445573932796 494.9071598975216
118.10446781488349 494.9022455343642
117.10447989043902 494.89733117120693
116.10449196599455 494.89241680804963
115.10450404155009 494.8875024448923
114.10451611710562 494.88258808173504
113.10451660457653 494.88357547304656
112.10452447889566 494.88754392063265
111.10453792185163 494.8927290658807
110.10455390418679 494.89838277394233
109.10457090341257 494.90421356827665
108.10458829260159 494.91011086220504
107.1046058290441 494.91603307272806
106.10462342077776 494.92196461197466
105.10464103322909 494.92789964293286
104.10465865343738 494.9338359807041
103.10467627654916 494.9397728075488
102.1046939007476 494.945709817427
101.10471152535274 494.95164689580383
100.10472915011009 494.957583999816
99.10474677492441 494.96352111342213
98.10476439976001 494.96945823061856
97.10478202460361 494.97539534915865
96.1047996494502 494.98133246820163
95.10481727429791 494.98726958743276
94.10483489914603 494.9932067067343
93.1048525239943 494.99914382606227
92.10487014884264 495.0050809454002
91.10488777369099 495.0110180647416
90.10490539853936 495.0169551840845
89.10492302338773 495.0228923034279
88.1049406482361 495.0288294227714
87.10495827308446 495.0347665421152
86.10497589793283 495.04070366145885
85.1049935227812 495.0466407808026
84.10501114762957 495.0525779001462
83.10502877247794 495.05851501948996
82.1050463973263 495.06445213883364
81.10506402217466 495.0703892581774
80.10524290570777 495.08930314373487
79.1055672569623 495.11477071734004
78.10596331821587 495.14291260147417
77.10638890036837 495.17208421755583
76.10682591427019 495.20164494864434
75.10726725959799 495.23135178068486
74.10771023314817 495.2611133477601
73.1081538169937 495.2908954048488
72.10859762934928 495.3206851302876
71.10904152723137 495.35047772532175
70.10948545711966 495.38027139416005
69.1111275677308 495.43755598803165
68.11366233152083 495.5087114695675
67.11661658888586 495.5855215411305
67.76275379821656 494.8223002713022
68.44340452903613 494.0896922023903
69.11942837817008 493.35281245955434
69.77409642500288 492.5968959638644
70.40452200839857 491.82064627220575
71.01277271309522 491.0269013004194
71.6013817738122 490.2184834792144
72.17261711245074 489.39769715629564
72.73260761378145 488.56919812888555
73.28608599292714 487.7363345843488
73.83705143490049 486.90180652505353
74.38768496242258 486.0670594266048
74.93719261269703 485.23157074188805
75.48144338838888 484.3926481631248
76.02751299204321 483.5549083538972
76.59463390627641 482.73127380590927
77.22169428390137 481.95230314997104
77.92716972841957 481.2435687870523
78.71102196283977 480.62262138622486
79.5734957409265 480.1165196354743
80.500497877149 479.74146358707765
81.47566757181683 479.52000463692775
82.47306316282457 479.4478795023469
83.47206924834137 479.4924534981335
84.46251778656259 479.63033639459076
85.43637669987609 479.8574901243859
86.37992240586857 480.18873248384966
87.2818476355398 480.6206246927195
88.1375493559005 481.13809407903307
88.94924729391315 481.72217152032493
89.74009359975018 482.3341863245118
90.54098116641748 482.9330010751298
91.39331635206773 483.4559969941412
92.31083744796882 483.85368410554474
93.28617678871709 484.07439470879876
94.28391793820927 484.14157058698447
95.28381230478597 484.15610522451624
96.2814776064803 484.2243983119788
97.26717136193571 484.39294450878026
98.22171765421142 484.6910072134293
99.12624074779325 485.11743185293454
99.96727801681061 485.6584090355623
100.78127106215669 486.23928365381323
101.61928622417975 486.7849305984757
102.49005322987384 487.2766264615806
103.3770893314926 487.7383265313498
104.27422744648102 488.18007668996324
105.18807759328453 488.58612829898266
106.13381534796152 488.91105921376084
107.11015658245553 489.1272947192328
108.1086829292575 489.1815638148795
109.10141117129552 489.06118675120007
110.05564989901981 488.7621408508585
110.94772600400165 488.3102556630946
111.76963342979238 487.7406345755021
112.54500483024519 487.10912907959585
113.29696105028324 486.4499160312222
114.0187575588574 485.75781069226707
114.7032274021607 485.0287695181155
115.35284008408493 484.2685041937167
116.0172659579687 483.5211500219121
116.74129436072235 482.8313798630867
117.59448203556136 482.30977580683054
118.57811495547152 482.12959179291977
119.56934841810724 482.26171379166044
120.530572129399 482.53748358125034
121.47578448284463 482.8639397144348
122.42767975112523 483.1703632746012
123.39044308006495 483.4407089282539
124.35185039976837 483.7158379263996
125.28427424869008 484.0772044521903
126.17974966755466 484.522315420612
127.06355321441133 484.9901736155424
127.98895520228514 485.36916063489696
128.97365455475187 485.54342246448573
129.96690975182634 485.4274737107858
130.88181093706856 485.02379584262565
131.70214513210396 484.45191140634887
132.42749505672907 483.7635310704543
133.09041994296726 483.0148451582013
133.70398539876913 482.22520129452187
134.2837675568386 481.4104297626282
134.84250229334302 480.5810833366859
135.39798898938008 479.74955791282576
135.98141191880845 478.9373894048071
136.62531801665358 478.17228487785815
137.40425181181098 477.54517871239517
138.33095368904145 477.1693813857182
139.33025032560505 477.1318816236833
140.28872268754907 477.41706705702353
141.16462198763017 477.8995610115115
141.9453644614988 478.5244139458068
142.65702862266866 479.2269337830402
143.35208054212796 479.94589332936806
144.0831025970813 480.6282471636591
144.87548033840878 481.23827791292405
145.70068284168764 481.80311490585416
146.51883515952753 482.37811645786354
147.3015150937241 483.0005408473327
148.0311043802711 483.68442641740694
148.75243890860105 484.3770132337982
149.51466876903464 485.02431968352926
150.38164685200496 485.5226659523516
151.3255411646208 485.85291362700116
152.2967143707828 486.0912885494091
153.28396824052743 486.25044192409604
154.281912326524 486.3145324945759
155.27846053590346 486.23151643358403
156.26759616667658 486.08451063800067
157.25085700563315 485.90230711834636
158.22291606466032 485.6675707007132
159.1908583394206 485.4163979459569
160.15519613106053 485.1517233842494
161.10993347602968 484.8542732167906
162.03993741797765 484.4867236718838
162.94856893427763 484.06912486012016
163.84079347091776 483.61753281389116
164.71182899856842 483.12631279234245
165.55207872651332 482.584113202995
166.36290483609062 481.9988260768529
167.20904621391952 481.46586757122054
168.09645956461736 481.0048930111815
169.01314875159989 480.60529204212696
169.94741214795744 480.24870838262126
170.8852686357368 479.90168502846456
171.8286165224247 479.5698797170522
172.7898890438679 479.2942801170556
173.7727042635456 479.10968801546426
174.77122026630548 479.05522892777105
175.75705884421788 479.2229259709759
176.72680446536052 479.46704362759795
177.7168222528844 479.6079860995017
178.7166820935607 479.59124396693926
179.71170313146197 479.49157885702664
180.70543167354523 479.37975942826273
181.70508820996938 479.35355238370335
182.7023319364386 479.4277477340817
183.68298034399342 479.6235249052745
184.60777104736235 480.00400112655825
185.46968086774265 480.51106272196057
186.25181989192657 481.13416668346997
186.9780133182633 481.8216571252547
187.65728597397762 482.5555431240303
188.28638038024454 483.33287202996627
188.8892523643803 484.1307099651036
189.5131432784904 484.912221402826
190.16645749322106 485.6693082781784
190.84117438459606 486.4073849113902
191.50819127002495 487.15242751054325
192.1565485729267 487.91376370945534
192.82681128451006 488.6558876192311
193.55930507129122 489.3366613351801
194.42904487389052 489.8301718981618
195.40797705117407 490.0343575790479
196.40605396782726 489.97236993153587
197.39547328255648 489.82728575031416
198.39489216879173 489.7931992451207
199.38791449026567 489.9111257860456
200.34252713548284 490.2089759121014
201.2781830666137 490.56188946885374
202.18408351965795 490.98538016435276
203.06089736432952 491.46621015696155
203.97013534164725 491.8824868685407
204.9058708373517 492.2351894090457
205.83929236216758 492.5939710376311
206.7558030136963 492.99398131954194
207.68221624015132 493.3704896645347
208.6399099514889 493.6582790932225
209.63541478296594 493.7529898661358
210.63399490993274 493.69971951765746
211.60659308187172 493.46722694586015
212.56078728733692 493.1680390145248
213.51719341283865 492.8759990804357
214.46626358954853 492.56093432569486
215.40874589529392 492.22667828108706
216.3621054640007 491.9248413503526
217.3404216195269 491.7177242341201
218.3403914968801 491.7099625083929
217.39137585943774 491.3947335124393
216.43438093224933 491.10462886005394
215.47240509748252 490.8314942900621
214.50733991067457 490.56948439480743
213.5389893948891 490.31989016695354
212.5676244575841 490.0822977458319
211.59389258734447 489.8546000407938
210.61848125034484 489.6342078366382
209.64015219661985 489.4271516543167
208.65873959278866 489.23524203746194
207.673549866138 489.06377424893594
206.6850358744864 488.9126448728736
205.69294342420892 488.78713562977805
204.6980115064665 488.6865847518238
203.70033352135152 488.61847720439334
202.700621693642 488.5944717563092
201.7012645064666 488.6303216160146
200.70863706217526 488.7515270483996
199.7492007672468 489.0334525633393
198.9697897561859 489.659965512796
199.81045555415614 490.2015197724256
200.74054617529353 490.56884991885016
201.68258919988105 490.9043420049357
202.6196022826154 491.2536362688232
203.55058374844623 491.6187027152127
204.47762589715205 491.9936598521268
205.4044050522069 492.36926655834463
206.33685259341672 492.73057194564433
207.28269534683108 493.05519709225746
208.24795887931492 493.31647532108025
209.23321998083665 493.4875325098453
210.2314190959509 493.54752023013185
211.2298613899684 493.49172609498225
212.21824275721315 493.339731776393
213.1930447328089 493.1166597961385
214.156028152716 492.84709916662456
215.11435449552945 492.5614234401972
216.07812842435413 492.2947029608225
217.0558887677531 492.08497763837346
218.04933060452274 491.9706390317888
219.04905990664864 491.99390536950807
220.0378925379114 492.1429356595499
221.01115839836535 492.3726171017146
221.97761354971001 492.6294525362624
222.95007705234877 492.86250775726285
223.9361345085402 493.02891296478145
224.93470970835193 493.08227559516
225.93210244619212 493.0101110158728
226.91365893851656 492.8189387051797
227.87096064199181 492.52984797803083
228.81051211739918 492.1874402896536
229.7500643021611 491.84503454771993
230.712111807268 491.5721525257442
231.6980657628361 491.405135168863
232.69724317521417 491.3645827510127
233.6926238785521 491.46058928944893
234.6604451319913 491.712227961738
235.5805688736752 492.1038557186573
236.4449354498538 492.6067179482842
237.259155407826 493.1872744571959
238.04752691788664 493.80247390625664
238.84234686061228 494.4093192396371
239.66658230527923 494.9755664751753
240.5236712286938 495.4907349693208
241.4143898112801 495.9452901437885
242.3431711074239 496.3159183995024
243.3114554835272 496.5657690889036
244.30981548056423 496.6230169387866
245.29934686676285 496.47869910992324
246.24568836684705 496.1555307865709
247.12922472244657 495.68716820444683
247.94189677524565 495.10444688632015
248.6952931760988 494.4468802637019
249.40508021215678 493.7424639354954
250.0830238584879 493.0073500583313
250.73720728491344 492.25101412464176
251.37618062270835 491.48178524219696
252.01348874738594 490.71117616217
252.66986832849278 489.9567453532113
253.37645684502178 489.24912068694437
254.17693361266353 488.6497569038662
255.06391818238217 488.18795784249744
256.0167075930558 487.88432592897675
257.01168462144483 487.7842224176592
258.0088464428236 487.859510544111
258.9896643761441 488.0544366369689
259.9579551919576 488.3042623682521
260.9300556480697 488.5388272915179
261.92180531523485 488.66701698563486
262.9217919006419 488.66183731325344
263.91106689643055 488.5157723184485
264.87208965243144 488.23930303905496
265.8031873624037 487.8745331739559
266.7195201972828 487.47411572213537
267.63871935175564 487.0803227379211
268.5758582712951 486.7313662284755
269.5260899044635 486.4198219405707
270.47853206306576 486.1151025048317
271.4243007901007 485.79026175159606
272.3548635332641 485.42412928781255
273.2629400633954 485.0053250191801
274.1470405637408 484.5380282127615
275.027131884559 484.0632237614129
275.92664023396026 483.62632019155177
276.8618209609027 483.27214931760057
277.835219362955 483.04303024182974
278.8327664289087 482.973031304644
279.82807327791704 483.069800495594
280.80787541625887 483.2697699175086
281.7737462758613 483.5287940140148
282.72816455104083 483.82726638460105
283.6777808972831 484.14068111774134
284.63762283939815 484.42122246256736
285.6173095936256 484.6217564087991
286.61553838041857 484.6812483344512
287.61266192184945 484.6054549104336
288.5927438538299 484.4068613390236
289.54258329882066 484.09412338363643
290.4513916228512 483.67690949344
291.3117883711102 483.16728469460725
292.1135020927254 482.5695764810332
292.8677502122658 481.9129869790079
293.58798592217966 481.2192575489237
294.28536770261303 480.5025577147395
294.9690994759468 479.7728242961997
295.64505939949527 479.03588591223786
296.314458564563 478.2929829860041
296.974653729307 477.5418888877391
297.62217217599925 476.779839111679
298.25354588792027 476.0043603976609
298.86511133087174 475.2131665472124
299.4553935280916 474.40596959005427
300.0243366713539 473.5835927301325
300.57084865906586 472.74614144958707
301.0930347369107 471.89330987177993
301.59291972660776 471.0272180769478
302.080249336071 470.15399997604726
302.5862548703071 469.29146974508575
303.16106798997225 468.4731850284615
303.8692525317936 467.7671576531245
304.6756773990026 467.1758210877517
305.54374697716923 466.67937853572613
306.4574243639472 466.27293833976785
307.41522954195756 465.9855201062187
308.4117004136338 465.90158083114
309.4064461321982 466.0039573684809
310.376668682204 466.24617256920146
311.3244354020283 466.5651369007394
312.2807779957494 466.85738481507724
313.25714299258004 467.0735130014943
314.2515199011956 467.1794118381836
315.2510260004438 467.1479864095366
316.24046699047744 467.00305012270223
317.2318182892439 466.8718152095348
318.2299095196744 466.81005846303833
319.22929356789507 466.84515154158737
320.21928206616224 466.98629959612134
321.1895633134813 467.22827955624405
322.12556270570786 467.58028117236455
323.0250261336939 468.0172772154994
323.88479204721773 468.52796554896975
324.7129346085317 469.08848307602864
325.5435025384864 469.64540040717463
326.4125851526836 470.1400673756496
327.34006598928124 470.51393807220694
328.3277952032827 470.67011425415586
329.3270841997018 470.63241144742153
330.3039515344518 470.4185652169229
331.21837842781804 470.01381411230614
332.07035066115236 469.49022714376383
332.87761954167496 468.90004331262327
333.68035152724093 468.30370334301756
334.5220698237449 467.76378639632065
335.3975805884392 467.2805877819761
336.2946498268689 466.8386977713817
337.2156521065308 466.4491405857752
338.1696838533785 466.1494350202501
339.1552868228663 465.98035874593353
340.15527454905504 465.9754042054068
341.1353274122301 466.1741411807847
342.092808043432 466.46263873861346
343.0436252732189 466.772391213245
343.9919258256921 467.0897649080893
344.9314320659239 467.432296694301
345.8456957269961 467.83741637790433
346.72046159487894 468.3219622234
347.59112759862046 468.8138369126541
348.48957116795185 469.2529259158495
349.4240617393709 469.60891379756583
350.38347527518204 469.8909167537604
351.35676713227156 470.1204880083266
352.34128207659637 470.2957886768965
353.3376289396895 470.38118732093955
354.33501332884305 470.30890744633496
355.3161115534747 470.1153970496515
356.2730348899697 469.82505633932806
357.20435537192554 469.4608556255869
358.1253813797248 469.07135454348634
359.04914073135916 468.6883810975818
359.9753042409331 468.31125889784596
360.8915591036132 467.91066305835795
361.78634779859675 467.464173202561
362.6501716471111 466.96037923799037
363.46217292364975 466.3767235801752
364.22840531496803 465.73416002495696
364.9502592803966 465.04211461272234
365.62629977012256 464.30525013654574
366.25684945259854 463.52910124752407
366.8445127621268 462.7199956705848
367.3943668451708 461.8847349404174
367.91867306991526 461.03320515074813
368.45237585830483 460.18753303126846
369.0205960226404 459.3646564640711
369.6283820611031 458.570555632029
370.26395817919683 457.7985174217642
370.9148727161752 457.03936640546357
371.57718348332975 456.2901371697078
372.2598627204706 455.55941898930115
372.98418382424313 454.8699561994207
373.7798560576281 454.2642287879391
374.6793299585895 453.8272543018541
375.63701772389044 453.5394450869341
376.623192647466 453.3737374524968
377.61540660290876 453.249192413958
378.6017522952057 453.08450429876046
379.55247823867336 452.77447175140856
380.4548010008129 452.34341069665544
381.29703336718353 451.8042960140158
382.0689734487696 451.1686007171629
382.76680181021726 450.4523356978026
383.3873604820664 449.66817567918855
383.96100748452255 448.84907305034824
384.4987871623957 448.0059876347072
385.00847383468226 447.1456275379492
385.51430293563146 446.2829938262077
386.03593305023657 445.42982208292443
386.5824124983449 444.5923495682738
387.15517347198437 443.77262713532735
387.76546691592387 442.980451705082
388.4499757257541 442.25144711712323
389.22779954486896 441.6229647335852
390.109783732341 441.151685736547
391.0477316429058 440.8049095593562
392.0235343631649 440.58625674978134
393.0214132465203 440.5211588684529
394.00652147687055 440.6930942472913
394.9516466575433 441.01980266906565
395.8426257139802 441.4738470732716
396.639538634953 442.0779412682334
397.1852722408767 442.91589999714887
397.3266036112568 443.90586234175925
397.02367424516785 444.85887535277266
396.47864239196696 445.6972906907743
395.73608492636146 446.3670730511523
394.91936780488214 446.94411130246897
394.0606542162536 447.4565671275941
393.1729279703753 447.9169388386915
392.2616493818803 448.3287292394424
391.3401641145631 448.7171425529595
390.4117377899407 449.0886591202188
389.47757814782125 449.44551450134014
388.5386993765289 449.78976245386343
387.59603277876 450.12349840555396
386.65036323539164 450.44862778710154
385.70231511171414 450.7667547353338
384.7523728545256 451.0791802592712
383.8009106920662 451.386946003642
382.8482195192413 451.6908860128895
381.8945278157915 451.9916718748762
380.9400170036863 452.2898481810682
379.984832554408 452.58585944412573
379.02909207405315 452.8800704809872
378.0728912808006 453.17278201643336
377.11630850357835 453.46424280337
376.1594081251667 453.75465916963685
375.2022432563988 454.0442026275088
374.2448578391853 454.33301599788297
373.28728831774725 454.62121837749316
372.32956497841906 454.9089091929636
371.37171303169885 455.19617152631815
370.41375349157 455.4830748540718
369.4557038938143 455.7696773108656
368.49757888537954 456.05602756529504
367.5393907097339 456.3421663778543
366.58113167343174 456.62806779328514
365.6227832833146 456.9136695495122
364.66432747380406 457.19891060759375
363.70575203530376 457.48374938427963
362.7470516550697 457.7681673530142
361.78822693155035 458.05216585577097
360.8292827969079 458.33576089563377
359.87022699859307 458.6189780838811
358.91106886592183 458.90184850745095
357.951818395643 459.1844056437435
356.99248561717326 459.4666832024576
356.0330801786 459.7487137051272
355.0736110967801 460.0305276171891
354.1140866243416 460.31215287669477
353.15451419697996 460.59361469763553
352.19490043382757 460.8749355563866
351.2352511712489 461.1561352947083
350.27557151621767 461.4372312920459
349.3158659097457 461.7182386743445
348.35635982481904 461.99992657431295
347.39739291430317 462.2834445887946
346.439288378084 462.5698633341243
345.4822901961792 462.8599572496601
344.526549991807 463.15416918304595
343.57213694842636 463.45265828272125
342.6190553099257 463.75537166259215
341.66726234902103 464.0621128557377
340.7173218803242 464.3745438176031
339.7701460161224 464.69525846066387
338.82664341257606 465.02662357213654
337.8889689524582 465.3741384737489
336.962213263768 465.7498030761276
336.05619813469315 466.1730483783904
335.186360400614 466.6663863116288
334.3728439622809 467.2479282314953
333.6369778973691 467.92505534992364
333.07017337868876 468.7489076653319
332.71831715213733 469.68496172137617
333.51038411270264 469.07452750708205
334.3042195400416 468.466394861764
335.11652082443754 467.88315681142035
335.95221154810076 467.3339564705762
336.8254209066332 466.8466111964928
337.74359482387536 466.4504336381982
338.7057307113321 466.17786340125383
339.69978163148016 466.06894706569005
340.6985517764326 466.11852727899816
341.68415582909086 466.2875972390259
342.65308452448437 466.5349374566273
343.603915792286 466.844646836806
344.5341469765383 467.21162087382316
345.4420193240255 467.63086758003317
346.334186485846 468.08257296562135
347.225997355857 468.53498137859594
348.1329913119188 468.95612501640534
349.0613481044385 469.3278152984716
350.0093776671073 469.6459975549001
350.9771573365048 469.8977961083129
351.96210161343697 470.0706682325506
352.95886665195246 470.15103898589484
353.9585833785658 470.1272384285594
354.949725206061 469.99443075638067
355.92146733016625 469.7583857516901
356.8709602224936 469.44459721235216
357.80760332411376 469.0943120425443
358.73840401043725 468.7287849131274
359.6634202938738 468.34885745244935
360.5779999938088 467.94445174963755
361.47513509566284 467.50269547178584
362.34670859392116 467.0124306075199
363.1843347211643 466.4661866409997
363.9803617486569 465.86092556385915
364.7292155263958 465.19819030784356
365.42822969828154 464.48308249254376
366.0781368165484 463.72306884949114
366.68209863833187 462.92605560127754
367.24641309856815 462.100495676155
367.79005774977236 461.26118018528337
368.3358950052442 460.42328896887216
368.90107926215194 459.5983242691767
369.4929280652942 458.79227526680836
370.1096984860584 458.00513217430847
370.7470565387189 457.23456438838116
371.40448635128956 456.481048601192
372.0916193687598 455.7545169664353
372.82468607646666 455.07436021828687
373.61956367073526 454.4675904018575
374.48649420212803 453.96916141620454
375.41968825196545 453.6097885383352
376.3890836589948 453.3642838645908
377.37012798974894 453.17050042594025
378.34805021793164 452.96153125207445
379.3038470552515 452.6675033524298
380.21886212080506 452.2640836828423
381.0778465971159 451.7520820525158
381.87130651173214 451.1434595390501
382.59712407215306 450.45557228885235
383.2555343391788 449.70291305634726
383.8565502305648 448.90367598369517
384.4161752016138 448.07493000827304
384.9522680693299 447.2307709964844
385.48184715368006 446.38251042719054
386.0183756187347 445.53862820425525
386.5704339991271 444.7048227445474
387.15326403985915 443.8922286616129
387.79022268716955 443.1213306906618
388.50185943726507 442.4187830866423
389.2946557728933 441.80929644182186
390.16745245793743 441.3212124873878
391.10231813300754 440.966210840102
392.07972035647697 440.754822823514
393.07843917822476 440.70421931487317
394.0685402517716 440.84457551944377
395.0194889132466 441.15392425992746
395.9168287667801 441.5952644770622
396.7578432260751 442.1362771194807
397.5459517230653 442.75181346850644
398.28404189402966 443.42651555055886
398.98097869307816 444.14364810325185
399.64671788542876 444.88983261647115
400.2885751149397 445.65665677944764
400.91003764831623 446.4401006635959
401.5171953996211 447.2346819778933
402.1365721375318 448.01977589363526
402.80236232025817 448.76591491056524
403.52604172005726 449.45605122051154
404.2952583523281 450.09503930540666
405.0867258943711 450.7062505044962
405.87283663673566 451.3243361787672
406.64089530792586 451.96471565814613
407.3858322273966 452.6318505665488
408.1059704359054 453.3256812091739
408.80052717791943 454.04511913708905
409.47415775926834 454.78418736118715
410.1496278487472 455.5215747479924
410.8492524720162 456.2360853402971
411.5818157043332 456.9167843271167
412.3432017158382 457.5650831328264
413.1235402655682 458.19044042894217
413.9108068830042 458.8070531705156
414.69639823507083 459.42579885943644
415.4772353571967 460.050533514078
416.2585099116691 460.6747210424171
417.0615628361535 461.27062875379295
417.9245109916112 461.7759212245385
418.8493474269935 462.1562862699742
419.822708166948 462.3855652919435
420.82094393919994 462.4449398908608
421.81713094050525 462.3576962181366
422.8056655456048 462.2067017330695
423.7940485950718 462.0547183539571
424.783453263722 461.909534327104
425.7717992114589 461.7573098626048
426.7557338773409 461.57878094820785
427.73167662117555 461.3607539756645
428.70405389242234 461.12733923242286
429.6808184156331 460.91302388953596
430.6679496058709 460.75311137201567
431.66505936194085 460.67713680817894
432.6645869858172 460.7078700004646
433.6525338672459 460.86266328027807
434.6098928445572 461.15156428159406
435.511151757913 461.5848452194353
436.3478590825523 462.1324955210831
437.1199479088392 462.7680101505944
437.8267431609197 463.47542832369743
438.469558119932 464.2414498171754
439.05636065209615 465.05117988840027
439.5988906042439 465.8912163465511
440.10475729873895 466.7538280131779
440.5828584354241 467.63213280258776
441.0382706933051 468.5224134748321
441.47629654698784 469.421375849743
441.9089366189397 470.322942579465
442.3641504789216 471.21332471185565
442.8806920234366 472.06958684040626
443.49573602840997 472.8580796253741
444.2390490545299 473.52702337876474
445.0959978286453 474.04242496834536
445.9963076940562 474.4776744901645
446.8985103999034 474.90898676400093
447.7821651957255 475.37712584784305
448.64630319271316 475.8803807754514
449.4943844310461 476.410246997424
450.33048358441306 476.9588253471052
451.16393251315566 477.51142183929244
452.00361708541175 478.0544962532682
452.85501159989553 478.5790221160309
453.71734525008014 479.08536259017785
454.586345975834 479.5801734011342
455.4621576068666 480.0628264721365
456.35795216627014 480.50729481447706
457.288070440559 480.8745549346014
458.26450262880724 481.0903793580403
459.26294973542645 481.1460873043651
460.25747787816806 481.0416182979809
461.2207226008607 480.77299290043845
462.12958759586184 480.3559024775544
463.01904184904623 479.8988782643095
463.94102144299944 479.5116397998798
464.92465614573695 479.3314655187782
465.9246559748266 479.33205017315555
466.9168372276316 479.45685546784375
467.891855236689 479.67898129257753
468.8541824369701 479.95087531531277
469.81070925223264 480.24251970782495
470.7597535327682 480.5576624589438
471.69406549534114 480.91411884700983
472.6040874114825 481.3286789899835
473.48014120358545 481.81089237982457
474.31438951358774 482.36228131447797
475.09727214572825 482.9844507321552
475.8420693003576 483.6517416720427
476.56716031141264 484.3403947237946
477.28649432569 485.03505908584555
478.0060634984276 485.7294798557291
478.72836407369704 486.42105912014165
479.45219034271696 487.1110413896796
480.17405418127606 487.80307650337016
480.8891730741387 488.5020793424709
481.5934678851885 489.2119869555645
482.28461198168804 489.93470393881165
482.9619071243836 490.67041535620376
483.62518375954335 491.4187896644554
484.28177959983213 492.1730322663518
484.95911574884406 492.9087059312615
485.6898583308546 493.5913590487645
486.5016702046815 494.17527811979545
487.427935726976 494.5521496923617
488.41124829672503 494.7340738253772
489.40863112366037 494.8063752536792
490.40405974402734 494.90188369181146
491.3883920359211 495.07820708542465
492.34756249567056 495.3610357069324
493.2811082261793 495.719494029543
494.242417357886 495.9949659034203
495.23591716247853 496.10879972209705
496.2128788279359 495.89538485797846
497.08035963029005 495.39791419799235
497.7414605637997 494.64761721964794
498.23544118965384 493.77814430961524
498.5888521892301 492.8426761565611
498.85886186919373 491.8798185488506
499.0736836301513 490.90316527822733
499.245688285866 489.9180691415927
499.3831034531259 488.9275556021563
499.4930432262465 487.93361735141525
499.58153716635286 486.93754063621486
499.6533348763966 485.9401214220264
499.7095112327671 484.94170056037285
499.7558261938044 483.94277367396717
499.7950094628223 482.94354163313324
499.8282169684662 481.9440931544367
499.85621586165485 480.9444852002966
499.8797114420928 479.944761259551
499.89937147385956 478.94495453665354
499.91580050552875 477.94508950230215
499.9295249485284 476.94518368690535
499.9409922333676 475.94524943837774
499.9505776880699 474.945295379904
499.95859416425463 473.94532751236545
499.96530179411633 472.9453500087677
499.97091678741253 471.94536577296685
499.97561895554753 470.94537682822056
499.97955799033645 469.9453845862482
499.9828586475994 468.94539003343226
499.9856250111618 467.9453938598233
499.987944000233 466.945396548682
499.989888259046 465.945398438755
499.99151854285685 464.9453997676685
499.99288569266287 463.9454007022182
499.9940322730829 462.94540135954173
499.9949939334661 461.94540182193714
499.9958005408664 460.9454021472449
499.99647712442953 459.9454023761276
499.9970446634993 458.945402537178
499.9975207459366 457.94540265050523
499.99792011846125 456.9454027302544
499.9982551470296 455.94540278637646
499.99853620215936 454.94540282587246
499.9987719815806 453.9454028536684
499.9989697805051 452.94540287323065
499.9991357180838 451.94540288699824
499.99927492720155 450.9454028966879
499.99939171357585 449.94540290350744
499.99948968914566 448.945402908307
499.9995718839194 447.94540291168505
499.99964083977034 446.94540291406247
499.9996986891019 445.94540291573577
499.99974722082476 444.9454029169134
499.9997879356985 443.94540291774223
499.9998220927524 442.9454029183256
499.9998507482251 441.9454029187362
499.9998747882305 440.9454029190251
499.9998949561608 439.9454029192285
499.9999118756739 438.94540291937165
499.9999260699792 437.9454029194724
499.9999379780164 436.94540291954326
499.99994796802736 435.9454029195931
499.99995634894367 434.94540291962824
499.9999633799391 433.945402919653
499.9999692784435 432.9454029196704
499.999974226866 431.94540291968264
499.9999783782364 430.9454029196913
499.99998186093563 429.94540291969736
499.99998478266707 428.94540291970156
499.99998723378656 427.9454029197046
499.99998929009615 426.9454029197067
499.99999101518864 425.94540291970816
499.99999246241407 424.9454029197092
499.9999936765292 423.9454029197099
499.9999946950817 422.9454029197105
499.99999554957134 421.94540291971083
499.99999626642466 420.9454029197111
499.999996867811 419.9454029197113
499.99999737232923 418.9454029197114
499.99999779558226 417.9454029197115
499.99999815065974 416.94540291971157
499.999998448543 415.9454029197116
499.99999869844476 414.9454029197117
499.9999989080934 413.9454029197117
499.99999908397285 412.94540291971174
499.9999992315225 411.94540291971174
499.9999993553055 410.9454029197117
499.9999994591502 409.9454029197117
499.99999954626804 408.9454029197117
499.9999996193533 407.9454029197117
499.9999996806663 406.9454029197117
499.99999973210333 405.9454029197117
499.99999977525493 404.9454029197117
499.9999998114559 403.94540291971174
499.99999984182574 402.9454029197117
499.99999986730387 401.9454029197117
499.999999888678 400.9454029197117
499.9999999066093 399.9454029197117
499.9999999216522 398.94540291971174
499.9999999342721 397.9454029197118
499.99999994485927 396.9454029197118
499.99999995374117 395.9454029197118
499.9999999611923 394.9454029197118
499.99999996744333 393.9454029197118
499.9999999726874 392.9454029197118
499.9999999770868 391.9454029197118
499.9999999807776 390.9454029197118
499.99999998387386 389.9454029197118
499.9999999864714 388.9454029197118
499.9999999886505 387.9454029197118
499.9999999904786 386.9454029197118
499.99999999201236 385.9454029197118
499.9999999932989 384.9454029197118
499.99999999437824 383.9454029197118
499.9999999952838 382.9454029197118
499.99999999604347 381.9454029197118
499.9999999966808 380.9454029197118
499.99999999721547 379.9454029197118
499.99999999766396 378.9454029197118
499.9999999980402 377.9454029197118
499.9999999983559 376.9454029197118
499.99999999862075 375.9454029197118
499.99999999884284 374.9454029197118
499.9999999990293 373.9454029197118
499.9999999991856 372.9454029197118
499.9999999993168 371.9454029197118
499.99999999942685 370.9454029197118
499.9999999995191 369.9454029197118
499.9999999995966 368.9454029197118
499.99999999966155 367.9454029197118
499.999999999716 366.9454029197118
499.99999999976177 365.9454029197118
499.9999999998002 364.9454029197118
499.99999999983237 363.9454029197118
499.99999999985937 362.9454029197118
499.999999999882 361.9454029197118
499.999999999901 360.9454029197118
499.99999999991695 359.9454029197118
499.9999999999303 358.9454029197118
499.999999999941 357.9454029197118
499.9999999999503 356.9454029197118
499.9999999999594 355.9454029197118
499.9999999999684 354.9454029197118
499.9999999999774 353.9454029197118
499.9999999999863 352.9454029197118
499.9999999999921 351.9454029197118
499.99999999999613 350.9454029197118
