6.627320631448551
279314
664
0.0 100.0
0.0 101.0
0.0 102.0
0.0 103.0
0.0 104.0
0.0 105.0
0.0 106.0
0.0 107.0
0.0 108.0
0.0 109.0
0.0 110.0
0.0 111.0
0.0 112.0
0.0 113.0
0.0 114.0
0.0 115.0
0.0 116.0
0.0 117.0
0.0 118.0
0.0 119.0
0.0 120.0
0.0 121.0
0.0 122.0
0.0 123.0
0.0 124.0
0.0 125.0
0.0 126.0
0.0 127.0
0.0 128.0
0.0 129.0
0.0 130.0
0.1611478477377297 130.98693027675185
0.38622447607345994 131.96127134197337
0.6816649213266782 132.91663250054566
1.0455345792558917 133.8480823768345
1.4732965641362377 134.75197378861537
1.9589120173910826 135.62614632968496
2.495462978399793 136.47001424958748
3.0762060172604473 137.28410117542214
3.694757051348552 138.06984580202072
4.345249270639215 138.82935872004273
5.022716624881736 139.56491156242433
5.722940431018404 140.27883496260077
6.442314602410482 140.9734577390298
7.1778111668539735 141.65098619134147
7.926957585583036 142.31339063222742
8.687861929525777 142.96225470071101
9.4589956177471 143.59892795669887
10.239046551010183 144.22464397975997
11.026876096018611 144.8405373211851
11.821515809488593 145.44761863845352
12.622160015161205 146.04675873552839
13.428195574993827 146.6386258458541
14.241313498246537 147.22072484334956
15.057515789267232 147.79849107646862
15.877035699796961 148.3715417864807
16.699811703675053 148.93990755554353
17.525663055045037 149.5037954392938
18.354373358283624 150.06347323348098
19.185726901956645 150.61921713621166
20.019521910527757 151.1712913012311
20.8555735044597 151.7199421303418
21.693712794265466 152.26539838970993
22.53378503301994 152.80787293627782
23.375656899935976 153.34755039522463
24.219208983319348 153.88459776987565
25.064325575850944 154.4191797982191
25.91089094530678 154.95146456715213
26.75879160762009 155.48161970185203
27.60792059018194 156.00980524782375
28.458180658018016 156.53616806665065
29.30948549006481 157.0608394713734
30.161759136779978 157.58393566818125
31.01493454702772 158.10555978509746
31.868951863179774 158.62580436576357
32.72374979619212 159.14476534090315
33.579248313303765 159.66257060084146
34.435329668227865 160.17941169223351
35.291827166448215 160.69556286731915
36.14852672607222 161.21137859462885
37.00518018945306 161.72727087377018
37.861525386192724 162.24367469252147
38.717307139341685 162.76101171127934
39.572294788051806 163.27966007052976
40.426293959449985 163.79993443589024
41.27915224784338 164.32207688763947
42.130759714501934 164.84625693564914
42.981045685539044 165.37257790944503
43.82997337569374 165.90108692250783
44.67753362054455 166.431786113527
45.52373863978454 166.96464356671038
46.36861639842316 167.49960297915004
47.212205842256665 168.036591666417
48.054553077938074 168.57552685226025
48.89570844092671 169.11632039448818
49.735724329686974 169.65888219431406
50.57465366252707 170.2031225589513
51.41254881756724 170.748953768356
52.24946093380082 171.29629105897436
53.08543947357315 171.84505319418426
53.920531969028815 172.3951627505761
54.75478389463734 172.946546214799
55.58823862387274 173.49913395834312
56.420937440483144 174.05286013689675
57.25291958398299 174.60766254577527
58.084222315626675 175.16348245218535
58.914880995774446 175.7202644176756
59.74492916675437 176.27795611911367
60.57439863747456 176.8365081732171
61.4033195674629 177.3958739675121
62.23172054893851 177.95600949922763
63.05962868611475 178.5168732227803
63.88706967131007 179.0784259059891
64.71406785767763 179.6406304948576
65.54064632850847 180.2034519865927
66.36682696314885 180.7668573104451
67.1926304996228 181.33081521591953
68.01807659407754 181.89529616790054
68.84318387718437 182.46027224824735
69.6679700076322 183.0257170634335
70.49245172285192 183.59160565783026
71.3166448871072 184.15791443225888
72.14121259120571 184.72367772318336
72.96681069738099 185.28793632265686
73.7937712303997 185.85019629529356
74.6221111344891 186.41042214554784
75.45165597193926 186.96886226110166
76.28215769690675 187.52587831547174
77.11337000579584 188.08183343735772
77.9450842387621 188.6370373950898
78.77713948794153 189.19173015898076
79.60941932152812 189.74608589188617
80.44184332562239 190.30022511393025
81.27435791997564 190.85422822781032
82.1069284120426 191.40814733358246
82.93953286016915 191.96201539816093
83.77215765704257 192.5158528721833
84.60479450368518 193.06967223046996
85.4374384108843 193.62348097345273
86.27008641652723 194.1772835544316
87.10273678124668 194.7310825884977
87.9353884935903 195.28487959637263
88.76804097048998 195.83867545471105
89.60069387844402 196.39247066494283
90.43334702803907 196.9462655118577
91.26600031238456 197.5000601561697
92.0986536715111 198.05385468804528
92.93130707195326 198.60764915780106
93.76396049512758 199.1614435933781
94.59661393076136 199.7152380102218
95.42926737319976 200.26903241683448
96.26192081934204 200.82282681787822
97.09457426749411 201.37662121590017
97.92722771673353 201.93041561228722
98.75988116655961 202.48421000779217
99.59253461670141 203.03800440282245
100.4251880670127 203.5917987975979
101.25784151741476 204.1455931922369
102.09049496786534 204.69938758680294
102.92314841834178 205.25318198133007
103.7559794019968 205.80670935433363
104.58916019863338 206.35971004159907
105.42277164955077 206.9120613328073
106.2568072051753 207.4637720286924
107.09120824586992 208.014929813077
107.92589731473814 208.56565130195492
108.7607992312958 209.11605005715734
109.5958509792651 209.66622146518705
110.43100426113257 210.2162387338123
111.26622427161456 210.76615466746986
112.10148704430355 211.3160056477908
112.93677664764242 211.86581586827967
113.77208278581543 212.41560096768717
114.60739895748674 212.9653708225759
115.44272113622813 213.515131550259
116.278046869191 214.0648868775184
117.11337468323126 214.61463904267168
117.94870370449614 215.164389373488
118.7840334202442 215.71413864905665
119.61936353251258 216.26388732212254
120.45469386963747 216.8136356535241
121.29030885795395 217.36295121975252
122.12648429234028 217.9114132903908
122.96334917753892 218.45882279334216
123.80089250589896 219.00519370501263
124.63902009165415 219.55066794821408
125.47760784504285 220.095434485243
126.31653550124898 220.63967743434984
127.15570234923639 221.18355150179454
127.99503124934105 221.7271754503556
128.8344666343413 222.27063495612344
129.67397025178764 222.8139890545662
130.5135166779665 223.35727700610784
131.35355095120337 223.89981034129323
132.1945093205987 224.44091016659712
133.03659311366667 224.98025688759606
133.87977918398445 225.5178787350149
134.72391180202393 226.05401316140615
135.56878849165525 226.588974262158
136.41421404607405 227.1230675423401
137.26069916201996 227.6554799280732
138.10876840152338 228.185365354376
138.95863106259105 228.71236958331815
139.81019406667374 229.23662186044973
140.6631914344295 229.7585370744469
141.5183656044639 230.27687783003722
142.37643105888247 230.79041816529184
143.23759823597214 231.2987400053729
144.10285959005316 231.8000610493496
144.97288315828246 232.2930711818272
145.8488358282939 232.77546823809917
146.7312364876988 233.24596699078805
147.62113216299753 233.70213109183567
148.51954206856928 234.14128896956367
149.4269518852891 234.56153583096835
150.3431747442878 234.9622048622751
151.26746883102103 235.34388593493912
152.19875299366925 235.70817950940977
153.13580961173847 236.0573569636256
154.0774226226352 236.39405406445954
155.02246253775127 236.72100904429226
155.96994239368263 237.04082449514522
156.91905485821457 237.35576183759628
157.86906895712343 237.66796883923848
158.81940344900684 237.979199225828
159.7697219754627 238.29047835823943
160.71994277670763 238.60205568232027
161.67017027295307 238.91361258784335
162.62059877998422 239.22455575471236
163.5714310841418 239.5342619531817
164.52283065209275 239.84222114220313
165.47490569307922 240.14808568138773
166.4277172863126 240.451647977795
167.38130460153428 240.75276462005885
168.33570515226586 241.05129366180068
169.29095471110503 241.34709474418128
170.2470699491331 241.6400856170946
171.20412439634913 241.9299938526866
172.16217274418034 242.2166004876724
173.12115814938468 242.50005593850207
174.08089464316174 242.78095781196066
175.0411128215092 243.0602086847814
176.00152379458856 243.33879576773523
176.96187018217037 243.6176054086349
177.92195410221623 243.8973175221898
178.88164481845547 244.1783757531034
179.8408730209143 244.46100847521393
180.799618484832 244.74527443416304
181.75789600640343 245.03111388499326
182.71574251791785 245.3183943409586
183.67320670920685 245.60694645479467
184.63034144878003 245.8965894942453
185.587198732837 246.18714781532236
186.54382665678224 246.47846038822004
187.5002678697726 246.77038538902252
188.4616119764567 247.0457351820927
189.42529546915736 247.3127822301878
190.39011929965113 247.57567950311267
191.3555053372802 247.83650472879225
192.32117017833582 248.09629582707905
193.28697369070235 248.35557092326155
194.2528462782684 248.61458857630558
195.21875329937842 248.87347779309604
196.18467749179229 249.13230293582686
197.15061024877895 249.39109611382833
198.11654727793547 249.6498733456403
199.0824864382294 249.9086426224307
200.04842666164865 250.16740793073302
201.01436741541772 250.426171259294
201.9803084337583 250.68493360023098
202.9462495840839 250.94369544847694
203.91219080025212 251.20245705093652
204.8781320492669 251.46121853078188
205.84407331466767 251.7199799494593
206.81001458824284 251.97874133762218
207.77595586589592 252.23750271056244
208.74189714558335 252.49626407590864
209.70783842628563 252.75502543746646
210.6737797074942 253.01378679713437
211.6397209889553 253.27254815585945
212.6056622705424 253.53130951411424
213.57160355219239 253.79007087213438
214.5375448338737 254.04883223003748
215.5034861155707 254.30759358788217
216.46942739727547 254.56635494569775
217.4353686789841 254.8251163034988
218.40130996069473 255.08387766129258
219.36725124240627 255.34263901908275
220.33319252411832 255.60140037687114
221.2991338058306 255.8601617346586
222.265075087543 256.1189230924456
223.23101636925549 256.3776844502324
224.196957650968 256.63644580801906
225.16289893268052 256.8952071658057
226.12884021439305 257.1539685235923
227.09478149610555 257.41272988137894
228.06072277781809 257.67149123916545
229.02666405953062 257.930252596952
229.99260534124315 258.18901395473864
230.95854662295568 258.4477753125252
231.92448790466824 258.7065366703118
232.89042918638077 258.96529802809835
233.8563704680933 259.2240593858849
234.8223117498058 259.4828207436715
235.78825303151834 259.741582101458
236.75419431323087 260.0003434592446
237.7201355949434 260.25910481703124
238.68607687665593 260.51786617481775
239.65201815836843 260.7766275326043
240.617959440081 261.0353888903909
241.5839007217935 261.2941502481775
242.54984200350603 261.55291160596414
243.51578328521856 261.81167296375065
244.4817245669311 262.07043432153716
245.44766584864362 262.3291956793238
246.41360713035616 262.58795703711036
247.3795484120687 262.8467183948969
248.34548969378125 263.10547975268355
249.31143097549378 263.36424111047006
250.2773722572063 263.6230024682567
251.24331353891887 263.8817638260432
252.20925482063137 264.1405251838298
253.1751961023439 264.39928654161633
254.14113738405644 264.65804789940296
255.10707866576897 264.9168092571896
256.0730199474815 265.1755706149761
257.038961229194 265.4343319727626
258.0049025109065 265.69309333054923
258.970843792619 265.9518546883358
259.93678507433157 266.21061604612237
260.9027263560441 266.46937740390894
261.86866763775663 266.7281387616955
262.83460891946913 266.9869001194821
263.80055020118164 267.24566147726864
264.7664914828942 267.5044228350552
265.73243276460676 267.7631841928418
266.69837404631926 268.02194555062835
267.66431532803176 268.2807069084149
268.63025660974427 268.53946826620154
269.5961978914568 268.7982296239881
270.5621391731694 269.0569909817747
271.5280804548819 269.31575233956124
272.4940217365944 269.5745136973478
273.45996301830695 269.8332750551344
274.4259043000195 270.09203641292095
275.391845581732 270.3507977707075
276.3577868634445 270.6095591284941
277.323728145157 270.8683204862806
278.2896694268695 271.1270818440672
279.255610708582 271.38584320185373
280.22155199029453 271.64460455964036
281.1874932720071 271.903365917427
282.15343455371965 272.1621272752135
283.1193758354322 272.4208886330001
284.08531711714477 272.67964999078663
285.05125839885727 272.93841134857325
286.0171996805698 273.19717270635977
286.98314096228233 273.4559340641464
287.9490822439949 273.7146954219329
288.9150235257074 273.97345677971947
289.8809648074199 274.23221813750604
290.84690608913246 274.49097949529266
291.8140254404839 274.7453024400728
292.78172487246974 274.99740918201815
293.74971178558235 275.24840985142515
294.7178416385396 275.4988586242571
295.68604268056635 275.74903204854166
296.6542792065529 275.99906810543234
297.6225334267094 276.2490356336217
298.5907964719302 276.4989689752547
299.5590639191533 276.7488852625353
300.5273335622379 276.99879304208747
301.4956043007177 277.24869657748445
302.46387558563697 277.498597995649
303.4321471431503 277.74849835761484
304.4004188366489 277.99839819268743
305.3686905979847 278.24829776491515
306.3369623931617 278.49819720602056
307.30523420522053 278.7480965817146
308.27350602570107 278.9979959247777
309.24177785038285 279.24789525156245
310.2100496771604 279.4977945702268
311.1783215049835 279.7476938848401
312.1465933333281 279.9975931974325
313.1148651619329 280.24749250901675
314.0831369906675 280.4973918200982
315.0514088194669 280.7472911309287
316.02352763213855 280.98177996659024
316.99747413848127 281.2085578376067
317.9723094612326 281.43148404404354
318.9475824180429 281.652487799022
319.92307223943976 281.87253235894354
320.89866987481366 282.0920984170057
321.8810939157789 282.27876122458554
322.8665101661494 282.4489223644081
323.8584704355308 282.57547205413005
324.8529748677732 282.68016653464497
325.85171987456437 282.73025057810855
326.8516692304626 282.74031465475196
327.85155868876416 282.7254461922421
328.85111918713005 282.6958014607277
329.85038369399024 282.6574550745947
330.8494358193215 282.6139251897905
331.8483463506775 282.5672588170351
332.8471651972345 282.51866960256905
331.90234676678386 282.1910751375963
330.9575283363332 281.86348067262355
330.01270990588256 281.5358862076508
329.0678914754319 281.208291742678
328.1230730449813 280.8806972777053
327.17825461453066 280.5531028127325
326.23343618408 280.2255083477597
325.28861775362935 279.897913882787
324.3437993231787 279.57031941781423
323.39898089272816 279.2427249528415
322.4463097644832 278.9387221215906
321.4936386362383 278.6347192903397
320.5409675079934 278.3307164590889
319.5882963797485 278.026713627838
318.65966414884264 277.6557120379184
317.7310319179368 277.2847104479988
318.6531214527103 276.8977338468185
319.65220649326244 276.94050161207457
320.6506129058043 276.9969341859599
321.64881491203755 277.05687377848426
322.6469857950763 277.11732945029087
323.64528844761224 277.17556873204984
324.6438380206962 277.22940877378403
325.64268648833564 277.27738521273324
326.6418313618349 277.31873157605844
327.6412352736354 277.3532543377929
328.6408454436933 277.38117400678647
329.64060777705816 277.40297485045915
330.64047479474306 277.41928273032755
331.64040874833154 277.43077570474014
332.6403817468046 277.4381243321418
333.64037440742476 277.4419556120691
334.6403740215125 277.4428341473803
335.6403727746148 277.441254972307
336.640366254067 277.43764373247996
337.64035230090246 277.4323611067672
338.6403301777805 277.42570935853627
339.6402999932182 277.4179396601147
340.6402623188142 277.4092593727535
341.6402179445106 277.3998388293449
342.6401677287613 277.3898174034466
343.64011251180017 277.37930879395805
344.64005306955465 277.3684055395056
345.6399900928734 277.3571828216332
346.63992418189093 277.34570163612216
347.6398558489468 277.3340114171789
348.63978552591453 277.3221521963254
349.63971357340967 277.31015637069436
350.639640290393 277.29805014655005
351.6395659233485 277.2858547146792
352.6394906746277 277.2735872055936
353.6394147097974 277.2612614646405
354.63933816397116 277.24888868026443
355.6392611471827 277.23647789280596
356.63918374889397 277.2240364062815
357.63910604174646 277.21157012148336
358.6390280846623 277.1990838053294
359.6389499253957 277.18658130860615
360.63887160262414 277.17406574195206
361.63879314765677 277.16153961807004
362.63871458582753 277.14900496663506
363.6386359376282 277.1364634271316
364.63855721962955 277.12391632385476
365.63847844522877 277.11136472649935
366.638399625255 277.0988094991045
367.6383207684606 277.08625133959004
368.6382418819185 277.0736908116934
369.638162971344 277.0611283707669
370.638084041355 277.04856438461593
371.6380050956825 277.03599915033067
372.6379261373406 277.02343290788167
373.63784716876455 277.01086585110204
374.63776819192145 276.9982981365578
375.63768920840045 276.985729890713
376.6376102194852 276.9731612157174
377.63753122621284 276.96059219408096
378.6374522294209 276.94802289245
379.63737322978596 276.93545336465735
380.6372942278547 276.92288365418545
381.6372152240685 276.91031379615697
382.63713621878395 276.8977438189415
383.63705721228916 276.88517374545444
384.63697773680593 276.87256642019787
385.6368967453177 276.8598394246026
386.636812862089 276.84688722707153
387.6367247124537 276.8336097461278
388.6366311672637 276.8199319674592
389.63653146732497 276.80581141727794
390.63642524833 276.79123655167103
391.63631249964675 276.77622040521953
392.63619348839524 276.76079288632
393.63606867341105 276.74499369679666
394.63593862536027 276.7288667259411
395.63580396151065 276.712456071935
396.6356652977605 276.6958034963815
397.6355232168392 276.67894699450517
398.6353782497995 276.66192016086103
399.6352308674418 276.64475208019167
400.63508147856896 276.6274675371356
401.63493043254925 276.61008739833943
402.63477802430685 276.5926290691944
403.6346245004338 276.5751069638259
404.63447006557345 276.5575329526005
405.6343148885641 276.53991676859926
406.6341591080647 276.5222663654528
407.6340028375394 276.50458822555953
408.6338461695734 276.4868876214117
409.63368917954745 276.4691688346002
410.63353192872836 276.4514353377571
411.6333744668441 276.4336899447129
412.6332168353541 276.41593499801417
413.63319286541343 276.40901117632285
414.63295112271123 276.4309981489405
415.63046200884105 276.50151078647855
416.62118150392564 276.6374331248168
417.59830414274285 276.85010975425905
418.55414926625093 277.14398064404867
419.48218238551374 277.5164783347145
420.3945865529646 277.9257687392176
421.2844067791321 278.3820799982318
422.1437548086955 278.8934712027763
422.96931398765355 279.4577867546072
423.7651257702946 280.06333081296276
424.54140902212947 280.69371507111066
425.3173607448364 281.3245073697543
425.722788142623 281.654090348565
426.05494214624315 282.0268531383866
426.09785049568376 281.95898875512563
426.6322586127093 281.11376217931456
427.1666667297348 280.26853560350355
427.7010748467603 279.42330902769254
428.42708311955704 278.73562306169447
429.24395519284326 278.15880418554264
430.12617095709743 277.68795883375356
431.0536113795188 277.3139878952319
432.0097527414821 277.02108228595966
432.983300446205 276.7925984427044
433.96717810478094 276.61375562636795
434.9571488870762 276.4724833707698
435.95073925562247 276.35944276066857
436.946516900048 276.26764470588284
437.9436471816028 276.1919400058538
438.94163557585114 276.12854312150176
439.9401823955093 276.07465203735495
440.9390986055376 276.02810737769653
441.9382608865685 275.98718383722075
442.937587474517 275.9504909139352
443.93748722310426 275.93633136680074
444.93747208436776 275.9418338429597
445.9372985664501 275.96046193268484
446.93694280597913 275.9871339100478
447.9364480576497 276.01858628488645
448.935860965013 276.05284764206374
449.93521616800774 276.08875277048867
450.93453639958466 276.125618401652
451.93383577873595 276.16304500753444
452.9331228351052 276.2007991989951
453.93240264597915 276.23874468067294
454.9316782089511 276.2768018645816
455.93095128559196 276.3149242766338
456.93022290836376 276.3530847787666
457.92949368146867 276.39126752380054
458.9287639581749 276.42946325774517
459.9280339449263 276.4676665766815
460.9273037623292 276.5058743249492
461.9262068073749 276.55270067008195
462.9247134913646 276.6073303509136
463.92291872730044 276.6672161334529
464.9209247849809 276.7303343466179
465.91880727319943 276.7953769457878
466.91661533807826 276.8615514549504
467.9143792270503 276.92838873394567
468.91095446815 277.0110796574321
469.9062476755253 277.1079890550803
470.9005650386569 277.21444553151576
471.8915288072303 277.34857535435447
472.87907988089336 277.50587404127515
473.85872186787776 277.70662656887384
474.82552173981526 277.9621613172381
475.7752411902215 278.2752634819066
476.704207460933 278.6454278614467
477.61037638995003 279.06834377753904
478.49314714769685 279.5381477678022
479.3524819272115 280.0495612372342
480.1872718039856 280.6001299083693
480.99701497360024 281.18691436561267
481.78184845653783 281.8066210737093
482.54191987327255 282.45646062426226
483.2759567661975 283.13557021764547
483.9835378360385 283.84220239183696
484.6650736380111 284.5739871625377
485.3210795238385 285.3287429361227
485.95074332761135 286.10561068176423
486.55420007237467 286.9030064161393
487.1323989822781 287.71890225543893
487.6863582182299 288.5514460470221
488.21582344789465 289.39977768652165
488.7213688195723 290.262577708065
489.2042515386786 291.1382627425314
489.6657464996254 292.0254055726443
490.1068315555217 292.9228708775252
490.52742521605217 293.8301200013725
490.9281981813554 294.7462974024702
491.3103899536993 295.6703804339953
491.6752385809399 296.60144728401235
492.023722979205 297.5387618652314
492.3565784241118 298.4817397296566
492.67383288181736 299.4300801796354
492.9761144074115 300.3832988739992
493.26445666663386 301.3408262843361
493.5398677159632 302.30215284378784
493.8031476041804 303.26687233693616
494.05490291625995 304.2346632559056
494.2956259151918 305.2052571142136
494.52534517209017 306.1785140499763
494.7445205554315 307.1541995276468
494.9538964487407 308.1320347567632
495.15420004316843 309.1117686339254
495.34601219395125 310.0932002916643
495.529773059935 311.0761712699403
495.70583356069966 312.0605506175856
495.87450249058713 313.04622337874446
496.03607478985737 314.0330842565325
496.19055727602756 315.0210797835804
496.3382377519621 316.0101149078443
496.47959332849297 317.0000737963764
496.6150965607311 317.9908507006555
496.7451283960712 318.98236051997054
496.86966990577235 319.97457491835496
496.9892225176668 320.96740278510185
497.10472507565714 321.96070996774864
497.21721353232977 322.95436299930213
497.3275954488085 323.9482522448997
497.43657026962 324.9422967551854
497.5446356881516 325.9364405402173
497.6521274957257 326.9306465104793
497.75926401239377 327.92489082994825
497.86618346009 328.91915851608934
497.9729716610301 329.9134403072029
498.0796811350391 330.9077305506211
498.1863436730804 331.90202583019277
498.2929783597598 332.8963240971111
498.3995965795412 333.89062412990336
498.50620509064817 334.88492520370323
498.6128078900391 335.8792268898941
498.7194073347998 336.8735289357417
498.8260048118615 337.86783119254505
498.9326011359053 338.8621335729608
499.0391967848383 339.85643602575294
499.14579203872063 340.85073852089704
499.25238706154164 341.84504104081225
499.35898194926557 342.83934357521065
499.4655767580231 343.83364611807474
499.5721715206333 344.8279486658861
499.6708058303767 345.8230724134379
499.76277223470316 346.81883452382135
499.8532913170824 347.814729245027
499.92027577549004 348.8124832639775
499.9872602338977 349.81023728292803
