5.911443975473772
137204
1119
0.0 100.0
0.0 99.0
0.0 98.0
0.0 97.0
0.0 96.0
0.0 95.0
0.0 94.0
0.0 93.0
0.0 92.0
0.0 91.0
0.0 90.0
0.0 89.0
0.0 88.0
0.0 87.0
0.0 86.0
0.6004409055036927 86.79966913095224
1.199718424409371 87.6002104823728
1.7964007204627577 88.40268804441206
2.3933964107672088 89.20493248705901
2.9934091897686708 90.00492290264845
3.6003630302769203 90.79965998841473
4.189039383873716 91.60802880938445
4.764869024914633 92.42559851558613
5.330102818861857 93.25052927521389
5.890037136045693 94.07906627525665
6.442712440046124 94.89686208508894
6.4392899690952135 94.90140261641322
6.451513529206278 94.90988509115601
6.4402355022098 94.90014819445126
6.4392899690952135 94.90140261641322
6.451513529206512 94.90988509115621
7.208443349493418 95.56338126341771
7.9649289433679815 96.21739161980379
8.726056391189076 96.86599396960939
9.497083461399468 97.5027963384828
10.281597101218857 98.12290790016935
11.08081941842249 98.72394341300004
11.89387026335471 99.306136098934
12.718507402048573 99.87179817958534
13.551908058348467 100.42446747136742
14.391257057395677 100.96806038688274
15.23409122254342 101.5062337511992
16.078445835296204 102.04201849148498
16.92287210225178 102.57769029368804
17.7663837892561 103.11480111455009
18.608373047151105 103.65429540514955
19.4485201229362 104.19665404207696
20.286692263767684 104.7420598197636
21.1228954144949 105.29047963223746
21.957236824720145 105.8417276809264
22.789884257443433 106.395531123295
23.62102931340979 106.95158678232804
24.450861893905213 107.50959922694582
25.27955648950119 108.06930027860645
26.10726717951448 108.63045534954291
26.934127592560515 109.19286254840983
27.760253006770867 109.75634883927748
28.585742962673464 110.32076564687975
29.41068366164229 110.88598493457684
30.235149940751434 111.45189601823921
31.05920684811734 112.01840304681215
31.882910913304467 112.5854229873735
32.70631120439101 113.15288396456806
33.52945023749088 113.72072384709432
34.35236477882874 114.28888901467737
35.175086561187136 114.85733326773394
35.99764292591678 115.42601685888349
36.82005739662196 115.99490563393067
37.64235018883684 116.56397027337988
38.464538659808255 117.13318562647717
39.28663770286218 117.70253012975249
40.10866009122143 118.27198530185662
40.93061677634826 118.84153530648774
41.752517145865596 119.41116657545676
42.57436924590182 119.98086748441344
43.39617997236438 120.55062807437301
44.21795523523757 121.12043981287064
45.03970009956199 121.69029538927262
45.86141890632155 122.26018853944872
46.68311537605599 122.83011389563667
47.504792697644504 123.40006685789507
48.326453604372716 123.97004348404263
49.14810043910097 124.54004039542113
49.96973521009585 125.11005469619981
50.79135963886415 125.68008390426826
51.61297520113733 126.25012589204681
52.43458316198926 126.82017883578513
53.256184605929064 127.3902411721274
54.0777804626897 127.96031156089859
54.89937152932918 128.53038885321797
55.72095848917268 129.10047206417505
56.54254192804797 129.67056034941328
57.36412234820138 130.24065298506167
58.18570018022632 130.81074935053437
59.007275793288315 131.38084891378782
59.82884950389028 131.95095121868377
60.65042158338646 132.52105587415707
61.47199226442388 133.09116254492994
62.293561746464576 133.66127094355198
63.11513020051967 134.23138082357644
63.93669777320804 134.8014919737103
64.7582645902358 135.37160421279913
65.57983075937942 135.94171738552774
66.40139637304321 136.51183135873416
65.57984075491058 135.94170298168675
64.75827869180674 135.37158389196202
63.936716608852805 134.80146483084198
63.11515452583773 134.23134576981005
62.29359244282242 133.66122670877846
61.472030359807135 133.09110764774684
60.65046827679185 132.52098858671522
59.828906193776554 131.9508695256836
59.00734411076129 131.38075046465195
58.18578202774598 130.81063140362036
57.36421994473069 130.24051234258874
56.54265786171541 129.67039328155712
55.721095778700125 129.1002742205255
54.899533695684845 128.5301551594939
54.07797161266956 127.96003609846227
53.25640952965427 127.38991703743065
52.43484744663898 126.81979797639904
51.613285363623696 126.24967891536741
50.79172328060842 125.67955985433578
49.97016119759313 125.10944079330417
49.14859911457784 124.53932173227254
48.327037031562554 123.96920267124094
47.50547494854726 123.39908361020932
46.68291911916953 122.83039924471584
45.86035629832014 122.2617249919522
45.03779344033258 121.69305079290731
44.215230582168715 121.12437659411746
43.39266772400406 120.55570239532874
42.57010486583942 119.98702819654
41.74754200767476 119.4183539977513
40.92497914951011 118.84967979896255
40.102416291345435 118.28100560017386
39.27985343318078 117.71233140138513
38.45729057501614 117.1436572025964
37.634727716851486 116.57498300380767
36.81216485868682 116.00630880501896
35.98960200052217 115.43763460623023
35.16703914235751 114.86896040744152
34.34447628419286 114.3002862086528
33.521913426028206 113.73161200986407
32.69723349502004 113.16601231803922
31.872538691262665 112.60043431222961
31.047843808503707 112.03485642161577
30.223148925369753 111.46927853154874
29.398454042234096 110.90370064148419
28.573759159098444 110.33812275141963
27.749064275962787 109.7725448613551
26.924369392827145 109.20696697129053
26.09967450969148 108.641389081226
25.27497962655583 108.07581119116143
24.447021281203934 107.51502158858113
23.61904004548565 106.95426578317344
22.791058688180936 106.39351015729365
21.963077330299082 105.83275453226602
21.13509597241464 105.2719989072422
20.30711461453019 104.71124328221842
19.47913325664574 104.15048765719463
18.64574955590677 103.59779279803398
17.812328078136407 103.0451549053854
16.9789063997201 102.49251731532684
16.145484720351416 101.93987972670452
15.304634656959134 101.39861161301852
14.463732818826342 100.85742393889345
13.613817261242355 100.3305050220033
12.751328841186682 99.82442822420491
13.573944142536732 100.39302655869487
14.40536037677704 100.94867666932356
15.242986928143589 101.49491998548018
16.084119035969543 102.03574969729738
16.926621720167805 102.57444184232895
17.769012854578136 103.11330840899167
18.610360723856566 103.65380240790438
19.450145326193606 104.19672212727146
20.288114362811065 104.74243990567932
21.124204143107807 105.29103254077694
21.95848213486019 105.84237656448411
22.79109374327134 106.3962338651844
23.62221817135852 106.95232035579242
24.452038513124897 107.51035100046235
25.28072554248559 108.07006325454418
26.108431311719222 108.63122558362318
26.935288339958273 109.19363775885739
27.761411293046525 109.75712765795119
28.586899369108785 110.32154721491128
29.411838574315816 110.88676868275587
30.23630363138919 111.45268154677734
31.06035951890358 112.01919005885185
31.88406272201665 112.58621125173732
32.70746227874541 113.1536732945022
33.530600683551896 113.72151408779962
34.35351468614169 114.28968003568953
35.17623600609197 114.85812495799887
35.99879197383842 115.42680912335315
36.82120610376849 115.99569839104184
37.64349860353744 116.56476345307232
38.4656868236155 117.1339791685659
39.287785651486004 117.70332398255294
40.10980785533259 118.27277942100551
40.931764382274174 118.84232965392454
41.753664616194186 119.411961118542
42.5755166000049 119.98166219516585
43.397327226850734 120.55142292881047
44.219102404344106 121.12123479044178
45.04084719549084 121.69109047236765
45.8625659395301 122.26098371297903
46.684262355506064 122.83090914667386
47.50593963101623 123.40086217536148
48.32760049824793 123.970838858446
49.14924729912044 124.54083581862734
49.97088204109396 125.11085016123822
50.79250644498437 125.680879405165
51.61412198593108 126.25092142368193
52.43572992850059 126.8209743937704
53.25733135676727 127.39103675270154
54.07892720009146 127.9611071608376
54.90051825521179 128.53118446975827
55.72210520517976 129.10126769494764
56.54368863558851 129.67135599238742
57.3652690484833 130.24144863849648
58.18684687428516 130.81154501293742
59.00842248201184 131.38164458387968
59.82999618803957 131.9517468953676
60.65156826361401 132.52185155649246
61.47313894128909 133.09195823211073
62.29470842044705 133.66206663488703
63.11627687203059 134.23217651847318
63.93784444259994 134.80228767166068
64.75941125781092 135.3723999133676
65.5809774253969 135.94251308834083
66.40254303772521 136.51262706347177
67.22410817398901 137.08274172463726
68.04567290208632 137.65285697399162
68.86723728023111 138.22297272764482
69.68880135833456 138.79308891367188
70.51036517918928 139.36320547040623
71.3319287794846 139.93332234497652
72.15349219067713 140.50343949205217
72.97505543973699 141.0735568727679
73.79661854978781 141.64367445380154
74.6181815406552 142.21379220658338
75.43974442933725 142.78391010661844
76.26130723040775 143.35402813290528
77.08286995636192 143.92414626743772
77.90443261889209 144.49426449336664
78.72599523037618 145.06438279285496
77.90443463824718 144.49426158340856
77.08287249909162 143.9241426032771
76.26131030025091 143.3540237091541
75.43974806892632 142.78390486184156
74.61818581868575 142.21378604178767
73.79662355765997 141.64366723727565
72.97506129058706 141.07354844147778
72.1534990201685 140.50342965050112
71.33193674791887 139.93331086216307
70.51037447467615 139.3631920752561
69.68881220089891 138.79307328911943
68.86724992683587 138.2229545033946
68.04568765262084 137.65283571788876
67.22412537832545 137.08271693249876
66.38599007053512 136.53725455447878
65.5118005429236 136.0516696805233
64.59530023050561 135.65163571029356
63.643743629209396 135.34416207804261
62.66921698954697 135.119890304098
61.6818920268954 134.96117855870696
60.68814872563963 134.84949037128635
59.690668598552975 134.77854394031775
58.691123641027794 134.7483797581477
57.69116574415535 134.75755605818773
56.6921104724672 134.80101367100897
55.69460027515132 134.8715360522141
54.69867962983327 134.96176946193177
53.704309379742526 135.06773080268619
52.71150263204291 135.18745866795618
51.72021199735166 135.31915102754252
50.73026696000433 135.46060357446686
49.74140757645404 135.6094562518514
48.75355685410641 135.7648620122249
47.76673675254348 135.92668317014733
46.780920898414095 136.09451374467756
45.79599082960691 136.26746680061896
44.81176906077522 136.44440608330606
43.828336141290016 136.6256785105332
42.845873719599346 136.81213920334994
41.86446303937565 137.00405865713947
40.88403423737484 137.2009326376632
39.90471033376218 137.4032311591923
38.92667003031869 137.61164700513538
37.94995820109847 137.82620236550022
36.9744501283463 138.04616599884753
36.00030690251 138.27209735027367
35.02778046751986 138.50488981846235
34.05695123718232 138.7446618049875
33.08807393439196 138.99220326037965
32.12138462308152 139.24815594233112
31.15687860371415 139.51221680388414
30.194799117955675 139.78498605266907
29.235405669052454 140.06705733834272
28.27868475637836 140.35806437477322
27.324968623292534 140.65877276755901
26.374621952513955 140.96996596372512
25.427657848896203 141.29130532710818
24.48456279784261 141.62382859648676
23.545871063040863 141.96858623166673
22.612432606584857 142.32732380707392
21.684821831185452 142.7008719958835
20.763833468682055 143.09046208319745
19.84993923937586 143.49641446666234
18.943961185883236 143.9197391252752
18.046412401650937 144.36065428709563
17.158303707347212 144.82028777924143
16.280303724775948 145.29894844255614
15.413731393238681 145.79799993710762
14.559492088977567 146.317879933891
13.719351277512208 146.86024827451416
12.89596924418791 147.4277357432734
12.092267741239032 148.02276842654192
11.309393102401616 148.6449479021478
10.548557171594098 149.29389218819418
9.8118970129912 149.97015531060077
9.102045997414043 150.67450716563067
8.419590846275545 151.40543463582492
7.765711261258837 152.1620332667372
7.1426064498472055 152.94417161383168
6.5525431415981235 153.75152859327642
5.9971283556243 154.58310205095867
5.477114545583565 155.43725990368083
4.992506797512097 156.31199147994244
4.542747942424705 157.20514150780477
4.127215012263248 158.11471964295941
3.745530290928239 159.03901222298992
3.3975098825624603 159.97649918042504
3.0829245212729175 160.92572836795685
2.801276243564908 161.8852460841373
2.551684217114322 162.85359716733612
2.3328800968898915 163.8293659703693
2.14327425157433 164.8112262574887
1.9810520007059367 165.79798050314625
1.8442712814286504 166.78858185325333
1.7309466579644845 167.78213986852808
1.6391143551423852 168.77791435512552
1.5668785724862708 169.77530193861756
1.5124418352611435 170.77381916012166
1.474122826474724 171.7730847172013
1.4503649443524425 172.77280245888494
1.4397382938400272 173.77274599444027
1.4409372277723953 174.77274527571873
1.452775022270483 175.7726752065746
1.4741768378722704 176.77244616148826
1.5041717822104859 177.771996211918
1.5418846376910944 178.77128482915103
1.5865276318730532 179.77028783368627
1.6373924938226925 180.76899337878893
1.6938429439909577 181.7673987807554
1.7553076981825861 182.7655080352923
1.82131321682722 183.76332729322857
1.8914962622965554 184.76086142303498
1.965578579265792 185.75811355279578
2.0433266659297087 186.75508658905107
2.12451934997097 187.75178501287755
2.2089310974308956 188.7482159722976
2.296328492861604 189.74438949898453
2.3864740836636114 190.74031809705718
2.4791326781463545 191.73601603562514
2.5740772216808634 192.73149859883407
2.6710930798832475 193.7267814346437
2.769980575491644 194.72188005448612
2.8705560803472494 195.7168094830503
2.9726520810927277 196.71158403370575
3.076116596310061 197.70621717918746
3.180812230957057 198.70072148993017
3.2866150625545316 199.6951086181785
3.3934134811152106 200.6893893118425
3.5011070537692714 201.6835734469045
3.609605451785246 202.6776700707937
3.7188571949619105 203.67168418367785
3.8288624324855016 204.6656151912017
3.9396567348245566 205.65945855037316
4.0512836003484765 206.65320874176598
4.163772823926717 207.6468616865001
4.2771305432756055 208.64041592631997
4.39133890650495 209.63387274459063
4.5063609570758 210.62723568324017
4.6221470758767955 211.62050985218497
4.7386408749800415 212.6137012711826
4.85578371531096 213.6068163475757
4.973517771468198 214.59986150869415
5.091787895189732 215.59284296765244
5.210542607638094 216.58576658922226
5.329734514594108 217.57863782423524
5.449320367037667 218.57146168771524
5.569297876591288 219.56423829763378
5.689722433754254 220.55696077951484
5.81068766146075 221.54961752466187
5.932291886164478 222.542196192846
6.054611846449545 223.5346869118534
6.177690849724323 224.5270837875805
6.301538811457984 225.5193849930491
6.426138708837492 226.5115920609402
6.55145491284982 227.5037089134389
6.677440795959705 228.49574094782946
6.804044597441751 229.48769431238364
6.93121345807443 230.47957539441182
7.058938672655864 231.47138498781175
7.187276706729187 232.4631154698532
7.316327717621686 233.45475342626048
7.446197365591302 234.44628450219116
7.576966732222849 235.43769731870646
7.708678784596581 236.4289853370238
7.841338481352002 237.4201469811852
7.974920238146807 238.41118477776595
8.109377533744883 239.4021041668489
8.244651663658717 240.3929123772388
8.380678474169414 241.3836175335907
8.517452887834084 242.37421975434668
8.655059229709337 243.36470675308806
8.793641736218387 244.35505764488835
8.933351448144792 245.3452501496032
9.074304333714725 246.33526645454444
9.216562511932027 247.32509604125636
9.360134532639194 248.31473591255806
9.504985925739122 249.30418933436076
9.651119800981602 250.29345415760406
9.798619860337688 251.28251620443933
9.947625007750736 252.2713526247053
10.098275518573976 253.25993970917924
10.250669945945214 254.24825946437298
10.40484646239502 255.23630278415982
10.560858215950626 256.22405798295785
10.718819526600038 257.21150328490523
10.878882982226694 258.19861001174525
11.041187002896121 259.1853508109801
11.205814621841967 260.17170660230505
11.372863753034236 261.1576551748827
11.542491533264162 262.1431633768649
11.714885236551705 263.1281915039084
11.890202949614107 264.11270341317436
12.068528946420972 265.09667487559733
12.249978843581127 266.08007506617116
12.43476301907612 267.06285419114613
12.623144290086588 268.0449501623895
12.815455830103884 269.02628408699223
13.012083181740465 270.0067623807797
13.213386990522574 270.98629123516315
13.419744695977567 271.96476785593615
13.631561732739309 272.94207719434314
13.849204984017494 273.9181055828509
14.07307685358501 274.89272416774264
14.303638314120851 275.8657819321716
14.541460594632625 276.83709061785925
14.78717495351745 277.8064328968494
15.041481275330824 278.77355661938225
15.305084936004965 279.7381876939798
15.578724578944858 280.70001997967813
15.863227493625983 281.6586951548746
16.1594183768397 282.61382392142974
16.468094271145368 283.5649912002375
16.790043256264777 284.5117482181574
17.126036494968655 285.4536126157993
17.47678370471166 286.39008279410587
17.8428114507586 287.32068673194607
18.224448840052723 288.244998856227
18.62186997508974 289.1626351901992
19.035118256524548 290.07325358332065
19.464102572417143 290.97656552098016
19.908585867392713 291.87235266114664
20.368182737527487 292.7604803079195
20.842370698101277 293.64090394347625
21.33051212070825 294.5136684887777
21.831881585033866 295.37890178693596
22.345694099683406 296.23680428710105
22.871131225829217 297.0876367185866
23.40736356901074 297.9317071387093
23.953569101535837 298.76935832878723
24.508947374983826 299.60095617232815
25.072729996849592 300.4268793862422
25.64418788374298 301.2475107794434
26.222635839471803 302.063230070936
26.80743498553811 302.8744082010407
27.397993521360213 303.68140300633235
27.993766228154325 304.4845560937566
28.594253063676437 305.2841907355554
29.199001361734336 306.0806073953485
29.807609842159508 306.87407807379515
30.419729671169325 307.6648430925795
31.035060424047693 308.4531121231536
31.65334215670237 309.23906867352105
32.27434617016402 310.02287605755396
32.897866652758246 310.804683071967
33.52371431891798 311.58462838976976
34.15171222378947 312.362843418844
34.78169339162376 313.13945382836357
35.41349971204301 313.9145801235428
36.0469815907897 314.68833764970947
36.681997964397965 315.46083632624516
37.31841642316581 316.23218031263485
37.95611329803978 317.0024677237847
38.594973645204526 317.77179044983706
39.23489111072468 318.54023409599614
39.87576768410392 319.3078780353936
40.51751336162639 320.07479555728315
41.160045743711265 320.8410540893546
41.80328958928691 321.6067154734723
42.44717634690377 322.37183627659147
43.091643678405234 323.13646812174795
43.73663498721362 323.9006580271783
44.3820989600029 324.66444874447666
45.02798912782103 325.4278790891158
45.6742634505784 326.19098425863336
46.32088392717282 326.95379613534266
46.967816232283525 327.7163435716403
47.61502937996969 328.47865265689524
48.26249474114494 329.24074753686637
48.91018473865632 330.0026515118683
49.55807199881628 330.7643877510761
50.20612931387613 331.5259793190424
50.85433023686137 332.28744866408596
51.50264991225017 333.04881690515185
52.15106580677013 333.8101032032906
52.799558168687184 334.57132436467225
53.44811018815836 335.3324946991177
54.096707913834784 336.09362608741236
54.74534000867469 336.85472818670235
55.393997422632545 337.6158087076182
56.0426730408543 338.37687371293947
56.69136134516183 339.1379279053953
57.340058109420625 339.8989748868887
57.98876030872225 340.66001723565864
58.63746616060559 341.4210564710022
59.286175096262845 342.18209307774225
59.934887565890136 342.9431266721059
60.58360471772965 343.70415627528126
61.23232804621514 344.4651806133143
61.88105908979622 345.2261983746669
62.52979921791596 345.9872083917936
63.17855212837863 346.7482075121389
63.82732777436921 347.50918724982546
64.47614466043585 348.27013182622693
65.1250290989566 349.03101879907217
65.77402954282161 349.7918068272791
66.42323908808685 350.55241642907004
67.07280717718825 351.312719853777
67.72298000102516 352.0725062047626
68.37415095052617 352.8314372915722
69.02691652504869 353.58899725930956
69.68210646304867 354.3444614511437
70.34073672219482 355.0969281824594
71.00387582746188 355.84542435951414
71.67247600502168 356.5890464426767
72.3472302330681 357.32708894262737
73.02849353977784 358.0591274026354
73.71625450911164 358.7850646237923
74.41012590590319 359.50516356471263
75.10934673900576 360.22006931133615
75.81280314059373 360.9308077238797
76.519069994379 361.6387534359539
77.22646646127794 362.3455704127017
77.9331126434242 363.0531374930963
78.63699863399334 363.7634504609355
79.33620937210569 364.47836608092734
80.02947895972221 365.19904442726914
80.71703629016373 365.9251745239847
81.40146430251689 366.6542549694133
82.08856403838497 367.3808180795214
82.78681855516633 368.096667665534
83.5055170004831 368.79198956559134
84.25240306839532 369.4569415951082
85.032632748507 370.0824347175907
85.84679631935911 370.6630703002906
86.69172605039827 371.1979476223057
87.56265614076416 371.6893545592686
88.45475645432487 372.14119195318915
89.36368551614319 372.55814274235024
90.28564032394411 372.945440215067
91.2172875203774 373.3088043593878
92.1556918844907 373.6543434301354
93.09823265842897 373.9884345695926
94.04248945237856 374.31764439186406
94.98613474836054 374.6486029321241
95.9269031165229 374.9876528952049
96.86266180246271 375.3402939048566
97.7915539155457 375.71064433654556
98.71214373144788 376.1011752455107
99.62347905392576 376.51284007277206
100.52507047769687 376.94542868170953
101.41697636874882 377.3976497355171
102.30008949176478 377.86680984886544
103.17652937133157 378.34832115455305
104.04989234658602 378.8353910812111
104.92498691773451 379.3193430329031
105.80715692560123 379.79027410771175
106.69990527614924 380.24082974533474
107.60394850773328 380.668270776855
108.51778277894488 381.0743581132239
109.49215166515587 381.29931427247266
110.46652055136686 381.52427043172145
111.44088943757785 381.74922659097024
112.41525832378885 381.974182750219
113.38962720999983 382.1991389094677
114.36399609621083 382.4240950687165
115.33836498242181 382.64905122796523
116.31273386863279 382.874007387214
117.2871027548438 383.09896354646276
118.26147164105478 383.32391970571155
119.23584052726576 383.5488758649602
120.21020941347678 383.77383202420907
121.18457829968776 383.9987881834578
122.15894718589874 384.22374434270654
123.13331607210974 384.44870050195533
124.10768495832072 384.67365666120406
125.08205384453171 384.89861282045285
126.0564227307427 385.1235689797016
127.0307916169537 385.3485251389504
128.0051605031647 385.5734812981991
128.97952938937567 385.7984374574479
129.95389827558668 386.02339361669664
130.92826716179766 386.24834977594537
131.90263604800867 386.47330593519416
132.87700493421966 386.69826209444295
133.85137382043064 386.9232182536917
134.82574270664162 387.1481744129405
135.8001115928526 387.3731305721892
136.77448047906358 387.59808673143795
137.7488493652746 387.8230428906867
138.72321825148558 388.0479990499355
139.69758713769656 388.27295520918426
140.67195602390757 388.497911368433
141.64632491011855 388.72286752768184
142.62069379632956 388.9478236869306
143.59506268254054 389.1727798461793
144.56943156875155 389.39773600542804
145.54380045496254 389.62269216467683
146.51816934117352 389.8476483239256
147.0208719289139 389.96370913516745
148.00669252670826 389.79590642671405
148.9925131245027 389.62810371826066
149.9783337222971 389.46030100980727
150.9641543200915 389.2924983013538
151.94997491788587 389.1246955929005
152.9357955156803 388.95689288444703
153.92161611347467 388.78909017599364
154.90743671126907 388.62128746754024
155.89325730906347 388.45348475908685
156.87907790685787 388.28568205063345
157.86489850465227 388.11787934218006
158.85071910244667 387.95007663372667
159.83653970024105 387.7822739252732
159.86457691135612 387.7775015356791
160.23194999832577 388.7075751967245
160.5993230852954 389.6376488577699
160.96669617226502 390.5677225188153
161.33406925923467 391.49779617986076
161.7014423462043 392.4278698409061
162.06881543317394 393.3579435019515
162.10355974400946 393.4459052213193
163.07792863022044 393.67086138056806
164.05229751643142 393.89581753981685
165.02666640264243 394.1207736990656
166.00103528885344 394.34572985831437
166.9754041750644 394.5706860175631
167.9497730612754 394.7956421768119
168.9241419474864 395.02059833606063
169.8985108336974 395.2455544953094
170.87287971990838 395.47051065455815
171.8472486061194 395.6954668138069
172.82161749233038 395.9204229730557
173.79598637854136 396.1453791323044
174.77035526475234 396.3703352915532
175.74472415096332 396.5952914508019
176.71909303717433 396.8202476100507
177.6934619233853 397.04520376929946
178.66783080959632 397.2701599285482
179.64219969580728 397.49511608779693
180.61656858201832 397.7200722470457
181.5909374682293 397.94502840629445
182.56530635444028 398.16998456554325
183.53967524065126 398.3949407247919
184.51404412686225 398.61989688404077
185.48841301307323 398.84485304328945
186.46278189928424 399.06980920253824
187.43715078549525 399.294765361787
188.41151967170623 399.5197215210358
189.3858885579172 399.7446776802845
190.3602574441282 399.9696338395333
191.3346263303392 400.19458999878213
192.30899521655022 400.4195461580308
193.2833641027612 400.6445023172796
194.25773298897218 400.8694584765283
195.23210187518316 401.09441463577707
196.20647076139414 401.31937079502586
197.18083964760513 401.5443269542746
198.15520853381614 401.76928311352333
199.12957742002715 401.9942392727721
200.10394630623813 402.21919543202085
201.0783151924491 402.44415159126964
202.05268407866012 402.6691077505184
203.02705296487107 402.89406390976717
204.00142185108209 403.1190200690159
204.9757907372931 403.34397622826464
205.95015962350408 403.5689323875134
206.92452850971506 403.7938885467622
207.89889739592604 404.01884470601095
208.87326628213702 404.2438008652597
209.84763516834803 404.4687570245085
210.82200405455905 404.6937131837572
211.79637294077003 404.91866934300606
212.770741826981 405.14362550225474
213.745110713192 405.3685816615034
214.71947959940297 405.59353782075226
215.69384848561396 405.818493980001
216.66821737182497 406.0434501392497
217.64258625803592 406.26840629849846
218.61695514424696 406.4933624577473
219.59132403045794 406.71831861699604
220.56569291666895 406.94327477624483
221.5400618028799 407.16823093549357
222.51443068909091 407.3931870947423
223.48879957530193 407.6181432539911
224.4631684615129 407.8430994132398
225.4375373477239 408.06805557248856
226.41190623393487 408.2930117317373
227.38627512014588 408.5179678909861
228.3606440063569 408.7429240502348
229.33501289256787 408.96788020948367
230.30938177877886 409.19283636873234
231.28375066498984 409.41779252798113
232.25811955120082 409.64274868722987
233.23248843741183 409.86770484647866
234.2068573236228 410.09266100572734
235.18122620983382 410.3176171649762
236.15559509604483 410.54257332422486
237.1299639822558 410.76752948347365
238.10433286846677 410.9924856427224
239.07870175467775 411.2174418019712
240.05307064088876 411.44239796121997
241.02743952709977 411.6673541204687
242.00180841331078 411.89231027971744
242.9761772995217 412.11726643896617
243.95054618573272 412.3422225982149
244.9249150719437 412.56717875746375
245.8992839581547 412.7921349167125
246.87233304222306 413.022733008625
247.8453821262915 413.2533311005375
248.81843121035985 413.4839291924499
249.79148029442828 413.7145272843624
250.76452937849663 413.9451253762749
251.73757846256504 414.1757234681873
252.7106275466334 414.4063215600998
253.6836766307018 414.6369196520123
254.65672571477018 414.8675177439248
255.62977479883858 415.09811583583723
256.60282388290693 415.32871392774973
257.57587296697534 415.55931201966223
258.54892205104375 415.78991011157467
259.5219711351121 416.0205082034872
260.4950202191805 416.2511062953997
261.4680693032489 416.48170438731216
262.44111838731726 416.7123024792246
263.41416747138567 416.9429005711371
264.3872165554541 417.1734986630496
265.3602656395224 417.40409675496204
266.33331472359083 417.63469484687454
267.3063638076592 417.86529293878704
268.2794128917276 418.0958910306995
269.252461975796 418.326489122612
270.22551105986435 418.5570872145245
271.1985601439327 418.7876853064369
272.17160922800116 419.0182833983494
273.1446583120695 419.24888149026185
274.1177073961379 419.47947958217435
275.09075648020627 419.71007767408685
276.0638055642746 419.94067576599934
277.0368546483431 420.17127385791184
278.00990373241143 420.4018719498243
278.98295281647984 420.6324700417368
279.9560019005482 420.8630681336492
280.9290509846166 421.0936662255617
281.90210006868494 421.32426431747416
282.87514915275335 421.5548624093867
283.84819823682176 421.78546050129916
284.8212473208901 422.0160585932116
285.7942964049585 422.2466566851241
286.7673454890269 422.47725477703653
287.74039457309533 422.70785286894903
288.7134436571637 422.9384509608616
289.6864927412321 423.169049052774
290.65954182530044 423.3996471446865
291.6285144747502 423.64681511311755
292.5974871242 423.8939830815486
293.5664597736497 424.14115104997956
294.53543242309945 424.38831901841064
295.5044050725493 424.63548698684167
296.473377721999 424.88265495527264
297.4423503714487 425.1298229237036
298.4113230208985 425.3769908921347
299.3802956703483 425.6241588605657
300.34926831979806 425.87132682899664
301.3182409692478 426.11849479742773
302.28721361869754 426.36566276585876
303.25618626814725 426.61283073428973
304.225158917597 426.85999870272076
305.19413156704684 427.10716667115173
306.15188565992514 427.3947550881209
307.10963975280345 427.6823435050901
308.06739384568175 427.96993192205935
309.02514793856005 428.2575203390286
309.98290203143836 428.54510875599783
310.94065612431666 428.832697172967
311.867240281345 429.2087846627138
312.79382443837335 429.58487215246055
313.68463116299733 430.0392545677944
314.54736305433823 430.54491619740793
315.4100949456791 431.0505778270215
316.23124164546056 431.6212950051737
317.04331175254583 432.20485489171364
317.8522826209133 432.79270362577097
318.66018998924 433.3820131235762
319.4677425107902 433.97180878729205
320.2751788444333 434.5617635034465
321.0825775034081 435.15176977924847
321.8899640013051 435.7417926966115
322.69734658145444 436.3318209749774
323.5047279005277 436.92185097897004
324.3121088138123 437.5118815382326
325.1194895965399 438.10191227614564
325.92687033726463 438.69194307153407
326.7342510644766 439.2819738854131
327.5416317873414 439.87200470524056
328.34901250880756 440.4620355269819
329.15639322982383 441.0520663493389
329.9637739506954 441.6420971718938
330.7711546715203 442.23212799451255
331.5785353923303 442.8221588171518
332.38591611313547 443.4121896397976
333.19329683393903 444.00222046244556
334.0006775547421 444.5922512850943
334.808058275545 445.18228210774316
335.61543899634796 445.7723129303921
336.4228197171509 446.36234375304105
337.2302004379538 446.95237457569
338.0375811587566 447.542405398339
338.8449618795595 448.1324362209879
339.6523426003623 448.7224670436369
340.4597233211652 449.31249786628587
341.2671040419681 449.9025286889348
342.07448476277096 450.4925595115838
342.88186548357385 451.0825903342328
343.68924620437673 451.6726211568818
344.4966269251796 452.2626519795308
345.3040076459825 452.85268280217974
346.1113883667854 453.44271362482874
346.91876908758826 454.03274444747774
347.7261498083912 454.6227752701266
348.5335305291941 455.21280609277557
349.34091124999696 455.80283691542456
350.14829197079985 456.3928677380735
350.95567269160273 456.9828985607225
351.7630534124056 457.57292938337145
352.57043413320844 458.16296020602044
353.3778148540113 458.7529910286693
354.1851955748142 459.34302185131827
354.9925762956171 459.9330526739673
355.79995701641997 460.5230834966163
356.60733773722285 461.11311431926526
357.41471845802573 461.70314514191426
358.2220991788286 462.29317596456326
359.0294798996315 462.8832067872122
359.8368606204344 463.47323760986126
360.6442413412373 464.0632684325102
361.4516220620402 464.65329925515914
362.2590027828431 465.24333007780814
363.06638350364597 465.8333609004571
363.87376422444885 466.423391723106
364.68114494525173 467.01342254575496
365.4885256660546 467.6034533684039
366.2959063868575 468.1934841910529
367.1032871076604 468.7835150137019
367.91066782846326 469.3735458363509
368.71804854926614 469.96357665899984
369.52542927006897 470.5536074816489
370.33280999087185 471.14363830429795
371.1401907116748 471.7336691269469
371.9475714324777 472.3236999495958
372.75495215328056 472.9137307722447
373.5623328740834 473.5037615948937
374.3697135948862 474.0937924175427
375.1770943156891 474.6838232401917
375.984475036492 475.2738540628407
376.7918557572949 475.8638848854897
377.5992364780978 476.4539157081387
378.4066171989007 477.04394653078754
379.21399791970356 477.63397735343653
380.02137864050644 478.22400817608553
380.8287593613093 478.8140389987344
381.6361400821122 479.4040698213834
382.4435208029151 479.9941006440324
383.25090152371797 480.5841314666813
384.0582822445208 481.1741622893303
384.8656629653236 481.7641931119793
385.67304368612645 482.3542239346283
386.48042440692933 482.9442547572773
387.2878051277322 483.53428557992623
388.09518584853515 484.1243164025751
388.90256656933803 484.7143472252241
389.7099472901409 485.3043780478731
390.51732801094374 485.8944088705221
391.3247087317493 486.48443969317304
391.3279307037145 486.48679429828087
391.55046495028546 485.51186942471537
391.77299919685714 484.53694455114675
391.9955334434288 483.5620196775782
392.21806769000045 482.5870948040096
392.4406019365721 481.612169930441
392.66313618314376 480.63724505687236
392.88567042971545 479.66232018330373
393.1082046762871 478.6873953097351
393.3307389228587 477.7124704361665
393.5532731694304 476.73754556259786
393.775807416002 475.7626206890293
393.9983416625737 474.78769581546067
394.2208759091454 473.81277094189204
394.44341015571706 472.8378460683234
394.6659444022887 471.8629211947548
394.8884786488603 470.88799632118617
395.11101289543205 469.9130714476176
395.3335471420037 468.938146574049
395.5560813885753 467.96322170048035
395.778615635147 466.9882968269117
396.0011498817187 466.01337195334315
396.2236841282903 465.0384470797745
396.44621837486204 464.0635222062059
396.66875262143367 463.0885973326373
396.8912868680053 462.11367245906865
397.113821114577 461.1387475855001
397.33635536114866 460.1638227119315
397.55888960772023 459.1888978383629
397.7814238542919 458.2139729647943
398.00395810086354 457.2390480912257
398.2264923474352 456.2641232176571
398.44902659400697 455.2891983440885
398.67156084057854 454.3142734705199
398.89409508715033 453.3393485969513
399.11662933372196 452.3644237233827
399.33916358029353 451.389498849814
399.56169782686516 450.4145739762454
399.78423207343684 449.43964910267675
400.0067663200085 448.4647242291081
400.2293005665802 447.48979935553956
400.4518348131519 446.51487448197093
400.6743690597235 445.5399496084023
400.89690330629526 444.56502473483374
401.1194375528668 443.5900998612651
401.3419717994385 442.6151749876965
401.56450604601014 441.64025011412787
401.7870402925818 440.66532524055924
402.00957453915356 439.6904003669906
402.23210878572513 438.715475493422
402.4546430322968 437.74055061985337
402.67717727886844 436.76562574628474
402.8997115254402 435.7907008727161
403.1222457720118 434.8157759991475
403.3447800185835 433.84085112557887
403.5673142651551 432.8659262520102
403.7898485117268 431.89100137844156
404.01238275829854 430.91607650487293
404.2349170048701 429.9411516313043
404.4574512514418 428.96622675773574
404.6799854977239 427.99130188410106
404.90251974413565 427.01637701049594
405.1250539906815 426.04145213692146
405.3475882373008 425.0665272633637
405.570122483947 424.0916023898121
405.7926567305946 423.1166775162609
406.0151909772327 422.1417526427074
406.2377252238582 421.16682776915104
406.4602594704716 420.19190289559197
406.6827937170746 419.2169780220305
406.9053279636695 418.2420531484672
407.12786221025823 417.26712827490246
407.3503964568423 416.2922034013367
407.5729307034229 415.3172785277701
407.795464950001 414.34235365420295
408.0179991965773 413.36742878063535
408.2405334431523 412.3925039070675
408.46306768972636 411.41757903349946
408.6856019362996 410.4426541599312
408.9081361828725 409.4677292863629
409.130670429445 408.4928044127945
409.3532046760173 407.51787953922604
409.5757389225894 406.54295466565753
409.7982731691613 405.56802979208896
410.0208074157332 404.59310491852045
410.243341662305 403.6181800449519
410.4658759088768 402.6432551713833
410.6884101554485 401.6683302978147
410.9109444020202 400.6934054242461
411.1334786485919 399.71848055067744
411.35601289516364 398.7435556771088
411.5785471417354 397.7686308035402
411.801081388307 396.79370592997157
412.02361563487864 395.81878105640294
412.2461498814504 394.8438561828343
412.468684128022 393.8689313092657
412.69121837459363 392.89400643569707
412.9137526211653 391.91908156212844
413.136286867737 390.9441566885598
413.35882111430874 389.9692318149912
413.5813553608805 388.99430694142256
413.8038896074521 388.01938206785394
414.0264238540238 387.0444571942853
414.2489581005955 386.0695323207167
414.4714923471671 385.09460744714806
414.69402659373884 384.1196825735795
414.91656084031047 383.14475770001087
415.13909508688215 382.16983282644225
415.36162933345383 381.1949079528736
415.58416358002546 380.219983079305
415.8066978265971 379.24505820573637
416.02923207316877 378.2701333321678
416.25176631974045 377.2952084585992
416.4743005663121 376.32028358503055
416.6968348128838 375.3453587114619
416.91936905945545 374.3704338378933
417.1419033060271 373.3955089643247
417.3644375525987 372.42058409075605
417.58697179917044 371.4456592171874
417.8095060457421 370.4707343436188
418.0320402923138 369.4958094700502
418.25457453888555 368.52088459648155
418.4771087854572 367.5459597229129
418.69964303202886 366.5710348493443
418.9221772786005 365.5961099757757
419.2688680216617 364.65813048310235
419.8490622991652 363.84365236777194
420.6795045389561 363.2865476322229
421.5939523037005 362.8818436841893
422.54413396203154 362.57014701084904
423.51202585119364 362.31878016559256
424.4892445013239 362.10654513116725
425.47158472063734 361.919441701163
426.4568726284409 361.7485389839933
427.44394264573975 361.58824930575497
428.43213868938267 361.43505472579704
429.42107162747016 361.2866915094468
430.4104994384429 361.14166528122024
431.4002657173787 360.9989673026728
432.39026644428736 360.8579050443602
433.3804309953141 360.71799735375686
434.370710717139 360.5789071939956
435.3610717481681 360.4403971646874
436.35149035229915 360.3022994145568
437.3419498073026 360.16449495891663
438.3324382904648 360.02689930228814
439.32294742210837 359.8894523665979
440.31347125236186 359.752111397838
441.3040055512828 359.6148459518537
442.2945473089867 359.47763434066525
443.285094382378 359.3404611093266
444.27564524484035 359.2033152421804
445.2661988085498 359.0661888864987
446.2567542981758 358.9290764436942
447.2473111610221 358.7919739219518
448.23786900305186 358.65487847493284
449.22842754331884 358.51778807299263
450.2189865814979 358.380701268807
451.2095459747436 358.24361703027955
452.2001056211946 358.10653462140476
453.190665448213 357.96945351731915
454.18122540399963 357.8323733437271
455.1717854516153 357.69529383370593
456.1623455647176 357.55821479690354
457.152905724521 357.4211360975728
458.14346591762876 357.2840576389068
459.13402613448727 357.1469793518688
460.1245863682834 357.009901187226
461.1151466141584 356.87282310986825
462.10570686864736 356.73574509475725
463.09626712927934 356.598667124037
464.08682739429213 356.46158918497366
465.07738766242903 356.3245112684863
466.0679479327939 356.1874333680986
467.0585082047477 356.0503554791925
468.0490684778345 355.91327759847434
469.03962875172937 355.7761997235952
470.0301890262005 355.63912185288024
471.02074930108256 355.502043985135
472.01130957625764 355.36496611950747
473.0018698516418 355.22788825539027
473.992430127175 355.09081039235
474.9829904028145 354.9537325300779
475.9735506785298 354.8166546683535
476.9641109542991 354.67957680701977
477.95467123010695 354.5424989459646
478.94523150594233 354.4054210851081
479.9357917817973 354.26834322439333
480.92635205766624 354.13126536377945
481.91691233354516 353.99418750323775
482.9074726094312 353.8571096427474
483.89803288532227 353.72003178229363
484.88859316121693 353.5829539218661
485.87915343711416 353.44587606145706
486.86971371301325 353.30879820106134
487.8602739889137 353.1717203406752
488.8508342648151 353.03464248029576
489.8413945407171 352.8975646199211
490.8319548166196 352.76048675954996
491.82251509252245 352.6234088991813
492.8130753684256 352.48633103881434
493.8036356443289 352.3492531784486
494.79419592023226 352.2121753180838
495.78475619613573 352.07509745771955
496.74317298507935 351.7897253170487
497.6877595224931 351.46146281030036
498.62793165296296 351.1207629936175
499.40239726678 350.48814698606236
