6.869668210377349
215221
984
0.0 100.0
0.0 101.0
0.0 102.0
0.0 103.0
0.0 104.0
0.0 105.0
0.0 106.0
0.0 107.0
0.0 108.0
0.0 109.0
0.0 110.0
0.0 111.0
0.0 112.0
0.0 113.0
0.0 114.0
0.0 115.0
0.0 116.0
0.0 117.0
0.0 118.0
0.0 119.0
0.0 120.0
0.0 121.0
0.0 122.0
0.0 123.0
0.0 124.0
0.0 125.0
0.0 126.0
0.0 127.0
0.0 128.0
0.0 129.0
0.0 130.0
0.0 131.0
0.0 132.0
0.0 133.0
0.0 134.0
0.0 135.0
0.0 136.0
0.0 137.0
0.0 138.0
0.0 139.0
0.0 140.0
0.0 141.0
0.0 142.0
0.0 143.0
0.0 144.0
0.9636663485389991 144.26710890792617
1.9273326970779983 144.53421781585234
2.89099904561699 144.80132672377854
3.8546653941559934 145.0684356317047
4.818331742694992 145.33554453963086
5.7819980912339926 145.60265344755703
6.745664439772993 145.8697623554832
7.709330788311992 146.13687126340938
8.672997136850991 146.40398017133555
9.636663485389992 146.67108907926172
10.60032983392899 146.9381979871879
11.563996182467989 147.20530689511406
12.527662531006989 147.47241580304024
13.491328879545987 147.7395247109664
14.454995228084986 148.00663361889258
15.418661576623986 148.27374252681875
16.382327925162986 148.54085143474492
17.345994273701983 148.8079603426711
18.309660622240983 149.07506925059727
19.273326970779983 149.34217815852344
20.236993319318984 149.6092870664496
21.200659667857984 149.87639597437578
22.164326016396984 150.14350488230195
23.127992364935984 150.41061379022813
24.091658713474985 150.6777226981543
25.05532506201398 150.94483160608047
26.01899141055298 151.21194051400664
26.98265775909198 151.4790494219328
27.94632410763098 151.74615832985899
28.90999045616998 152.01326723778516
29.87365680470898 152.28037614571133
30.83732315324798 152.5474850536375
31.80098950178698 152.81459396156367
32.76465585032598 153.08170286948985
33.72832219886497 153.34881177741602
34.691988547403966 153.6159206853422
35.65565489594296 153.88302959326836
36.61932124448196 154.15013850119453
37.58298759302096 154.4172474091207
38.54665394155996 154.68435631704688
39.51032029009896 154.95146522497305
40.47398663863796 155.21857413289922
41.43765298717696 155.4856830408254
42.40131933571596 155.75279194875156
43.36498568425496 156.01990085667774
44.328652032793954 156.28700976460394
45.292318381332954 156.5541186725301
46.255984729871955 156.82122758045628
47.21947320448412 157.08897738771958
48.182961679096266 157.3567271949829
49.14645015370842 157.6244770022462
50.109938628320585 157.89222680950948
51.043499635675204 158.2506453435546
51.959815177884835 158.65110236634865
52.86732831777179 159.07112605726684
53.77054729138732 159.50030607276258
54.671710914651555 159.93378516580546
55.57189909486862 160.36928630265527
56.47162614502993 160.80573931869253
57.37113559648027 161.24264061961932
58.27054245443331 161.67975308096885
59.0717374821496 162.0691345132865
59.67259330804767 162.36130628280722
59.67273615145035 162.3612203532485
60.52963695771215 161.84573901679892
61.386537763973934 161.33025768034926
62.385503652541445 161.3757236399072
63.36189049485521 161.59175311511038
64.32863823256483 161.84748502871
65.29290088029441 162.1124332240115
66.25657078710339 162.37952929420126
67.22010165033055 162.64712652066055
68.18360002122769 162.9148407139312
69.14709080589539 163.18258220840005
70.11057981971474 163.45033007533723
71.0740684201861 163.71807942970014
72.03755692417566 163.98582913124986
73.00104540564493 164.25357891383808
73.96453388185765 164.52132871534184
74.9280223568434 164.78907852126076
75.89151083154275 165.0568283282103
76.85477810308754 165.3253728563069
77.81799364821212 165.5941028576658
78.78119711449641 165.86287614975026
79.74439776112351 166.13165954644197
80.70759774958633 166.4004453016918
81.6707975844232 166.6692316074632
82.63399738340149 166.93801804173427
83.59719717400986 167.20680450599912
84.56039696266458 167.47559097726486
85.52359675086329 167.74437745016473
86.48679653895555 168.0131639234461
87.44999632702297 168.28195039681646
88.41319611508459 168.55073687020763
89.37639590314485 168.81952334360363
90.3395956912048 169.08830981700078
91.30279547926469 169.3570962903982
92.26599526732456 169.62588276379563
93.22919505538442 169.89466923719309
94.19239484344428 170.16345571059054
95.16051992056023 170.41392294409474
96.12974454644304 170.66010097841612
97.09922304278454 170.90527733357987
98.0687606359681 171.15021988889401
99.03831201247576 171.39510788025353
100.0078666051577 171.63998313790398
100.97742194837461 171.88485542388088
101.94697746674265 172.12972701635766
102.91653302598564 172.3745984469922
103.88608859476764 172.61946983985754
104.85564416577574 172.86434122390872
105.82519973730336 173.10921260590294
106.79772412623024 173.34201362167053
107.7709197400173 173.57199252788934
108.74427080728839 173.80131260952683
109.71765808562643 174.03047893857556
110.69105381036076 174.25960938847015
111.66445150588038 174.488731465881
112.63784966127449 174.71785158956138
113.61399913246659 174.9349511286935
114.59076928090943 175.1492408323914
115.56768309044766 175.36287465165583
116.54463035740005 175.5763554179891
117.52158542759783 175.78980047137492
118.50159184886732 175.9887663334482
119.48227939742542 176.18434734506002
120.46312417591814 176.37913831123547
121.44400554543535 176.5737449373663
122.4285720652754 176.7487557027781
123.41394208562622 176.91918434765276
124.40184600338043 177.0742515888286
125.39030654832142 177.22573013877857
126.38124491581767 177.3600474936657
127.3727183590362 177.49035640123697
128.36661553434027 177.60066689449394
129.36194346733984 177.69721898297874
130.3581661142585 177.7840546770588
131.35493047797226 177.86443379891438
132.35200208394215 177.94090740592085
133.34917298776872 178.01607514209596
134.3462805168334 178.09207892807098
135.3431476551152 178.17117323010257
136.33957740014117 178.25559931154336
137.33538068755706 178.34711877817034
138.33041143510317 178.44668690277766
139.32459204507006 178.55441301273163
140.31792024870532 178.66973464930848
141.3104496215509 178.79174056735673
142.3022589530872 178.9194678153405
141.41526417140122 178.4576883687842
140.47370142423122 178.12085073261258
139.5106740312798 177.85144724261073
138.53911137043687 177.61466465022727
137.56402514836225 177.39283845808518
136.58744791273992 177.1776713070973
135.61023302231757 176.9654189621471
134.63274448908072 176.75443041413922
133.6551383393437 176.54398750977714
132.6774815099248 176.3337801742947
131.69980274195305 176.12367489911765
130.72211440843157 175.9136141400598
129.74442186301803 175.70357298541916
128.76672744021354 175.4935405697853
127.78903216861002 175.28351210532367
126.81133650721573 175.07348545536996
125.83364066388202 174.86345965236475
124.85594473423978 174.65343425113667
123.8782487630188 174.4434090434633
122.90055277148375 174.2333839303548
121.92285676990045 174.0233588640221
120.94516076329455 173.81333382107033
119.96746475415644 173.6033087899064
118.98976874373292 173.39328376472622
118.01207273265348 173.18325874259952
117.03437672123798 172.97323372203715
116.05668070964984 172.76320870227846
115.07898469797283 172.5531836829334
114.10128868625003 172.34315866380155
113.12359267450363 172.13313364477958
112.14589666274503 171.9231086258143
111.16820065098017 171.7130836068783
110.19050463921207 171.50305858795736
109.21280862744229 171.29303356904416
108.23511261567165 171.08300855013502
108.97872321022945 171.75162150518557
109.83433934842488 172.2692323861179
110.72241848047025 172.72892299427247
111.6219147078424 173.1658515203992
112.52608246399001 173.59302908154092
113.43237318172301 174.01568394659157
114.33969419365653 174.43612250488982
115.24753374813999 174.855440216554
116.15563886234037 175.27418250193142
117.0638808436628 175.69262784288233
117.97219339445891 176.11091997771905
118.88054223840706 176.52913329374098
119.78890967492282 176.94730622480873
120.69834726571784 177.36314666109286
121.60956511608194 177.77507144691893
122.52260927343528 178.18293216667863
123.43714500124489 178.58743729960003
124.35274770895927 178.98952147191488
125.26905091271273 179.39000672606434
126.18578738948855 179.78949919426452
127.10278042949372 180.18840239628489
128.01992045651537 180.58696753629926
128.937142552887 180.9853437729495
129.8544095425033 181.38361663137727
130.77170068520934 181.78183385791706
131.68900464660626 182.18002155537334
130.7264198682419 181.90904084672192
129.77465001629602 181.60222795760717
128.8283624433408 181.27890176121946
127.88458133962186 180.94833069735714
126.94188513947347 180.61467837198566
125.99964393207611 180.27974329307875
125.05758981737033 179.9442823490541
124.11705915502483 179.60457354259194
123.17772092423522 179.26158128586147
122.2390507250391 178.91676502008914
121.30070625769432 178.57106332700184
120.36250941489922 178.22496119732142
119.42437661667756 177.8786855081649
118.48627082736627 177.53233665504047
117.54929994174668 177.18292921450544
116.61323255617353 176.83110845095348
115.67767334389745 176.4779385763529
114.74236233899596 176.12411188980968
113.80716394238084 175.76998767577098
112.87285068211433 175.4135346891231
111.93922568639252 175.0552828679645
111.55230263366015 174.13317086215164
111.86052425399478 173.1818562807653
112.33907351125947 172.30379557194647
112.84751953356903 171.44270170807474
113.36132021386216 170.5847921202216
113.87608793656676 169.7274624335424
114.39103060017595 168.87023781117375
114.90600492108236 168.01303220642833
115.42098497102221 167.15583004347963
115.93596605775835 166.29862850340632
116.4509473321263 165.44142707605664
116.96592864045047 164.58422566910684
117.48090995491981 163.72702426584888
117.99589127050123 162.869822863259
118.51087258628392 162.01262146079006
119.02585390210302 161.15542005834297
119.54083521792874 160.29821865589986
120.05581653375566 159.44101725345746
120.57079784958279 158.5838158510152
121.08577916540995 157.72661444857295
121.6007604812371 156.86941304613072
122.11574179706426 156.0122116436885
122.63072311289145 155.1550102412463
123.14570442871859 154.29780883880406
123.66068574454573 153.44060743636183
124.17566706037292 152.58340603391963
124.69064837620003 151.72620463147737
125.2056296920272 150.86900322903514
125.72061100785436 150.01180182659292
126.23559232368156 149.15460042415071
126.75057363950869 148.29739902170846
127.26555495533586 147.44019761926623
127.78053627116302 146.582996216824
128.2955175869902 145.72579481438177
128.81049890281736 144.86859341193954
129.32548021864454 144.01139200949734
129.8404615344717 143.1541906070551
130.35544285029886 142.29698920461288
130.870424166126 141.43978780217066
131.38540548195317 140.58258639972843
131.90038679778033 139.7253849972862
132.4153681136075 138.86818359484397
132.93034942943464 138.0109821924017
133.44533074526183 137.15378078995948
133.96031206108898 136.29657938751726
134.47529337691614 135.43937798507503
134.9902746927433 134.5821765826328
135.50525600857046 133.72497518019057
136.0202373243976 132.86777377774834
136.55254350071118 132.02122186873248
137.08836471793813 131.1768904035072
137.62483039482362 130.33296826401576
138.16141286460498 129.48912037895394
138.69801647026156 128.64528593405595
139.23462390019597 127.80145392107043
139.77123202207272 126.95762234810347
140.3078402691452 126.11379085475079
140.84444853886978 125.26995937580301
141.38105681269295 124.42612789946159
141.9176650872576 123.5822964235917
142.45427336195644 122.73846494780715
142.9908816366796 121.89463347203805
143.5274899114071 121.05080199627173
144.06409818613542 120.20697052050593
144.60070646086388 119.36313904474021
145.13731473559238 118.51930756897451
145.67392301032083 117.67547609320879
146.21053128504934 116.8316446174431
146.74713955977785 115.9878131416774
147.28374783450633 115.14398166591171
147.82035610923484 114.30015019014603
148.35696438396326 113.45631871438029
148.89357265869177 112.61248723861459
149.43018093342027 111.76865576284891
149.96678920814878 110.92482428708323
150.5033974828773 110.08099281131754
151.04000575760574 109.23716133555182
151.57661403233425 108.39332985978614
152.11322230706273 107.54949838402044
152.65573845950513 106.7094530136153
153.19945889826755 105.87018661700932
153.74340035034172 105.03106344564802
154.28738186218683 104.19196624342965
154.83137062366018 103.35287374114478
155.37536069683924 102.51378208924815
155.91935100734486 101.67469059121231
156.46334136078968 100.83559912101435
157.0073317220035 99.9965076558531
157.55132208462294 99.15741619160312
158.09531244749672 98.31832472751803
158.6393028104165 97.47923326346276
159.1832931733446 96.64014179941287
159.7272835362742 95.80105033536398
160.27127389920406 94.96195887131526
160.815264262134 94.1228674072666
161.35925462506395 93.28377594321792
161.91177301177194 92.4502752339503
162.4660274234882 91.61792792237114
163.02060033095523 90.78579278292347
163.57523096136416 89.95369611557513
164.1298720372493 89.12160641071094
164.68451500297286 88.28951796554819
165.2391583106056 87.45742974829102
165.7938016800963 86.62534157226638
166.34844506077832 85.79325340370151
166.90308844348507 84.96116523648628
167.47038030693687 84.13764842326303
168.04024105995688 83.31590714879309
168.61057283522067 82.49449271860303
169.1809899591234 81.67313755501146
169.7514225254985 80.85179311616824
170.32185788544115 80.0304506174948
170.9092857461358 79.22117408349688
171.5001548763206 78.414406662864
172.091654488307 77.60810138009576
172.68326830505276 76.80187988953904
173.29671147111603 76.01214102003199
173.91455794123755 75.22584226042571
174.53321022285044 74.44017734810294
175.17919608513694 73.67682797479739
175.83066262218938 72.91815060522526
176.5090906602905 72.18348374390766
177.19289099590685 71.45381457160354
177.90668455401632 70.75345840764024
178.6424420949708 70.07621337005884
179.39693993949822 69.41991084636764
180.16843777998923 68.78367890586345
180.95506673549062 68.16625288894582
181.75454405493787 67.56555661320452
182.56083386947302 66.9740359162066
183.37779111821067 66.39733768165493
184.20587057628853 65.83672693335497
185.04881611756687 65.29872803517861
185.91522406274558 64.79939120243823
186.81647417766925 64.36609196363196
187.75960716147387 64.03367629784618
188.73974902461362 63.835378723173946
189.7388396264614 63.7927410719798
190.73234915327012 63.90649000665751
191.70040503792882 64.15722453594636
192.6341517355151 64.51515903379016
193.53441320793712 64.95050864188983
194.40698923847194 65.43898696375894
195.2587965359807 65.96284221849142
196.09593445056754 66.50983409408116
196.92310858350146 67.07177977989524
197.7436945575185 67.64330288463077
198.5600091534955 68.22091043339971
199.37359639140504 68.8023532993038
200.1854637402068 69.38619523677455
200.9962579266059 69.97152658507349
201.8063886224937 70.5577758968687
202.61611243279364 71.1445870683995
203.42558852412287 71.73173990843887
204.2349147775558 72.31909926650195
205.04415092650692 72.90658276008345
205.853333175278 73.49414049194796
206.66248333290588 74.08174241707313
207.4716144647735 74.66937054050041
208.28073435959016 75.2570141364086
209.08984764000706 75.84466683950201
209.89895703879063 76.43232488700934
210.70806416578523 77.01998606238725
211.51716996636156 77.60764906400779
212.32627499413465 78.19531312963737
213.13537957250193 78.7829778140154
213.9444838899632 79.37064285761214
214.75358805617645 79.95830810944888
215.56269213482466 80.54597348184618
216.3638184480365 81.14446878699032
217.14893963697716 81.76381095306364
217.9143225546885 82.40738611516645
218.66051714089215 83.07311401718073
219.318010046996 83.82657475167397
219.9755029530999 84.5800354861672
220.63299585920373 85.33349622066045
221.29048876530763 86.08695695515368
221.94798167141147 86.84041768964693
222.60547457751537 87.59387842414016
223.26296748361924 88.3473391586334
223.9204603897231 89.10079989312663
224.57795329582697 89.85426062761988
225.2354462019308 90.60772136211312
225.8929391080347 91.36118209660636
226.55043201413855 92.1146428310996
227.20792492024245 92.86810356559283
227.8654178263463 93.62156430008608
228.52291073245016 94.3750250345793
229.18040363855403 95.12848576907255
229.8378965446579 95.88194650356579
230.49538945076176 96.63540723805903
231.15288235686563 97.38886797255228
231.8103752629695 98.1423287070455
232.46786816907337 98.89578944153874
233.12536107517724 99.64925017603198
233.7828539812811 100.40271091052523
234.44034688738498 101.15617164501845
235.09783979348882 101.90963237951169
235.7553326995927 102.66309311400494
236.41282560569658 103.41655384849818
237.07031851180045 104.1700145829914
237.7278114179043 104.92347531748464
238.3853043240082 105.67693605197789
239.04279723011206 106.43039678647114
239.70029013621593 107.18385752096437
240.3577830423198 107.9373182554576
241.01527594842364 108.69077898995084
241.67276885452753 109.44423972444407
242.33026176063137 110.1977004589373
242.98775466673524 110.95116119343055
243.6452475728391 111.7046219279238
244.302740478943 112.45808266241704
244.96023338504688 113.21154339691029
245.61772629115075 113.96500413140352
246.27521919725461 114.71846486589676
246.93271210335848 115.47192560039
247.5902050094623 116.22538633488324
248.2476979155662 116.97884706937646
248.9051908216701 117.73230780386972
249.56268372777393 118.48576853836295
250.22017663387783 119.23922927285619
250.87766953998167 119.99269000734944
251.5351624460855 120.74615074184265
252.1926553521894 121.4996114763359
252.85014825829327 122.25307221082913
253.5076411643971 123.00653294532239
254.16513407050098 123.75999367981561
254.8226269766049 124.51345441430887
255.48011988270875 125.26691514880208
256.1376127888126 126.02037588329533
256.79510569491646 126.77383661778856
257.4525986010203 127.52729735228182
258.11009150712425 128.28075808677505
258.76758441322806 129.0342188212683
259.42507731933193 129.78767955576154
260.08257022543586 130.54114029025476
260.74006313153967 131.294601024748
261.39755603764354 132.04806175924125
262.0550489437474 132.80152249373447
262.7125418498513 133.55498322822774
263.37003475595515 134.30844396272096
264.0275276620591 135.06190469721423
264.6850205681629 135.81536543170742
265.34251347426675 136.56882616620067
265.999691652711 137.32256142594156
266.6568698311553 138.07629668568242
267.3140480095996 138.83003194542331
267.9712261880439 139.58376720516418
268.62840436648816 140.33750246490507
269.2855825449325 141.09123772464596
269.94276072337675 141.84497298438683
270.599938901821 142.5987082441277
271.2571170802653 143.35244350386859
271.91429525870956 144.10617876360945
272.5714734371539 144.85991402335034
273.22865161559815 145.61364928309123
273.8858297940425 146.3673845428321
274.54300797248675 147.121119802573
275.200186150931 147.87485506231388
275.8573643293753 148.62859032205475
276.51454250781956 149.3823255817956
277.1717206862638 150.1360608415365
277.8288988647082 150.8897961012774
278.4860770431525 151.64353136101826
279.14325522159675 152.39726662075915
279.800433400041 153.15100188050002
280.4576115784853 153.9047371402409
281.1147897569296 154.6584723999818
281.7719679353738 155.41220765972267
282.42914611381815 156.16594291946356
283.0863242922624 156.91967817920445
283.7435024707067 157.67341343894532
284.400680649151 158.4271486986862
285.0578588275953 159.1808839584271
285.71503700603955 159.93461921816797
286.3722151844838 160.68835447790883
287.02939336292815 161.44208973764972
287.68657154137236 162.1958249973906
288.3437497198167 162.94956025713148
289.00092789826095 163.70329551687237
289.6581060767053 164.45703077661324
290.3152842551496 165.21076603635413
290.9724624335939 165.964501296095
291.6295442491851 166.71832056330658
292.2866260647762 167.47213983051813
292.94370788036736 168.22595909772974
293.60078969595855 168.97977836494132
294.25787151154975 169.73359763215294
294.9149533271409 170.48741689936452
295.5720351427321 171.24123616657607
296.22911695832323 171.99505543378768
296.88619877391443 172.74887470099927
297.54328058950557 173.50269396821085
298.20036240509677 174.25651323542246
298.8574442206879 175.01033250263401
299.5145260362791 175.7641517698456
300.17160785187025 176.51797103705718
300.82868966746145 177.27179030426876
301.4857714830526 178.02560957148035
302.1428532986438 178.77942883869196
302.7999351142349 179.5332481059035
303.4570169298262 180.2870673731151
304.11409874541727 181.04088664032668
304.77118056100846 181.7947059075383
305.42826237659966 182.54852517474987
306.08516730908144 183.30249858918907
306.74207224156316 184.05647200362824
307.398977174045 184.81044541806745
308.0558821065268 185.56441883250665
308.71278703900856 186.31839224694585
309.3696919714904 187.07236566138505
310.0265969039722 187.82633907582425
310.68350183645396 188.58031249026345
311.34040676893574 189.33428590470265
311.9973117014175 190.08825931914186
312.6542166338993 190.84223273358103
313.3111215663811 191.59620614802026
313.9677410355595 192.3504281794512
314.6243605047379 193.1046502108822
315.2809799739164 193.8588722423131
315.93759944309477 194.61309427374408
316.59421891227316 195.36731630517505
317.2508383814517 196.12153833660602
317.90745785063007 196.875760368037
318.5636506120516 197.6303536756259
319.2198433734731 198.38494698321483
319.87603613489466 199.13954029080378
320.53222889631616 199.89413359839267
321.1884216577377 200.6487269059816
321.84390793874724 201.40393398712442
322.4993942197568 202.15914106826727
323.15431844442156 202.9148356229303
323.8092426690863 203.6705301775933
324.464166893751 204.4262247322563
325.118005588336 205.1828587002113
325.7713589380902 205.9399118029491
326.4243031861721 206.6973177765833
327.077247434254 207.45472375021754
327.72957476219347 208.2126611204688
328.3817089698838 208.9707646590176
329.033724839123 209.72896997834744
329.6659744079292 210.5037347702323
330.26472427542814 211.30467084519086
330.8264116552088 212.13202040093807
331.35474758953677 212.98105581863146
331.82814417535 213.86190522263894
332.2639491843038 214.76194632957282
332.677760581298 215.6723089648549
333.0793052447161 216.58814840672255
333.47411190580766 217.50691263129696
333.8652346823341 218.42725114167357
334.25434596359423 219.3484418986811
334.6423592282263 220.27009568751373
335.02977312632544 221.19200157835053
335.4168598400622 222.11404489406212
335.80376794285985 223.0361631728038
336.19057853903786 223.95832235791474
336.5773359039776 224.88050386969257
336.96406420843925 225.80269756872127
337.3507766478656 226.72489792070175
337.7374804260435 227.64710190461363
338.1241794757518 228.5693078712798
338.51087594402594 229.4915149203877
338.89757100300585 230.4137225604344
339.284265292603 231.33593052309413
339.6709591621672 232.25813866187923
340.0576528024209 233.18034689681718
340.44434631748584 234.10255518424833
340.831039764206 235.02476350033731
341.21773317361425 235.94697183207165
341.6044265626527 236.8691801723473
341.99111994057057 237.79138851728595
342.37781331241723 238.7135968647703
342.7645066809495 239.6358052136444
343.1512000476724 240.55801356327726
343.53789341340735 241.48022191332433
343.924586778603 242.40243026359758
344.31128014350423 243.32463861399427
344.69808904034437 244.2467985119107
345.08498058211507 245.1689237392558
345.4719205579536 246.0910286438616
345.85888753715153 247.01312221666777
346.245869353504 247.9352095627541
346.63285928606876 248.8572935025847
347.0198536522783 249.77937558164385
347.4068504394287 250.70145664463956
347.7938485483327 251.6235371528951
348.18084737884107 252.5456173582922
348.5678466033006 253.46769739834713
348.9548460428323 254.38977734813574
349.3418455997794 255.3118572486448
349.72884522082757 256.2339371222504
350.11584487687094 257.1560169811685
350.50284455201927 258.07809683206807
350.88984423759774 259.00017667859015
351.2800381905047 259.9209093646152
351.67251440392477 260.84067151968543
352.06632704469075 261.7598622528702
352.46088442087887 262.67873355881875
352.85585088393543 263.5974290976457
353.25104109120036 264.5160284118638
353.64635351291327 265.4345751386227
354.0417326653212 266.35309314380345
354.4371482495493 267.2715954659287
354.8325837232603 268.1900892253691
355.22803005531114 269.10857830993547
355.6292688586918 270.0245517935373
356.03464073569273 270.93870366348926
356.44243080220537 271.8517793786704
356.8515677568605 272.7642523658517
357.2614443531686 273.67639335045817
357.6717254210453 274.5883524752779
358.09026745075283 275.4965499039069
358.51466074612193 276.40202786103555
358.9424698558693 277.3058969697107
359.38030171426567 278.20495384431496
359.82495676046744 279.1006557422069
360.2735573837308 279.9943880739527
360.73651747868627 280.88076719739746
361.20931478430606 281.7619384110663
361.69974436063126 282.633419237399
362.20874245679664 283.49418688206276
362.7347857244339 284.34464468852553
363.2712117093428 285.1885920581609
363.8213241173169 286.0236826751558
364.3826983834003 286.85124471716796
364.952258723617 287.67319424046747
365.5274619562562 288.49120477900675
366.10642808175936 289.3065563752644
366.6878409933589 290.12016501965394
367.27081268786475 290.93265748325285
367.8547607982887 291.7444484688719
368.4393120049871 292.5558052872616
369.0242313852428 293.36689672390804
369.6093733286109 294.17782761252397
370.1946487014299 294.9886622059964
370.7800035041854 295.7994394595569
371.3654053055817 296.6101827795552
371.9508347706044 297.42090612415757
372.5362804442563 298.2316177641395
373.1217355767338 299.04232257346024
373.70719620946016 299.8530234107163
374.2926600304204 300.66372194552844
374.8781256942034 301.47441914950235
375.4635924204264 302.285115586207
376.04905975775716 303.0958115815831
376.6345274458513 303.90650732364526
377.21999533488867 304.71720292059035
377.8054633388376 305.5278984345486
378.3909314083933 306.338593901127
378.9763995153496 307.1492893406954
379.5618680570361 307.9599844663101
380.1473361454563 308.77067991926504
380.7328039182106 309.5813755974837
381.0751495103615 310.0554201636858
380.1902865179611 310.5212715183905
379.3054235255606 310.98712287309513
378.42056053316026 311.45297422779987
377.5356975407598 311.9188255825045
376.6508345483594 312.38467693720924
375.76597155595897 312.85052829191386
374.88110856355854 313.31637964661854
373.99624557115817 313.7822310013232
373.11138257875774 314.2480823560279
372.2265195863573 314.7139337107326
371.3416565939569 315.1797850654373
370.74847497002736 315.4920757426006
369.8867870661705 315.9995143658318
369.05123979627706 316.5489329310202
368.25899222966274 317.1591327287862
367.52770319761976 317.8412004318873
366.8808357129549 318.60380285601354
366.34481635778906 319.4480085482993
365.9428564333758 320.36366580905013
365.68774183179386 321.33057663227
365.6419586365296 322.3295280320044
365.6828111653178 323.32869321899386
365.81124599228133 324.32041117044116
366.01751461658284 325.2989065739198
366.2881059404195 326.26160088441736
366.60962953425513 327.20850245195595
366.97051350594825 328.1411131740555
367.36144034147287 329.0615349302449
367.7751960953541 329.97192285642257
368.20631556512365 330.8742177099963
368.6507985801941 331.77000498904977
369.1056154053688 332.6605899965241
369.56842757675975 333.5470463654517
370.03743563702795 334.4302402509624
370.51126809921675 335.3108552620632
370.9888851145189 336.1894234077946
371.4694959163435 337.06635741738114
371.9524928361911 337.9419794679359
372.4374019720694 338.81654400525815
372.92384805410893 339.6902546033788
373.4115300813154 340.56327593206424
373.9002044882143 341.4357421629535
374.3896732915252 342.3077629715271
374.87977542962574 343.1794279841491
375.37038014122334 344.05081022918176
375.86138168346656 344.9219689320108
376.35269498321907 345.79295184888485
376.8442519899331 346.66379724799447
377.33599859493603 347.5345355993194
377.82789203119046 348.40519101185055
378.31989869089955 349.27578244691176
378.8119923087578 350.14632473265283
379.3041524635714 351.0168294035271
379.7963633541535 351.88730538779794
380.28861280848236 352.75775956506004
380.7808914886293 353.62819721421863
381.27319225790893 354.49862237043067
381.7655129212052 355.36903627455416
382.25786539006725 356.23943218815066
382.75028964749174 357.10978748956495
383.24286651076443 357.9800564329201
383.73572275634183 358.8501671851783
384.22902537657836 359.72002494646335
384.7229660568273 360.5895205498997
385.2177400850678 361.4585422187772
385.7135248911552 362.32698762641826
386.21046255218823 363.1947738679818
386.70864877077366 364.06184392951747
387.20812890306524 364.92816927108726
387.708900140526 365.79374894259763
388.2109181346658 366.65860611783523
388.7141061408196 367.5227830849334
389.2183649630523 368.3863356543816
389.72358240491417 369.24932773802925
390.2296414066692 370.11182659990834
390.73643225832586 370.9738956416197
391.243874293523 371.8355815361979
391.7519443274614 372.69689729746887
392.26070142057756 373.5578074090392
392.7702968264133 374.4182215664954
393.28096369326045 375.2780002305158
393.7929887586066 376.1369707378426
394.30667380665807 376.99494956707343
394.82229636720695 377.8517654020421
395.3400775353075 378.7072785006913
395.8601718115732 379.56138736014407
396.38268971612376 380.41401567273056
396.9077462273417 381.2650830378831
397.43551276249536 382.1144725153149
397.96624888176325 382.9620096364514
398.500315016629 383.8074523391756
399.03818111371174 384.6504826242834
399.58043581118403 385.4906967892849
400.1278037821054 386.327588839916
400.68117371787537 387.16052444017936
401.24164187726944 387.9887004132101
401.8105628008471 388.8110926448827
402.3896017386477 389.6263925335806
402.9807868054619 390.43292847002476
403.5865457429658 391.22857670237
404.20969330404046 392.0106809902541
404.85333097867544 392.77601133970484
405.5206393993921 393.5207928322519
406.21457806271985 394.2408269505678
406.9375420414291 394.93171267591526
407.69104718268756 395.5891546901622
408.47551568950456 396.2093233461037
409.2902120713567 396.78921109851535
410.133341784835 397.3269213236832
411.0022840686373 397.8218347579526
411.89390081304356 398.27462563804454
412.8048543182334 398.68713468204515
413.7318786062152 399.0621359746988
414.6719731410284 399.403049843021
415.6225130800057 399.7136522003992
416.58128830288496 399.9978177718409
417.5464918117495 400.25931765037944
418.51667843881796 400.50167669943175
419.49071065342287 400.72808616237876
420.46770276552854 400.9413616013849
421.44696989646707 401.14393476412715
422.4279844872523 401.3378687030512
423.4103408689497 401.52488725651165
424.3937272335669 401.7064120699255
425.3779038608749 401.88360226790667
426.3626863779798 402.057393504753
427.3479329468437 402.22853437813524
428.3335344644852 402.39761911553865
429.3194070546366 402.5651160886103
430.3054862988584 402.73139213653945
431.29172279098844 402.89673294091347
432.2780787028696 403.06135983755286
433.26452512694414 403.2254435126413
434.2510400185597 403.3891150392445
435.2376066030125 403.55247468677464
436.2242121436286 403.715598894744
437.2108469906358 403.8785457531707
438.1975038483836 404.04135928166033
439.1841772121612 404.2040727513296
440.17086293649396 404.3667112504555
441.1575579051171 404.52929365692626
442.14425977935974 404.69183414839245
443.13096680681724 404.8543433541806
444.1176776762361 405.0168292310151
445.10439140771575 405.1792977267597
446.09110726982135 405.34175328212586
447.0778247171444 405.5041992089699
448.0645433433602 405.66663797490594
449.0512628459989 405.82907141700593
450.03798300005224 405.9915009019677
451.02470363822925 406.153927445967
452.0114246362066 406.31635180421017
452.99814590162316 406.4787745377628
453.9848673658785 406.64119606336175
454.9715890328158 406.80361635764893
455.95831124380686 406.9660333467141
456.94503537143385 407.1284386913264
457.93176506047826 407.2908102428934
458.91850791055253 407.4531017948215
459.9052772511525 407.61523220052004
460.8920935212297 407.7770767219313
461.87898479585374 407.9384632519482
462.865986186687 408.0991749643194
463.8531381086476 408.25895945345854
464.8404836623447 408.41754305158463
465.8280655574315 408.5746481135553
466.8159230597111 408.7300107705547
467.80408938900666 408.8833969030653
468.7925898602406 409.0346146876355
469.78144089455645 409.1835228201616
470.77064987427457 409.33003423420513
471.76021590752725 409.47411430164175
472.75013187035427 409.6157701752943
473.74038820528574 409.75502674112954
474.730978566675 409.8918870199642
475.72190714311307 410.0262765894943
476.71319797986826 410.15796742807163
477.7049073619999 410.28646840624697
478.69713988822764 410.4108654073997
479.6900658638902 410.5296004353173
480.6839318007859 410.64019202395906
481.67904590288333 410.73892359847724
482.6757082853393 410.82055750930596
483.6740482985135 410.8781528050803
484.67373799725107 410.9030627677058
485.6735778836013 410.8851685881146
486.6709978139063 410.81338082710784
487.6615735993164 410.6764150892057
488.63871200526796 410.4638109132957
489.5936792975349 410.16709982368116
490.51611143181583 409.7809405849648
491.39502539590615 409.3039602460335
492.2201669782854 408.73903426059064
492.983359094242 408.09286261610157
493.6794693411779 407.37492771368284
494.3067506367 406.5961349451698
494.86655363955714 405.76750921663364
495.3626166095727 404.89922266843695
495.8002079503593 404.0000487039181
496.1853400147794 403.07718723383954
496.52416584892524 402.1363381204768
496.8225793246824 401.1819014292885
497.08598807778174 400.217217113675
497.3192121284781 399.2447940873245
497.52646400980973 398.26650647231327
497.71137641501656 397.28375146601684
497.8770540711443 396.2975715056343
498.02613515286305 395.30874653069003
498.1608536400786 394.3178626176092
498.28309800364633 393.3253625845735
498.39446405966714 392.33158313139165
498.49630127232 391.33678205473404
498.5897525810069 390.34115820362126
498.67578823153434 389.3448661446153
498.7552342606883 388.3480269758164
498.8287963419366 387.3507363360316
498.8970797240255 386.3530703700237
498.9606059899768 385.35509020311946
499.01982729885185 384.35684532505843
499.0751386324415 383.35837616861113
499.1268883830019 382.3597160846401
499.1753874416207 381.36089285637945
499.22091682815943 380.36192985658346
499.26373386281426 379.36284692632023
499.30407690586554 378.3636610382707
499.34216875762957 377.36438679621847
499.3782188833237 376.3650368132609
499.4124246834205 375.3656220028644
499.4449720569055 374.36615180897206
499.47603550137865 373.3666343942076
499.5057779662085 372.3670767991758
499.5343506322239 371.3674850811444
499.56189274303665 370.36786443703386
499.58853096195696 369.3682192973504
499.61437789144424 368.3685533850396
499.6395303216585 367.36886975745824
499.6640683375438 366.3691708599014
499.6880561109117 365.3694586079364
499.7115444074741 364.36973449603124
499.7345741967117 363.3699997167985
499.75717307390016 362.37025510403487
499.7793510018722 361.37050106452773
499.80109118741046 360.370737410291
499.8223636060268 359.37096369379
499.843146808964 358.37117968787885
499.8633990874734 357.3713847863039
499.8831371948158 356.3715796017211
499.9024222552927 355.3717655757931
499.9213910386766 354.3719454993509
499.93972121664865 353.37211351117713
499.9580513946207 352.3722815230033
499.9757314415407 351.3724378272484
499.99341148846077 350.37259413149343
