17.7996555884929
336927
965
0.0 100.0
0.0 99.0
0.0 98.0
0.0 97.0
0.0 96.0
0.0 95.0
0.0 94.0
0.0 93.0
0.0 92.0
0.0 91.0
0.0 90.0
0.0 89.0
0.0 88.0
0.0 87.0
0.0 86.0
0.0 85.0
0.0 84.0
0.0 83.0
0.0 81.99999999999999
0.0 80.99999999999999
0.0 79.99999999999999
0.0 78.99999999999999
0.0 77.99999999999999
0.0 76.99999999999999
0.0 75.99999999999999
0.0 74.99999999999999
0.0 73.99999999999999
0.0 72.99999999999999
0.0 71.99999999999999
0.0 70.99999999999999
0.0 69.99999999999999
0.0 68.99999999999999
0.0 67.99999999999999
0.0 67.0
0.0 66.0
0.0 65.0
0.0 64.0
0.0 63.0
0.0 62.0
0.0 61.0
0.0 60.0
0.0 59.0
0.0 58.0
0.0 57.0
0.0 56.0
0.0 55.0
0.0 54.0
0.0 53.0
0.0 52.0
0.13167430157135188 51.00870696647979
0.607542444603039 50.12919033193126
1.3634119363601358 49.47446801565445
2.259112965572879 49.029811219611446
3.2086401553455675 48.71612647997246
4.178033233324672 48.470612609964675
5.155235538526551 48.25830233063714
6.13580277067155 48.06211898974527
7.1179783711554485 47.87415332848212
8.100996272998396 47.69064364302577
9.084428701474542 47.5093685520135
10.067906428502186 47.32833938187637
11.051007635214487 47.145276503714754
12.033261800879696 46.9577218342625
13.014244139211211 46.763624817588784
13.993703770507956 46.56198446780718
14.971640406451082 46.353082729948824
15.948278944132028 46.13819399893572
16.92396804245648 45.919034733991666
17.899069749968934 45.697276622513655
18.87388730000616 45.474272711921444
19.848638709785313 45.2509798792251
20.82346131737955 45.02799807789779
21.798429758757557 44.80565478855236
22.773575854851337 44.58409195034824
23.74890516357887 44.36333701940198
24.724408890730892 44.14335411481049
25.70007165578732 43.924077648032934
26.675876146650914 43.70543274045346
27.65180566236635 43.487346564010664
28.627845322094192 43.26975386505603
29.603982484665305 43.05259898979965
30.580206734517454 42.83583595328139
31.55650965509478 42.61942752629162
32.532884520797666 42.403343927599664
33.509325980975056 42.187561456470405
34.485829773697006 41.9720612411581
35.46041597310053 41.748048429175846
36.42458593808166 41.48276315135537
37.39383151843733 41.236667631361584
38.36668394086385 41.005241262555344
39.341756876524926 40.78335667512011
40.31811313391105 40.56718901180535
41.29518975351575 40.35430106141396
42.27266815945256 40.14326560011128
43.24885945586567 39.926354206202866
44.22404250524767 39.70495407025435
45.201300410551156 39.49289986368955
46.179763967421174 39.28648022344843
47.158889233486036 39.08322247241933
48.138361830654446 38.88164511407722
49.11801042757904 38.68092484468797
50.09774571724591 38.4806281592901
51.07752273859666 38.28053570957487
52.057319473877826 38.08053981578608
53.037125378506374 37.88058884865905
54.01693549133959 37.680658503814264
54.76186487235237 37.013515177906015
55.14475015062635 36.08971927854238
55.261035744141736 36.049982584704026
55.243110283208495 35.852403580352416
56.2254152365302 35.66511508983673
56.591662833622905 35.59528549223312
57.57396778694461 35.40799700171742
58.55627274026631 35.22070851120172
59.53857769358801 35.03342002068603
60.52088264690971 34.84613153017034
61.50318760023141 34.65884303965464
62.485492553553115 34.47155454913895
63.467797506874824 34.28426605862326
64.45010246019652 34.09697756810756
65.43240741351822 33.909689077591864
66.41471236683994 33.72240058707617
67.39701732016164 33.535112096560475
68.37932227348334 33.347823606044784
69.36162722680504 33.1605351155291
70.34393218012674 32.973246625013395
71.32623713344844 32.7859581344977
72.30854208677015 32.59866964398201
73.29084704009185 32.411381153466316
74.27315199341355 32.224092662950625
75.25545694673525 32.03680417243493
76.23776190005695 31.849515681919236
77.22006685337865 31.66222719140355
78.20237180670036 31.474938700887854
79.18467676002206 31.28765021037216
80.16698171334376 31.100361719856465
81.14928666666546 30.913073229340775
82.13159161998716 30.725784738825084
83.11389657330886 30.538496248309386
84.09620152663057 30.3512077577937
85.076169885864 30.152054513026503
86.05140130888401 29.93086755239275
87.02183908454033 29.689516099985262
88.00270164084436 29.49481467307541
88.98442283620984 29.304489964826196
89.96863902400628 29.12751964053582
90.95662346715963 28.972966283771996
91.9476246433345 28.839113122359908
92.93134246083935 28.659393186004728
93.91432791366744 28.47570976397553
94.896965002413 28.290171757568082
95.87943238311695 28.103737195716725
96.86181696232772 27.91686681676683
97.84416104261697 27.729783658998276
98.82648526265044 27.54259624826872
99.80879971998917 27.355357612022623
100.79110936834681 27.16809374806723
101.77341664377849 26.980817437141436
102.75572274667606 26.793534976109523
103.73802826953256 26.606249472758094
104.7203335051883 26.418962463055554
105.70263859853719 26.23167470696669
106.68494362133326 26.04438658083579
107.66724860913483 25.85709827116276
108.64955357957274 25.66980987041951
109.63185854139269 25.482521424476158
110.61416349893442 25.295232956093994
111.59646845435194 25.10794447657053
112.57877340871457 24.92065599151442
113.5610783625533 24.733367503710568
114.54338331613185 24.54607901454196
115.52568826958114 24.35879052469544
116.50799322296622 24.171502034512187
117.4902981763194 23.984213544161644
118.47260312965675 23.796925053727993
119.45490808298622 23.609636563253062
120.43721303631179 23.422348072757618
121.41951798963541 23.23505958225199
122.40182294295806 23.047771091741293
123.38412789628023 22.86048260122808
124.36643284960218 22.673194110713624
125.34873780292399 22.485905620198547
126.33104275624575 22.298617129683155
127.31334770956748 22.111328639167613
128.2956526628892 21.924040148651997
129.2779576162109 21.73675165813634
130.2602625695326 21.549463167620672
131.24256752285433 21.36217467710499
132.22487247617602 21.174886186589294
133.2071774294977 20.987597696073603
134.18948238281942 20.800309205557916
135.1717873361411 20.613020715042225
136.1540922894628 20.425732224526538
137.1363972427845 20.238443734010847
138.11870219610623 20.051155243495156
139.10100714942794 19.863866752979455
140.08331210274966 19.676578262463753
141.06561705607137 19.489289771948048
142.04792200939306 19.30200128143236
143.03022696271478 19.11471279091667
144.01253191603647 18.92742430040098
144.99483686935815 18.74013580988529
145.97714182267987 18.5528473193696
146.95944677600158 18.36555882885391
147.94175172932327 18.178270338338212
148.924056682645 17.990981847822514
149.9063616359667 17.80369335730682
150.88866658928842 17.616404866791125
151.87097154261014 17.42911637627543
152.85327649593182 17.241827885759736
153.83558144925354 17.05453939524405
154.81788640257523 16.867250904728355
155.80019135589694 16.67996241421265
156.78249630921866 16.492673923696948
157.76480126254035 16.305385433181254
158.74710621586206 16.118096942665566
159.72941116918375 15.93080845214987
160.71171612250544 15.743519961634185
161.69402107582712 15.556231471118492
162.6763260291488 15.368942980602801
163.6586309824705 15.181654490087114
164.6409359357922 14.994365999571428
165.6232408891139 14.807077509055732
166.60554584243562 14.61978901854004
167.5878507957573 14.432500528024343
168.570155749079 14.245212037508653
169.5524607024007 14.057923546992962
170.5347656557224 13.870635056477262
171.51707060904408 13.683346565961564
172.4993755623658 13.496058075445873
173.48168051578872 13.308769585461018
174.4639854691785 13.121481095302384
175.4462904225152 12.934192604865359
176.42859537581865 12.74690411425388
177.410900329109 12.559615623573857
178.39320528239844 12.372327132888893
179.37551023569236 12.18503864222738
180.35781518899225 11.997750151597169
181.34012014229774 11.810461660996415
182.32242509560783 11.623173170419806
183.3047300489214 11.435884679861557
184.28703500223756 11.248596189316661
185.2693399555555 11.061307698781187
186.25164490887468 10.874019208252212
187.2339498621947 10.68673071772767
188.2162548155153 10.49944222720611
189.19855976883628 10.312153736686541
190.1808647221575 10.124865246168294
191.16316967547888 9.937576755650925
192.14547462880037 9.75028826513414
193.12777958212195 9.56299977461773
194.11008453544355 9.375711284101563
195.09238948876518 9.188422793585566
196.07469444208684 9.001134303069673
197.0569993954085 8.813845812553852
198.03930434873016 8.626557322038078
199.02160930205184 8.439268831522341
200.00391425537356 8.251980341006611
200.98621920869525 8.064691850490888
201.96852416201696 7.877403359975186
202.95082911533865 7.690114869459484
203.93313406866037 7.502826378943789
204.91543902198208 7.315537888428088
205.8977439753038 7.128249397912386
206.8800489286255 6.940960907396687
207.8623538819472 6.753672416880987
208.8446588352689 6.5663839263652894
209.22021496179647 6.494779543425523
210.1258736028655 6.916077710769692
209.22009176101392 6.494803033166179
209.22021496179647 6.494779543425523
210.12587360271846 6.916077710746417
211.03260206498013 7.337792656799531
211.93931957119645 7.759531158623626
212.84602642855387 8.18129255422665
213.75272485871082 8.603072066236102
214.65941768055058 9.024863634222323
215.56610748298098 9.446661692739298
216.47279624734642 9.868461982655594
217.37948527785701 10.29026170047409
218.2861832038318 10.712042296321089
219.19293526401748 11.133706500812119
220.0999047749851 11.554902780680706
221.0074164448995 11.974929647641805
221.9158934492645 12.392864490099248
222.82571888265704 12.807855671634552
223.73793015534505 13.217575812683197
224.65303151936723 13.620799687924665
225.5706987629982 14.018149445652961
226.49431191585555 14.401475343380914
227.4268316603577 14.762594335007899
228.3608559248528 15.11980390001747
229.2887084826682 15.49275112276542
230.2122941863878 15.876143151744573
231.13280249177063 16.266866147895556
232.0509977595214 16.662994220972983
232.96739626847423 17.063261347763394
233.8823666820075 17.466782279511442
234.79618467666631 17.872906241667984
235.70906535110606 18.281132740360135
236.62117596410474 18.69107691906646
237.5326516486149 19.102430874373496
238.44358937893531 19.514974752619956
239.3540533846658 19.928563067577244
240.26416410431048 20.34292821812424
241.1740841265077 20.757711960819837
242.08400414870496 21.172495703515434
242.99283607628027 21.589658174765788
243.901306093706 22.007608204600057
244.80942010100418 22.426331203429648
245.71717968676163 22.845822007220914
246.63060611739493 23.252825884131827
247.56262592398068 23.615233224195286
248.52218379395913 23.896744670077023
249.5073851119238 24.068145845920824
250.50627649135842 24.115220383531682
251.5058673484157 24.086617612906537
252.50586097448817 24.090188021070173
253.49602899824066 24.23007113205239
254.4385316857702 24.564269701767447
255.28940798854185 25.08963578116508
256.040107489372 25.75027960309433
256.7312462549723 26.473001684315424
257.41766576925613 27.20020746702783
258.13419624598123 27.897763253989787
258.8719359054283 28.57284857813696
259.6513764154723 29.199324827728503
260.36782106491364 29.896968765770623
261.21549555476554 30.427485456605417
262.0850753154222 30.92127796349083
262.9677700380442 31.391224797351086
263.85904221320254 31.844693550175805
264.75590230369266 32.28700789324648
265.6563791536085 32.72191183984344
266.5591791553979 33.15197248297303
267.4634582156696 33.578914377326385
268.3686697419254 34.00387566113214
269.27446308646864 34.427595399852294
270.18061566307546 34.850546351983695
271.0869877451672 35.273026705141895
271.993492607046 35.69522208099314
272.9000770155078 36.117246618590116
273.8067086443927 36.53916970341193
274.71337313280304 36.961022172239055
275.6200854989043 37.38277172488732
276.5268921226565 37.8043185753313
277.43386276025524 38.22551242919641
278.34100832037154 38.64632941169751
279.2484837406418 39.066434590915
280.15610998441116 39.48621382053597
281.064602340026 39.9041152919253
281.97257230617134 40.323150541728964
282.8800967615291 40.74314978330877
283.7871994253476 41.16405922403619
284.69383902208955 41.585965187041616
285.6000255975933 42.00884329049082
286.5058678597758 42.43245844135794
287.41103297492214 42.8575185716008
288.31517926259147 43.28474157015518
288.312406744686 43.28722422217736
288.4674560859048 43.35935073910247
287.67236127199146 43.96583588886968
286.87726645808215 44.57232103863388
286.0821716441688 45.178806188401076
285.2870768302555 45.785291338168285
284.4919820163422 46.391776487935516
283.69688720242885 46.99826163770273
282.90179238851556 47.60474678746994
282.10669757460226 48.21123193723716
281.3117243182597 48.81787641442298
280.517307659529 49.42524958828827
279.7243772862964 50.03456184255952
278.9292952738276 50.64106377450093
278.1428157732491 51.25868015638351
277.34720590545965 51.86448948139929
276.60310104731553 52.53255232281943
275.86291972034127 53.20495964223129
275.10920468588415 53.862161016874786
274.3461467982373 54.508491164786825
273.5764809601567 55.14693810674178
272.8020932478232 55.77964947141527
272.024323754782 56.408199084170235
271.24413487832226 57.033743101045545
270.46221612487443 57.65712345284258
269.67905561683824 58.27894305582443
268.894991684136 58.8996231259374
268.1102510493976 59.51944740441506
267.32497470301337 60.13859283144278
266.53924002046375 60.75715649723526
265.7530786255711 61.375177743779844
264.9664890917433 61.99265398240979
264.1794452847614 62.60955109367832
263.39190191508396 63.2258103255581
262.6037987672581 63.841353523381734
261.8150647844419 64.45608818512686
261.0256230176275 65.06991364631999
260.235397348942 65.68272959956423
259.44432170707535 66.29444794067005
258.6523340560358 66.90498504896144
257.85936955693364 67.51425289085343
257.0654119956872 68.12222607360049
256.27053615327526 68.72899818498159
255.47492737976555 69.33480894711312
254.67931860625583 69.94061970924463
253.88285399976297 70.54530485922281
253.08306700709568 71.14558876402135
252.28205683288402 71.74423949759598
251.47996254106872 72.34143690803685
250.67691554019146 72.93735260205914
249.87305537937024 73.53217092881486
249.0685256209748 74.12608326902698
248.26346946559158 74.71928187546462
247.45802558644985 75.31195392436949
246.7696076065086 76.03726812173062
246.4510343872452 76.98516637785738
246.7060913061675 77.95209241851916
247.36462540219037 78.70464331007094
248.18159320016986 79.28132660015709
249.05414397552838 79.76985003298422
249.94826049809743 80.21768442655967
250.85180929950073 80.64616962289985
251.75988504369525 81.06497559564326
252.67025734619904 81.47876572461436
253.58181070550106 81.88994752521502
254.49394936986343 82.2998292849644
255.4063431193216 82.70914291282166
256.3188060764767 83.11830223609293
257.2312336156054 83.52754053566859
258.1435675968465 83.93698736576111
259.0557766341298 84.34671248373495
259.97562450131267 84.73898777130628
260.9106388159148 85.09359774224487
261.8390698725869 85.46510248381185
262.7622565997394 85.84945423261685
263.68136932826906 86.24344889280239
264.5973823153904 86.64459750295201
265.51107866431727 87.05099506932974
266.4230710235496 87.46120225686036
267.3338281440267 87.87414470745159
268.24370185554017 88.28903002786754
269.1529517387112 88.7052807335167
270.06176630976154 89.12248101569122
270.97028038038957 89.54033527673306
271.8785884034653 89.95863724327913
272.7867538540529 90.37724865540142
273.69481517871503 90.79608589187023
274.6027893920427 91.21511193871211
275.51067469762904 91.63433058321695
276.41845337071095 92.0537800804126
277.3261273441025 92.47345609596218
278.23384001652596 92.89304840323413
279.14209832187373 93.31145831082094
280.0520253340127 93.72622671918862
280.96550617405853 94.13310846474754
281.8850911796198 94.52599956613167
282.81360520385397 94.89729689550583
283.7535464261306 95.2386332379382
284.70647110212326 95.54184036497223
285.6725866560669 95.79995029587016
286.6506970878256 96.00803677617313
287.6385026574818 96.16372928259617
288.63312369421436 96.26731013646915
289.6316589165243 96.32141567968179
290.63161800946017 96.33046070344528
291.6311524590885 96.29995031167277
292.6290944403122 96.23582697651752
293.6248644869231 96.14394654186222
294.6183177272057 96.02970705931762
295.6095868102902 95.89785257543156
296.5989525829197 95.75240372549058
297.5867508416193 95.59666484110335
298.57331269162313 95.43327660371457
299.5589319599037 95.26429536808725
300.5438519693917 95.09128503628548
301.5282644957357 94.91541014331574
302.51231520747507 94.73752198540406
303.496111672805 94.55823307106664
304.479731605316 94.37797817275013
305.46323019179226 94.19706236249817
306.4466460863323 94.01569759644353
307.43000606022144 93.83402987296819
308.4133284803314 93.65215898989712
309.39662584453026 93.47015268901811
310.379906594683 93.28805665287496
311.3631763942701 93.10590149587986
312.34643901835864 92.92370760994902
313.32969696763314 92.74148849682277
314.3129518885422 92.55925304333445
315.29620485863114 92.37700706447256
316.27945657896095 92.19475434304299
317.26270750299534 92.0124973256595
318.24595792236386 91.83023758569593
319.2292080235599 91.64797612927157
320.2124576180255 91.46571193919752
321.195704940924 91.28343549526403
322.17894418348993 91.10111546927033
323.1621622427019 90.91868123991789
324.14532209624343 90.73593359319108
325.12838554061454 90.55266803630383
326.11131241415785 90.36867140245843
327.09405998026455 90.18371945920998
328.07658550850834 89.99759158287426
329.0588505004622 89.8100936213338
330.04082479072713 89.62107908946243
331.02248942889054 89.43046288296489
332.0038379103142 89.23822563889533
332.9848758008157 89.04440959879446
333.96561909208924 88.84910830176365
334.94609160644757 88.6524521333176
335.92632154433886 88.45459039153404
336.9063372027755 88.25567003254824
337.8861621955866 88.05581262472285
338.8658109840259 87.85509329005535
339.84528578480445 87.65352663944097
340.8245754607942 87.4510624932329
341.8036560158065 87.2475894807794
342.78249164139413 87.04294144614323
343.7610350893679 86.83690086657792
344.73922640351964 86.62919493763488
345.7169894033324 86.41948200003418
346.6942255693368 86.20732763205447
347.6708053680469 85.99217211445999
348.6465578684878 85.77329530462559
349.62126060623325 85.54979010774751
350.5946325159247 85.32055850996119
351.56633290902744 85.08434177464386
352.53596882681757 84.83978873963669
353.5031118497339 84.58555582826551
354.4673238282652 84.32042329450788
355.42818920502066 84.04340754088992
356.38534990206483 83.7538502926059
357.3385376214188 83.45147110735547
358.28759835387893 83.13637790510839
359.2325051304707 82.8090383512031
360.1733716897562 82.47026096468161
361.11043585227844 82.12110375751482
362.044017514796 81.76273902792929
362.97447627925146 81.39634240178748
363.9021834016205 81.02303355497864
364.82750732700083 80.64385598032689
365.7508057283516 80.25977257524013
366.6724185499916 79.87166201497567
367.59266043970524 79.48031196142216
368.51181356365635 79.08641154922269
369.4301224235749 78.6905468781606
370.3477916762092 78.29320176019692
371.2649870155714 77.89476392382551
372.1818384794227 77.49553542630355
373.0984452446039 77.09574543390244
374.0148810067514 76.6955636079069
374.9311992495776 76.2951127646517
375.8474379674705 75.89448000034758
376.76362363368213 75.49372592984008
377.6797743724709 75.09289201932756
378.59590239519537 74.69200619271487
379.5120158100481 74.29108698498493
380.4281199292437 73.89014653704663
381.3442181906762 73.4891927050406
382.2603127942085 73.08823051557766
383.1764051328688 72.68726315150931
384.0924960802729 72.28629260884517
385.0085861793936 71.88532012812735
385.9246757648907 71.4843464739508
386.84076504142797 71.08337211390587
387.7568541332596 70.68239733187207
388.6729431153087 70.28142229902322
389.58903203246416 69.88044711791474
390.50512091145856 69.47947184962166
391.42120976812214 69.07849653031042
392.33729861177903 68.6775211812832
393.25338744789326 68.27654581502387
394.169476279652 67.87557043881358
395.0855651089055 67.47459505687982
396.0016539367235 67.07361967166655
396.91774276372206 66.67264428458095
397.83383159025436 66.27166889643009
398.74992041652223 65.87069350767511
399.6660092426406 65.46971811857864
400.5820980686747 65.06874272928971
401.49818689466156 64.66776733989266
402.41427572062184 64.26679195043499
403.33036454656724 63.86581656094343
404.24645337250445 63.464841171433
405.162542198437 63.06386578191205
406.07863102436704 62.66289039238528
406.9947198502956 62.261915002855275
407.91080867622344 61.860939613323495
408.8268975021508 61.459964223790735
409.742986328078 61.058988834257434
410.659075154005 60.65801344472381
411.575163979932 60.25703805519004
412.4912528058589 59.85606266565617
413.4073416317858 59.455087276122256
414.3234304577127 59.05411188658833
415.2395192836396 58.653136497054405
416.1556081095665 58.25216110752045
417.0716969354934 57.85118571798649
417.98778576142024 57.45021032845253
418.9038745873471 57.04923493891857
419.81996341327397 56.64825954938462
420.73605223920083 56.24728415985065
421.6521410651277 55.846308770316696
422.56822989105456 55.445333380782735
423.4843187169815 55.0443579912488
424.4004075429084 54.64338260171486
425.31649636883526 54.24240721218091
426.2325851947621 53.84143182264695
427.148674020689 53.44045643311301
428.06476284661585 53.03948104357905
428.9808516725427 52.63850565404509
429.8969404984696 52.23753026451113
430.81302932439644 51.83655487497717
431.7291181503233 51.43557948544321
432.64520697625017 51.03460409590925
433.561295802177 50.6336287063753
434.4773846281039 50.232653316841336
435.39347345403075 49.83167792730738
436.3095622799576 49.43070253777342
437.2256511058845 49.02972714823946
438.14173993181134 48.628751758705505
439.05782875773826 48.22777636917156
439.9739175836652 47.826800979637596
440.89000640959205 47.42582559010363
441.8060952355189 47.024850200569674
442.7221840614458 46.62387481103571
443.63827288737264 46.222899421501744
444.5543617132995 45.82192403196778
445.4704505392264 45.420948642433814
446.38653936515334 45.019973252899845
447.30262819108026 44.61899786336587
448.2187170170072 44.21802247383189
449.13480584293404 43.817047084297904
450.0508946688609 43.41607169476394
450.96698349478777 43.01509630522999
451.88307232071463 42.61412091569604
452.7991611466415 42.2131455261621
453.71524997256836 41.812170136628154
454.6313387984952 41.41119474709421
455.5474276244221 41.01021935756025
456.46351645034895 40.60924396802637
457.3796052762758 40.208268578492365
458.2956941021987 39.80729318896021
458.59074461197406 39.678148514621796
458.58549730450017 39.71563868208887
458.586319721222 39.6800853052939
458.59074461197406 39.678148514621796
458.58549730450085 39.715638682083586
458.5623716030167 40.71537124728834
458.4542069372035 41.709504238929554
458.33935575507047 42.70288694763887
458.2178026550955 43.69547187795289
458.0901327944407 44.687288598259805
457.95551356730357 45.678186001468134
457.81052938510516 46.66761997446091
457.65882273923467 47.65604553746438
457.5051748033842 48.64417119334469
457.248370388395 49.61063458760341
457.08921251911244 50.59788773277209
456.9396185919286 51.58663525208614
456.7946713885025 52.57607464296309
456.65233757164066 53.565893355949235
456.5115265109456 54.555929842744504
456.37161700763755 55.54609413763909
456.2322433929046 56.53633400530564
456.0931873384325 57.52661851680456
455.9543182094928 58.516929258454645
455.8155582013016 59.507255295740734
455.6768613388362 60.49759017866784
455.53820070419135 61.487930134642504
455.3995606850505 62.47827297684041
455.26093230838427 63.468617448821185
455.12231046087095 64.45896283473057
454.98369225153033 65.44930872987995
454.8450760576012 66.43965490712336
454.7064609741688 67.43000123979945
454.5678464996322 68.42034765770025
454.42923235746366 69.4106941221211
454.2906183959737 70.40104061183065
454.15200453233115 71.39138711523545
454.01339072149347 72.38173362603106
453.87477693906106 73.37208014080244
453.73616317186304 74.36242665770608
453.5975494128129 75.35277317575014
453.4589356581093 76.34311969440257
453.3203219057188 77.33346621337876
453.1817081545565 78.32381273252685
453.04309440404495 79.31415925176601
452.9044806538777 80.30450577105337
452.765866903892 81.29485229036612
452.62725315400195 82.28519880969228
452.4886394041624 83.2755453290255
452.3500256543492 84.2658918483624
452.21141190455 85.25623836770126
452.0727981547579 86.24658488704112
451.93418440496964 87.23693140638152
451.79557065518327 88.22727792572218
451.65695690539803 89.217624445063
451.5183431556133 90.20797096440388
451.379729405829 91.19831748374483
451.24111565604477 92.18866400308579
451.10250190626067 93.17901052242678
450.9638881564765 94.16935704176775
450.82527440669236 95.15970356110873
450.68666065690826 96.1500500804497
450.54804690712405 97.14039659979065
450.4094331573399 98.13074311913162
450.2708194075559 99.12108963847263
450.1322056577718 100.11143615781361
449.99359190798776 101.1017826771546
449.8549781582036 102.09212919649558
449.7163644084195 103.08247571583657
449.57775065863535 104.07282223517754
449.4391369088513 105.06316875451853
449.3005231590672 106.0535152738595
449.16190940928306 107.04386179320048
449.0232956594989 108.03420831254145
448.88468190971474 109.02455483188241
448.74606815993064 110.0149013512234
448.60745441014654 111.00524787056438
448.4688406603625 111.99559438990536
448.3302269105784 112.98594090924634
448.19161316079425 113.97628742858731
448.0529994110102 114.9666339479283
447.9143856612261 115.95698046726929
447.77577191144195 116.94732698661026
447.6371581616579 117.93767350595125
447.49854441187387 118.92802002529224
447.3599306620897 119.91836654463322
447.2213169123056 120.90871306397419
447.0827031625215 121.89905958331516
446.9440894127374 122.88940610265614
446.80547566295326 123.87975262199711
446.6668619131691 124.87009914133807
446.528248163385 125.86044566067905
446.3896344136009 126.85079218002002
446.2510206638168 127.84113869936101
446.1124069140327 128.831485218702
445.9737931642486 129.821831738043
445.83517941446445 130.81217825738395
445.6965656646804 131.80252477672494
445.55795191489625 132.79287129606593
445.41933816511215 133.78321781540689
445.3687632423966 134.78193808514828
445.4001725067803 135.78144469248556
445.487573392346 136.77761791296598
445.60870706488095 137.77025411690892
445.74889168457776 138.7603794990704
445.89943281627075 139.74898324560823
446.05546573602817 140.73673510106178
446.2143607469452 141.7240305864691
446.3747286284491 142.7110879012092
446.5358473195414 143.69802293827127
446.69734597977083 144.6848958696784
446.8590358574727 145.6717374899239
447.02082154193744 146.65856340785587
447.182655062527 147.64538148207905
447.34451240174235 148.63219564986454
447.50638157462777 149.61900787661764
447.668256616373 150.60581914066967
447.83013456461225 151.59262992794038
447.9920139506093 152.57944047935806
448.15389404716205 153.56625091421373
448.3157744946146 154.55306129150642
448.47765511524904 155.53987164038963
448.64388484062613 156.52595869455934
448.8140575331625 157.5113729499438
448.98689544568464 158.49632323091993
449.16133639032034 159.48099086867117
449.33668345591957 160.46549755051024
449.5125236194087 161.44991628098225
449.6886254340285 162.43428823857127
449.8648636551926 163.41863578359838
450.04117208131595 164.40297075650034
450.2175162953061 165.3872993186137
450.39387861995203 166.37162463599893
450.5702500580741 167.35594832047204
450.7466260620375 168.34027118682528
450.92300434555193 169.3245936447142
451.09938376402613 170.30891589923183
451.27576374634003 171.29323805271562
451.45214400827143 172.27756015609492
451.62852440867306 173.26188223466175
451.8054878756876 174.24609965542922
451.98298023046584 175.23022183483343
452.16083024592615 176.2142794408712
452.3388954474766 177.19829813174897
452.51708230645187 178.182294800081
452.69533537651984 179.16627947628857
452.87362358194963 180.15025778692583
453.05193010501876 181.13423277839206
453.23024605584277 182.1182060614042
453.4085668126164 183.1021784734685
453.58689000147547 184.08615044477415
453.7652144141872 185.07012219428273
453.9435394400475 186.0540938326707
454.12186477202965 187.03806541558023
454.30019025642565 188.02203697086773
454.47851581654004 189.00600851243277
454.6574254878635 189.98987401620192
454.83686500632894 190.97364302324215
455.01666283647046 191.95734660678568
455.1966762449174 192.94101076328388
455.3768115326801 193.92465260770828
455.55701315233847 194.90828230239651
455.73724997147207 195.89190554786634
455.91750514167114 196.875525430553
456.0977697568277 197.85914358233876
456.27803918670196 198.84276085173414
456.45831105309793 199.82637767458039
456.6385841455785 200.8099942727158
456.8188578523255 201.79361075827086
456.9997779503431 202.7771085559976
457.1812842738304 203.76049833351925
457.36318700729544 204.74381486219042
457.5453282323075 205.72708724263802
457.7276042879806 206.71033463751291
457.9099537232164 207.6935684263288
458.09234209745756 208.67679499276284
458.27475077221345 209.66001779323778
458.45716989522055 210.6432386552832
458.6395943443697 211.62645852914287
458.822021488842 212.60967790291437
459.0051881104066 213.5927597859458
459.18902495896964 214.57571655666888
459.3733149240554 215.55858847547046
459.55787746811217 216.54140924617653
459.742594104514 217.5242010675896
459.9494040368484 218.50258220594407
460.1484239053907 219.4825776609975
460.34274216099675 220.4635161991018
460.53461008510914 221.44493695479062
460.72546343911233 222.42655551475457
460.91609125423884 223.40821789872376
461.106862820858 224.38985235684436
461.29791583196044 225.37143207696326
461.4892796489986 226.35295125126834
461.68094429664865 227.3344117256845
461.87289412336247 228.31581646585266
462.06540724500246 229.29711086510113
462.2587220394807 230.27824764977277
462.45292840185203 231.25920834664828
462.6480053693256 232.23999628334067
462.84388747151706 233.22062373657715
463.0405123555422 234.2011025252218
463.2475716056546 235.1794309296663
463.4755560023111 236.15309571535033
463.73638648976817 237.11848033135215
463.9788842555188 238.08863229553404
464.21158336386856 239.0611810732173
464.4397310388316 240.03480761271226
464.66626459467534 241.0088109741422
464.89299989810456 241.9827673911234
465.120598493952 242.95652243176158
465.34873270034177 243.9301521272182
465.5763859124971 244.90389440061267
465.80220644126354 245.87806332271379
466.0252953408171 246.85286142637216
466.2450327587752 247.82842048001737
466.461118627728 248.80479484328123
466.6735978836253 249.78196042076198
466.88275789764054 250.7598418494317
467.0894315695029 251.73825178057456
467.29431676043316 252.71703779321342
467.49774288870503 253.69612809054877
467.69973371695306 254.6755155038351
467.9006052404483 255.65513309812826
468.10147676394354 256.6347506924214
468.30038735377633 257.6147683337179
468.4986615314982 258.5949149301252
468.6958250967755 259.5752855378686
468.89159634423066 260.5559351280229
469.08781915229144 261.5364944630948
469.2845792188484 262.5169461325862
469.48159071632966 263.49734731060477
469.6803105380102 264.4774036520827
469.88081797431323 265.4570958323042
470.08413073349766 266.43620967755044
470.290102404162 267.4147676323409
470.4982581336528 268.39286332923365
470.7100727264823 269.37017319732286
470.9255148351842 270.3466898115174
471.14555917892164 271.32217968167964
471.36978613406717 272.29671663458913
471.59897874598266 273.27009772472974
471.83257134796145 274.2424322845911
472.0485671462291 275.21882657745164
472.28914423633796 276.18945661186984
472.5383672271781 277.15790273883647
472.79295769597195 278.12495169995447
473.05348976519457 279.09041689399646
473.32017806098463 280.0541997289175
473.61405507298167 281.01004297015515
473.97920142367417 281.94099309909654
474.27402417375237 282.8965450579331
474.5669563228659 283.85267828924333
474.8637638143268 284.8076156238432
475.16394741518957 285.7614970660429
475.46842985504446 286.71401501538566
475.777473208175 287.66506296679813
476.09094649060427 288.6146599872247
476.40860224991036 289.56286609276276
476.7301874108888 290.5097467527398
477.0554735593397 291.455362383758
477.3842353841738 292.399775250322
477.71622800837594 293.3430572322741
478.0511810531832 294.2852920532048
478.3882003180917 295.22678980417425
478.72763317220165 296.1674200915618
479.0693860679182 297.10720993949025
479.41316241288797 298.04626149539075
479.7586407566267 298.98468821816004
480.10553290551803 299.92259324375567
480.44914043199856 300.86170658502283
480.7950503522553 301.79997431177674
481.1426200680248 302.7376284552006
481.4913694417176 303.6748444785105
481.8409546473454 304.61174905423115
482.1874644398481 305.5497954090025
482.52960140333573 306.48944550250303
482.8755408134509 307.42770235674345
483.2239999924877 308.3650263138389
483.57404174775047 309.3017604114208
483.9250246688746 310.23814227213745
484.29430564274884 311.1674600661856
484.67879127072763 312.09059104382516
485.03586913720164 313.02466566465284
485.3640287707589 313.9692879462573
485.70488614794664 314.909402964974
486.0532626041892 315.8467576709076
486.40583318237634 316.7825428959442
486.7376992650125 317.7258694052694
487.0302895514179 318.6821073067882
487.26622613286554 319.65387576148044
487.5589887303071 320.61006092217855
487.8825900042749 321.5562544623628
488.22168665851666 322.4970060018683
488.5671209866781 323.4354489276382
488.91267667675993 324.37384717201644
489.25267514700124 325.3142731607224
489.5822924942784 326.2583877747253
489.90846108094104 327.20369939164027
490.25100759440943 328.14320026237465
490.6150084569748 329.0745988730949
490.97900931954024 330.0059974838152
491.3947062184125 330.9155006934125
491.7976317765732 331.83073344773294
492.18734875808445 332.7516681220295
492.5683343153384 333.67624911099904
492.94381501277803 334.6030793251431
493.3157376074817 335.53134307190305
493.68525922336914 336.4605652064823
494.05308117862 337.390461442218
494.41963982794414 338.3208563887894
494.78521375332383 339.25163869689504
495.1499850377506 340.1827358508257
495.5140752637831 341.1140995323742
495.8856588135069 342.0424990506715
496.2659416707503 342.9673692839944
496.65287157635555 343.8894784142758
497.04405082932595 344.80979292141205
497.43765665086426 345.729072235468
497.8325056425941 346.64781826878175
498.2819504525667 347.5411263694887
498.7970416958701 348.3982617211527
499.4192605007403 349.1811051019549
