4.337587088273657
289269
855
0.0 100.0
0.0 101.0
0.0 102.0
0.0 103.0
0.0 104.0
0.0 105.0
0.0 106.0
0.0 107.0
0.0 108.0
0.0 109.0
0.0 110.0
0.0 111.0
0.0 112.0
0.0 113.0
0.0 114.0
0.0 115.0
0.0 116.0
0.0 117.0
0.0 118.0
0.0 119.0
0.0 120.0
0.0 121.0
0.0 122.0
0.0 123.0
0.0 124.0
0.0 125.0
0.0 126.0
0.0 127.0
0.0 128.0
0.0 129.0
0.0 130.0
0.0 131.0
0.0 132.0
0.0 133.0
0.0 134.0
0.0 135.0
0.0 136.0
0.0 137.0
0.0 138.0
0.0 139.0
0.0 140.0
0.0 139.0
0.0 138.0
0.0 137.0
0.0 136.0
0.0 135.0
0.0 134.0
0.0 133.0
0.0 132.0
0.0 131.0
0.0 130.0
0.0 129.0
0.0 128.0
0.0 127.0
0.0 126.0
0.0 125.0
0.0 124.0
0.0 123.0
0.0 122.0
0.0 121.0
0.0 120.0
0.0 119.0
0.0 118.0
0.0 117.0
0.0 116.0
0.0 115.0
0.0 114.0
0.0 113.0
0.0 112.0
0.0 111.0
0.0 110.0
0.0 109.0
0.0 108.0
0.0 107.0
0.0 106.0
0.0 105.0
0.0 104.0
0.0 103.0
0.0 102.0
0.0 101.0
0.0 100.0
0.0 99.0
0.0 98.0
0.0 97.0
0.0 96.0
0.0 95.0
0.0 94.0
0.0 93.0
0.0 92.0
0.0 91.0
0.0 90.0
0.0 89.0
0.0 88.0
0.0 87.0
0.0 86.0
0.0 85.0
0.0 84.0
0.0 83.0
0.0 82.0
0.0 81.0
0.0 80.0
0.0 79.0
0.0 78.0
0.0 77.0
0.0 76.0
0.0 75.0
0.0 74.0
0.0 73.0
0.0 72.0
0.2402405002087673 71.0292866014835
0.538075682089891 70.07466929364028
0.9097618977282684 69.14631087303732
1.324520048943789 68.23637918549134
1.793360353350404 67.35309623594239
2.3279240010230353 66.50796801692061
2.9391210230471874 65.71648952683461
3.6362373289149 64.99953146941886
4.4245564409564295 64.38426487875262
5.3011114113306235 63.90296311902978
6.25023409177609 63.588056565487285
7.242437116606952 63.463424476856446
8.24000022740714 63.53319438419946
9.227002240839633 63.6939022728677
10.20644004696566 63.89564860847514
11.181892213209412 64.1158600327255
12.155428410668101 64.34439290177868
13.128075472987913 64.57668085273748
14.100316000700579 64.81066451941743
15.072371855800924 65.04541420432699
16.044344064203717 65.280509985005
17.016278434453206 65.51576214743443
17.988195698390005 65.75108497263761
18.96010523075214 65.98643972806782
19.93201126907647 66.22180891183815
20.903915728467435 66.45718461537604
21.875819474365912 66.69256326502061
22.84772289785311 66.92794324593203
23.819626175650598 67.16332382840751
24.791529387614645 67.39870468271384
25.768217809431242 67.61336657194758
26.744426269543716 67.83020070764775
27.720417366622677 68.04801112618325
28.696309489920367 68.26626456529826
29.67215557837349 68.48472374146338
30.64797910158194 68.70328369102656
31.623790299844973 68.92189866156714
32.599593477775315 69.14054942863886
33.57539027418236 69.3592286734742
34.55118112792074 69.5779344341677
35.52696593587466 69.79666716735215
36.5027443493112 70.01542842505391
37.478515908368855 70.23422025427566
38.45428010410271 70.45304491998745
39.43292009133604 70.65862647409179
40.40744343638818 70.88291256360334
41.38552448748078 71.09113709984632
42.36512582109424 71.29208790771418
43.34539599348888 71.48975021852075
44.32596458441114 71.68592676782453
45.306667196872866 71.88143223043554
46.28743018002362 72.07663461485035
47.27002762648246 72.26238244986484
48.2542739340116 72.43918518207015
49.2396453379918 72.6096058269993
50.22570927935192 72.77597260117417
51.2121778657293 72.93992298418868
52.19887545994122 73.10248945544402
53.185699810764575 73.26428469833473
54.17482329713762 73.41137218490385
55.165907773804264 73.54460716571
56.15826882995344 73.66797464213101
57.151388242908524 73.7850807120495
58.146532427655345 73.8835086123857
59.143161157795205 73.96555234620982
60.1406608915959 74.0362225737992
61.13863953250012 74.09977280825169
62.13792874795316 74.13746980918361
63.13782085248329 74.15215923729761
64.13781994049339 74.15080868964387
65.13734917787568 74.1201280179107
66.13583960639913 74.0652020300083
67.1333271870587 73.99436047137266
68.13111231054876 73.92784094535273
69.12937961061299 73.86899880380022
70.12919675412118 73.84987605433548
71.12805536854901 73.89764077335806
72.11969576654415 74.02667302151342
73.10136237525012 74.21727907952766
74.06693985883581 74.47739467535449
75.02126184284506 74.77617477984049
75.97913964636601 75.0633508817743
76.95298297465115 75.29057141771798
77.94246255308735 75.43524402693521
78.93846671294958 75.52455087738426
79.93425686557828 75.61621314839965
80.92294646227225 75.76618941781962
81.88745268021592 76.03024955405377
82.81183982880566 76.41170518649625
83.68336388515706 76.90205793625992
84.49090320597696 77.49187167408715
85.26336205944176 78.12693648944371
86.04937531813864 78.74514612795859
86.88122007087023 79.3001545128979
87.74704503401733 79.80050152567136
88.6588210343914 80.21118939393861
89.59294571981465 80.56813626965393
90.53429059018126 80.9055823172445
91.47324231247387 81.24963124284048
92.40342034546177 81.6167399827892
93.32068580221271 82.01501637155897
94.22280768823344 82.44649766056509
95.1092081054494 82.90941698437797
95.98059020575658 83.40002195302813
96.83849215502569 83.91383538749656
97.68486804286694 84.44642139602564
98.52176291407083 84.99378505443988
99.35110008816181 85.55253352349439
100.17456671783424 86.11989822967195
100.99357108820635 86.6936855084708
101.8092453165147 87.27219700643221
102.62247267120057 87.85414311183257
103.4339252669605 88.43856135661491
104.24410343388405 89.02474506317829
105.05339115216567 89.6121575154114
105.86213737263128 90.20031527561065
106.67074808401964 90.7886593224302
107.47970081174373 91.37653302001138
108.29118021101254 91.96091404687854
109.1081515117045 92.53759237475785
109.93284042946738 93.10317896310585
110.7645006947781 93.65846375769623
111.60038136515684 94.2073749571513
112.43726728326783 94.754752304205
113.28476130109209 95.28555724931392
114.121274702954 95.83350371431342
114.95004430454787 96.39309369588378
115.77261329330743 96.96175902692751
116.58997132675918 97.53788908616056
117.4029455845832 98.12018871359946
118.21229762261382 98.70751254125815
119.01872449105548 99.29884637747537
119.82294802152416 99.89317331867903
120.62599703404932 100.48908630182535
121.4295808347156 101.08427793088842
122.23631212899303 101.6751963845125
123.04958523597577 102.2570785490945
123.8735418333742 102.8237314636759
124.71233450005934 103.36818243696483
125.56898846043102 103.88407389083814
126.44465275070628 104.36699422664594
127.33859279203793 104.81518079773437
128.24873449260718 105.22947789509922
129.1723697390209 105.61275055468025
130.10673233233246 105.96907420562147
131.0493415455916 106.30297220064232
131.9981420227873 106.61884821187653
132.95151443010872 106.92064458852502
133.90734479538986 107.21456347666683
134.86326461827866 107.50819128905563
135.81715503647834 107.80834636575239
136.76843824685503 108.11666479474331
137.7175922533528 108.43147691641161
138.66524611879095 108.75077638606373
139.60334682354159 109.09713901070202
140.54590926172253 109.43116902451871
141.4906818518545 109.75889566813399
142.4368081784566 110.0826934045536
143.38447930563063 110.40194163825376
144.33417441288742 110.71511763230903
145.28616235392101 111.0212531580597
146.23385007217678 111.34045213779986
147.18749982963405 111.64137096423269
148.14428930831846 111.93215248613322
149.10276760022964 112.21731798884184
150.06270006683496 112.49754942811485
151.02443716428718 112.77152343305734
151.98823380688208 113.03816182437191
152.9533463863416 113.29999709504602
153.9184234809677 113.56196312610359
154.88198444015202 113.82945196313389
155.8474515095755 114.08997708257314
156.8060919042499 114.37459716917722
157.75849987258042 114.67942345062383
158.7045440284616 115.00346118781349
159.64367326171822 115.34702527680253
160.57494890147774 115.71134063852989
161.4986334436678 116.09449448037302
162.41592884334074 116.49270190087002
163.32641062791583 116.90625107564483
164.22762130501206 117.33963233445482
165.11572289676906 117.7992795499568
165.99778696447322 118.27040902310108
166.85212727647678 118.79012301298937
167.67869878543905 119.35295472902165
168.4767590211668 119.95553240878598
169.24671590157124 120.59362832815697
169.99004121120797 121.26255843216894
170.70658681684097 121.96009867835409
171.39405039156506 122.68631753891029
172.05010136644444 123.44103412038962
172.67651233231186 124.22052709780573
173.28723546502945 125.0123713092284
173.87341359119574 125.82255351367637
174.4245820910611 126.65694747623613
174.97833538529696 127.4896282608847
175.53151603274642 128.32268958593068
176.08358230017404 129.15648982361867
176.63472192245706 129.99090286087886
177.18522499668921 130.82573599705694
177.73531725754657 131.6608398855312
178.2851462246733 132.4961171490242
178.83480724318417 133.33150494204585
179.3843711909342 134.16695659674133
179.93390299178546 135.00242939692885
180.48346981192995 135.8378791621429
181.03314127217124 136.6732600847143
181.5829850187167 137.5085276193311
182.13306079809416 138.34364236410707
182.68341534349264 139.17857342375166
183.23407932636195 140.0133004318031
183.7850666841228 140.84781402161917
184.33637598295445 141.6821149607423
184.88799315102773 142.5162123770474
185.4398948624669 143.35012154530884
185.99205196638667 144.18386163226097
186.54443254305545 145.01745367787987
187.09700436103427 145.8509189656847
187.64973666593036 146.68427783143477
188.2026013390771 147.5175488876862
188.75557352501983 148.35074860058444
189.3086318501281 149.18389113882654
189.86175835305426 150.01698841511586
190.41493823198547 150.85005025048324
190.9681594919145 151.68308460605482
191.52141255290098 152.51609784154934
192.07468986054602 153.34909497290397
192.62798552396498 154.18207991204858
193.1812949946235 155.0150556798111
193.73461479108948 155.84802458849785
194.2879422693825 156.68098839429368
194.84127543545569 157.51394842174005
195.39461279477476 158.3469056636089
195.94795323343823 159.17986085984683
196.50129592540483 160.0128145591886
197.05464026087787 160.84576716672387
197.60798579153908 161.67871898027448
198.16133218901086 162.51167021798594
198.71467921357834 163.34462103910465
199.26802669078666 164.1775715595242
199.82137449402947 165.01052186335173
200.37472253166004 165.84347201147008
200.9280707374931 166.6764220478476
201.48141906383375 167.5093720041691
202.0347674763795 168.3423219032225
202.58811595050483 169.17527176136716
203.14146446856083 170.0082215903276
203.6948130179183 170.8411713984937
204.24816158955332 171.6741211918603
204.80151017702633 172.50707097470536
205.354858775748 173.34002075007766
205.90820738245134 174.17297052014754
206.46155599481318 175.00592028645838
207.01490461118317 175.8388700501065
207.56825323039016 176.6718198118699
208.1216018516036 177.5047695723004
208.67495047423517 178.33771933178878
209.22829909786844 179.1706690906117
209.7816477222087 180.00361884896495
210.33499749488482 180.83656784444983
210.88835451249957 181.66951202688733
211.44173606279023 182.50243991079918
211.9951768247505 183.33532845256263
212.5487318027549 184.16814108834967
213.10247403587772 185.0008292288057
213.65648733824872 185.8333370430609
214.21085613657198 186.66560817403064
214.76565514601367 187.49759258441495
215.3209412075654 188.32925200379668
215.8767485843189 189.1605631127964
216.4330879168786 189.99151831438496
216.98979789603274 190.82222524171266
217.54604880915218 191.65323963488152
218.09954605517663 192.48609064115055
218.64576768678097 193.32373133331365
219.1776101164723 194.17057466592013
219.68562780735434 195.03192130099274
220.15879820886585 195.91289222624135
220.57482510443617 196.82224453539447
220.93071804525908 197.7567712683842
221.22639709347925 198.7120586075883
221.46326520042442 199.68360042342135
221.64504506750836 200.6669396730819
221.78137614281826 201.6576030053522
221.86649804673448 202.65397354961456
221.92323252609265 203.6523628518669
221.97326158220682 204.65111061458998
222.0144642650528 205.65026142349038
222.02653102933743 205.94287628405377
221.86839373223864 206.5801477409274
222.05653212344245 206.67039244009507
221.86872542667524 206.57881105817947
221.86839373223864 206.5801477409274
222.05653212346465 206.67039244010692
222.9553602307988 207.10869374453813
223.85547492671492 207.54434674199808
224.75299501361286 207.98532031673324
225.64718985118674 208.43299831759575
226.5408914769086 208.88166011024379
227.40729195029155 209.38100990720153
228.2457079523238 209.92604073893145
229.05564719304817 210.51255452933611
229.8372419335347 211.1363410806851
230.59151696899806 211.79289966213594
231.32050489665585 212.4774262148198
231.77423248989396 213.36856664771148
232.08155760088792 214.32017122743594
232.35066528132398 215.2832813230794
232.7018810376224 216.21957587744126
233.08591920264723 217.14289309692998
233.66069028200357 217.96120734361983
234.35371273476437 218.68212334425334
235.1159846829736 219.32938023063878
235.92195562481285 219.92133533105664
236.75530418678335 220.47408317072825
237.61874046941097 220.9785410835834
238.49320978606036 221.46362191626878
239.38903437918353 221.90802972263106
239.9716523467319 222.7207758723542
240.7011438246665 223.40476577258724
241.4570120810424 224.05948951509492
242.2222722070477 224.70321068108709
242.99474687483738 225.33825626025697
243.77352084950147 225.96556088831727
244.55757408601252 226.58625446997937
245.34584674436016 227.20158057547266
246.1373678467113 227.8127224121463
246.9313192835808 228.42070359268794
247.69760778855718 229.06320022858654
248.49406891748197 229.66788995903667
249.27261308199704 230.29547978041649
250.07102672847606 230.89758911360778
250.8702061754577 231.49868162855213
251.66969406146086 232.09936384081928
252.46939052682924 232.6997683405337
253.2692295103074 233.29998296923628
254.06916481465595 233.90006922041755
254.8691640453717 234.5000702461285
255.669204457107 235.10001636003406
256.4692700934815 235.69992883489402
257.26934982916134 236.29982250593457
258.0694360326186 236.89970755078676
258.8587074246008 237.51375206855275
259.6182464658567 238.16421378518802
260.328226602738 238.868435486951
260.9741414384328 239.6318449609749
261.550430397152 240.4490909680366
262.0604654453614 241.30924458780348
262.4262855030347 242.2399301874578
262.7733378609218 243.1777759428382
263.1184950671857 244.1163208287995
263.46352952219246 245.0549108483811
263.80861635233987 245.99348161271314
264.15377055274234 246.93202760409798
264.49899113358754 247.87054918113333
264.8442753675374 248.80904734191236
265.1896202068144 249.74752320307488
265.5350224351989 250.68597794392656
265.8804786915022 251.6244127978088
266.27049108892334 252.54522240345906
266.61581999353587 253.48370412818213
266.9603945101802 254.42246309750246
267.3049564179739 255.3612266948461
267.64951811505426 256.2999903695295
267.99407980861326 257.23875404550535
268.33864150211355 258.1775177215028
268.68320319561275 259.11628139750064
269.02694697625805 260.05534487419834
269.37059884164887 260.9944419913345
269.71424168704243 261.93354240918654
270.05788366588655 262.87264314413255
270.4015255617846 263.81174390943073
270.745167449748 264.7508446776324
271.1256585010191 265.6756292795277
271.4700222486497 266.61446558545
271.8138492685379 267.5534985882751
272.15763979863897 268.49254495103514
272.5014000700938 269.43160239111495
272.84512909524915 270.370671268922
273.1990796486713 271.30593540580116
273.55415941666024 272.2407714119354
273.90932051678385 273.1755765215486
274.22671912246415 274.1238687365921
274.5812578395286 275.05891007156197
274.93645166738287 275.99370274625204
275.29165713421816 276.9284909983874
275.64686280847474 277.86327917170576
276.0181575886319 278.7917942153254
276.3912698635852 279.7195804139074
276.764560913537 280.6472946975238
277.1378691478689 281.575002066353
277.51117902704965 282.50270877329547
277.88448906354785 283.4304154169333
278.2838323587957 284.347216885377
278.686107324571 285.2627357830031
279.08867044372914 286.17812801319394
279.4912612486008 287.09350806750626
279.92847425739956 287.99286605236944
280.36957116755775 288.8903255310363
280.84062374825623 289.7724306643494
281.31502880268795 290.6527373406444
281.82541168470397 291.51268461446125
282.3398064107695 292.3702381496974
282.89738278788013 293.20036379301183
283.4597443886848 294.02725521873856
284.07470732510643 294.8158112324926
284.7207157538155 295.57914150834756
285.39094591511827 296.3212948152055
286.0811303827523 297.0449282864025
286.7878529208431 297.7524191019999
287.50845369509665 298.44576931952724
288.2410260181645 299.12645852281673
288.98434729180036 299.79539311166707
289.7377593416599 300.4529418042568
290.5010271696551 301.09902401477456
291.27419821223805 301.7332215698874
292.05747607528946 302.35489333959674
292.8511163377403 302.96328066179944
293.6553474344978 303.5575973644153
294.47031644272727 304.13710190764635
295.2707071954866 304.73658055021616
296.1064742151909 305.2856647776117
296.9533707475463 305.81742248887167
297.81043199876916 306.3326370186088
298.67723650757523 306.8312851345318
299.55331684216833 307.3134503005685
300.43816361461927 307.77933246301217
301.3312424931774 308.2292325815645
302.2320065148994 308.6635414315448
303.13990443810366 309.08273274949096
304.0543873143126 309.487357352204
304.9749149494946 309.8780348059511
305.9009627748789 310.2554409864795
306.83202870367063 310.6202919646106
307.7676391667892 310.9733260441313
308.70735363135685 311.3152861661956
309.65076726297855 311.6469045005355
310.5975117671582 311.96889028252855
311.54725470752146 312.2819211871212
312.4996977174416 312.5866379619372
313.45457402436716 312.88364173038514
314.41164563973126 313.1734932838815
315.3707004745395 313.45671373482213
316.3315495503758 313.7337860240618
317.29402440212925 314.0051569136986
318.2579747162379 314.2712392166233
319.22326621471035 314.5324141062604
320.18977877615936 314.789033412941
321.1657175411079 315.0070781952008
322.1345002745773 315.25498950057323
323.1039249970396 315.5003783908657
324.0741905804561 315.74242115080176
325.04523577493336 315.98131700736394
326.0169973372934 316.2172819749323
326.9894177402671 316.4505169634749
327.9624447820644 316.68120804681195
328.9360310116497 316.9095276770717
329.9101332180461 317.13563581822024
330.88471198274806 317.3596809730261
331.85973170593945 317.58179927346015
332.835162672136 317.8021045847553
333.81098799395045 318.02065650377153
334.78721829229096 318.2373922982356
335.7639150181618 318.4520164014326
336.7412194149124 318.66385623737494
337.7193796294641 318.87170857599125
338.6987652885235 319.07370790972453
339.6798583516113 319.26724447361096
340.66321479676384 319.4489312969556
341.64939111498177 319.6146306312516
342.63883286984606 319.7595616966967
343.6317350564772 319.8784954924953
344.62789792703063 319.9660142638005
345.6266083271009 320.016783711223
346.6265676043096 320.02580833997496
347.6258776952495 319.9886688442099
348.6220922875593 319.9017407931038
349.6123335620076 319.762377173823
350.5934616303244 319.5690181462058
351.56227128571516 319.3212120695621
352.51568931037133 319.0195598355896
353.4509511310614 318.665603162027
354.36574082853275 318.2616727108348
355.2582826846159 317.810708149988
356.1273784401887 317.3160642703682
356.9723900438394 316.7813163019797
357.79317919546236 316.21008502781996
358.5900243091147 315.6059013927815
359.36353442968397 314.97211744428097
360.1145709919515 314.3118568274505
360.8441798140957 313.62799209912384
361.5535317171269 312.9231375909691
362.2438701774204 312.1996510256207
362.91646592711453 311.45964091927533
363.572579447452 310.70497871111166
364.21343224800074 309.9373149253117
364.84018702822834 309.1580983665413
365.45393587266005 308.36859703281306
366.0556949603458 307.56991937543955
366.64640259795095 306.7630337039377
367.22691962311364 305.94878559463916
367.7980330885511 305.12791446614455
368.36046334947514 304.3010697397316
368.9148729621876 303.46882579632796
369.461875100727 302.6316945877153
370.0020398295293 301.79013528157105
370.53589778444206 300.9445611074288
371.06394181901754 300.0953441165783
371.58662761577233 299.242818716446
372.1043741977092 298.3872846862095
372.6175649391146 297.52901010139664
373.126549293913 296.6682343311926
373.63164517085943 295.8051710918574
374.13314173016335 294.9400114528275
374.6313023380623 294.07292667684663
375.12636745250467 293.2040708013056
375.6185572828954 292.33358290887975
376.10807413984327 291.46158907474796
376.59510445056094 290.5882040070703
377.079820456282 289.71353241510116
377.56238163071725 288.8376701468605
378.04293586721076 287.9607051385574
378.5216204816292 287.0827182138717
378.9985630722898 286.2037837651134
379.4738822704371 285.3239703417829
379.9476884069047 284.44334116611043
380.42008411365515 283.56195459017243
380.8911648733382 282.67986450528514
381.39700911076335 281.8172396694128
381.86706211980305 280.9346014826722
382.33579995044084 280.0512641483944
382.80354974718006 279.16740322740606
383.2703746630176 278.2830534674393
383.7363303788851 277.39824542563
384.2014676028214 276.51300683467906
384.66583244585314 275.62736283590976
385.1294667877804 274.7413362014423
385.59240865589896 273.8549475582711
386.0546926180341 272.96821561548757
386.5163501884347 272.0811573943477
386.9774102421347 271.1937884593031
387.43789943042987 270.30612314655104
387.89784258752906 269.41817478530606
388.35726311662694 268.5299559060632
388.8161833429701 267.6414784297853
389.27462482216526 266.75275383231246
389.7326085940566 265.86379327937203
390.1901553757533 264.97460772924256
390.6472856914554 264.0852080021985
391.10401994104785 263.1956048180488
391.56037841345756 262.30580880509984
392.0163812540109 261.41583048547216
392.4205406562635 260.50114191684844
392.8744613110307 259.6100998083173
393.32992101307553 258.7198434071534
393.785247926942 257.8295190833765
394.2403950296532 256.93910282403846
394.6953720063434 256.04859962321217
395.1501898087872 255.15801511482445
395.6048587414145 254.26735459492724
396.0593884393195 253.37662301149572
396.5137879418388 252.48582500290445
396.96807921953956 251.59497179669987
397.4223070794509 250.70408625338897
397.87653171844266 249.81319906786388
398.33080854158504 248.92233849069385
398.78516851811503 248.0315203208479
399.23960880810864 247.14074311928147
399.6940955263983 246.24998960517203
400.14857476717145 245.35923227586943
400.602986260106 244.4684403837369
401.0572751659773 243.57758596802003
401.5113997258295 242.68664776357542
401.9653344498363 241.7956128224306
402.4190697350084 240.90447630595864
402.8726092423197 240.01324013338268
403.32596632363555 239.12191114988627
403.77916034676326 238.23049924879828
404.232213593121 237.33901579075507
404.68514898587495 236.4474724491329
405.13798898055103 235.55588064835086
405.5907528375001 234.66425018126228
406.0434578253989 233.77258982331674
406.49612071231655 232.8809080915271
406.948764531229 231.98921668010698
407.4014083501414 231.09752526868687
407.65198784179523 230.6038930323679
407.72693044100265 230.45620407895302
407.2743020109689 231.3479200079836
407.7269236982368 230.45621736235853
407.72693044055325 230.45620407943028
407.2743082756437 231.34790648260778
407.2744192867652 231.3479652343475
407.7269294674326 230.45620599756197
407.72693044100265 230.45620407895302
408.25855284475125 231.30318555444853
408.79017508037987 232.150166762095
409.3217975084362 232.99714822233335
409.8534199121284 233.84412969786428
410.38504230977173 234.69111117719183
410.91666470744326 235.5380926565017
411.44828710664814 236.38507413484913
411.97990950737585 237.23205561224077
412.51153190924117 238.07903708891837
413.0431543118626 238.92601856512135
413.57477671495525 239.77300004102858
414.10639911832993 240.61998151675877
414.6380215218687 241.466962992386
415.16964392550096 242.31394446795449
415.7012663291857 243.16092594349004
416.2328887328996 244.00790741900738
416.7645111366294 244.85488889451472
417.29613354036786 245.7018703700166
417.827755944111 246.54885184551551
418.35937834785665 247.39583332101284
418.8910007516037 248.24281479650932
419.4226231553514 249.08979627200534
419.95424555909955 249.93677774750114
420.48586796284786 250.78375922299682
421.01749036659635 251.63074069849245
421.5491127703448 252.477722173988
422.08073517409326 253.32470364948358
422.6123575778418 254.1716851249791
423.14397998159035 255.01866660047463
423.6756023853389 255.86564807597017
424.20722478908743 256.71262955146574
424.7388471928359 257.5596110269613
425.2704695965845 258.4065925024568
425.802092000333 259.2535739779523
426.33371440408155 260.1005554534479
426.8653368078301 260.94753692894346
427.39695921157863 261.794518404439
427.9285816153272 262.6414998799345
428.4602040190757 263.48848135543005
428.99182642282426 264.3354628309256
429.5234488265728 265.18244430642113
430.05507123032135 266.0294257819167
430.5866936340699 266.8764072574122
431.11831603781843 267.7233887329077
431.64993844156703 268.57037020840323
432.1815608453155 269.4173516838988
432.7131832490641 270.2643331593943
433.2448056528126 271.1113146348898
433.77642805656114 271.95829611038533
434.3080504603097 272.80527758588084
434.83967286405823 273.6522590613764
435.3712952678068 274.499240536872
435.9029176715553 275.34622201236755
436.43454007530386 276.1932034878631
436.9661624790524 277.0401849633586
437.49778488280094 277.88716643885414
438.0294072865495 278.7341479143497
438.561029690298 279.5811293898453
439.09265209404657 280.4281108653408
439.6242744977951 281.27509234083635
440.15589690154366 282.12207381633186
440.6875193052922 282.96905529182743
441.21914170904074 283.81603676732294
441.7507641127893 284.66301824281845
442.2823865165378 285.509999718314
442.81400892028637 286.3569811938096
443.3456313240349 287.2039626693051
443.87725372778345 288.0509441448006
444.408876131532 288.8979256202962
444.94049853528054 289.74490709579175
445.4721209390291 290.5918885712873
446.0037433427776 291.4388700467829
446.53536574652617 292.28585152227845
447.0669881502747 293.132832997774
447.59861055402325 293.9798144732696
448.1302329577718 294.8267959487651
448.6618553615204 295.6737774242606
449.193477765269 296.5207588997562
449.72510016901754 297.36774037525174
450.2567225727661 298.2147218507473
450.7883449765146 299.0617033262429
451.3199673802632 299.90868480173833
451.8515897840117 300.7556662772339
452.38321218776025 301.6026477527294
452.9148345915088 302.449629228225
453.44645699525734 303.29661070372055
453.9780793990059 304.1435921792161
454.5097018027544 304.9905736547116
455.04132420650296 305.8375551302072
455.5729466102515 306.6845366057027
456.10456901400005 307.5315180811982
456.6361914177486 308.3784995566938
457.16781382149713 309.22548103218935
457.6994362252457 310.0724625076849
458.2310586289942 310.9194439831805
458.76268103274276 311.76642545867605
459.2943034364913 312.6134069341716
459.82592584023985 313.4603884096672
460.3575482439884 314.30736988516264
460.889170647737 315.1543513606582
461.4252167791751 315.998540051041
461.9678717903314 316.83849572776865
462.5210375374063 317.67156694697087
463.0866066443999 318.4962678534906
463.66491434384886 319.31208658627264
464.2556232078016 320.11897135998424
464.85827206645104 320.9169778469055
465.47250631539634 321.7061015934894
466.09881652920535 322.48567552589
466.73709195653345 323.25548360513386
467.38689434096307 324.0155867962793
468.04778431681905 324.7660696007546
468.7194309514992 325.5069412482907
469.4015931609978 326.2381421235172
470.0940660190678 326.9595860512319
470.79663633314794 327.67120038060784
471.5090586689164 328.3729513446245
472.2310486475451 329.06485485723283
472.9622867985033 329.7469771091666
473.70253967243 330.4193056617682
474.45250250137804 331.0807856351584
475.21141310769696 331.73198045363955
475.97756209425404 332.37464345272815
476.74906580550623 333.01086827425274
477.524291614346 333.64255248753403
478.30199007146075 334.27118999023446
479.08127558214153 334.89785903593804
479.86155250438605 335.52329322481216
480.6424353104268 336.1479707762177
481.4236817337011 336.7721935138051
482.2051430749442 337.3961471756602
482.9867298036245 338.0199437655441
483.76838887093925 338.6436497078636
484.55008926732523 339.2673038510311
485.3318130753009 339.8909286485208
486.1135500454808 340.5145369466165
486.8952943660693 341.13813603034544
487.6770427669019 341.7617299990428
488.45879342048966 342.385321143636
489.2405453117891 343.00891073659744
490.02229788010095 343.6324994808335
490.80405081723245 344.25608776270394
491.5858039545435 344.8796757936221
492.3675572001332 345.50326368879803
493.1493105041077 346.12685151078057
493.93106383947213 346.75043929341155
494.71281719166745 347.37402705494264
495.52572603449926 347.95641800031
496.3826266117288 348.47189971748696
497.28464849697434 348.9035900214528
498.2061465909637 349.2919729031223
