10.249393666720183
298582
871
0.0 100.0
0.0 101.0
0.0 102.0
0.0 103.0
0.0 104.0
0.0 105.0
0.0 106.0
0.0 107.0
0.0 108.0
0.0 109.0
0.0 110.0
0.0 111.0
0.0 112.0
0.0 113.0
0.0 114.0
0.0 115.0
0.0 116.0
0.0 117.0
0.0 118.0
0.0 119.0
0.0 120.0
0.0 121.0
0.0 122.0
0.0 123.0
0.0 124.0
0.0 125.0
0.0 126.0
0.9902444879610248 125.86065921608227
1.9804889759220496 125.72131843216454
2.9707334638830747 125.5819776482468
3.9609779518440993 125.44263686432907
4.951222439805124 125.30329608041134
5.941466927766149 125.16395529649361
6.931711415727174 125.02461451257588
7.921955903688199 124.88527372865815
8.912200391649224 124.74593294474042
9.902444879610249 124.60659216082269
10.892689367571274 124.46725137690495
11.882933855532299 124.32791059298722
12.873178343493322 124.18856980906948
13.863422831454347 124.04922902515176
14.853667319415372 123.90988824123403
15.843911807376397 123.7705474573163
16.834156295337422 123.63120667339857
17.824400783298447 123.49186588948082
18.475179904896933 122.73259878569488
19.076435434196625 121.93354197389327
19.622256662282425 121.09564031679328
20.109669356155575 120.22246858920968
20.539826228600504 119.31971443381165
20.91740624561551 118.3937374736496
21.249297994574093 117.45041999423282
21.542446101367965 116.49435295292078
21.803996673962946 115.52916317988377
22.040962251911644 114.55764513328481
22.259664653688045 113.58185352671237
22.46535267227779 112.60323591037357
22.66209410180345 111.62278050092948
22.85287117403345 110.64114711278941
23.039774733461208 109.65876884578977
23.22421841274833 108.67592576107532
23.407129825750303 107.69279636216913
23.589102658002595 106.7094928035861
23.770508938031682 105.72608456609467
23.95157762057317 104.74261411295299
24.132447425364308 103.75910706482634
24.313201262071345 102.77557869690008
24.493888092848206 101.79203801691585
24.674481266727824 100.80848013577815
24.854944161070744 99.82489834265397
25.035261716294563 98.8412898945009
25.215441843175547 97.85765626256412
25.395506060243576 96.87400140554786
25.5754533907537 95.89032515888829
25.755282240739852 94.90662724554667
25.93497824639666 93.92290505633318
26.114525021686184 92.93915561898487
26.29391573593327 91.95537771130351
26.473156975211843 90.97157255877488
26.652266166143505 89.98774335727505
26.831266446273016 89.00389433445014
27.010181887017648 88.02002987983093
27.18903430404862 87.03615396645456
27.367841725973616 86.05226987477275
27.54661808249334 85.06838013788679
27.72537359415405 84.08448661364196
27.904115457643087 83.100590609871
28.082848572830706 82.11669301685875
28.26157618355927 81.13279442393198
28.44030038693906 80.148895212058
28.6190225113818 79.16499562254965
28.797743383622773 78.18109580558381
28.97646351027605 77.19719585318568
29.155183197575496 76.21329582098139
29.333902628395485 75.22939574218915
29.512621910762977 74.24549563643143
29.69134110787035 73.26159551518674
29.87006025635776 72.27769538511055
30.048779377299944 71.29379525003095
30.227498482730212 70.30989511213372
30.40621757947345 69.32599497265853
30.584936671376735 68.34209483230421
30.763655760596308 67.3581946914624
30.9423748483344 66.3742945503515
31.121093935258052 65.39039440909265
31.29981302173571 64.40649426775279
31.478532107970015 63.42259412636873
31.657251194071993 62.438693984960636
31.83597028009952 61.45479384353901
32.01468936608039 60.47089370210891
32.19340845202722 59.48699356067263
32.37212753794633 58.50309341923132
32.55084662384212 57.51919327778577
32.729565709718614 56.53529313633672
32.90828479557974 55.55139299488487
33.087003881429126 54.56749285343089
33.26572296726989 53.58359271197535
33.44444205310455 52.5996925705187
33.62316113893502 51.61579242906129
33.801880224762684 50.631892287603364
33.98059931058852 49.6479921461451
34.15931839641317 48.66409200468663
34.3380374822371 47.68019186322803
34.51675656806057 46.69629172176935
34.695475653883776 45.712391580310616
34.87419473970675 44.72849143885184
35.05291382552946 43.744591297393015
35.231632911351824 42.760691155934126
35.41035199717379 41.776791014475165
35.58907108299536 40.792890873016134
35.767790168816575 39.80899073155704
35.94650925463739 38.82509059009787
36.12522834045768 37.841190448638606
36.30394742627721 36.857290307179206
36.48266651209568 35.87339016571961
36.66138559791276 34.889490024259764
36.84010468372823 33.905589882799624
37.01882376954198 32.92168974133917
37.197542855354044 31.93778959987841
37.37626194116453 30.953889458417365
37.55498102697366 29.969989316956074
37.73370011278166 28.986089175494577
37.91241919858877 28.002189034032916
38.091138284395214 27.018288892571135
38.26985737020119 26.03438875110927
38.44706073784956 25.05021449494623
38.62202658989011 24.065639992625698
38.79510441307091 23.080731841007996
38.97688977838859 22.09739360776558
39.161235939276295 21.114532227424505
39.16356869992475 21.11424997701687
39.23355396549675 20.72896089394891
40.19916584529608 20.988948773647717
41.16477772509546 21.248936653346547
42.130389604894845 21.508924533045374
43.096001484694234 21.768912412744204
44.061613364493624 22.028900292443026
45.027225244293014 22.288888172141842
45.9928371240924 22.548876051840672
46.958449003891786 22.8088639315395
47.924060883691176 23.068851811238325
48.88967276349056 23.32883969093716
49.85528464328995 23.588827570635978
50.82089652308934 23.848815450334808
51.78650840288873 24.108803330033634
52.75212028268812 24.36879120973246
53.71773216248751 24.628779089431287
54.6833440422869 24.888766969130113
55.64895592208629 25.148754848828936
56.61456780188568 25.408742728527766
57.58017968168506 25.6687306082266
58.54579156148445 25.928718487925423
59.51140344128384 26.18870636762425
60.47701532108322 26.448694247323076
61.44262720088261 26.708682127021905
62.408239080682 26.96867000672073
63.37385096048139 27.228657886419555
64.33946284028077 27.488645766118385
65.30507472008016 27.748633645817208
66.27068659987954 28.00862152551603
67.23629847967894 28.268609405214857
68.20191035947832 28.528597284913687
69.16752223927772 28.788585164612513
70.1331341190771 29.048573044311343
71.09874599887648 29.308560924010163
72.06435787867588 29.56854880370899
73.02996975847527 29.82853668340782
73.99558163827466 30.08852456310665
74.96119351807405 30.348512442805472
75.92680539787344 30.6085003225043
76.89241727767283 30.868488202203128
77.85802915747223 31.128476081901958
78.82364103727161 31.388463961600785
79.789252917071 31.648451841299615
80.7548647968704 31.908439720998437
81.72047667666978 32.168427600697264
82.68608855646917 32.42841548039609
83.65170043626856 32.68840336009492
84.61731231606794 32.94839123979375
85.58292419586732 33.20837911949258
86.5485360756667 33.468366999191396
87.51414795546609 33.72835487889022
88.47975983526547 33.98834275858904
89.44537171506485 34.24833063828787
90.41098359486423 34.508318517986694
91.37659547466362 34.768306397685514
92.342207354463 35.02829427738435
93.3078192342624 35.288282157083174
94.27343111406178 35.548270036782
95.23904299386116 35.808257916480834
96.20465487366056 36.068245796179646
97.17026675345996 36.32823367587848
98.13587863325934 36.58822155557731
99.10149051305872 36.84820943527614
100.06710239285812 37.10819731497496
101.03271427265751 37.36818519467379
101.99832615245691 37.628173074372626
102.9639380322563 37.88816095407144
103.92954991205568 38.14814883377027
104.89516179185507 38.4081367134691
105.86077367165446 38.66812459316793
106.82638555145384 38.92811247286676
107.79199743125322 39.18810035256558
108.7576093110526 39.4480882322644
109.72322119085199 39.70807611196323
110.68883307065137 39.968063991662056
111.65444495045075 40.22805187136088
112.62005683025015 40.4880397510597
113.58566871004953 40.74802763075853
114.55128058984893 41.00801551045736
115.51689246964831 41.26800339015619
116.48250434944771 41.52799126985501
117.44811622924709 41.78797914955384
118.41372810904649 42.04796702925266
119.37933998884589 42.3079549089515
120.34495186864527 42.56794278865032
121.31056374844465 42.82793066834915
122.27617562824405 43.087918548047966
123.24178750804343 43.3479064277468
124.20739938784281 43.60789430744563
125.1730112676422 43.86788218714446
126.13862314744159 44.127870066843286
127.10423502724099 44.387857946542105
128.0698469070404 44.647845826240946
129.03545878683977 44.90783370593976
130.00107066663915 45.167821585638585
130.96668254643853 45.42780946533742
131.93229442623792 45.68779734503624
132.8979063060373 45.94778522473507
133.86351818583668 46.20777310443389
134.82913006563606 46.46776098413272
135.79474194543545 46.727748863831536
136.76035382523483 46.98773674353038
137.72596570503424 47.24772462322918
138.69157758483362 47.50771250292801
139.657189464633 47.76770038262685
140.6228013444324 48.027688262325675
141.5884132242318 48.2876761420245
142.55402510403118 48.54766402172333
143.51963698383057 48.80765190142216
144.48524886362995 49.06763978112098
145.45086074342933 49.327627660819815
146.41647262322874 49.58761554051864
146.60596306001673 49.63863522856758
146.56273112741266 50.63770029151559
146.56273112741263 50.63770029151607
146.51949919480853 51.636765354464075
146.47626726220446 52.63583041741208
146.4330353296004 53.63489548036009
146.38980339699634 54.633960543308106
146.3465714643923 55.63302560625612
146.30333953178823 56.63209066920413
146.26010759918415 57.631155732152145
146.21687566658005 58.63022079510016
146.17364373397595 59.62928585804817
146.1304118013719 60.62835092099618
146.08717986876783 61.62741598394419
146.04394793616376 62.6264810468922
146.00071600355972 63.62554610984021
145.95748407095564 64.62461117278822
145.91425213835157 65.62367623573624
145.8710202057475 66.62274129868425
145.82778827314343 67.62180636163225
145.78455634053938 68.62087142458026
145.7413244079353 69.61993648752826
145.69809247533124 70.61900155047628
145.65486054272714 71.6180666134243
145.61162861012306 72.61713167637231
145.568396677519 73.61619673932032
145.52516474491495 74.61526180226832
145.4819328123109 75.61432686521633
145.4387008797068 76.61339192816433
145.39546894710276 77.61245699111234
145.35223701449866 78.61152205406034
145.3090050818946 79.61058711700835
145.2657731492905 80.60965217995636
145.22254121668644 81.60871724290436
145.17930928408236 82.60778230585237
145.1360773514783 83.60684736880037
145.09284541887422 84.60591243174838
145.04961348627018 85.60497749469639
145.00638155366607 86.60404255764439
144.96314962106203 87.6031076205924
144.91991768845793 88.6021726835404
144.87668575585388 89.60123774648841
144.8334538232498 90.60030280943641
144.79022189064574 91.59936787238442
144.7469899580417 92.59843293533243
144.7037580254376 93.59749799828043
144.6605260928335 94.59656306122844
144.61729416022945 95.59562812417644
144.5740622276254 96.59469318712445
144.5308302950213 97.59375825007245
144.48759836241723 98.59282331302046
144.44436642981316 99.59188837596847
144.4011344972091 100.59095343891647
144.357902564605 101.59001850186448
144.31467063200097 102.58908356481248
144.27143869939687 103.58814862776049
144.22820676679282 104.5872136907085
144.18497483418875 105.5862787536565
144.14174290140372 106.58534381659668
144.0985109687595 107.58440887954296
144.0552790361948 108.58347394249267
144.0120471036469 109.58253900544312
143.96881517108966 110.58160406839316
143.92558323851785 111.58066913134257
143.88235130593415 112.57973419429146
143.8391193733454 113.57879925724012
143.79588744075153 114.57786432018857
143.7934701255832 114.63372708148353
143.52451503824005 115.59687980088889
143.25555995088402 116.56003252033959
142.98660486352796 117.5231852397903
142.717649776172 118.48633795924103
142.448694688816 119.44949067869175
142.17973960146003 120.41264339814248
141.91078451410405 121.37579611759321
141.72170231702944 122.35775738095823
141.55539534291557 123.34383140980248
141.40687420606636 124.33274064320513
141.2705072508792 125.32339903716996
141.14185591932184 126.31508892563738
141.0178808594544 127.30737425986885
140.89665185616323 128.29999882573503
140.77699903109573 129.2928146200561
140.6582354442153 130.28573718019425
140.5399668379406 131.27871881988847
140.42197079769858 132.27173288549236
140.30412352666158 133.26476461746728
140.1863568578429 134.2578059115308
140.06863358634294 135.25085235120386
139.9509335553622 136.24390154570892
139.83525125714826 137.2371878115356
139.72201192266203 138.23075555111106
139.610802771429 139.22455257499573
139.50103196380164 140.2185095005176
139.3921955492103 141.2125691742087
139.2839344685167 142.2066916708896
139.176015112075 143.20085132230642
139.06829358168832 144.19503242848938
138.96068440139075 145.1892257016087
138.85313808960657 146.18342577745946
138.74562654576198 147.17762961367222
138.63813404610897 148.17183550910752
138.53065189534095 149.16604252339894
138.42317533075027 150.1602501415873
138.31570176428787 151.154458083877
138.20822979899668 152.14866619925144
138.10075868513914 153.14287440666385
137.99328802231975 154.1370826628321
137.8858175976292 155.1312909447413
137.77834729828248 156.1254992401997
137.67087706473464 157.11970754277073
137.56340686564343 158.11391584906642
137.45593668455604 159.10812415730823
137.34846651285673 160.10233246656483
137.24099634604363 161.09654077634966
137.13775607008836 162.0911972222749
137.03965608362557 163.08637378583333
136.94583288223112 164.08196266025894
136.8550413867937 165.07783258367076
136.76621996646745 166.0738801504522
136.67861177810548 167.0700351611468
136.59172426223904 168.06625328966413
136.50525396604743 169.06250771895242
136.41902062278388 170.058782686273
136.3329198728521 171.0550691214216
136.2468924496433 172.05136189087045
136.16090519046168 173.04765812756838
136.07493975642828 174.0439562476868
135.98898610294262 175.0402553842178
135.90303877192616 176.03655506618662
135.81709481734924 177.03285503942345
135.7376930410798 178.0296977340976
135.6662407633239 179.02714175358113
135.60140225580423 180.02503752366067
135.54125166213723 181.02322683740906
135.48414702301008 182.0215950361164
135.42891792987302 183.0200687449697
135.37480278310525 184.0186034468656
135.32133244995097 185.01717288534866
135.26822828063408 186.01576186345784
135.2153289819753 187.01436171535119
135.17223433229444 188.0134327094096
135.1409773865565 189.01294409170757
135.11954839838046 190.01271446457613
135.10507724043507 191.01260975188762
135.09512307971906 192.01256020800255
135.08794843748382 193.01253446992573
135.08242375709858 194.0125192087626
135.0938108830838 195.01245437334168
135.1251140041586 196.0119643105664
135.17281465619408 197.01082598657337
135.23207056099204 198.00906881161475
135.32002137856506 199.00519362994237
135.43824710479097 199.99818037590543
135.58044956258632 200.98801796914836
135.7714668649235 201.9696046388866
136.01180276227035 202.9402944227241
136.33132115411803 203.88787449705612
136.7591539760794 204.79173238215344
137.312153076941 205.62491423171946
137.99034476634597 206.35979927879967
138.77758578435896 206.97644470330056
139.64791222343993 207.46891997114318
140.57426371265123 207.84558018730092
141.53469673491995 208.1240912458529
142.5142562932744 208.32524559364688
143.50393315098538 208.4685624360323
144.49875049367753 208.57024062778888
145.49611812549307 208.64275136497074
146.4947396708845 208.69523954535458
147.4939807633759 208.7341912985446
148.49353343814667 208.76409866149405
149.4932473263908 208.78801814417687
150.4911928471439 208.72394991797393
151.48571621010873 208.61943541889775
152.47812348066262 208.49644025902649
153.4694477670271 208.36500145477171
154.46025261849385 208.22970272488138
155.45081482516807 208.09263881749246
156.4412649783679 207.95476752234202
157.43166365013334 207.81652689529884
158.42203872435667 207.67811731341553
159.41240299361397 207.53963043974724
160.40276231782585 207.40110820706747
161.39311937936728 207.26256979847597
162.38347540569862 207.1240239897728
163.37383095842569 206.98547479568379
164.3641862944853 206.8469240528557
165.35454153142356 206.70837260151373
166.3448967230158 206.5698208260422
167.33525189386322 206.43126890228848
168.3256070552203 206.292716910699
169.31596221223575 206.15416488807608
170.306317367265 206.01561285125607
171.29667252138563 205.87706080794126
172.28702767509054 205.73850876165514
173.2773828286053 205.59995671400975
174.26773798203308 205.46140466574252
175.25809313542106 205.32285261719085
176.24844828879085 205.18430056850897
177.23880344215232 205.04574851976759
178.22915859550994 204.90719647099894
179.21951374886584 204.76864442221782
180.20986890222093 204.63009237343107
181.20022405557566 204.49154032464168
182.19057920893022 204.35298827585112
183.1809343622847 204.21443622705993
184.17128951563913 204.07588417826855
185.16164466899357 203.93733212947708
186.151999822348 203.79878008068553
187.14235497570243 203.66022803189398
188.13271012905685 203.52167598310237
189.12306528241126 203.38312393431076
190.11342043576568 203.24457188551915
191.1037755891201 203.1060198367276
192.09413074247453 202.96746778793602
193.08448589582895 202.82891573914443
194.07484104918336 202.69036369035283
195.06519620253778 202.55181164156122
196.0555513558922 202.41325959276958
197.0459065092466 202.27470754397797
198.03626166260102 202.13615549518642
199.02661681595544 201.9976034463948
200.01697196930985 201.85905139760322
201.00732712266426 201.7204993488116
201.9976822760187 201.58194730002003
202.98803742937312 201.44339525122845
203.97839258272754 201.3048432024369
204.96874773608195 201.16629115364526
205.95910288943637 201.02773910485365
206.9494580427908 200.88918705606207
207.93981319614522 200.7506350072705
208.93016834949964 200.61208295847888
209.92052350285405 200.47353090968727
210.91087865620847 200.33497886089572
211.90123380956285 200.19642681210405
212.89158896291727 200.0578747633125
213.88194411627168 199.91932271452092
214.8722992696261 199.78077066572928
215.86265442298054 199.6422186169377
216.85300957633495 199.50366656814612
217.84336472968937 199.36511451935453
218.83371988304378 199.22656247056293
219.82095623337483 199.0673004581902
220.8066210774654 198.89858526882094
221.7915369467385 198.72555136909605
222.77610395776043 198.55054336697225
223.7605100987015 198.37463273716972
224.7448423896858 198.1983093384796
225.7291408476237 198.02179716977435
226.71342381991516 197.84519866905273
227.69769970730545 197.66856068474004
228.68197235388047 197.49190464265772
229.66624351815463 197.3152403418542
230.65051400447376 197.13857226391954
231.63478418072455 196.9619024585106
232.61905421516425 196.78523186303957
233.60332418474627 196.60856090623278
234.56625206298912 196.33880193733145
235.51643036082254 196.02709501997737
236.46019296259811 195.69647113776404
236.94981735873384 194.82453768232796
236.78204662741976 193.8387116420377
236.26649033087028 192.98185593359653
235.6249636053091 192.21475524894637
236.45347454315677 192.7747281285278
237.25915818535958 193.3670742002518
238.04713652612156 193.982777159876
238.82321673372502 194.61341137347858
239.59193452313897 195.2529994911282
240.35632884166387 195.8977485320789
241.1182723839566 196.5453919821025
241.87886103280067 197.1946260748992
242.63871434601916 197.84472063909035
243.39817416259848 198.4952748543571
244.15742572933178 199.1460721026711
244.91656806139875 199.7969967677929
245.67565351210374 200.447987765064
246.434709521962 201.09901309014597
247.19375037098553 201.7500560914244
247.95278344633155 202.40110815580232
248.71181255034531 203.05216485015393
249.47083963189812 203.70322390236765
250.22986568626555 204.35428415210754
250.9888912201543 205.00534500863697
251.7479164908473 205.6564061720075
252.50694162868058 206.30746749026957
253.26596669954915 206.9585288866009
254.02499173671043 207.60959032222914
254.78401675692444 208.26065177761495
255.5430417686263 208.9117132429245
256.30206677605645 209.56277471321408
257.06109178134454 210.21383618600095
257.8201167855592 210.8648976600392
258.5791417892363 211.5159591347042
259.3381667926443 212.16702060968294
260.0968428190789 212.81848871090767
260.8559042223634 213.46950774752938
261.61507745475177 214.12039637335178
261.6160207901881 214.12087322006622
262.3309626788819 214.73412195215906
263.30198485623674 214.97311134744348
264.27300703360453 215.21210074273108
265.2440292109723 215.45109013801869
266.2150513883401 215.6900795333063
267.1860735657079 215.9290689285939
268.1570957430757 216.1680583238815
269.12811792044346 216.4070477191691
270.09914009781124 216.6460371144567
271.07016227517903 216.8850265097443
272.04118445254676 217.1240159050319
273.0108759153053 217.36834860250264
273.9805673780637 217.6126812999733
274.9502588408222 217.85701399744403
275.9199503035807 218.10134669491475
276.8896417663392 218.34567939238545
277.8593332290976 218.59001208985615
278.82902469185615 218.83434478732687
279.7987161546146 219.0786774847976
280.7684076173731 219.3230101822683
281.73809908013163 219.56734287973904
282.7077905428901 219.8116755772097
283.6774820056485 220.05600827468044
284.647173468407 220.30034097215116
285.61686493116554 220.54467366962183
286.586556393924 220.78900636709253
287.5562478566825 221.03333906456328
288.52593931944097 221.277671762034
289.4956307821994 221.52200445950467
290.46623698717843 221.7626776712589
291.43684319215754 222.00335088301313
292.40744939713665 222.24402409476733
293.37805560211575 222.48469730652158
294.34866180709486 222.7253705182758
295.3192680120739 222.96604373003
296.289874217053 223.2067169417842
297.2604804220321 223.44739015353846
298.23108662701117 223.6880633652927
299.2016928319903 223.92873657704692
300.1737554509782 224.16345825215654
301.14581806996614 224.3981799272662
302.11788068895413 224.63290160237585
303.0899433079421 224.8676232774855
304.06200592693006 225.1023449525951
305.034068545918 225.3370666277048
306.006131164906 225.5717883028144
306.9802321842889 225.79790155770468
307.9543332036719 226.02401481259497
308.92843422305486 226.25012806748524
309.9025352424378 226.4762413223755
310.8766362618208 226.70235457726574
311.8534741924454 226.91633508407193
312.83031212307003 227.13031559087815
313.8071500536946 227.34429609768438
314.7866468747072 227.54575571553949
315.76614369571973 227.7472153333946
316.7480647828998 227.93650605834216
317.7299858700798 228.12579678328967
318.71449376439745 228.30113704114916
319.6990016587151 228.47647729900862
320.68628324325334 228.6354586590218
321.6749903310762 228.78531957617122
322.6647489841068 228.92807043869408
323.65529642752404 229.06524099799745
324.64584387094123 229.20241155730082
325.63749200689574 229.33138432364342
326.6294427919513 229.45800833411414
327.6215770707151 229.58318649875073
328.6138233828817 229.70747348918704
329.606133761574 229.83124793056967
330.5983890631299 229.955463133078
331.59045538492273 230.08117873737768
332.5822394694558 230.2091018770625
333.5737027653938 230.33948796837498
334.5648490134122 230.47226264607826
335.55570415548806 230.60719258131084
336.54629927692605 230.74401840264295
337.5366605615754 230.8825266185282
338.5268076319293 231.02255796883824
339.5167628543483 231.16393921796725
340.50657574510274 231.30631351795287
341.4963554642064 231.44891824315908
342.486265043541 231.59061871860487
343.4764696467769 231.73024265541542
344.4668210355192 231.86882161058588
345.4572582725539 232.00678566204567
346.4472491170963 232.1479172592241
347.4371161265572 232.2899148070231
348.42692863579805 232.43229175933772
349.41571331283797 232.58163988437144
350.4027791944213 232.74195502842844
351.38573962577476 232.92577230289797
352.36654963993624 233.1207382386935
353.34396174560567 233.33208055743447
354.31565194423763 233.56833922475207
355.2793350560256 233.83538764742966
356.2334312310923 234.1348880459654
357.1773859370058 234.4649630574155
358.1128352776913 234.8184238487503
359.0403630085035 235.19217819129946
359.96086113147624 235.58292517542554
360.87543125183856 235.98735254213105
361.78518159038686 236.40250832194295
362.6911024485261 236.82595536560754
363.5940148055946 237.25578006877504
364.4945644004158 237.69053336349202
365.39323925461036 238.12914880603637
366.2903968212449 238.57085945864787
367.18629275287356 239.0151234338824
368.0811003533894 239.46157540000996
368.97490436290076 239.91003319354397
369.8676575795177 240.36057918922046
370.7591375932884 240.8136392128899
371.6489598634527 241.269946486029
372.5366649356225 241.7303590236992
373.42184646351933 242.19560483256834
374.3042633195017 242.66607320799673
375.18389319565966 243.14173199428183
376.06091729928204 243.62217837179486
376.9356534539612 244.10677785559267
377.80391356437326 244.6028870982674
378.6673803528481 245.10729279331946
379.53156510289114 245.6104674327769
380.3964471647134 246.11244255082374
381.2614277189051 246.61424793229162
382.12591858192565 247.11689646531846
382.98875608251706 247.6223778671258
383.84978546454363 248.1309330787666
384.70875039364364 248.64296750200023
385.5653233858976 249.15899338210804
386.4202519678946 249.67773909985863
387.2720207888417 250.20165691370204
388.1204151051911 250.73102170662466
388.9654588484097 251.26571888451804
389.8072708560537 251.80548970976372
390.6460365180677 252.34998228476013
391.48198908999757 252.8987839770716
392.3153897557984 253.45145325452665
393.1465076177633 254.0075495587069
393.97560202014824 254.5666581992535
394.8029092361312 255.12840793924676
395.6286346610689 255.69248020643553
396.4529505465992 256.25861033358154
397.27599830514725 256.826582504686
398.0978937895652 257.39622082212384
398.9187338126186 257.9673789933459
399.73860244006113 258.53993067986465
400.5575919371596 259.11373918768095
401.3758447280137 259.6885977531208
402.193579222877 260.26419335413823
403.0110660376961 260.84014066735097
403.82856267139186 261.41607404361605
404.6462435573153 261.991745798
405.4641591830467 262.5670839847949
406.2822362136693 263.14219264580413
407.10147610256547 263.7156436066032
407.93070222262526 264.27455687519733
408.7728486553295 264.8138057842213
409.6318486577076 265.32578136558664
410.51113955580627 265.8020664866232
411.41226754367676 266.2356196546159
412.3345428699857 266.6221532527439
413.27551953289947 266.9606246988832
414.2318314195978 267.2529730790044
415.1999763170016 267.50336368911405
416.1768334773219 267.71725639196046
417.15989048422904 267.9005564769871
418.14726080533416 268.0589857956146
419.1375933240626 268.19769953808094
420.1299492818761 268.3211080183081
421.1236875071834 268.4328413596311
422.1183731826972 268.53579963723695
423.1137114299598 268.63224533976586
424.1095047069293 268.72387366258397
425.10562580233943 268.8118666354784
426.10199800903166 268.8969690780477
427.09857834559216 268.97959856903555
428.0953433456325 269.0599697995513
429.092278296238 269.13820472948146
430.0893704496149 269.2144099633848
431.0866058068831 269.2887177167773
432.0839684254777 269.3612973766696
433.08144108592273 269.4323487078654
434.07900641100565 269.5020869483954
435.0766448661291 269.5707711012907
436.0743315202304 269.6387515413313
437.0720351955405 269.7064817138741
438.0697209776823 269.7744749496562
439.06735461012744 269.8432291161801
440.0649068363337 269.91315447632184
441.0623564331644 269.984528853953
442.05968578485147 270.05756421705473
443.05687198271755 270.1325287872559
444.05388108811826 270.2098129625319
445.0506693653192 270.2898949857006
446.04718177754626 270.37333965166187
447.04334730947585 270.4608281251619
448.03907790214214 270.5531351499674
449.0342621268774 270.6511573864141
450.02875593064084 270.7559527788521
451.022366465188 270.86881599534394
452.014827891982 270.9913733954714
453.0057854917448 271.12554878618204
453.99478701781777 271.2734540985453
454.98127946838997 271.43726082906636
455.96461825771996 271.6190431862932
456.94409818641265 271.8205849171784
457.9190089537912 272.04318095409127
458.8887072165963 272.28748666240125
459.8526887863795 272.5534557078153
460.81064293508 272.8403770367322
461.76247645446665 273.14699235169877
462.70830475097875 273.4716596175527
463.6484161466003 273.8125269873941
464.5832205105108 274.16769005024554
465.51319386388445 274.5353169834468
466.438828050323 274.91373652958066
467.3605907847761 275.3014909123718
468.2788978291238 275.6973597950859
469.1940965038617 276.1003627550726
470.1064583911789 276.50974739886266
471.01617864292643 276.92496910296825
471.9233794335464 277.34566700586106
472.8281155015488 277.7716395956548
473.730380204313 278.20282216272557
474.630111014694 278.6392674271644
475.5271938521528 279.08112982965747
476.421465976136 279.5286534248639
477.31271729875766 279.98216316006824
478.2006899536966 280.442059413674
479.08507589678703 280.908815778027
479.9655122416917 281.38298014042766
480.84157402668893 281.86517900901566
481.7127642446807 282.35612463133594
482.5785011962972 282.85662391265987
483.4381034113203 283.367587739097
484.2907725684282 283.89003898899205
485.135575137907 284.4251171315115
485.9714238376368 284.974077012705
486.7970602923054 285.53827949827405
487.61104047384123 286.1191721424579
488.41172467674124 286.71825878663077
489.1972740691966 287.33705774591647
489.96565626144127 287.9770490010452
490.7146626754942 288.63961174653247
491.4419405004864 289.32595492984143
492.14503935400364 290.0370470491781
492.8214718889671 290.7735516490571
493.46878928104024 291.53577221681917
494.08467270310115 292.32360951628556
494.6670379591844 293.13653676303466
495.2141440970705 293.9736000066951
495.7246918644778 294.83344939885365
496.1978971857277 295.7144015677827
496.63352883667847 296.6145265950372
497.03190645268506 297.531748092313
497.3938622730839 298.4639433422899
497.72067536428534 299.4090323346178
498.01398941541294 300.365048478525
498.27572475737594 301.33018816311346
498.50799299543286 302.302839933065
498.71961889847876 303.2801906772505
498.90729766204385 304.26242113987456
499.07122579985844 305.24889342313077
499.21321397442273 306.2387617771476
499.3355612148088 307.23124913362625
499.44059211902464 308.2257180919953
499.5304918849731 309.22166891009954
499.6072581299261 310.2187180280651
499.6726920061409 311.2165749355641
499.72840087100195 312.21502199093356
499.77580514169347 313.2138977765647
499.8161482059563 314.2130836637578
499.85050907997635 315.2124931545755
499.87981703575275 316.2120635841742
499.90486711818886 317.2117497816231
499.92633555684006 318.21151930813505
499.9468725935416 319.2113084009559
499.96352934564817 320.2111696676371
499.9757115595199 321.2110954617164
499.98413972573013 322.21105994409277
499.9897802073434 323.21104403644983
499.99347544645394 324.2110372090305
499.9958618869652 325.2110343614773
499.99738787322985 326.21103319715957
499.99835682138075 327.21103272772916
499.99896896972655 328.2110325403664
499.99935428502306 329.21103246613245
499.99959616687806 330.21103243687907
499.99974770538904 331.2110324253971
499.9998425030075 332.2110324209038
499.999901739501 333.2110324191493
499.99993872393463 334.2110324184654
499.9999618007334 335.2110324181991
499.99997619288354 336.21103241809556
499.99998516550187 337.2110324180553
499.9999907578419 338.2110324180397
499.9999942426358 339.2110324180336
499.99999641379236 340.2110324180312
499.99999776633797 341.2110324180303
499.99999860884157 342.21103241802996
499.9999991336008 343.2110324180298
499.99999946043255 344.21103241802973
499.9999996639818 345.21103241802973
499.9999997896797 346.21103241802973
499.99999991537766 347.2110324180297
499.99999994571954 348.2110324180297
499.9999999760613 349.21103241802973
