0.9408430628288399
135330
1801
0.0 100.0
0.0 101.0
0.0 102.0
0.0 103.0
0.0 104.0
0.0 105.0
0.0 106.0
0.0 107.0
0.0 108.0
0.0 109.0
0.0 110.0
0.0 111.0
0.0 112.0
0.0 113.0
0.0 114.0
0.0 115.0
0.0 116.0
0.0 117.0
0.0 118.0
0.0 119.0
0.0 120.0
0.0 121.0
0.0 122.0
0.0 123.0
0.0 124.0
0.0 125.0
0.0 126.0
0.0 127.0
0.0 128.0
0.0 129.0
0.0 130.0
0.0 131.0
0.0 132.0
0.0 133.0
0.0 134.0
0.0 135.0
0.0 136.0
0.0 137.0
0.0 138.0
0.0 139.0
0.0 140.0
0.0 141.0
0.0 142.0
0.0 143.0
0.0 144.0
0.0 145.0
0.0 146.0
0.0 147.0
0.0 148.0
0.0 149.0
0.0 150.0
0.0 151.0
0.0 152.0
0.0 153.0
0.0 154.0
0.0 155.0
0.0 156.0
0.0 157.0
0.0 158.0
0.0 159.0
0.0 160.0
0.0 161.0
0.0 162.0
0.0 163.0
0.0 164.0
0.0 165.0
0.0 166.0
0.0 167.0
0.0 168.0
0.0 169.0
0.0 170.0
0.0 171.0
0.0 172.0
0.0 173.0
0.0 174.0
0.0 175.0
0.0 176.0
0.0 177.0
0.0 178.0
0.0 179.0
0.0 180.0
0.0 181.0
0.0 182.0
0.0 183.0
0.0 184.0
0.0 185.0
0.0 186.0
0.0 187.0
0.0 188.0
0.0 189.0
0.0 190.0
0.0 191.0
0.0 192.0
0.0 193.0
0.0 194.0
0.0 195.0
0.0 196.0
0.0 197.0
0.0 198.0
0.0 199.0
0.0 200.0
0.0 201.0
0.0 202.0
0.0 203.0
0.0 204.0
0.0 205.0
0.0 206.0
0.0 207.0
0.0 208.0
0.0 209.0
0.0 210.0
0.0 211.0
0.0 212.0
0.0 213.0
0.0 214.0
0.0 215.0
0.0 216.00000000000003
0.0 217.00000000000003
0.0 218.00000000000003
0.0 219.00000000000003
0.0 220.0
0.0 220.99999999999997
0.0 221.99999999999997
0.0 222.99999999999997
0.0 223.99999999999997
0.0 225.0
0.0 226.0
0.0 226.99999999999997
0.0 227.99999999999994
0.0 228.99999999999997
0.0 229.99999999999997
0.0 231.0
0.0 232.0
0.0 233.0
0.0 234.0
0.0 235.0
0.0 236.0
0.0 237.0
0.0 238.0
0.0 239.0
0.0 240.0
0.0 241.0
0.0 242.0
0.0 243.0
0.0 244.0
0.0 245.0
0.0 246.0
0.0 247.0
0.0 248.0
0.0 249.0
0.0 250.0
0.0 251.0
0.0 252.0
0.0 253.0
0.0 254.0
0.0 255.0
0.0 256.0
0.0 257.0
0.0 258.0
0.0 259.0
0.0 260.0
0.0 261.0
0.0 262.0
0.0 263.0
0.0 264.0
0.0 265.0
0.0 266.0
0.0 267.0
0.0 268.0
0.0 269.0
0.0 270.0
0.0 271.0
0.0 272.0
0.0 273.0
0.0 274.0
0.0 275.0
0.0 276.0
0.0 277.0
0.0 278.0
0.0 279.0
0.0 280.0
0.0 281.0
0.0 282.0
0.0 283.0
0.0 284.0
0.0 285.0
0.0 286.0
0.0 287.0
0.0 288.0
0.0 289.0
0.0 290.0
0.0 291.0
0.0 292.0
0.0 293.0
0.0 294.0
0.0 295.0
0.0 296.0
0.0 297.0
0.0 298.0
0.0 299.0
0.0 300.0
0.0 301.0
0.0 302.0
0.0 303.0
0.0 304.0
0.0 305.0
0.0 306.0
0.0 307.0
0.0 308.0
0.0 309.0
0.0 310.0
0.0 311.0
0.0 312.0
0.0 313.0
0.0 314.0
0.0 315.0
0.0 316.0
0.0 317.0
0.0 318.0
0.0 319.0
0.0 320.0
0.0 321.0
0.0 322.0
0.0 323.0
0.0 324.0
0.0 325.0
0.0 326.0
0.0 327.0
0.0 328.0
0.0 329.0
0.0 330.0
0.0 331.0
0.0 332.0
0.0 333.0
0.0 334.0
0.0 335.0
0.0 336.0
0.0 337.0
0.0 338.0
0.0 339.0
0.0 340.0
0.0 341.0
0.0 342.0
0.0 343.0
0.0 344.0
0.0 345.0
0.0 346.0
0.0 347.0
0.0 348.0
0.0 349.0
0.0 350.0
0.0 351.0
0.0 352.0
0.0 353.0
0.0 354.0
0.0 355.0
0.0 356.0
0.0 357.0
0.0 358.0
0.0 359.0
0.0 360.0
0.0 361.0
0.0 362.0
0.0 363.0
0.0 364.0
0.0 365.0
0.0 366.0
0.0 367.0
0.0 368.0
0.0 369.0
0.0 370.0
0.0 371.0
0.0 372.0
0.0 373.0
0.0 374.0
0.0 375.0
0.0 376.0
0.0 377.0
0.0 378.0
0.0 379.0
0.0 380.0
0.0 381.0
0.0 382.0
0.0 383.0
0.0 384.0
0.0 385.0
0.0 386.0
0.0 387.0
0.0 388.0
0.0 389.0
0.0 390.0
0.0 391.0
0.0 392.0
0.0 393.0
0.0 394.0
0.0 395.0
0.0 396.0
0.0 397.0
0.0 398.0
0.0 399.0
0.0 400.0
0.0 401.0
0.0 402.0
0.0 403.0
0.0 404.0
0.0 405.0
0.0 406.0
0.0 407.0
0.0 408.0
0.0 409.0
0.0 410.0
0.0 411.0
0.0 412.0
0.0 413.0
0.0 414.0
0.003794555597988548 413.000007199352
0.006385176102795448 412.0000105550149
0.008267042515784037 411.0000123257271
0.009732214430361666 410.00001339909204
0.01095201508025289 409.00001414304916
0.012025900682406752 408.0000147196645
0.013010757471527724 407.00001520463604
0.013938639665209987 406.0000156351188
0.014827496855413267 405.00001603015244
0.015687554537795946 404.0000164000021
0.01652498726283939 403.0000167506489
0.01734369180344072 402.00001708578753
0.018145837481132972 401.00001740750645
0.01893192522685399 400.0000177164735
0.01970025760266674 399.0000180116409
0.012806947393640562 399.99999425249587
0.010648909609668444 400.9999919239296
0.009080263053459738 401.99999069360285
0.007890896554103187 402.9999899863063
0.006951293831109429 403.99998954487955
0.0061813078243906205 404.99998924844033
0.005531005335398922 405.9999890369936
0.004968922037011841 406.9999888790248
0.004474878025008146 407.99998875698503
0.0040355932277083804 408.99998866049947
0.0036420176340636263 409.9999885830486
0.0032877093990913257 410.9999885202814
0.002967851878822526 411.999988469127
0.0026786593731432033 412.9999884273109
0.0024170187367570065 413.99998839308296
0.0021802736286540498 414.99998836505887
0.0019660949752289478 415.9999883421226
0.00177240634995564 416.99998832336496
0.0015973586992127627 417.9999883080441
0.0014393938969797311 418.99998829556773
0.0012975381492265907 419.9999882855062
0.0011723025397579634 420.9999882776642
0.0010680914499594258 421.99998827223425
9.990755393111564E-4 422.9999882698527
0.0010023151041195788 423.99998826984745
0.0011644459839242264 424.9999882567042
0.001671735336013952 425.99998812803295
0.0028959412119774503 426.99998737869265
0.005526717545100296 427.9999839181946
0.010755698952942483 428.99997024697785
0.020509678744377403 429.9999226757854
0.03772237415877367 430.99977452636955
0.06662513034607419 431.9993567544453
0.1130237577015028 432.99827975817453
0.18450942919814087 433.99572138492306
0.29052731197009024 434.9900856081997
0.4422032892378698 435.97851587782924
0.651818914565755 436.95629974434496
0.9318479213870867 437.9162912835465
1.2935512247291998 438.8485845423183
1.7452895765975802 439.74073501250325
2.29092537272366 440.57875743343595
2.928836887164056 441.34886710078496
3.6519960719736333 442.0395484986998
4.449195243240924 442.64326489017077
5.307019324192793 443.1572083171538
6.211876611510423 443.5829233504662
7.151503847845428 443.925123082695
8.115718549380096 444.1902457134612
9.096527221344614 444.38521840129005
10.087851321020192 444.5166586135632
11.085119533121407 444.59052412061794
12.084886806627768 444.6120972248373
13.084550180777319 444.58615231427785
14.08216845007433 444.517175588023
15.076360074757167 444.4095511790328
16.06624498937264 444.2676785043674
17.051402563870404 444.0960260840242
18.031830405242886 443.8991473196495
19.00789876973326 443.68168341956243
19.98029933526621 443.44836573881105
20.949986104815405 443.2040144159964
21.918104015649455 442.9535194844662
22.885900983090593 442.7017874249034
23.85462330770773 442.45364017469024
24.825401919029627 442.2136633262237
25.799144985713323 441.9860135072353
26.776457017014536 441.7742088956852
27.75760235441702 441.5809375142203
28.742521252474116 441.40792085534025
29.73089275839107 441.2558624248227
30.722226200724236 441.1244926942457
31.71595764720375 441.0126990795903
32.711530865570424 440.91870989472824
33.70845140345401 440.8402915222261
34.70631244366123 440.774920699709
35.70479801029444 440.71990639952105
36.70367145919682 440.6724529162152
37.702755928812444 440.62967181556485
38.701910535507935 440.5885613312673
39.70100337045726 440.54597603858394
40.69988086905522 440.49860787633685
41.69833322417008 440.4429940779987
42.696057018521095 440.3755609245368
43.69261876759516 440.2927075583864
44.687426219679814 440.1909326436145
45.67971762178853 440.06700616016104
46.668581747858894 439.91818499173706
47.65302131122735 439.74246149850137
48.63206676512004 439.53881965797717
49.60493458806674 439.30745803826693
50.571205373035056 439.0499298454089
51.53097881657473 438.7691542462625
52.48495511326892 438.46927222721894
53.4344035633888 438.1553492421335
54.381009246601735 437.83295556894967
55.326626675743555 437.5076746477397
56.27299919494614 437.1845971726689
57.22151172683838 436.867857568509
58.17302940461597 436.560263503422
59.127842756762405 436.2630574089978
60.08570570471037 435.97583176085953
61.04592946995417 435.6966000995798
62.007489927043586 435.4220067869118
62.969115880140265 435.1476429293597
63.92934397920904 434.86842617169856
64.88654436116965 434.5790001383594
65.8389336862244 434.2741156134622
66.78459698826322 433.9489680789843
67.7215380380144 433.5994806410253
68.64777241197028 433.2225325219126
69.56146987996189 432.81613747151744
70.4611430450626 432.3795733914585
71.34586697785691 431.91345799508014
72.21550134885996 431.4197616706355
73.07087823170505 430.9017555043651
73.91391891778123 430.363905709701
74.74765017808781 429.8117352780518
75.57610206296106 429.25167503624743
76.40408482967509 428.69092149143063
77.23686203451093 428.13731321195337
78.07975279564528 427.59922849297845
78.93770049152482 427.08549144824156
79.81484033539596 426.6052564075649
80.71409533372871 426.1678316163452
81.63683599951383 425.7824102058003
82.58265020749843 425.45770189981715
83.54927191018733 425.2014940078801
84.53270073313463 425.0201993576654
85.52751192622101 424.91846101626913
86.52732015230521 424.89887757800176
87.52533268425073 424.96189333856745
88.51491366557775 425.105870702746
89.49008266975318 425.32733269337996
90.44588686981288 425.621336657891
91.37861278897833 425.9819227914527
92.28583448229395 426.4025756164492
93.16632334919696 426.87664244218143
94.01986418333905 427.3976683959035
94.84702805935652 427.9596291794211
95.64894544942919 428.5570641126975
96.42710787687427 429.1851271959246
97.18321085134164 429.83957986189955
97.91904028159394 430.5167467907838
98.6364003876943 431.21344936590157
99.33708094914769 431.9269244886643
100.02286169135728 432.65473268703425
100.69554910702325 433.39465946773936
101.35703601624428 434.14461617910956
102.00936872938756 434.9025489144912
102.65480316103843 435.66636459542445
103.29583099354603 436.43388222906594
103.93516008610966 437.20281545854806
104.57563955803492 437.9707907485427
105.22012971478021 438.7354033549379
105.8713303336503 439.49430898410606
106.53159548001058 440.24534156429274
107.20277341429401 440.9866378481975
107.88610973566895 441.7167415886959
108.58223774409703 442.4346592691315
109.29125599477503 443.1398493996676
110.01286860387509 443.8321464763535
110.74654875807134 444.51164145892403
111.49168486718959 445.1785538811267
112.24768013199808 445.8331309656531
113.0139939225725 446.47559744289174
113.79013048317738 447.10616230021606
114.57559218003726 447.7250725705832
115.36981877610957 448.33269425723654
116.17213176874395 448.92959781883593
116.9816961981902 449.5166288525772
117.79750464662557 450.0949510598816
118.61838198801784 450.66605559531166
119.4430062136145 451.23173650055696
120.26994044628185 451.79403515326993
121.09767324963991 452.35515760536487
121.92466741061487 452.9173681155061
122.74942081323569 453.48286066617806
123.57054599836891 454.0536087983169
124.38687587281196 454.6311947539042
125.19760363195228 455.2166181054706
126.0024592125059 455.8100888245897
126.80190671841439 456.41082477764786
127.59732305550722 457.0168881824875
128.3911012701582 457.62509550400335
129.18662350804146 458.2310198961788
129.98806967465808 458.8290868171964
130.80006564543137 459.412749856499
131.62721570466732 459.9747309767388
132.473593242963 460.507314362387
133.34227559173323 461.0026838981227
134.23500243866565 461.4532821413129
135.15201177598215 461.852147877212
136.09206737772823 462.19316908714745
137.05264093249275 462.47119506774465
138.03016905387798 462.68200012437535
139.02029846945294 462.8221562530791
140.01806807096466 462.8889081991117
141.01802952863085 462.8801284962614
142.01434576346688 462.7943732620063
143.00091112617167 462.6310062362293
143.97151920642938 462.39034058737514
144.92008378397097 462.0737568824355
145.84090278272615 461.68376666264584
146.72894021247586 461.223995498518
147.58008635613405 460.69906670131235
148.39134986959982 460.1143860092084
149.16094513539733 459.47585399993864
149.88826271843604 458.7895529483565
150.57373903681332 458.06145802532524
151.2186597066372 457.2972085047929
151.82493597900708 456.5019544060538
152.3948894211697 455.68027741734903
152.93106996419448 454.836174091161
153.4361189140205 453.9730833900875
153.91267525309078 453.0939394566545
154.3633148786228 452.2012334984015
154.7905102987205 451.2970741800026
155.19660132108518 450.3832415467733
155.58377217676104 449.4612335595437
155.9540344745742 448.5323063122212
156.30921713031924 447.59750939253337
156.6509642066256 446.65771742840724
156.9807404085286 445.7136582900804
157.29984275783815 444.76593803037025
157.60941626364567 443.815062515646
157.91047133084183 442.86145575889793
158.20390104219473 441.90547510820704
158.49049706057772 440.94742358441147
158.77096351003115 439.9875597551466
159.045928678462 439.0261055668725
159.3159546971112 438.06325254109316
159.58154550673964 437.0991666933385
159.84315345960644 436.13399247124335
160.1011848760916 435.167855944604
160.35600481341638 434.2008674237095
160.6079412370114 433.2331236360952
160.8572887266522 432.2647095565766
161.10431180488158 431.29569995970866
161.34924794455043 430.3261607457085
161.59231029307253 429.35615007838004
161.83369014001542 428.38571936499045
162.07355914899313 427.4149141020607
162.31207137222952 426.4437746067425
162.54936506505695 425.4723366502346
162.7855643170771 424.50063200717415
163.02078051623062 423.5286889328865
163.25511366139114 422.5565325786517
163.48865353827367 421.5841853536823
163.72148077245603 420.61166724124274
163.9536677722184 419.63899607525633
164.18527957277783 418.6661877828155
164.41637459237822 417.69325659721403
164.6470053096298 416.7202152454411
164.87721887050174 415.7470751135019
165.1070576324639 414.7738463924401
165.3365596524537 413.8005382075261
165.56575912461204 412.8271587327258
165.7946867730767 411.853715292269
166.02337020454527 410.8802144508868
166.25183422480316 409.9066620940782
166.48010112295995 408.9330634995815
166.70819092673483 407.959423401078
166.93612163177463 406.9857460450201
167.163909407671 406.0120352413663
167.3915687830661 405.03829440890894
167.61911281198053 404.06452661579533
167.84655322328092 403.09073461577304
168.07390055500127 402.1169208806267
168.3011642750585 401.14308762921985
168.52835288974305 400.1692368535064
168.75547404122332 399.1953703418374
168.98253459517886 398.2214896998502
169.20954071955924 397.2475963691955
169.43649795536945 396.27369164433105
169.6634112802863 395.29977668758426
169.89028516583227 394.32585254266473
170.11712362875753 393.35192014678825
170.34393027721651 392.37798034155657
170.57070835226483 391.4040338827215
170.7974607651503 390.4300814489494
171.02419013082297 389.45612364968827
171.25089879804742 388.48216103223047
171.4775888764601 387.5081940880536
171.70426226088165 386.5342232585136
171.93092065316216 385.5602489399564
172.15756558180843 384.58627148830834
172.3841984196184 383.6122912231971
172.61082039952495 382.6383084316534
172.83743262882973 381.66432337143453
173.06404981504892 380.6903394645295
173.2907653485931 379.7163784453661
173.5179101452212 378.7425174484241
173.7463130167778 377.76895074384515
173.97761550559602 376.7960688606411
174.2145555303713 375.82454458165506
174.4611403240062 374.8554233614003
174.7226531871772 373.8902233705196
175.00545740514758 372.93104571528664
175.3165860709366 371.9806779163139
175.66315195808988 371.0426522845417
176.0516655530522 370.1212092930715
176.48738571674792 369.2211271085189
176.9738271799404 368.34741393883036
177.51251421999936 367.50490799055905
178.10300684409648 366.69786495522146
178.74315640577552 365.929614645308
179.42950291860126 365.20233996244605
180.1577206579722 364.5169941197757
180.92304075019015 363.8733442487686
181.72060863806385 363.2701150516696
182.5457576553697 362.70519992597445
183.39419537434887 362.17590469926876
184.26210956374655 361.6791905361506
185.14620743552982 361.21188875666724
186.04370551857625 360.7708703999881
186.95228784872037 360.3531645832344
187.87004781510714 359.95602903446326
188.7954251954576 359.57698193457236
189.72714589789217 359.2138063122423
190.66416848599235 358.8645375484084
191.60563902910178 358.52744228523017
192.55085422321918 358.20099437696666
193.49923187927786 357.8838511577602
194.45028754518236 357.57483154616415
195.40361603323993 357.2728964639728
196.35887678363574 356.97713152562955
197.31578219366477 356.68673173868547
198.27408822821974 356.40098789512007
199.23358679725462 356.1192743952305
200.19409954832943 355.841038425193
201.1554728322777 355.56579052073135
202.1175736449499 355.29309650492706
203.08028635112447 355.02257063671834
204.04351000795327 354.7538697120357
205.00715615792006 354.48668794309515
205.97114700977085 354.2207525420144
206.935413941868 353.95581993989845
207.89989625188394 353.6916724930693
208.86454007818364 353.4281155004058
209.82929745999016 353.16497448450406
210.79412553604115 352.9020927931223
211.75898587756336 352.63932955110084
212.72384392292332 352.37655787777186
213.68866847130457 352.1136632394832
214.65343120704492 351.8505418535663
215.6181062565126 351.587099167324
216.58266979757303 351.3232484988448
217.54709974484342 351.0589099341062
218.51137551907084 350.7940095165186
219.47547789351745 350.5284787055259
220.43938889593107 350.2622540270568
221.40309174236972 349.9952768299668
222.36657080472585 349.7274931553312
223.329811618485 349.4588537414162
224.29280090854527 349.18931408342655
225.25552657526515 348.91883434178453
226.21797757113396 348.6473788563893
227.1801436421565 348.374915185833
228.1420149795797 348.1014128453608
229.10358188471605 347.82684211322334
230.06483454861532 347.5511732608904
231.02576300112364 347.27437638742543
231.98635721483345 346.996421792955
232.94660730158097 346.7172806621602
233.9065037209378 346.43692577258986
234.86603743718493 346.1553320095464
235.8251999899952 345.87247657423273
236.7839834778688 345.5883388903874
237.7423804730436 345.3029002811561
238.70038388030636 345.0161434648938
239.65798675622025 344.72805193075664
240.6151821243134 344.43860931588966
241.57196284407362 344.1477989751259
242.52832158140336 343.85560389383073
243.4842508740325 343.56200691242
244.43974324459057 343.2669910996144
245.39479131237107 342.9705401117113
246.34938788791123 342.67263848706483
247.30352605611813 342.37327189579116
248.25719923692398 342.0724273109777
249.21040120290834 341.77009303894835
250.16312604730703 341.4662585924721
251.11536810822375 341.16091443022054
252.06712187243338 340.8540516395261
253.01838189350568 340.54566167161283
253.96914274299607 340.23573618528377
254.9193989991636 339.92426700925756
255.86914527135613 339.6112462136922
256.81837624339767 339.2966662370295
257.7670867193393 338.98052001636796
258.7152716650936 338.6628011018462
259.66292623678186 338.3435037282924
260.61004577436273 338.0226227822508
261.55662575784766 337.70015365990633
262.5026617573286 337.3760921106814
263.4481494122633 337.05043416994283
264.3930844462617 336.72317619597965
265.33746271189233 336.3943149921192
266.2812802690825 336.0638480213951
267.2245334960669 335.7317737077489
268.1672192071768 335.39809174828866
269.1093347504719 335.06280336035684
270.0508780787553 334.7259114474753
270.9918477947156 334.3874206888932
271.9322431580151 334.0473375215874
272.8720640493453 333.7056700045194
273.81131090803274 333.3624276142968
274.74998466230323 333.0176210264192
275.68808665274906 332.6712618840227
276.625618537248 332.32336252278736
277.56258219012045 331.9739356875331
278.49897963962206 331.62299435829584
279.4348130822247 331.2705517846665
280.37008497223826 330.9166217184805
281.3047981475263 330.5612187360184
282.23895594268606 330.2043585200483
283.17256227016264 329.8460580521505
284.1056216811205 329.48633574866784
285.03813941645063 329.1252115687869
285.9701214367638 328.7627070670038
286.90157441309617 328.3988453448049
287.8325056784844 328.03365090464627
288.76292316618566 327.6671494741174
289.6928353771644 327.2993679086839
290.6222514095492 326.93033425338126
291.55118104526224 326.56007794770363
292.4796348542952 326.1886300718287
293.40762427518604 325.816023530401
294.3351616585658 325.44229314304545
295.2622602947361 325.06747569573116
296.1889344639829 324.6916100494547
297.1151995413521 324.31473738336405
298.041072156584 323.9369015719808
298.9665703824787 323.5581496295888
299.8917139242809 323.1785321549361
300.81652429858616 322.798103749612
301.74102500566204 322.4169234213995
302.66524170705026 322.0350550031255
303.58920242446544 321.65256762728995
304.5129377811781 321.2695363090418
305.4364813070571 320.8860426900505
306.35986981564014 320.50217596550044
307.28314383885385 320.11803396303424
308.20634808210417 319.73372428940564
309.12953184649547 319.3493654243273
310.0527493045814 318.9650874974496
310.9760594940425 318.58103243103676
311.8995259903617 318.1973533591865
312.8232163619475 317.8142135708066
313.7472015681622 317.43178535702475
314.6715553933693 317.0502489815309
315.59635388885744 316.6697917004297
316.5216747140828 316.29060656041986
317.44759627316796 315.91289070634264
318.374196613458 315.53684309050874
319.30155214124704 315.1626616838633
320.22973627283665 314.79054044304894
321.1588181584509 314.42066634308594
322.0888615967644 314.0532167508287
323.0199242155174 313.68835732589804
323.9520569466308 313.3262405331543
324.8853037848201 312.96700476237197
325.81970179252664 312.6107739899869
326.7552813011782 312.25765788586335
327.6920662564969 311.9077522593174
328.630074660016 311.56113974522214
329.5693190667691 311.21789064561216
330.509807107841 310.87806385943907
331.45154201465385 310.54170784969614
332.3945231288113 310.20886161140834
333.3387463868487 309.87955561543924
334.28420473715636 309.55381260656026
335.2308884417247 309.2316481089743
336.17878528546555 308.91307068725996
337.12788079652887 308.59808225750515
338.07815858638514 308.2866787859351
339.02960084119 307.97885150356404
339.9821888991561 307.6745884729138
340.9359037967749 307.3738761617924
341.89072667959795 307.07670068764037
342.84663902867476 306.7830485449911
343.80362271522023 306.4929068146491
344.76165993715006 306.2062629914174
345.72073310358184 305.9231046233077
346.6808247231908 305.6434189390896
347.6419173310044 305.36719258407226
348.60399346620716 305.0944115178794
349.56703569699516 304.8250610738128
350.5310266793679 304.55912614586236
351.49594923409603 304.2965914560077
352.46178642782394 304.0374418559466
353.42852164817185 303.78166262743326
354.3961386670436 303.5292397584421
355.36462169003886 303.2801601844703
356.3339553923757 303.0344119931972
357.3041249430079 302.7919845957643
358.27511601893303 302.55286886965314
359.24691481144794 302.3170572777699
360.21950802571314 302.08454396725773
361.19288287468703 301.85532485072287
362.1670270683724 301.62939767239095
363.1419287993132 301.4067620620122
364.11757672525476 301.1874195795654
365.0939599497219 300.97137375345636
366.0710680009603 300.7586301138213
367.0488908093342 300.5491962210917
368.0274186830296 300.3430816888501
369.00664228189106 300.14029819979623
369.98655258943097 299.94085951453934
370.96714088340264 299.74478147465294
371.9483987056774 299.552082003391
372.9303178323924 299.36278110906886
373.91289024535337 299.1769008968673
374.8961081054492 298.9944655943939
375.8799637283929 298.81550159465644
376.8644495625061 298.6400375173343
377.8495581676485 298.4681042858918
378.83528219389746 298.29973521487335
377.9415527432336 298.74834157797596
377.01755979891925 299.13075109519184
376.07432997213357 299.4628918693552
375.11941064564644 299.75975729324506
374.1573635937907 300.03264091315583
373.1909013722344 300.2894497414785
372.22165981678563 300.53556111299804
371.25064604281107 300.77458464897654
370.27849194573616 301.0089271580108
369.3055998818939 301.24018682183646
368.3322287221167 301.4694216039137
367.35854613710217 301.6973299706741
366.3846611423188 301.9243718543338
365.41064473710685 302.1508493198309
364.43654316921334 302.37696021171223
363.4623865356689 302.6028337456228
362.4881943897534 302.82855406556905
361.5139794063675 303.05417579800314
360.5397497802694 303.27973429514475
359.56551079449486 303.50525236226355
358.5912658446199 303.7307446628931
357.6170171062497 303.9562205946109
356.6427659688827 304.1816861603611
355.6685133171 304.40714518212405
354.69425971223455 304.6326000853901
353.7200055093594 304.8580524044736
352.7457509323706 305.08350310688195
351.7714961220121 305.30895280081234
350.7972411664889 305.5344018674294
349.82298612091574 305.75985054490434
348.8487310196312 305.9852989816277
347.8744758839692 306.210747269792
346.9002207271478 306.4361954665178
345.92596555733473 306.6616436071012
344.95171037956396 306.88709171329606
343.97745519693024 307.11253979847595
343.0032000113314 307.33798787084254
342.02894482392867 307.5634359354136
341.0546896354308 307.78888399525215
340.08043444626946 308.0143320522235
339.1061792567069 308.23978010746134
338.13192406690234 308.46522816165316
337.157668876952 308.6906762152149
336.18341368691404 308.916124268398
335.2091584968235 309.1415723213538
334.2349033067014 309.3670203741736
333.26064811656056 309.592468426912
332.28639292640844 309.8179164796018
331.3121377362496 310.0433645322627
330.3378825460868 310.2688125849063
329.3636273559216 310.4942606375398
328.38937216575505 310.7197086901672
327.4151169755876 310.9451567427909
326.44086178541966 311.1706047954126
325.4666065952515 311.39605284803304
324.4923514050831 311.6215009006527
323.51809621491464 311.84694895327186
322.54384102474614 312.0723970058908
321.56958583457754 312.29784505850955
320.59533064440893 312.5232931111283
319.6210754542403 312.7487411637469
318.6468202640717 312.9741892163655
317.6725650739031 313.1996372689841
316.6983098837345 313.42508532160264
315.7240546935659 313.65053337422125
314.7497995033973 313.87598142683987
313.7755443132287 314.1014294794585
312.8012891230601 314.3268775320771
311.8270339328915 314.5523255846957
310.8527787427229 314.77777363731434
309.87852355255427 315.00322168993296
308.90426836238566 315.2286697425515
307.93001317221706 315.4541177951701
306.95575798204845 315.6795658477887
305.98150279187985 315.90501390040725
305.00724760171124 316.1304619530258
304.03299241154264 316.35591000564443
303.05873722137403 316.58135805826305
302.0844820312054 316.80680611088167
301.1102268410368 317.0322541635003
300.1359716508682 317.2577022161188
299.1617164606996 317.48315026873735
298.187461270531 317.7085983213559
297.2132060803624 317.9340463739745
296.2389508901938 318.1594944265931
295.2646957000252 318.38494247921165
294.2904405098566 318.61039053183026
293.316185319688 318.8358385844489
292.34193012951937 319.0612866370675
291.36767493935076 319.2867346896861
290.39341974918216 319.5121827423046
289.41916455901355 319.73763079492323
288.44490936884495 319.9630788475418
287.47065417867634 320.18852690016035
286.49639898850774 320.4139749527789
285.52214379833913 320.6394230053975
284.5478886081705 320.864871058016
283.5736334180019 321.0903191106346
282.5993782278333 321.3157671632532
281.6251230376647 321.54121521587183
280.6508678474961 321.76666326849045
279.6766126573275 321.992111321109
278.7023574671589 322.2175593737276
277.7281022769903 322.4430074263462
276.75386142263153 322.6685174210211
275.7797165991816 322.8944418839412
274.80591015612714 323.1218204481587
273.8329411402709 323.35275614090415
272.86161268766796 323.5904976752728
271.8929982881368 323.8390658651543
270.92831868647573 324.1024918815972
269.96873767992656 324.3839244523315
269.0151082582114 324.68490771771224
268.06773286637457 325.0050324854857
267.12621455547776 325.3419943086141
266.18944380764685 325.691937969806
265.2557080300994 326.0499009535457
264.32287415635176 326.41020771727494
263.38860878360094 326.7667861985085
262.4506407137055 327.11350784458307
261.50707607703055 327.4446962749613
260.5567201685785 327.75586125896564
259.5992971903334 328.0445500892454
258.63547054241735 328.31107999894937
257.6666641121318 328.5588986839539
256.69479576897214 328.7944234672869
255.72206900214746 329.0263774219908
254.7509040521473 329.2647859786558
253.7839826933735 329.5198606460516
252.8243089467401 329.80097681425013
251.87519133935237 330.1158986574852
250.9401125860232 330.47033867366906
250.0225198375257 330.86786043144446
249.12560498010555 331.3100637088396
248.25215132481122 331.796971001918
247.4051386893418 332.32854375832596
246.59110404363702 332.90936007661617
245.83061587953165 333.55871187052736
245.1884245972307 334.32525629646534
244.86184734452013 335.27042680913064
245.29506320274442 336.1717170066714
246.29372522448352 336.1200046644695
247.1287445261421 335.5697840124964
247.92411285130328 334.9636576004912
248.71130693361658 334.34695226017794
249.4947373217916 333.7254727135444
250.27528580703955 333.1003774710596
251.0532945577518 332.47212403190053
251.82904166975064 331.841080120413
252.60289721473015 331.20771798426614
253.37505767299226 330.57229039067545
254.14572405855097 329.93505156404143
254.91498256081823 329.2961138857898
255.68297212406662 328.6556515287839
256.44975972692737 328.0137506235819
257.21546380996017 327.37055760649696
257.98013951433654 326.72614231560414
258.7438849722515 326.0806247902694
259.506742328234 325.4340579689559
260.2687919645668 324.7865393578218
261.030124518174 324.1381777744303
261.79074124343475 323.4889765750679
262.5506817464091 322.8389839351565
263.3100122679445 322.18827881064556
264.0687348454714 321.53686492504676
264.8268858768037 320.88478593160363
265.58452385482 320.23211090200056
266.34165140620144 319.5788438272607
267.09829865721883 318.92502050439145
267.85451540933457 318.27069931123054
268.6103377055556 317.6159225122103
269.365752678182 316.9606758265019
270.1207783545577 316.30498060155867
270.8754548316308 315.6488834936909
271.62981339365683 314.9924208824951
272.3838698465872 314.33561127096823
273.1376119426652 313.67844093338454
273.8910554766779 313.0209283167341
274.6442325766533 312.3631105181966
275.39716770398746 311.7050157727182
276.14987345171943 311.0466586831905
276.9023408750223 310.38802921462116
277.65458173993875 309.7291409986469
278.40662018996835 309.0700217608173
279.158474889789 308.4106929275652
279.9101556594866 307.75116580873936
280.6616677425526 307.09144648280915
281.41300417699506 306.43152712237236
282.1641740367537 305.7714181603138
282.9151954380571 305.1111402985129
283.66608253261575 304.45070970320006
284.41684310153795 303.79013528032885
285.1674816255029 303.12942217591836
285.9179605431532 302.4685277863504
286.66818147601043 301.80734055726714
287.41808907774606 301.14579797446606
288.1676726586773 300.48388827126
288.91693336421713 299.8216131055366
289.6658705446945 299.1589721019013
290.4144825145905 298.4959637169404
291.16275415626916 297.8325712612557
291.91066111587645 297.16876769108535
292.6580914455338 296.50442749035363
293.4049657283286 295.83946222381735
294.1512706472091 295.17385801104916
294.89702526869894 294.5076372934738
295.6421991071842 293.8407670284019
296.38679946344183 293.17325649705356
297.13077387982537 292.50504839491265
297.8740160507418 291.83602591743414
298.61637937617036 291.1660283853054
299.35765090706235 290.4948231130608
300.09733005054227 289.82186340795147
300.8342707104964 289.14590596572134
300.0182028631009 289.7238620786289
299.2088728513402 290.3112162580329
298.40640172216854 290.90790720554764
297.61064184601906 291.51351947384353
296.8212111800914 292.12735921163585
296.03755323647215 292.7485517964294
295.25900390877086 293.37613521266655
294.4848536874882 294.00913713595594
293.71439882941627 294.6466316941079
292.946978837916 295.28777641774343
292.18200033701004 295.931832232989
291.4189491276143 296.57817026516705
290.65739303228924 297.2262692650685
289.89697828509406 297.875707031331
289.1374219486935 298.5261485520181
288.37850235517135 299.1773328965537
287.620049027051 299.82906025447505
286.86193303818425 300.48117998843856
286.10405836830586 301.1335801606923
285.346354503332 301.78617869961477
284.5887703284129 302.4389161797032
283.83126923502823 303.0917500739834
283.07382529712766 303.7446502814712
282.31642034603533 304.39759571568516
281.559041774457 305.0505717484107
280.80168091512706 305.70356832478376
280.0443318615599 306.3565785935092
279.28699062197006 307.0095979246293
278.52965451976496 307.66262321380026
277.77232177361316 308.31565239508245
277.01499120642086 308.9686841033449
276.2576620456397 309.62171744263964
275.50033378458016 310.274751825349
274.743006073165 310.9277868454839
273.98567860123103 311.5808221433462
273.22835093974504 312.23385722138426
272.47102232458747 312.8868911934435
271.7136914016228 313.5399224891112
270.9563559864115 314.1929485750119
270.19901290986496 314.84596577570954
269.44165801252814 315.4989692668793
268.684286317546 316.15195327559616
267.9268923682653 316.8049114714961
267.1694706765858 317.4578374864268
266.4120162046892 318.1107254729941
265.6545248003663 318.76357060959003
264.89699352220407 319.4163694780066
264.1394208180748 320.06912027115686
263.3818065500804 320.7218228228075
262.6241518842819 321.3744784804048
261.8664590800672 322.02708986127493
261.1087312208549 322.67966054049174
260.3509719263466 323.3321947170574
259.5931850793402 323.9846968967504
258.83537459009324 324.6371716183967
258.0775442108667 325.28962323830524
257.31969740428343 325.94205577715627
256.5618372624069 326.5944728257954
255.80396646918746 327.2468775014261
255.04608729689494 327.89927244331733
254.28820162685372 328.55165983677784
253.53031098565327 329.20404145514306
252.77241658950882 329.8564187112555
252.01451939117555 330.50879271193196
251.25662012549589 331.1611643108556
250.49871935111258 331.8135341570236
249.74081748703802 332.4659027372237
248.98291484361988 333.11827041200513
248.22501164801986 333.7706374452765
247.46710806467078 334.42300402807075
246.70920421135511 335.07537029722425
245.9513001716062 335.72773634978387
245.1933960041123 336.38010225393225
244.43549174973936 337.0324680571465
243.6775874367025 337.6848337922063
242.91968308432536 338.33719948156136
242.16177870574006 338.98956514046836
241.40387430980573 339.64193077921965
240.64596990245678 340.2942964047097
239.88806548764165 340.9466620215257
239.1301610679706 341.5990276327002
238.37225664515844 342.2513932402254
237.61435222032515 342.90375884540254
236.8564477941979 343.5561244490764
236.09854336724624 344.2084900517924
235.34063893977196 344.8608556539013
234.5827345119678 345.51322125562695
233.82483008395633 346.16558685711175
233.06692565581517 346.81795245844586
232.30902122759315 347.47031805968606
231.55111679932097 348.122683660868
230.79321237101777 348.7750492620139
230.0353079426955 349.42741486313764
229.27740351436154 350.07978046424773
228.5194990860204 350.7321460653495
227.7615946576749 351.3845116664462
227.00369022932674 352.0368772675398
226.245785800977 352.6892428686316
225.48788137262625 353.34160846972225
224.72997694427494 353.9939740708122
223.97207251185773 354.6463396671785
223.21416804261025 355.2987052207561
222.45626339802007 355.9510705706243
221.69835816983647 356.6034352424851
220.94045141719937 357.25579814325977
220.18254133724963 357.90815717838586
219.42462494756992 358.5605088828022
218.66669788227352 359.21284818384976
217.90875439064092 359.86516839930516
217.15078758127427 360.51746152045433
216.3927898931117 361.16971875862055
215.6347537190739 361.8219312691186
214.87667207533957 362.4740909285832
214.11853920578565 363.12619103754037
213.36035103332443 363.77822684571345
212.60210540753886 364.43019584112426
211.8438021392214 365.0820977917725
211.085442847325 365.7339345691903
210.3270306667289 366.38570980983957
209.56856987469075 367.0374284814617
208.8100654917696 367.6890964192102
208.05152290299475 368.34071988488245
207.2929475311492 368.992305186458
206.534344579662 369.64385837845
205.77571885013379 370.2953850490459
205.01707463019017 370.9468901891224
204.25841564146145 371.5983781313141
203.4997450346774 372.24985254401344
202.7410654184476 372.9013164646701
201.98237890949113 373.552772358133
201.22368719415914 374.2042221881941
200.46499159349293 374.8556674932886
199.7062931263826 375.5071094600089
198.9475925674077 376.1585489904422
198.18889049128626 376.80998675392317
197.43018727789894 377.46142319287617
196.67148302903473 378.11285842584675
195.91277734436665 378.76429198658207
195.1540689391772 379.4157223787921
194.39535515461748 380.06714650570103
193.63663148204176 380.7185591158593
192.87789125899957 381.3699524485991
192.1191256744662 382.02131623921673
191.36032415006127 382.6726381615875
190.60147506899068 383.3239046755112
189.84256673877044 383.9751021465769
189.08358842323503 384.62621804758606
188.32453127395792 385.27724204417245
187.56538902538313 385.92816680666715
186.80615837597935 386.57898845735644
186.04683904116803 387.22970663581907
185.28743350644118 387.88032421460576
184.52794651049408 388.53084669921896
183.76838426105985 389.1812813148679
183.00875337562965 389.83163577045383
182.2490595851583 390.48191674412544
181.48930633769095 391.13212825045457
180.72949354152843 391.78227016941355
179.9696167320438 392.43233726934045
179.2096668750567 393.0823189728255
178.4496308193177 393.7321998803591
177.68949215689105 394.3819607701364
176.92923208455358 395.0315795986885
176.16882982639405 395.6810319878487
176.03778359481083 394.68965572971666
176.67129150220805 393.9159195141592
177.3930269344972 393.2237504843851
178.12340515610333 392.5407075476648
178.85467286196973 391.8586169801029
179.58603251717514 391.1766250045359
180.31740167281717 390.4946432172604
181.0487718114686 389.81266248418285
181.7801420528986 389.13068186132716
182.51151230555544 388.44870125051136
183.24288255963688 387.76672064122334
183.97425281397628 387.084740032212
184.70562306838838 386.40275942327855
185.43699332282716 385.7207788143738
186.16836357727664 385.0387982054804
186.8997338317306 384.3568175965919
187.63110408618647 383.6748369877054
188.36247434064322 382.99285637881985
189.0938445951004 382.3108757699348
189.82521484955763 381.6288951610498
190.55658510401497 380.9469145521649
191.2879553584723 380.26493394328
192.01932561292963 379.58295333439514
192.75069586738687 378.9009727255101
193.48206612184424 378.21899211662526
194.21343637630162 377.5370115077404
194.94480663075902 376.85503089885555
195.67617688521636 376.17305028997066
195.190025122716 377.04692468816404
194.6790321972005 377.9065096054777
194.1473752975682 378.7534694280628
193.5986487786771 379.58947134640124
193.0359638952271 380.4161428179889
192.4620079211336 381.2350289760123
191.8790869739887 382.0475578489637
191.2891635988369 382.85501708103027
190.69389331143663 383.65854261574486
190.0946609546138 384.4591177730765
189.49261645124017 385.25758030567124
188.88870931721624 386.0546349922988
188.28372140822216 386.8508696499036
187.6782975033699 387.6467728446663
187.07297346030234 388.4427519919336
186.46820187235897 389.239150966328
185.86437541571195 390.0362667736315
185.2618483450862 390.8343652194157
184.66095682979847 391.63369580612886
184.06203904277584 392.434506323285
183.46545840732233 393.23705946507806
183.46061923169987 392.23707117395696
184.00700395259665 391.3995368542001
184.61733688584496 390.6073918481611
185.2391761389028 389.8242469424403
185.86573595509338 389.04487360652536
186.49518406892702 388.2678310903197
187.12653395820234 387.4923329811589
187.7591365490811 386.7178564082314
188.39255617685504 385.9440479208453
189.02650335345982 385.1706715717921
189.66078815635086 384.39757210288695
190.2952874033508 383.624648623132
190.92992197935078 382.8518362559009
191.56464149242794 382.07909364693006
192.1994140701609 381.3063946275453
192.8342196722501 380.5337227388654
193.4690457603472 379.7610676813712
194.10388452223827 378.98842303704845
194.73873110723517 378.21578482059925
195.37358251216853 377.4431505645284
196.00843688215664 376.67051874476755
196.64329307381874 375.89788842183924
197.27815038350943 375.1252590175759
197.91300837878447 374.35263017664687
198.54786679416878 373.58000168091576
199.18272546683684 372.8073733965913
199.81758429699673 372.03474524167586
200.45244322352562 371.26211716594565
201.087302209004 370.4894891386535
201.72216123053298 369.71686114098367
202.3570202741043 368.94423316142576
202.99187933115044 368.17160519294004
203.62673839643307 367.3989772312221
204.26159746674963 366.6263492736404
204.8964565401426 365.8537213185866
205.53131561541542 365.0810933650775
206.16617469183694 364.3084654125122
206.80103376896034 363.5358374605236
207.4358928465125 362.76320950888737
208.07075192432677 361.9905815574665
208.70561100230108 361.21795360617716
209.34047008037308 360.4453256549681
209.97532915850493 359.6726977038082
210.61018823667328 358.9000697526783
211.24504731486388 358.1274418015666
211.87990639306815 357.3548138504662
212.51476547128078 356.5821858993727
213.14962454949847 355.8095579482833
213.78448362771917 355.03692999719647
214.41934270594174 354.2643020461111
215.05420178416563 353.4916740950268
215.68906086239014 352.719046143943
216.32391994061504 351.9464181928595
216.95877901884032 351.1737902417763
217.59363809706565 350.40116229069326
218.22849717529118 349.6285343396103
218.8633562535168 348.85590638852744
219.49821533174236 348.0832784374445
220.13307440996795 347.3106504863616
220.76793348819362 346.5380225352788
221.40279256641915 345.76539458419586
222.03765164464474 344.9927666331129
222.67251072287044 344.22013868203015
223.30736980109612 343.44751073094733
223.9422288793217 342.67488277986445
224.57708795754735 341.9022548287816
225.21194703577297 341.12962687769874
225.84680611399858 340.3569989266158
226.48166519222428 339.584370975533
227.11652427044987 338.8117430244501
227.75138334867555 338.03911507336727
228.38624242690113 337.2664871222844
229.02110150512675 336.4938591712015
229.65596058335245 335.7212312201187
230.29081966157815 334.94860326903586
230.92567873980374 334.175975317953
231.5605378180294 333.4033473668701
232.195396896255 332.6307194157872
232.83023939802993 331.8580778443324
233.4649987012698 331.0853679201367
234.09953606022123 330.3124757283694
234.0193990734647 331.30925958826765
233.87872155350286 332.29931505912646
233.68419768997592 333.2802128450953
233.44311409370883 334.2507171983112
233.16275316777444 335.21061185461946
232.84999845387478 336.16044578164747
232.5111026751577 337.1012697030949
232.15157876611352 338.0344055768162
231.77618437820144 338.9612707522997
231.388994199487 339.8832706251343
230.9936040663198 340.8017839035326
230.59359118550043 341.7182934207656
230.19344970516613 342.6347467996757
229.80030264304924 343.554222404327
229.42675278983677 344.4818325094708
229.095300028216 345.42530432506146
228.84472845736298 346.39340240267563
228.7378697303297 347.3876766165909
228.86464135470126 348.37960854734735
229.3178045143345 349.2710361387709
230.10876550167885 349.8829027226757
231.09024118273211 350.0744894850082
232.0732793447857 349.8910883619302
232.98371983192345 349.47744827758106
233.829960820114 348.9446479492156
234.6361449154894 348.35298317557795
235.42023068231026 347.73233068805456
236.19266140079236 347.09723165235596
236.95893910296422 346.45472213246217
237.72182007484662 345.8081831756005
238.48264798733976 345.15922948883133
239.24207163500012 344.50863305218707
240.0004081701142 343.8567698000313
240.75781985900522 343.20383218162414
241.51439767296333 342.5499285102578
242.27019993189015 341.89512858249276
243.02526983592412 341.23948428867016
243.7796433002166 340.5830388024557
244.53335242792568 339.92583065368694
245.28642706717028 339.26789555983146
246.0388955542016 338.60926730654677
246.79078512748907 337.94997824279585
247.54212221346765 337.2900596241517
248.292932654112 336.62954188614657
249.04324188906975 335.9684548631783
249.79307508464336 335.3068279450319
250.5424572004684 334.6446901614237
251.29141299176737 333.982070192905
252.0399669539385 333.318996316389
252.78814322314057 332.6554963011646
253.5359654499252 331.99159727486096
254.28345666291125 331.32732557855843
255.03063913695723 330.6627066272198
255.7775342764672 329.99776478722447
256.52416252040507 329.3325232781811
257.2705432719931 328.6670041021547
258.0166948532785 328.0012280003417
258.7626344828385 327.3352144351255
259.5083782737746 326.6689815942356
260.25394124863976 326.0025464132088
260.9993373678732 325.3359246123113
261.74457956852495 324.66913074433734
262.48967981040664 324.0021782501162
263.2346491272216 323.3350795190394
263.97949768065143 322.66784595239767
264.7242348157689 322.0004880277598
265.4688691165009 321.3330153630211
266.2134084601628 320.66543677907794
266.95786007034053 319.9977603603662
267.7022305676037 319.32999351272844
268.44652601769707 318.6621430182536
269.1907519769942 317.9942150868805
269.9349135350983 317.32621540466494
270.67901535455775 316.6581491786984
271.42306170772224 315.9900211787293
272.1670565108121 315.3218357755849
272.91100335530507 314.65359697652514
273.6549055367672 313.9853084576833
274.39876608126764 313.3169735937599
275.1425877695275 312.648595485146
275.88637315895403 311.98017698265255
276.6301246037115 311.3117207100205
277.3738442729786 310.64322908438464
278.11753416753425 309.9747043348534
278.8611961348108 309.3061485193628
279.60483188254375 308.63756353995205
280.3484429911397 307.96895115659925
281.09203092571 307.30031300067225
281.83559705192437 306.6316505926168
282.57914266535965 305.9629653746396
283.32266904844386 305.2942587740607
284.0661775676376 304.62553231138236
284.8096698140798 303.95678775665294
285.5531477764051 303.2880273215668
286.2966140210019 302.61925385981374
287.0400718483669 301.9504710408585
287.78352539677314 301.28168346519476
288.52697967459096 300.61289670037775
289.2704405162403 299.9441172322912
290.0139144695942 299.2753523403567
290.7574086317117 298.6066099154297
291.50093045395073 297.9378982437397
292.24448753728285 297.269225779953
292.9880874353418 296.60060092877956
293.7317374779489 295.9320318492295
294.47544462284657 295.2635262900692
295.2192153389829 294.59509146017325
295.96305552132605 293.92673393374616
296.7069704349093 293.2584595878758
297.45096468449924 292.5902735684343
298.1950422057113 291.92218027971865
298.9392062733504 291.2541833931729
299.6834595230332 290.5862858708414
300.4278039825956 289.918489999696
301.1722411103085 289.2507974335531
301.9167718374413 288.5832092398624
302.6613966131945 287.9157259491843
303.4061154504493 287.24834760563556
304.1509279711431 286.5810738169867
304.89583345038807 285.91390380342875
305.64083085869464 285.24683644429894
306.3859189018649 284.5798703222772
307.13109605827805 283.9130037647411
307.87636061454606 283.2462348833657
308.6217107049812 282.5795616180487
309.36714436787827 281.91298179970744
310.11265963766004 281.24649325327755
310.85825468996245 280.580093960074
311.60392804397986 279.9137822844233
312.3496788067323 279.24755724747695
313.09550692576715 278.58141881077114
313.84141340792974 277.9153681221086
314.5874004653879 277.24940768026164
315.3334715638606 276.5835413903627
316.0796313664897 275.9177745025255
316.8258855841585 275.2521134456719
317.57224075528165 274.5865655822258
318.318703983688 273.9211389156146
319.0652826628551 273.2558417821373
319.81198421026704 272.5906825537621
320.5588158291591 271.9256693711687
321.30578430811846 271.26080991877205
322.0528958630701 270.5961112468479
322.8001560216224 269.93157964079717
323.54756954667647 269.26722053416415
324.29514039443046 268.60303846003967
325.0428717011527 267.939037034629
325.7907657930334 267.2752189666842
326.53882421380627 266.61158608691494
327.28704776543725 265.9481393921574
328.03543655935323 265.28487910151654
328.7839900820803 264.621804728906
329.53270728957125 263.9589151881777
330.2815867528667 263.29620895653784
331.0306268755781 262.63368431958577
331.7798261873952 261.9713397029603
332.5291836925142 261.3091740669432
333.27869922850977 260.6471873138271
334.02837377987424 259.9853806448999
334.77820969529796 259.3237568092193
335.5282107758838 258.6623202067243
336.2783822256992 258.0010768355803
337.0287304787653 257.3400340993516
337.77926293253483 256.67920050771244
338.52998762521094 256.0185853127567
339.2809128937775 255.35819812252038
340.0320470437615 254.69804852680153
340.78339805326243 254.03814576084136
341.53497332493237 253.37849842247465
342.2867794918537 252.71911424964435
343.038822279741 252.05999996123404
343.79110643317716 251.4011611702625
344.5436357271865 250.74260239410216
345.29641309711604 250.0843271998848
346.04944091535583 249.42633851840384
346.8027214166767 248.76863912937435
347.55625723299124 248.11123227397115
348.3100519608005 247.45412230727834
349.064110666853 246.79731528247854
349.81844024613656 246.1408193679307
350.5730495764534 245.4846450324079
351.3279494537837 244.82880497934107
352.08315233000815 244.17331385373956
352.83867190084334 243.51818777573246
353.59452260643627 242.86344377167083
354.35071911602523 242.20909918440395
355.1072758750596 241.55517115292076
355.8642067924486 240.90167625140992
356.621525126675 240.24863035666397
357.3792435887673 239.5960487662061
358.1373746274081 238.94394652863184
358.8959308154276 238.29233889391804
359.65492523420534 237.64124176424824
360.41437175919833 236.99067203264673
361.1742851802751 236.34064773120298
361.9346811317144 235.6911879579801
362.69557584477036 235.0423125958007
363.4569857615811 234.39404186641187
364.2189270609336 233.74639577760948
364.98141514729446 233.09939352246835
365.74446414940047 232.45305288442597
366.5080864670242 231.80738969356958
367.2722923956521 231.16241736962843
368.0370898491998 230.51814657636916
368.80248419126633 229.87458500112365
369.56847817662646 229.23173726301445
370.3350719970034 228.58960494443846
371.1022634184167 227.94818673226342
371.8700479915144 227.3074786479433
372.638419311731 226.66747433993547
373.40736930355547 226.02816540829667
374.17688850335134 225.38954173104568
374.9469663185648 224.75159176551858
375.717591255978 224.11430281548337
376.48875115213656 223.47766130367575
377.2604335022317 222.84165316650171
378.0326260335424 222.20626454952156
378.8053176725352 221.57148298785594
379.57850001864614 220.93729921349527
380.35216939844895 220.30370968489214
381.126329547098 219.67071990279157
381.9009949171218 219.03834852101826
382.676194495833 218.40663211853533
383.4519758090393 217.77563025318167
384.2284085460315 217.14543012232895
385.00558704275966 216.51614991111666
385.78363077982266 215.88793980039168
386.56268211710295 215.2609796629971
387.34290069623887 214.63547269359452
388.12445431508075 214.01163462095457
388.9075066800108 213.38967883974695
389.6922033881347 212.76979895117216
390.47865882432484 212.15215192666133
391.2669482022822 211.5368472406726
392.05710986535667 210.92394876114486
392.8491619045095 210.3134951861092
393.64313368737055 209.70554057594453
394.439108104585 209.10021031307954
395.2372663071805 208.49776240360558
396.03792522562264 207.89864196803433
396.84155972827074 207.30351879914102
397.64880490264954 206.7133025434837
398.46043777509294 206.12913469057733
399.277340289886 205.5523589271088
400.1004463079071 204.9844711889972
400.93067617813716 204.4270500173704
401.7688867459138 203.8817032982388
402.61588513521986 203.35010784254627
403.47255499091386 202.83424278427495
404.34003948998793 202.33677857062102
405.2193885095261 201.86060076576516
406.1104232170281 201.40666558313796
407.01098791274046 200.97194356985065
407.9187419552293 200.5524407708789
408.8296684189418 200.1398720157506
409.74535157841956 199.73797109332207
410.6836353462031 199.39210468686747
411.6594178648998 199.17336174136761
412.6563284983836 199.09481755732526
413.6538975383609 199.16450263807178
414.6244888733718 199.40523581069635
415.5805676115961 199.6983457667118
416.5205566318626 200.03955045861758
417.4403646525193 200.43191916931656
418.33516224682734 200.87839118996345
419.2005865832517 201.37943082704254
420.0334618684348 201.9328915386844
420.8320784476622 202.5347316830609
421.59611901652625 203.17989988526082
422.3263744663826 203.86307407824168
423.0243891968763 204.579157478422
423.6921446400702 205.32353820633273
424.331834719511 206.0921711501134
424.94571360608387 206.88157137346025
425.5359793916073 207.6887803318102
426.10469298367207 208.5113159542612
426.65374633803947 209.34710325618548
427.1848707516986 210.19439709967497
427.6996551645657 211.05171676483437
428.1995449315988 211.91780580229852
428.68582295952115 212.7916099448613
429.15960286776084 213.67225323164
429.62185381015206 214.55900238797363
430.0734455580961 215.45122707558812
430.5151869088118 216.34836952752534
430.9478406285051 217.24992970789907
431.3721175520862 218.1554621988217
431.7886593892334 219.06457874685393
432.19802401514954 219.9769496160998
432.6006877438164 220.8922975945299
432.997067608877 221.81038419315473
433.3875513449476 222.7309940192289
433.7725184639686 223.65392430764328
434.1523444369476 224.578982268125
434.5273916347205 225.50598798517464
434.89799643264683 226.4347786417566
435.26446039373394 227.36521088820143
435.6270485414368 228.29716036920638
435.9859934912404 229.23051910142593
436.34150238779847 230.16519199846962
436.6937638538692 231.10109362766028
437.0429514066345 232.03814648262298
437.38922344287397 232.9762806291705
437.73272455110305 233.91543290044785
438.0735913260646 234.8555445117618
438.4119602102254 235.79655806014023
438.7479722067177 236.7384157660668
439.08177171366845 237.68105986070665
439.41350085349916 238.6244345358952
439.7432928702694 239.56848814966645
440.07126763757583 240.51317463311494
440.3975304139901 241.45845374571945
440.72217328796893 242.40429041469292
441.0452779998663 243.3506536352112
441.3669189153694 244.29751535767878
441.68716541087605 245.2448496081499
442.0060834316663 246.19263191227637
442.3237363119837 247.14083898229117
442.6401850824733 248.0894485835791
442.95548849443264 249.0384394994507
443.26970293283364 249.98779153463067
443.5828823212713 250.937485522533
443.89507806667893 251.88750332055017
444.2063390563204 252.83782778952244
444.5167117014127 253.78844275951735
444.8262400150704 254.7393329861178
445.1349654492042 255.6904841866737
445.44292607294904 256.64188329021687
445.7501551239974 257.5935188875922
446.05667964305997 258.5453816503965
446.3625200891559 259.4974644312154
446.66769134956365 260.44976191720446
446.9722048416784 261.40226993980593
447.2760709649981 262.35498468153014
447.5793011739162 263.30790201288664
447.8819092550458 264.2610170894829
448.18391175672286 265.2143242220382
448.4853277646913 266.16781695412396
448.786178305176 267.12148825614054
449.08648562640917 268.0753307550961
449.3862725270165 269.02933694701744
449.68556181458706 269.98349936628654
449.9843759149363 270.9378107061712
450.2827366167937 271.89226389600674
450.58066492229466 272.8468521448247
450.8781809724858 273.80156896141415
451.1753040220607 274.75640815908633
451.4720524442548 275.7113638512131
451.76844375295184 276.6664304416291
452.0644946337801 277.6216026124762
452.3602209792567 278.5768753110241
452.65563792516156 279.53224373633043
452.9507598866131 280.4877033261975
453.2456005930708 281.44324974464905
453.5401731219049 282.3988788700195
453.83448993040207 283.3545867836814
454.128562886187 284.3103697594013
454.4224032960976 285.2662242532985
454.7160219335784 286.22214689437567
455.0094290646622 287.17813447558643
455.302634472617 288.134183945408
455.59564748132937 289.09029239988655
455.8884769774938 290.04645707512617
456.1811314316758 291.002675340193
456.4736189183084 291.9589446904094
456.76594713468216 292.9152627410138
457.0581234189831 293.8716272211635
457.35015476742956 294.82803596826096
457.64204785055665 295.7844869225825
457.933809028694 296.7409781221928
458.2254443666794 297.69750769812765
458.5169596478492 298.6540738698296
458.8083623514209 299.6106743425198
459.09966823843104 300.56730430242766
459.3909116220965 301.52395329316096
459.68215401079965 302.48060258680124
459.9734854813024 303.4372247558391
460.26501709237385 304.39378595082144
460.55686728607134 305.35024999323946
460.84914738609245 306.30658275077303
461.1419504948062 307.2627555068833
461.4353457404557 308.2187467358338
461.72937758437604 309.17454235978323
462.02406863409465 310.13013494306114
462.3194241582354 311.0855223589085
462.61543687463313 312.0407063577961
462.91209115990324 312.9956912974841
463.20936633489725 313.95048314408325
463.50723901281685 314.90508875256717
463.8056846614658 315.85951538400747
464.1046785788881 316.81377040094185
464.404196466022 317.76786108598543
464.70421473991723 318.72179454033585
465.0047146116709 319.6755763954138
465.30569518835205 320.6292066657287
465.6071936686688 321.58267332291535
465.90930208230355 322.5359468966659
466.21216955728903 323.48897957847487
466.5159870131871 324.44170984118915
466.8209602633007 325.39407075844434
467.1272816129816 326.3459989231342
467.4351083174752 327.2974413649038
467.74455159243223 328.2483592686074
468.0556754932436 329.19872862751157
468.36851152562235 330.1485357746975
468.68309723085474 331.0977648482427
468.99953134412044 332.0463793389405
469.3180197457974 332.9943060966582
469.6388865600898 333.94143042191115
469.9625619463476 334.88759861220865
470.2895848074047 335.83261503976223
470.6206596050607 336.7762195535057
470.95683995601996 337.7180171812522
471.29982942755737 338.6573564290294
471.65224198699764 339.59320117467297
472.0176533466454 340.52404731568686
472.4004171763946 341.4478935424127
472.8053622958328 342.3622345347362
473.2375850792624 343.26400139234653
473.70236849763467 344.14942579567304
474.2051085466616 345.01386344125797
474.7510723586868 345.8516721998413
475.3449731083647 346.6562105143621
475.99043960310075 347.4199991004075
476.68952940341535 348.1350329814902
477.44237479460196 348.79323038118815
478.2470295663953 349.3869733375508
479.099595044039 349.9095937603532
479.99450161795045 350.35584730260257
480.9247962216531 350.7226605388982
481.88257195482674 351.0101768774663
482.85975736769603 351.22256489237157
483.84913659796064 351.3679221719312
484.84515016461216 351.45712404997204
485.8441383359126 351.50209774897286
486.84406507972955 351.51420175655784
487.8440040045152 351.5031497568083
488.843589226886 351.47435074262603
489.84238366724355 351.42526239461154
490.8388526742756 351.3413009866639
491.8275797437318 351.19157195766644
492.79124319209313 350.9244525867996
493.71399950122947 350.5390686302717
494.705996132236 350.41280428822836
