2.7107743049171735
280508
1047
0.0 100.0
0.0 101.0
0.0 102.0
0.0 103.0
0.0 104.0
0.0 105.0
0.0 106.0
0.0 107.0
0.0 108.0
0.0 109.0
0.0 110.0
0.0 111.0
0.0 112.0
0.0 113.0
0.0 114.0
0.0 115.0
0.0 116.0
0.0 117.0
0.0 118.0
0.0 119.0
0.0 120.0
0.0 121.0
0.0 122.0
0.0 123.0
0.0 124.0
0.0 125.0
0.0 126.0
0.0 127.0
0.0 128.0
0.0 129.0
0.0 130.0
0.0 131.0
0.0 132.0
0.0 133.0
0.0 134.0
0.0 135.0
0.0 136.0
0.0 137.0
0.0 138.0
0.0 139.0
0.0 140.0
0.0 141.0
0.0 142.0
0.0 143.0
0.0 144.0
0.0 145.0
0.0 146.0
0.0 147.0
0.0 148.0
0.0 149.0
0.0 150.0
0.0 151.0
0.0 152.0
0.0 153.0
0.0 154.0
0.0 155.0
0.0 156.0
0.0 157.0
0.0 158.0
0.0 159.0
0.0 160.0
0.0 161.0
0.0 162.0
0.0 163.0
0.0 164.0
0.0 165.0
0.0 166.0
0.0 167.0
0.0 168.0
0.0 169.0
0.0 170.0
0.0 171.0
0.0 172.0
0.0 173.0
0.0 174.0
0.0 175.0
0.0 176.0
0.0 177.0
0.0 178.0
0.0 179.0
0.0 180.0
0.0 181.0
0.0 182.0
0.0 183.0
0.0 184.0
0.0 185.0
0.0 186.0
0.0 187.0
0.0 188.0
0.0 189.0
0.0 190.0
0.0 191.0
0.0 192.0
0.0 193.0
0.0 194.0
0.0 195.0
0.0 196.0
0.0 197.0
0.0 198.0
0.0 199.0
0.0 200.0
0.0 201.0
0.0 202.0
0.0 203.0
0.0 204.0
0.0 205.0
0.0 206.0
0.0 207.0
0.0 208.0
0.0 209.0
0.0 210.0
0.0 211.0
0.0 212.0
0.0 213.0
0.0 214.0
0.0 215.0
0.0 216.0
0.0 217.0
0.0 218.0
0.0 219.0
0.0 220.0
0.0 221.0
0.0 222.0
0.0 223.0
0.0 224.0
0.0 225.0
0.0 226.0
0.0 227.0
0.0 228.0
0.0 229.0
0.0 230.0
0.0 231.0
0.0 232.0
0.0 233.0
0.0 234.0
0.0 235.0
0.0 236.0
0.0 237.0
0.0 238.0
0.0 239.0
0.0 240.0
0.0 241.0
0.0 242.0
0.0 243.0
0.0 244.0
0.0 245.0
0.0 246.0
0.0 247.0
0.0 248.0
0.0 249.0
0.0 250.0
0.0 251.0
0.0 252.0
0.0 253.0
0.0 254.0
0.0 255.0
0.0 256.0
0.0 257.0
0.0 258.0
0.0 259.0
0.0 260.0
0.0 261.0
0.0 262.0
0.0 263.0
0.0 264.0
0.0 265.0
0.0 266.0
0.0 267.0
0.0 268.0
0.0 269.0
0.0 270.0
0.0 271.0
0.0 272.0
0.0 273.0
0.0 274.0
0.0 275.0
0.0 276.0
0.0 277.0
0.0 278.0
0.0 279.0
0.0 280.0
0.0 281.0
0.0 282.0
0.0 283.0
0.0 284.0
0.0 285.0
0.0 286.0
0.0 287.0
0.0 288.0
0.0 287.0
0.0 286.0
0.0 285.0
0.0 284.0
0.0 283.0
0.0 282.0
0.0 281.0
0.0 280.0
0.0 279.0
0.0 278.0
0.0 277.0
0.0 276.0
0.0 275.0
0.0 274.0
0.0 273.0
0.0 272.0
0.0 271.0
0.0 270.0
0.0 269.0
0.0 268.0
0.0 267.0
0.0 266.0
0.0 265.0
0.0 264.0
0.0 263.0
0.0 262.0
0.0 263.0
0.0 264.0
0.0 265.0
0.0 266.0
0.0 267.0
0.0 268.0
0.0 269.0
0.0 270.0
0.0 271.0
0.0 272.0
0.0 273.0
0.0 274.0
0.0 275.0
0.0 276.0
0.0 277.0
0.0 278.0
0.0 279.0
0.0 280.0
0.0 281.0
0.0 282.0
0.0 283.0
0.0 284.0
0.0 285.0
0.0 286.0
0.0 287.0
0.0 288.0
0.0 289.0
0.0 290.0
0.0 291.0
0.0 292.0
0.0 293.0
0.0 294.0
0.0 295.0
0.0 296.0
0.0 297.0
0.0 298.0
0.0 299.0
0.0 300.0
0.0 301.0
0.0 302.0
0.0 303.0
0.0 304.0
0.0 305.0
0.0 306.0
0.0 307.0
0.0 308.0
0.0 309.0
0.0 310.0
0.0 311.0
0.0 312.0
0.0 313.0
0.0 314.0
0.0 315.0
0.0 316.0
0.0 317.0
0.0 318.0
0.0 319.0
0.0 320.0
0.0 321.0
0.0 322.0
0.0 323.0
0.0 324.0
0.0 325.0
0.0 326.0
0.0 327.0
0.0 328.0
0.0 329.0
0.0 330.0
0.0 331.0
0.0 332.0
0.0 333.0
0.0 334.0
0.0 335.0
0.0 336.0
0.0 337.0
0.0 338.0
0.0 339.0
0.0 340.0
0.0 341.0
0.0 342.0
0.0 343.0
0.0 344.0
0.0 345.0
0.0 346.0
0.0 347.0
0.0 348.0
0.0 349.0
0.0 350.0
0.0 351.0
0.0 352.0
0.0 353.0
0.0 354.0
0.0 355.0
0.0 356.0
0.0 357.0
0.0 358.0
0.0 359.0
0.0 360.0
0.0 361.0
0.0 362.0
0.0 363.0
0.0 364.0
0.0 365.0
0.0 366.0
0.0 367.0
0.0 368.0
0.0 369.0
0.0 370.0
0.0 371.0
0.0 372.0
0.0 373.0
0.0 374.0
0.0 375.0
0.0 376.0
0.0 377.0
0.0 378.0
0.0 379.0
0.0 380.0
0.0 381.0
0.0 382.0
0.0 383.0
0.0 384.0
0.0 385.0
0.0 386.0
0.0 387.0
0.0 388.0
0.0 389.0
0.0 390.0
0.0 391.0
0.0 392.0
0.0 393.0
0.0 394.0
0.0 395.0
0.0 396.0
0.0 397.0
0.0 398.0
0.0 399.0
0.0 400.0
0.0 401.0
0.0 402.0
0.0 403.0
0.0 404.0
0.0 405.0
0.0 406.0
0.0 407.0
0.0 408.0
0.0 409.0
0.0 410.0
0.0 411.0
0.0 412.0
0.0 413.0
0.0 414.0
0.0 415.0
0.0 416.0
0.0 417.0
0.0 418.0
0.0 419.0
0.0 420.0
0.0 421.0
0.0 422.0
0.0 423.0
0.0 424.0
0.0 425.0
0.0 426.0
0.0 427.0
0.0 428.0
0.0 429.0
0.0 430.0
0.0 431.0
0.0 432.0
0.0 433.0
0.0 434.0
0.0 435.0
0.0 436.0
0.0 437.0
0.0 438.0
0.0 439.0
0.0 440.0
0.0 441.0
0.0 442.0
0.0 443.0
0.0 444.0
0.0 445.0
0.0 446.0
0.0 447.0
0.0 448.0
0.0 449.0
0.0 450.0
0.0 451.0
0.0 452.0
0.0 453.0
0.0 454.0
0.0 455.0
0.0 456.0
0.0 457.0
0.0 458.0
0.0 459.0
0.0 460.0
0.0 461.0
0.0 462.0
0.0 463.0
0.0 464.0
0.0 465.0
0.0 466.0
0.0 467.0
0.0 468.0
0.0 469.0
0.0 470.0
0.0 471.0
0.0 472.0
0.0 473.0
0.0 474.0
0.0 475.0
0.0 476.0
0.0 477.0
0.0 478.0
0.0 479.0
0.0 480.0
0.007805128059697546 480.99996953952405
0.03139866244047837 481.99969117334786
0.09065441603668478 482.99793400736456
0.21759188195862425 483.9898447290252
0.45693757399871765 484.96077914478246
0.8629794409330652 485.8746336202305
1.4885198000424102 486.65482542941936
2.369898864067629 487.12723515148065
3.366753859718581 487.2064823447795
4.339108907095643 486.97297503902575
5.261436869726424 486.5865670559957
6.180923406503242 486.1934455624518
7.141297470466973 485.9147312691947
8.14129319492606 485.911807049035
9.111087846283564 486.15572985280374
10.027717156561087 486.5554681516196
10.9198695439076 487.0072027172131
11.83294597042773 487.41499119097523
12.792859169863435 487.6952886214827
13.788835921269683 487.78490062212023
14.78094597219862 487.6595305824545
15.723615991823383 487.3258042962548
16.61548429959128 486.87350912537715
17.473354261288996 486.35964228580025
18.314097895497994 485.8182088720391
19.158610928836378 485.2826738717622
20.031842294709936 484.79536803180685
20.95261567488435 484.40527011799264
21.922085496317933 484.16005946298446
22.91990340511368 484.0940335522638
23.912446556208938 484.21592733066893
24.869463006120895 484.5059609745758
25.77763331691229 484.9245618424644
26.642750749214382 485.4261312078836
27.481559310511024 485.97055769281565
28.310514436522695 486.5298728088808
29.138661268620353 487.0903840259733
29.966290507508404 487.6516592195616
30.786847008838834 488.2232246384984
31.589624153892903 488.8195038142029
32.36187036227301 489.45482719142313
33.09256971662599 490.1375265788172
33.776819464002294 490.86677433041837
34.418226036642096 491.6339754830338
35.02808922527817 492.42648219666256
35.624616713033475 493.22907484324753
36.23255376653592 494.0230600691673
36.880448927559954 494.78478958830226
37.594368914682065 495.48501687425124
38.39102135708171 496.0894545352376
39.297149663353544 496.51245748153104
40.266387829410554 496.7585822008472
41.26420685072077 496.82459129651977
42.25754735688576 496.70937567773535
43.21726635493142 496.42841403481907
44.12813350769686 496.01571434980224
44.99652403230602 495.51983341977063
45.8507807324468 494.9999820080532
46.73617132298884 494.53513418114676
47.684946248906115 494.2191814315929
48.68209164711481 494.14367610177294
49.6501914850134 494.39424087156453
50.56913876479976 494.78862126784867
51.48685168421956 495.1858655220928
52.44010605971474 495.4880345072638
53.43100376868672 495.6226514837344
54.42758901494524 495.54008122916383
55.37518688781926 495.22061562643853
56.22412013143371 494.69211553383093
56.93884238855924 493.99270714442645
57.566755032248935 493.2144233196591
58.127749119124495 492.3866035116751
58.63651071291925 491.5256960598085
59.24273263987107 490.73040053279806
60.08452086648111 490.19059262109175
61.0778951101209 490.30551699654393
61.97962781443298 490.73781102839496
62.80182150245215 491.30701884578804
63.58065329654474 491.9342516865342
64.35447960131378 492.56764954731955
65.17411277180018 493.1405382501566
66.0339098857851 493.6511740526453
66.93250846434708 494.0899457411193
67.86258497390148 494.457311616474
68.81279974289482 494.7689073365776
69.77231872885153 495.0505512883831
70.7331069723223 495.3278344490841
71.69046632791314 495.61673419685604
72.64351484928503 495.9195518249936
73.59495083822432 496.2273984734261
74.54905230577542 496.52688201156604
75.50915213848114 496.8065395007174
76.47657334477672 497.0597117930592
77.45126439799976 497.2832679398478
78.43574688595888 497.45875079058214
79.42791757216033 497.58364005930673
80.42456966022687 497.66539955632464
81.42338272407537 497.7141074970076
82.42307512049324 497.73890895955077
83.42304261928777 497.7469713013089
84.42303669067779 497.7435278749873
85.422973189854 497.7322585531249
86.42283604663663 497.71569752578694
87.42263346430141 497.6955698425912
88.42237968594212 497.67304225250416
89.42208824750591 497.64890116851745
90.42177003479202 497.62367570185285
91.42143316880329 497.5977215403608
92.421083469412 497.5712777037838
93.42072501083729 497.54450479477345
94.42036060461021 497.5175107276056
95.41999217340566 497.4903680183166
96.41962102440333 497.46312539999326
97.41924804294904 497.4358156253074
98.41887382718527 497.40846070819737
99.41849878055126 497.381075445591
100.418123174863 497.3536697838234
101.41774719312181 497.32625040892015
102.41737095847425 497.29882181539796
103.41699455376192 497.27138702463617
104.41661803470089 497.2439480677417
105.41624143875818 497.21650631012807
106.41586479112651 497.1890626697012
107.41548810874436 497.1616177635306
108.41511140299983 497.1341720064477
109.41473468154922 497.1067256773275
110.41435794953979 497.0792789636476
111.41398121043197 497.05183199144165
112.41360446655212 497.02438484543785
113.41322771946417 496.9969375825962
114.41285097021955 496.96949024120846
115.41247421952505 496.942042847017
116.41209746785586 496.91459541732723
117.41172071553142 496.8871479637736
118.41134396276647 496.8597004941769
119.41096720970538 496.8322530137949
120.41059045644519 496.8048055261624
121.4102137030512 496.7773580336558
122.40983694956722 496.74991053787244
123.40946019602275 496.7224630398861
124.40908344243762 496.69501554041886
125.40870668882515 496.6675680399562
126.4083299351943 496.64012053882414
127.4079531815511 496.61267303724213
128.40757642789958 496.5852255353577
129.40719967424252 496.55777803326987
130.40682292058167 496.5303305310455
131.40644616691833 496.502883028729
132.40606941325325 496.4754355263509
133.40569265958703 496.4479880239312
134.40531590592008 496.42054052148364
135.40493915225258 496.3930930190171
136.40456239858474 496.36564551653805
137.40418564491668 496.3381980140506
138.40380889124845 496.31075051155744
139.40343213758013 496.2833030090603
140.40305538391172 496.2558555065607
141.40267863024326 496.2284080040593
142.40230187657477 496.2009605015568
143.40192512290628 496.17351299905357
144.4015483692378 496.1460654965498
145.40117161556924 496.11861799404556
146.4007948619007 496.09117049154116
147.40041810823215 496.0637229890366
148.40004135456363 496.0362754865319
149.3996646008951 496.0088279840271
150.39928784722656 495.98138048152225
151.39891109355804 495.95393297901757
152.3985343398895 495.9264854765127
153.39815758622098 495.8990379740079
154.39778083255243 495.871590471503
155.3974040788839 495.8441429689981
156.39702732521536 495.81669546649323
157.39665057154684 495.7892479639884
158.3962738178783 495.76180046148346
159.39589706420975 495.73435295897855
160.3955203105412 495.7069054564737
161.39514355687265 495.6794579539687
162.3947668032041 495.65201045146375
163.39439004953556 495.6245629489589
164.394013295867 495.59711544645404
165.39363654219846 495.5696679439491
166.39325978852992 495.54222044144433
167.3928830348614 495.51477293893936
168.39250628119285 495.4873254364344
169.3921295275243 495.45987793392953
170.39175277385576 495.4324304314247
171.3913760201872 495.4049829289197
172.39099926651866 495.3775354264149
173.39062251285011 495.3500879239099
174.39024575918157 495.3226404214051
175.38986900551302 495.2951929189001
176.38949225184447 495.2677454163952
177.38911549817593 495.24029791389023
178.3887387445074 495.2128504113854
179.38836199083886 495.1854029088805
180.3879852371703 495.1579554063756
181.3876084835018 495.1305079038707
182.38723172983327 495.10306040136584
183.38685497616473 495.0756128988609
184.38647822249618 495.048165396356
185.38610146882763 495.02071789385116
186.38572471515909 494.9932703913463
187.38534796149054 494.9658228888414
188.384971207822 494.9383753863365
189.38459445415344 494.91092788383156
190.38437387425353 494.88992523770395
191.38417003465514 494.86973519941296
192.38396825868426 494.849647610503
193.38376674213717 494.8295729377703
194.3835652582847 494.8094998934268
195.38336377855396 494.78942705438016
196.38316229934287 494.76935424121615
197.3829608201973 494.74928143131524
198.38275934105997 494.7292086218257
199.3825578619237 494.7091358123879
200.38235638278752 494.68906300295674
201.3821549036514 494.6689901935265
202.38195342451527 494.64891738409625
203.38175194537916 494.628844574666
204.38155046624303 494.60877176523576
205.38134898710686 494.58869895580557
206.38114750797075 494.5686261463754
207.38094602883464 494.5485533369452
208.38074454969853 494.5284805275149
209.3805430705624 494.5084077180847
210.3803415914263 494.48833490865445
211.38014011229015 494.46826209922426
212.379938633154 494.448189289794
213.3797371540179 494.4281164803638
214.37955141025122 494.40884336352696
215.37936760489526 494.3896710676939
216.37918404319996 494.37051148273736
217.37900051221237 494.3513535002865
218.37881698509602 494.3321957198692
219.37863345846773 494.31303796492307
220.37844993190097 494.2938802131882
221.37826640534198 494.2747224618581
222.37808287878394 494.2555647105791
223.37789935222605 494.2364069593066
224.37771582566816 494.21724920803473
225.37753229911027 494.1980914567631
226.37734877255238 494.1789337054914
227.37716524599446 494.15977595421975
228.3769817194366 494.1406182029482
229.3767981928787 494.12146045167646
230.37661466632082 494.1023027004048
231.37643113976293 494.0831449491331
232.37624761320504 494.0639871978614
233.37607620818784 494.04547286139734
234.37590630198488 494.0270396430745
235.3757365842756 494.0086166516107
236.37556689032294 493.9901949494834
237.37539719936527 493.97177340990726
238.37522750878514 493.9533518908245
239.37505781825266 493.9349303743255
240.37488812772617 493.9165088581522
241.3747184372004 493.89808734202006
242.37454874667478 493.8796658258929
243.37437905614914 493.86124430976645
244.3742093656235 493.84282279364015
245.37403967509786 493.82440127751386
246.37386998457225 493.80597976138756
247.3737002940466 493.7875582452612
248.37354435088227 493.76989863002194
249.3733900996837 493.7523350710505
250.37323606114208 493.73478362224006
251.37308204940047 493.71723370020004
252.37292804103745 493.69968397064537
253.37277403310037 493.682134265358
254.37262002521703 493.6645845631301
255.37246601734043 493.64703486128786
256.3723120094647 493.62948515949427
257.37215800158907 493.6119354577068
258.37200399371346 493.59438575592014
259.37184998583786 493.5768360541336
260.3717115367786 493.56019637413925
261.37157499048016 493.5436714247581
262.3714386831348 493.52716093987567
263.3713024059002 493.5106522785827
264.37116613246155 493.4941438471959
265.37102985950145 493.47763544479426
266.3708935866017 493.46112704604684
267.37075731370953 493.44461864775997
268.3706210408183 493.4281102495313
269.3704847679272 493.4116018513099
270.3703663391522 493.39621212991375
271.3702500712024 493.3809634453355
272.370134074263 493.3657325417647
273.3700181114683 493.3505038799058
274.369902152978 493.3352755006669
275.3697861950304 493.3200471570588
276.3696702371511 493.3048188179429
277.3695542792805 493.2895904793933
278.36945737684414 493.2756694347977
279.36936275546395 493.2619132068553
280.3692684197355 493.2481777579111
281.3691741199894 493.23444492864314
282.36907982477925 493.2207124296464
283.368985530141 493.2069799722881
284.3688912355748 493.19324752017917
285.36881823958544 493.1811650266363
286.3687477355155 493.1692905511125
287.3686775425378 493.1574423010976
288.36860738873156 493.145597357414
289.3685372398631 493.13375283056985
290.36848537270095 493.12356795775946
291.3684356148353 493.113592324675
292.36838611978686 493.1036430710816
293.3683366578232 493.0936971432275
294.3682872000298 493.08375163465905
295.3682575644937 493.0760529208791
296.36823006965915 493.0686374699002
297.3682028390126 493.0612577306367
298.36818757489004 493.0557325146099
299.3681735752817 493.05044110451604
300.3681597312132 493.04517917090874
301.36815497637286 493.04209539755743
302.3681510306571 493.0392862311387
303.3681471815965 493.0365116849965
304.36814717211377 493.0363739696186
305.36814715315666 493.0365686851476
306.3681471251608 493.03680531077674
307.3681405749707 493.04042474958266
308.3681323902315 493.04447066250367
309.3681095588304 493.05122804964003
310.3680843590384 493.05832727136203
311.3680340768528 493.06835532416045
312.36795938366305 493.0805774680154
313.3678812712548 493.0930762165518
314.3677647684653 493.1083402922235
315.3676132440152 493.1257479325144
316.3674569782281 493.1434258044227
317.3672474107789 493.16389751612195
318.3669991861279 493.18617727569097
319.36671665276947 493.2099467286027
320.3664024580551 493.2350124564082
321.36605936508175 493.2612053606759
322.3656904491143 493.2883659172975
323.36531821121434 493.3156484618806
324.3649090420179 493.34425214998953
325.3644801178241 493.37353805806384
326.3640376732702 493.40328185322414
327.3635852884994 493.43335783849045
328.36312579932104 493.4636690117838
329.3626616138198 493.49413465693306
330.36219476977544 493.52468740059663
331.3617269633247 493.55527161316775
332.3612595810998 493.5858419583358
333.3607937367524 493.61636197936826
334.3603303088506 493.6468027585655
335.35986997753133 493.67714168955604
336.35941325821756 493.7073613857002
337.35896053655614 493.7374485651275
338.35851211117017 493.7673926745092
339.3580682446203 493.7971842183138
340.3576292140458 493.82681306238885
341.35719534923936 493.85626711770055
342.3567670494031 493.8855317077658
343.35634477712415 493.9145896884955
344.3559290347122 493.9434221698711
345.3555203314055 493.97200957225306
346.35511914988547 494.00033274463044
347.3547259182701 494.02837393931964
348.3543409907778 494.05611752984663
349.35396463763993 494.0835504413589
350.35359704310116 494.11066231978464
351.35323831547 494.13744527288554
352.352888514973 494.1638929312601
353.3525476972832 494.1899988543972
354.3522159602752 494.21575470745233
355.35189347809666 494.24114880838886
356.3515805118233 494.2661654947958
357.35127739522966 494.29078543199427
358.3509845021268 494.3149866802957
359.3507022054425 494.33874617686376
360.35043083778277 494.36204127675614
361.3501706602484 494.38485108553095
362.34992184939335 494.407157134113
363.34968451079305 494.4289429292778
364.34945871585774 494.4501923736786
365.34924454570057 494.47088764960205
366.3490421225417 494.4910074245176
367.34885161624334 494.51052603881607
368.3486732249486 494.5294138858634
369.3485071379115 494.54763877240185
370.3483534989197 494.56516744544234
371.3482123882964 494.5819662946418
372.34808382695326 494.5980008248287
373.34796779020667 494.613234341448
374.3478642141839 494.62762674630255
375.347772984274 494.64113420708964
376.34769390607124 494.65370998349283
377.3476266735394 494.6653056957773
378.3475708503165 494.67587183648675
379.3475258656322 494.6853569482451
380.3474910119562 494.6937059683781
381.34746542976416 494.7008588509957
382.3474480778388 494.7067498228669
383.347437694948 494.711306759758
384.34743275402013 494.71445029777544
385.3474314047182 494.7160930400335
386.3474314036625 494.7161389894097
387.3474300322793 494.7144828600399
388.3474239991103 494.71100920177497
389.34740932584907 494.7055919785772
390.3473812215095 494.6980947864899
391.34733394639454 494.68837120715534
392.3472606691951 494.67626546350937
393.3471533381528 494.66161450570024
394.3470026069519 494.6442524873296
395.34679788620593 494.62401886231066
396.3465276366446 494.60077179609203
397.34618002015316 494.57440681655913
398.34574394730237 494.5448779232172
399.34521041863115 494.5122164368845
400.34457394270197 494.4765436635587
401.3438337938106 494.43807614528
402.3429949033266 494.3971240118723
403.3420681730355 494.3540821513965
404.34107002132464 494.30941329071186
405.34002111351526 494.2636233855886
406.3389444759794 494.2172324821338
407.3378634549698 494.1707472865027
408.33680007208557 494.1246426773472
409.3357741818892 494.0793577135943
410.33480351241053 494.03530777876887
411.33390425766396 493.99290847648746
412.33309148933995 493.9525987251152
413.33237845095107 493.914842025656
414.33177430852567 493.8800868841265
415.3312810857528 493.84868302644963
416.33089145434735 493.82077046658617
417.3305888659994 493.7961719882549
418.3303500959778 493.7743206031262
419.3301485160617 493.75424277461605
420.32995560714016 493.7346014755471
421.3297389847227 493.7137880685789
422.32945704621295 493.69004364754494
423.3290522008747 493.6615914635012
424.32844516991815 493.62675336041804
425.32753298375104 493.5840504301841
426.32619254252836 493.5322905454983
427.32428974680147 493.47063042206184
428.321691931535 493.39859652803386
429.31827999301936 493.31606025899544
430.3139569088321 493.2231760336524
431.3086508830492 493.12029796185794
432.3023131463771 493.00789108289536
433.29491180516993 492.8864501402003
434.2864238894496 492.7564355766805
435.2768280031365 492.61823394285466
436.26609984417695 492.4721475830385
437.2542124084668 492.3184154774376
438.24114210542973 492.15726407889355
439.2268810600806 491.9889824302092
440.2114543217093 491.8140095966441
441.1949388709064 491.63301749325143
442.17747998169887 491.44697189238246
443.1593003578657 491.25715948777275
444.14069874315345 491.0651771725597
444.7039705729521 490.23890551883113
445.26724240275064 489.4126338651025
445.83051423254915 488.58636221137397
446.39378606234783 487.7600905576454
446.93975166347496 486.92228296494534
447.4857172646022 486.0844753722454
448.0316828657294 485.2466677795453
448.57764846685654 484.40886018684523
449.1236140679838 483.5710525941452
449.6633931045922 482.72924585169295
450.2031721412005 481.8874391092407
450.742951177809 481.0456323667884
451.28273021441737 480.2038256243361
451.81889614570497 479.35971301684435
452.3550620769927 478.5156004093527
452.8912280082802 477.67148780186096
453.4273939395679 476.82737519436927
453.96355987085553 475.98326258687746
454.49520389826785 475.1362946842289
455.02684792568016 474.2893267815804
455.55849195309247 473.44235887893194
456.0901359805048 472.59539097628345
456.6176960611617 471.74587325351524
457.14525614181866 470.8963555307471
457.6728162224756 470.04683780797893
458.20037630313254 469.1973200852107
458.7234769808342 468.34504918873
459.246577658536 467.49277829224934
459.7696783362378 466.64050739576874
460.28895790182537 465.7859029651909
460.80823746741294 464.9312985346132
461.3275170330006 464.0766941040354
461.8467965985881 463.2220896734576
462.36099091334506 462.3644159553855
462.87518522810205 461.5067422373134
463.38937954285893 460.64906851924127
463.899076368881 459.78871443774756
464.4087731949031 458.92836035625373
464.91847002092527 458.0680062747599
465.42816684694725 457.20765219326614
465.9317546441553 456.3437081380733
466.43534244136333 455.47976408288037
466.9389302385714 454.6158200276874
467.4372839730353 453.7488462360732
467.9356377074993 452.8818724444591
468.43399144196326 452.0148986528449
468.92679795033723 451.1447597298537
469.4196044587111 450.2746208068625
469.9124109670851 449.4044818838713
470.3992555548939 448.53099327643486
470.88610014270273 447.6575046689984
471.37294473051145 446.7840160615619
471.8533487349313 445.9069687466823
472.3337527393511 445.0299214318028
472.814156743771 444.15287411692333
473.2875643560057 443.2720306389556
473.76097196824037 442.3911871609879
474.2291044396437 441.50752886208625
474.69723691104707 440.6238705631846
475.1653693824504 439.74021226428295
475.6259889026036 438.85261457520653
476.0866084227567 437.96501688613
476.5412725410464 437.07435390860155
476.99593665933617 436.18369093107316
477.4506007776259 435.2930279535447
477.89665570894783 434.39802236795134
478.3427106402698 433.5030167823579
478.7822298716804 432.6047836025988
479.221749103091 431.70655042283954
479.6545409610441 430.80505654726994
480.08733281899737 429.90356267170046
480.51313451614016 428.99874616283785
480.938936213283 428.09392965397524
481.35746486331306 427.1857260594525
481.7759935133431 426.2775224649298
482.18695030408315 425.36586764201456
482.5979070948232 424.4542128190993
483.00097652206864 423.53904341575367
483.40404594931414 422.62387401240807
483.7988938931767 421.70512752875356
484.19374183703917 420.786381045099
484.58001292509795 419.86399574245706
484.9662840131567 418.9416104398151
485.3435981595262 418.0155251117003
485.7209123058956 417.08943978358553
486.08886007572795 416.159593323854
486.4568078455603 415.2297468641224
486.8149439769645 414.29607748399746
487.16685630715335 413.3600445188402
487.51876863734213 412.42401155368293
487.8617936850371 411.4846852969149
488.20481873273224 410.5453590401469
488.53742735581284 409.60229408806117
488.8635912162663 408.65698084043686
489.1897550767197 407.71166759281243
489.5062682546939 406.7630794797893
489.81611854228214 405.8122941205828
490.12596882987043 404.8615087613763
490.4259273036683 403.90755650156615
490.71910702088996 402.95149915317654
491.0122867381117 401.9954418047869
491.29523431786185 401.03630643002816
491.57148577313603 400.0752210366011
491.84773722841027 399.11413564317405
492.1132401169755 398.15002557883315
492.37242086429717 397.1841967429529
492.6254443293583 396.21673660107194
492.8784677944194 395.24927645919087
493.1211483703819 394.27917020828295
493.3575004333778 393.307502722814
493.5878411571487 392.3343926822879
493.8181818809196 391.3612826417618
494.038029373543 390.3857483881411
494.2521442816925 389.4089399083928
494.4606556658696 388.4309199685815
494.66368313901194 387.4517469271076
494.86134714713506 386.4714770969625
495.05901115525825 385.4912072668174
495.24765627892384 384.5091619433637
495.4307804756998 383.5260721567445
495.60886878934514 382.54205764844545
495.7821211706818 381.5571801878641
495.9506866763136 380.57148973426774
496.1192521819454 379.5857992806713
496.2795695004922 378.59873375226204
496.43532381192927 377.6109379259554
496.58683549964036 376.62248245984324
496.7342619390946 375.6334094367808
496.8777386797559 374.643755747408
497.01739593269536 373.65355584248914
497.1533613811682 372.6628422628802
497.28208886313155 371.671162256332
497.4108163450948 370.67948224978386
497.53954382705814 369.6878022432357
497.66827130902146 368.6961222366875
497.79699879098473 367.7044422301393
497.92572627294805 366.71276222359114
498.0544537549114 365.721082217043
498.1831812368747 364.7294022104948
498.311908718838 363.73772220394665
498.44063620080135 362.7460421973984
498.56936368276456 361.7543621908503
498.69809116472794 360.7626821843021
498.8268186466912 359.771002177754
498.95554612865453 358.77932217120576
499.0842736106178 357.78764216465754
499.2130010925812 356.79596215810943
499.3417285745445 355.8042821515612
499.4704560565078 354.81260214501305
499.59918353847104 353.8209221384649
499.72791102043436 352.8292421319167
499.8566385023977 351.83756212536855
499.93441937248616 350.8405916462428
