4.701687440281731
181487
639
0.0 100.0
0.3416628548775413 100.93982258623473
0.681825701024042 101.88018913078079
1.0214732005792109 102.82074193421391
1.3608086974720561 103.76140734792301
1.6994529142439894 104.70232184693285
2.036755778806832 105.64371803215865
2.371810360485683 106.58591675180116
2.7034507745147622 107.5293226219242
3.031294814461414 108.47405448095694
3.356313055208715 109.4197622281926
3.680310621739509 110.36582014231949
4.004937417196981 111.31166232982807
4.3309765030213 112.25701861954894
4.658193239599795 113.20196793422298
4.985614814998259 114.14684629251235
5.311970418360556 115.0920933608252
5.636231339266545 116.03806104271143
5.958074041688192 116.98485419588584
6.278055415604678 117.93227802941892
6.597451516996529 118.87989933058078
6.917884082035338 119.8271706598538
7.241147104465325 120.77347981564245
7.569241997062416 121.71812458562306
7.904363551021778 122.66029948662174
8.24900598887078 123.5990335224559
8.615506399089387 124.52945141206766
9.025618862231477 125.44148637169121
9.501788037600253 126.32084006414301
10.0582084215747 127.15174099463817
10.696862959105442 127.92123458245511
11.44601170043925 128.58363639658154
12.27401889839766 129.14435386565938
13.1483067782957 129.629761635543
14.047931694471426 130.06642513321117
14.961162550408572 130.47386764911286
15.881672601545933 130.86458653239737
16.806069360433312 131.24601887522962
17.732533493622896 131.62240193796396
18.66009117748747 131.99608193890563
19.58822360516333 132.36833211915612
20.516656141476247 132.7398331629172
21.44524441452166 133.1109447622543
22.37391304678587 133.48185522510013
23.302622932407253 133.8526623829991
24.231353899485242 134.22341673670297
25.160095595999113 134.5941442122919
26.08884273352607 134.9648580568344
27.017592621326337 135.33556501105969
27.946343895273014 135.7062684924871
28.87509586601275 136.07697022818178
29.803848186188404 136.44767108840244
30.732600681225364 136.81837151052605
31.661353263592385 137.1890717138529
32.590105889495476 137.55977180810447
33.51885853706625 137.93047184806977
34.44761119540442 138.3011718610584
35.37636385908567 138.67187186066047
36.30511652541481 139.04257185362854
37.23386919305456 139.413271843313
38.16262186134229 139.78397183137398
39.09137452995003 140.15467181863323
40.02012719871567 140.52537180549686
40.948879867559135 140.89607179216551
41.87763253644092 141.26677177873816
42.806385205341556 141.63747176526357
43.73513787425147 142.00817175176573
44.66389054316595 142.37887173825646
45.603919220608816 142.71996715831514
46.5439478980517 143.06106257837382
47.483976575494566 143.4021579984325
48.42400525293744 143.74325341849115
49.364033930380316 144.08434883854983
50.30497324928655 144.42292408592664
51.245912568192786 144.76149933330345
52.18259998943375 145.111665972047
53.11928741067471 145.46183261079057
54.05597483191567 145.81199924953413
54.985282176459734 146.18130651913015
55.91458952100379 146.55061378872617
56.837166853236724 146.9364260047717
57.755030660650306 147.33332149610442
58.67289446806388 147.73021698743716
59.58389567624377 148.14262067158023
60.49489688442367 148.5550243557233
61.39705713663646 148.98642542123815
62.29463509923031 149.42728118117088
63.1872224855784 149.87815561794048
64.0751183560003 150.3382000976245
64.96301422642219 150.79824457730854
65.84291729741292 151.2733978006598
66.71924061128553 151.75512121670198
67.59260256390976 152.24219297702933
68.46349451024335 152.7336675112743
69.33234804391968 153.22873673574512
70.19817417909911 153.72908172037097
71.06120798839649 154.2342278814072
71.92190427391746 154.74334663385144
72.78070882740822 155.25564999993793
73.63800632400867 155.77047133042316
74.49411404743675 156.28726874323286
75.34780832863262 156.80804323785932
76.19910867965135 157.33272191319824
77.04836445336393 157.86070357084918
77.89596617536972 158.3913365144673
78.74226073563578 158.9240517453966
79.5859414899031 159.46089696040642
80.4270180292284 160.00181308606415
81.26586656357384 160.54617797878458
82.10291354321781 161.0933089995364
82.93853905006877 161.64260856471014
83.77159083728282 162.19580357537046
84.60211370327163 162.7527881075343
85.43048389729692 163.3129691690229
86.25711814687101 163.87570873350285
87.08461672316164 164.43717654757324
87.9135691705134 164.99649563363195
88.74392023836016 165.55373624963704
89.57750175788533 166.10613271080067
90.41431999230349 166.65361352557437
91.25388491336471 167.19687289578667
92.09794549870749 167.73312071934478
92.94627791113295 168.2625847105929
93.79816451611622 168.78631098666665
94.65546564770928 169.30112626399364
95.51782762625197 169.80741848985133
96.38436644029034 170.3065281809664
97.25720566869799 170.7945360511414
98.13589561002415 171.27192895746933
99.02167160346556 171.7360419711232
99.91369834680499 172.1880245915493
100.8130730388186 172.6252032316559
101.7188555869696 173.04894604925292
102.63213116778554 173.45628830520639
103.55189931344867 173.8487504794645
104.4792407819256 174.2229667282339
105.42107248241567 174.55905161029796
106.31409695624875 175.00905970926408
107.11342866465188 175.60994973243083
107.79155978711827 176.34489066933833
108.35143157033087 177.17346992708158
108.94154107795369 177.9807931393164
109.5706128380607 177.99894119077845
109.79204321067965 178.97411737490202
110.01347358329863 179.94929355902562
110.1295611761264 180.46054165231527
111.11519150635091 180.29162495053146
112.10082183657542 180.12270824874767
113.08645216679993 179.95379154696386
114.07208249702444 179.78487484518004
115.05771282724896 179.61595814339626
116.04334315747346 179.4470414416124
117.02897348769798 179.27812473982863
118.01460381792249 179.1092080380448
119.000234148147 178.94029133626103
119.98586447837151 178.7713746344772
120.97149480859603 178.60245793269337
121.95712513882054 178.43354123090955
122.34299630690549 178.36741087449946
123.34299588878096 178.36649640804586
124.34166077284141 178.4181534438159
125.33358713620743 178.54496862295252
126.32148422644454 178.70007935469303
127.3044255585431 178.88399873282452
128.28205753371464 179.09432163010914
129.2544476093691 179.32768302530707
130.22195188688923 179.58053767323787
131.1850626625012 179.84964292012114
132.14430649145308 180.13222260201232
133.10018909276687 180.42597156372216
134.05321235122585 180.72886868955237
135.0038369776657 181.03921175715024
135.9524645261453 181.35560672276378
136.89943498100493 181.67692736888372
137.84508066179637 182.00212614870998
138.78969624546667 182.33030506193757
139.73352582257056 182.66073770164485
140.67680631817214 182.99273454894552
141.61974044695611 183.32571387078764
142.56248684169418 183.65922434319953
143.50516249341646 183.9929347200983
144.44790666980265 184.32645146314115
145.39084264587433 184.65942555376947
146.33406100053696 184.99159890524044
147.27766777115954 185.32266727043896
148.22175035644239 185.65237634244895
149.166364353343 185.98055982292823
150.11158467712679 186.30699287809585
151.05747083884802 186.63149152071898
152.00405345630463 186.95395291116603
152.95138708361105 187.27420125007575
153.89951359698355 187.59209449416892
154.84844782550036 187.90756847082815
155.79823213089287 188.220473845071
156.74889781996654 188.5306911038076
157.70044993571162 188.8381786174095
158.6529239411296 189.1427984936537
159.60634508130903 189.4444408803617
160.56075317530616 189.74294580513316
161.51616897209615 190.0382095097163
162.4725838231397 190.33022086686418
163.43001776563727 190.6188733322157
164.38848075787888 190.90409025405464
165.3479982359542 191.1857393429365
166.3085779358055 191.4637440915177
167.27023892050784 191.73798513604117
168.23298177073013 192.0084037085281
169.1968182602196 192.2748980265325
170.16174262112736 192.53742607784653
171.1277607180718 192.79590051831565
172.09486193541196 193.0502924116991
173.06304756009013 193.30052549537623
174.03230331473142 193.54658094054003
175.00262685259446 193.78839126262932
175.97400105177002 194.02594581462967
176.9464205514226 194.25918456933266
177.9198659321342 194.48810396731201
178.89432921320508 194.71265087520567
179.86978904340774 194.93282834830643
180.8462350512771 195.148590239557
181.8236626218885 195.359861023644
182.80205048283432 195.56663915003531
183.78137987020125 195.76891112298142
184.761618677696 195.9667289186452
185.74274288396356 196.1601075417551
186.7247322735491 196.3490436122695
187.70755455540348 196.53359810907335
188.6911804783646 196.71382031547117
189.67558208653136 196.889756309056
190.66072196364175 197.06151026833192
191.64656520849115 197.22917987376115
192.63307759677446 197.3928664882523
193.62022347619381 197.55268830386376
194.60796142098928 197.70880925829084
195.5962501760123 197.86140459470408
196.5850481169649 198.01066487732436
197.57431223439954 198.15680353051454
198.5639988921601 198.30005268217246
199.5540630312604 198.4406691835782
200.54445771965965 198.578938345688
201.53513398620447 198.71517539976938
202.52604073200706 198.84972584058204
203.5171321237209 198.98290937286242
204.50835833810288 199.11508573959247
205.49966949807725 199.2466235064516
206.49102248996917 199.37784562907945
207.4823879860635 199.5089732507069
208.47375649793588 199.6400780700995
209.46512729059845 199.77116564180474
210.456531011951 199.9020039438738
211.44802837477823 200.0321307263078
212.43970545039747 200.16088078530294
213.43157515464196 200.28813835797334
214.42364507620073 200.41382555198453
215.4159657839478 200.5375171562927
216.40863855609217 200.65835079168926
217.401799619287 200.77510310453016
218.39559566077347 200.8863210344059
219.39015933265003 200.9904512537633
220.38558925279455 201.08594614410362
221.38193635539258 201.17134199379484
222.3791968143834 201.24531210217262
223.37731082819653 201.3066995229513
224.37616609645647 201.35453416593487
225.3756046763624 201.38803827009588
226.37543195706843 201.4066234458012
227.3754266487209 201.4098817685199
228.3753508909647 201.39757283789493
229.374959806253 201.3696082803954
230.3740100328783 201.32603484031992
231.3722691713847 201.26705439959187
232.36958829424054 201.1938794914193
233.3660070063322 201.1093232959419
234.3619229800169 201.01903833950007
235.3579705664182 200.93021713919185
236.35491368328815 200.85208634036286
237.3523875148407 200.7810514519777
238.34980921455988 200.7092882794637
239.3465762247812 200.62894198313057
240.34204672193994 200.53387101339462
241.33555031562827 200.42007026942346
242.3264499998196 200.28546783308013
243.31421124428365 200.12949436118566
244.29844668175372 199.95263112693925
245.2790331292451 199.7565438530121
246.2704985300012 199.62617376785607
247.26042984438737 199.48462521506372
248.2427192618812 199.29725525941538
249.21502451600148 199.06354070528974
250.1757369212752 198.78599489942488
251.1329021374768 198.4964525900922
251.13855637643638 198.70358065405594
252.0763971262466 198.35651476982727
253.0142378760568 198.0094488855986
253.952078625867 197.66238300136993
254.78183831140063 197.355314579556
254.65158427480998 198.3467952328982
254.52133023821932 199.33827588624035
254.39107620162866 200.32975653958255
254.260822165038 201.3212371929247
254.13056812844735 202.3127178462669
254.00031409185667 203.30419849960907
253.870060055266 204.29567915295127
253.73980601867535 205.28715980629343
253.60955198208467 206.2786404596356
253.47929794549404 207.2701211129778
253.34904390890335 208.26160176631998
253.2187898723127 209.25308241966218
253.08853583572204 210.24456307300437
252.95828179913138 211.23604372634657
252.82802776254073 212.2275243796887
252.69777372595007 213.2190050330309
252.56751968935941 214.2104856863731
252.43726565276873 215.20196633971523
252.3070116161781 216.19344699305745
252.17675757958744 217.18492764639961
252.04650354299676 218.1764082997418
251.9162495064061 219.167888953084
251.78599546981545 220.15936960642617
251.73488313546858 220.5484315654911
251.68826198882965 221.54734420866168
251.6685896177538 222.54715068884485
251.694106008833 223.5468250927316
251.7697854002112 224.54395729546133
251.89848173851658 225.53564134419196
252.1099198563429 226.51303273065392
252.36295267308134 227.48049042670755
252.66410280881243 228.4340671649668
253.0155376017843 229.37027952671428
253.41696745235822 230.28616929904948
253.86653519868406 231.17941553691645
254.36140143737208 232.04838469966438
254.8981854874811 232.89210437085177
255.47328817406725 233.71018560146484
256.0831108339836 234.50272350179048
256.72421448468054 235.2701778060087
257.3934264500321 236.01324936745505
258.08900944867435 236.73169511488476
258.80800286052613 237.42671200224345
259.54763132146246 238.09972741051652
260.3055773627346 238.7520446634847
261.07993212828893 239.38479635021758
261.86909273479034 239.99898324127463
262.6716778482548 240.59552086426694
263.4864705282325 241.17527330165274
264.3123819436964 241.7390732074761
265.14842843862675 242.2877318065289
265.9937165033224 242.82204265957523
266.84743227226875 243.34278192816595
267.7088335949633 243.85070688449323
268.57707064350484 244.34685648646808
269.4510322777774 244.83285140600907
270.32929023138695 245.31103857325806
271.21012352555954 245.78446513343084
272.09158061387734 246.2567292559876
272.9714180200974 246.73200405924987
273.8473107583336 247.2145099256444
274.7169555924906 247.70818781903648
275.57809253206494 248.2165608821511
276.42852421140606 248.74264638734297
277.2662370463336 249.28875737074998
278.08973661998425 249.85607425944363
278.8984170792071 250.44432243400195
279.6927836880125 251.05176106531783
280.4744653295248 251.67543871548875
281.2461696599966 252.31142018246013
282.01111606648163 252.9555141159866
282.77261203133867 253.60368376623754
283.53566566759633 254.2500189333095
284.2971629285351 254.89818706086805
285.04937221519606 255.55711132742755
285.7834306442597 256.23619764205966
286.4913268603915 256.9425141059668
287.17977546110734 257.6677992389817
287.8632990296251 258.39772768155717
288.5602236557665 259.11487206414535
289.30158820469416 259.78597459401186
289.98744457118437 260.5137115276251
290.58183216463385 261.31789023211394
291.0989500187011 262.1738044363453
292.05946516184054 262.45203214848027
292.11171041930555 262.46716577605315
292.2998883705097 263.44930072537556
292.4880663217138 264.43143567469804
292.54889084347013 264.74888991527456
293.5173702699654 264.9979834729099
294.4858496964606 265.24707703054526
295.45432912295587 265.4961705881806
296.4228085494511 265.7452641458159
297.3912879759464 265.99435770345127
298.35976740244166 266.2434512610866
299.32824682893687 266.49254481872197
300.29672625543213 266.7416383763573
301.2652056819274 266.9907319339926
302.2336851084226 267.2398254916279
303.2021645349179 267.48891904926325
304.17064396141313 267.7380126068986
305.1391233879084 267.98710616453394
306.10760281440366 268.2361997221693
307.07608224089887 268.48529327980464
308.0445616673942 268.73438683743996
309.0130410938894 268.9834803950753
309.98152052038466 269.23257395271065
310.94999994687987 269.48166751034597
311.91847937337513 269.73076106798135
312.8869587998704 269.97985462561667
313.85543822636566 270.228948183252
314.8239176528609 270.47804174088736
315.79239707935614 270.7271352985227
316.76087650585146 270.97622885615806
317.7293559323466 271.2253224137933
318.6978353588419 271.4744159714287
319.6663147853372 271.723509529064
320.6347942118324 271.97260308669934
321.60327363832766 272.2216966443347
322.57175306482293 272.47079020197003
323.5402324913182 272.7198837596054
324.50871191781346 272.96897731724073
325.4771913443087 273.21807087487605
326.44567077080393 273.46716443251137
327.41415019729914 273.71625799014674
328.3826296237944 273.96535154778206
329.35110905028966 274.2144451054174
330.31958847678493 274.46353866305276
331.2880679032802 274.7126322206881
332.25654732977546 274.9617257783234
333.22502675627067 275.2108193359588
334.19350618276593 275.4599128935941
335.1619856092612 275.7090064512294
336.13046503575646 275.9581000088648
337.09894446225167 276.2071935665001
338.06742388874693 276.45628712413543
339.0359033152422 276.70538068177075
340.0043827417374 276.95447423940607
340.97286216823267 277.20356779704144
341.941341594728 277.45266135467676
342.90982102122314 277.7017549123121
343.87830044771846 277.95084846994746
344.8467798742137 278.1999420275828
345.81525930070893 278.44903558521816
346.7837387272042 278.6981291428535
347.7522181536995 278.9472227004888
348.72069758019467 279.19631625812417
349.68917700668993 279.4454098157595
350.6576564331852 279.69450337339487
351.6261358596804 279.9435969310302
352.5946152861757 280.1926904886655
353.563094712671 280.4417840463009
354.5315741391662 280.6908776039362
355.50005356566146 280.9399711615716
356.4685329921567 281.18906471920684
357.43701241865193 281.43815827684216
358.4054918451472 281.6872518344775
358.9319582276618 281.82265934093385
359.89748671305586 282.0829567552365
360.85940226661046 282.3563035456506
361.81509741264284 282.6506618101007
362.76284220771066 282.96969128118747
363.7018733466873 283.3135233914275
364.63222094858247 283.68020218771665
365.55451192073195 284.0666984525001
366.4697969801225 284.46950518041865
367.3793243247118 284.8851492702893
368.28437977747404 285.31044284821553
369.186119721292 285.7427217786796
370.08552799490565 286.17983132714005
370.98336025903643 286.62016895383783
371.8792146783735 287.0645166322995
372.7717490173189 287.51549607063714
373.6583999890022 287.9779353146607
374.5361864761869 288.4569873816805
375.39999980746694 288.9607993790593
376.25324637453764 289.48230709307904
377.10393477232566 290.0079773793506
377.96091190496804 290.52333181479094
378.8312245168549 291.01583151792863
379.7163194191409 291.48124210434383
380.5995990845149 291.9500885959985
381.467851850657 292.4462106919452
382.3066996095381 292.990576779629
383.18624475673664 293.46639222078187
384.11572045778723 293.83527556434257
385.035910110807 294.22674842735535
385.36597058873747 294.88209515705864
386.3659518565685 294.87597437385057
387.36593312439953 294.8698535906425
387.7323903480771 294.86761054340417
387.91265727318444 295.8512282718497
388.0929241982917 296.8348460002952
388.2731911233991 297.81846372874077
388.4534580485064 298.8020814571863
388.63372497361365 299.78569918563187
388.81399189872104 300.7693169140774
388.9942588238283 301.7529346425229
389.0902723440373 302.2768277559813
389.48221804305064 303.1968161086385
389.89011030494146 304.1098461753337
390.32148858092916 305.0120173248424
390.7730587764763 305.9042529206878
391.24067644930494 306.7881837505938
391.72053986861016 307.6655269552821
392.20924175527546 308.5379777939944
392.70527925666033 309.40627889224305
393.2024363201311 310.2739394561971
393.6994269164786 311.14169538221677
394.19466316513683 312.0104537249191
394.6865244975751 312.88112727433474
395.1734554600516 313.7545677346877
395.65400722145506 314.6315340992719
396.12697089158223 315.5126160289128
396.59145571864815 316.39819710675135
397.0474088165994 317.2882009115009
397.4961678113316 318.18185373259354
397.9413752013463 319.0772812170256
398.38823576918685 319.97188483478556
398.8492831922608 320.85926033234944
399.33175187704126 321.735173551913
399.8251538956773 322.60497493614156
400.31857877454604 323.4747633523172
400.8017694616922 324.3502784920237
401.26620245087474 325.2358867567542
401.70569399109604 326.1341334857068
402.1164968303848 327.04585769139203
402.50735533958834 327.96630846453695
402.9004120005045 328.8858227174495
403.333818898382 329.7870210645808
403.7396847590512 330.70095372246277
404.0871699470713 331.6386391943064
404.3728038674245 332.59697799845844
404.607558185491 333.5690327346483
404.99611546069127 333.5350690274396
405.097007813472 334.5299663754863
405.19790016625274 335.52486372353303
405.2987925190335 336.5197610715797
405.3369752184735 336.8962798598444
406.3259971045071 336.7485107529698
407.3150189905408 336.60074164609523
408.30404087657433 336.4529725392207
409.293062762608 336.3052034323461
410.2820846486416 336.1574343254715
411.2711065346752 336.0096652185969
412.26012842070884 335.86189611172233
413.2491503067424 335.71412700484774
414.23817219277606 335.5663578979732
415.2271940788097 335.4185887910986
416.2162159648433 335.270819684224
417.2052378508769 335.12305057734943
418.19425973691045 334.97528147047484
419.18328162294415 334.8275123636003
420.17230350897773 334.6797432567257
421.1613253950113 334.5319741498511
422.150347281045 334.38420504297653
423.13936916707854 334.23643593610194
424.1283910531122 334.0886668292274
425.1174129391458 333.94089772235276
426.10643482517946 333.7931286154782
427.09545671121305 333.64535950860363
428.08447859724663 333.49759040172904
429.0735004832803 333.34982129485445
430.0625223693139 333.2020521879799
431.0515442553475 333.05428308110527
432.04056614138113 332.90651397423073
433.0295880274148 332.7587448673562
434.01860991344836 332.61097576048155
435.00763179948194 332.463206653607
435.9966536855156 332.31543754673237
436.9856755715492 332.16766843985783
437.9746974575828 332.01989933298324
438.96371934361645 331.87213022610865
439.95274122965 331.72436111923406
440.9417631156836 331.57659201235947
441.93078500171725 331.4288229054849
442.9198068877509 331.2810537986103
443.9088287737845 331.13328469173575
444.8978506598181 330.98551558486116
445.88687254585176 330.83774647798657
446.87589443188534 330.68997737111204
447.864916317919 330.54220826423744
448.85393820395257 330.39443915736285
449.84296008998615 330.2466700504883
450.8319819760198 330.09890094361367
451.82100386205343 329.95113183673914
452.81002574808707 329.80336272986455
453.79904763412065 329.65559362298995
454.78806952015424 329.5078245161154
455.7770914061879 329.3600554092408
456.76611329222146 329.2122863023662
457.7551351782551 329.0645171954916
458.74415706428874 328.91674808861706
459.7331789503223 328.7689789817425
460.0310006003206 328.7244816456879
461.0228792679121 328.59729395455065
462.0164237132879 328.48385042206456
463.01120485613694 328.3818186729273
464.00742182773473 328.2949178932961
465.0050727023257 328.22641437201605
466.0039727577757 328.17952429607124
467.00372485549457 328.15725900678956
468.00371217958707 328.1622940494168
469.00311205770623 328.1969333856606
470.00091920651096 328.26312170633855
470.99597265815873 328.3624626765569
471.9869859582939 328.49622604581515
472.9725818455486 328.66534359968387
473.9513318308083 328.8704008267064
474.9217584001852 329.11179733340714
475.882408529078 329.38955861555075
476.83192265522666 329.70328289616054
477.76907625030276 330.0521999912361
478.6927978508761 330.4352644827178
479.60217432471137 330.8512385550288
480.4964516195082 331.2987518174141
481.3750346280017 331.77634149191147
482.2374535415399 332.2825367285264
483.0832821931435 332.8159914052576
483.91234205223975 333.37515126615176
484.72480074810534 333.9581700201489
485.52116387295786 334.5629888139831
486.30221169523367 335.1874600297475
487.06891875921565 335.8294571310183
487.8223768591091 336.48695305625654
488.5637303050994 337.15806785129416
489.29412594000036 337.8410921674921
490.014677146415 338.5344938973244
490.7264397309825 339.2369140160637
491.43039722314245 339.9471561221317
492.12745326948675 340.66417276646763
492.81488240786666 341.3904242240953
493.4932507764221 342.1251461827596
494.16400538624214 342.86682552951606
494.8286484251611 343.61398657695935
495.48848659694966 344.3653943138444
496.1445847448289 345.12006988675597
496.7966826823102 345.8782046240769
497.4487806197916 346.63633936139775
498.10087855727284 347.3944740987186
498.75297649475425 348.15260883603946
499.3124599739773 348.9814503386661
499.87194345320046 349.8102918412928
