1.0531089264688784
141549
1764
0.0 100.0
0.0 101.0
0.0 102.0
0.0 103.0
0.0 104.0
0.0 105.0
0.0 106.0
0.0 107.0
0.0 108.0
0.0 109.0
0.0 110.0
0.0 111.0
0.0 112.0
0.0 113.0
0.0 114.0
0.0 115.0
0.0 116.0
0.0 117.0
0.0 118.0
0.0 119.0
0.0 120.0
0.0 121.0
0.0 122.0
0.0 123.0
0.0 124.0
0.0 125.0
0.0 126.0
0.0 127.0
0.0 128.0
0.0 129.0
0.0 130.0
0.0 131.0
0.0 132.0
0.0 133.0
0.0 134.0
0.0 135.0
0.0 136.0
0.0 137.0
0.0 138.0
0.0 139.0
0.0 140.0
0.0 141.0
0.0 142.0
0.0 143.0
0.0 144.0
0.0 145.0
0.0 146.0
0.0 147.0
0.0 148.0
0.0 149.0
0.0 150.0
0.0 151.0
0.0 152.0
0.0 153.0
0.0 154.0
0.0 155.0
0.0 156.0
0.0 157.0
0.0 158.0
0.0 159.0
0.0 160.0
0.0 161.0
0.0 162.0
0.0 163.0
0.0 164.0
0.0 165.0
0.0 166.0
0.0 167.0
0.0 168.0
0.0 169.0
0.0 170.0
0.0 171.0
0.0 172.0
0.0 173.0
0.0 174.0
0.0 175.0
0.0 176.0
0.0 177.0
0.0 178.0
0.0 179.0
0.0 180.0
0.0 181.0
0.0 182.0
0.0 183.0
0.0 184.0
0.0 185.0
0.0 186.0
0.0 187.0
0.0 188.0
0.0 189.0
0.0 190.0
0.0 191.0
0.0 192.0
0.0 193.0
0.0 194.0
0.0 195.0
0.0 196.0
0.0 197.0
0.0 198.0
0.0 199.0
0.0 200.0
0.0 201.0
0.0 202.0
0.0 203.0
0.0 204.0
0.0 205.0
0.0 206.0
0.0 207.0
0.0 208.0
0.0 209.0
0.0 210.0
0.0 211.0
0.0 212.0
0.0 213.0
0.0 214.0
0.0 215.0
0.0 216.00000000000003
0.0 217.00000000000003
0.0 218.00000000000003
0.0 219.00000000000003
0.0 220.0
0.0 220.99999999999997
0.0 221.99999999999997
0.0 222.99999999999997
0.0 223.99999999999997
0.0 224.99999999999997
0.0 225.99999999999994
0.0 226.99999999999994
0.0 227.99999999999991
0.0 228.99999999999991
0.0 229.99999999999991
0.0 230.99999999999991
0.0 231.99999999999991
0.0 232.99999999999991
0.0 233.99999999999991
0.0 234.99999999999991
0.0 235.99999999999991
0.0 236.99999999999991
0.0 237.99999999999991
0.0 238.99999999999991
0.0 239.99999999999991
0.0 240.99999999999991
0.0 241.99999999999991
0.0 242.99999999999991
0.0 243.99999999999991
0.0 244.99999999999991
0.0 245.99999999999991
0.0 246.99999999999991
0.0 247.99999999999991
0.0 248.99999999999991
0.0 249.99999999999991
0.0 250.99999999999991
0.0 251.99999999999991
0.0 252.99999999999991
0.0 253.99999999999991
0.0 254.99999999999991
0.0 255.99999999999991
0.0 256.99999999999994
0.0 257.99999999999994
0.0 258.99999999999994
0.0 259.99999999999994
0.0 260.99999999999994
0.0 261.99999999999994
0.0 262.99999999999994
0.0 263.99999999999994
0.0 264.99999999999994
0.0 265.99999999999994
0.0 266.99999999999994
0.0 267.99999999999994
0.0 268.99999999999994
0.0 269.99999999999994
0.0 270.99999999999994
0.0 271.99999999999994
0.0 272.99999999999994
0.0 273.99999999999994
0.0 274.99999999999994
0.0 275.99999999999994
0.0 276.99999999999994
0.0 277.99999999999994
0.0 278.99999999999994
0.0 279.99999999999994
0.0 280.99999999999994
0.0 281.99999999999994
0.0 282.99999999999994
0.0 283.99999999999994
0.0 284.99999999999994
0.0 285.99999999999994
0.0 286.99999999999994
0.0 287.99999999999994
0.0 288.99999999999994
0.0 289.99999999999994
0.0 290.99999999999994
0.0 291.99999999999994
0.0 292.99999999999994
0.0 293.99999999999994
0.0 294.99999999999994
0.0 295.99999999999994
0.0 296.99999999999994
0.0 297.99999999999994
0.0 298.99999999999994
0.0 299.99999999999994
0.0 300.99999999999994
0.0 301.99999999999994
0.0 302.99999999999994
0.0 303.99999999999994
0.0 304.99999999999994
0.0 305.99999999999994
0.0 306.99999999999994
0.0 307.99999999999994
0.0 308.99999999999994
0.0 309.99999999999994
0.0 310.99999999999994
0.0 311.99999999999994
0.0 312.99999999999994
0.0 313.99999999999994
0.0 314.99999999999994
0.0 315.99999999999994
0.0 316.99999999999994
0.0 317.99999999999994
0.0 318.99999999999994
0.0 319.99999999999994
0.0 320.99999999999994
0.0 321.99999999999994
0.0 322.99999999999994
0.0 323.99999999999994
0.0 324.99999999999994
0.0 325.99999999999994
0.0 326.99999999999994
0.0 327.99999999999994
0.0 328.99999999999994
0.0 329.99999999999994
0.0 330.99999999999994
0.0 331.99999999999994
0.0 332.99999999999994
0.0 333.99999999999994
0.0 334.99999999999994
0.0 335.99999999999994
0.0 336.99999999999994
0.0 337.99999999999994
0.0 338.99999999999994
0.0 339.99999999999994
0.0 340.99999999999994
0.0 341.99999999999994
0.0 342.99999999999994
0.0 343.99999999999994
0.0 344.99999999999994
0.0 345.99999999999994
0.0 346.99999999999994
0.0 347.99999999999994
0.0 348.99999999999994
0.0 349.99999999999994
0.0 350.99999999999994
0.0 351.99999999999994
0.0 352.99999999999994
0.0 353.99999999999994
0.0 354.99999999999994
0.0 355.99999999999994
0.0 356.99999999999994
0.0 357.99999999999994
0.0 358.99999999999994
0.0 359.99999999999994
0.0 360.99999999999994
0.0 361.99999999999994
0.0 362.99999999999994
0.0 363.99999999999994
0.0 364.99999999999994
0.0 365.99999999999994
0.0 366.99999999999994
0.0 367.99999999999994
0.0 368.99999999999994
0.0 369.99999999999994
0.0 370.99999999999994
0.0 371.99999999999994
0.0 372.99999999999994
0.0 373.99999999999994
0.0 374.99999999999994
0.0 375.99999999999994
0.0 376.99999999999994
0.0 377.99999999999994
0.0 378.99999999999994
0.0 379.99999999999994
0.0 380.99999999999994
0.0 381.99999999999994
0.0 382.99999999999994
0.0 383.99999999999994
0.0 384.99999999999994
0.0 385.99999999999994
0.0 386.99999999999994
0.0 387.99999999999994
0.0 388.99999999999994
0.0 389.99999999999994
0.0 390.99999999999994
0.0 391.99999999999994
0.0 392.99999999999994
0.0 393.99999999999994
0.0 394.99999999999994
0.0 395.99999999999994
0.0 396.99999999999994
0.0 397.99999999999994
0.0 398.99999999999994
0.0 399.99999999999994
0.0 400.99999999999994
0.0 401.99999999999994
0.0 402.99999999999994
0.0 403.99999999999994
0.0 404.99999999999994
0.0 405.99999999999994
0.0 406.99999999999994
0.0 407.99999999999994
0.0 408.99999999999994
0.0 409.99999999999994
0.0 410.99999999999994
0.0 411.99999999999994
0.0 412.99999999999994
0.0 413.99999999999994
0.0 414.99999999999994
0.0 415.99999999999994
0.0 416.99999999999994
0.0 417.99999999999994
0.0 418.99999999999994
0.0 419.99999999999994
0.0 420.99999999999994
0.0 421.99999999999994
0.0 422.99999999999994
0.0 423.99999999999994
0.0 424.99999999999994
0.0 425.99999999999994
0.0 426.99999999999994
0.0 427.99999999999994
0.0 428.99999999999994
0.0 429.99999999999994
0.0 430.99999999999994
0.0 431.99999999999994
0.0 432.99999999999994
0.0 433.99999999999994
0.0 434.99999999999994
0.0 435.99999999999994
0.0 436.99999999999994
0.0 437.99999999999994
0.0 438.99999999999994
0.0 439.99999999999994
0.0 440.99999999999994
0.0 441.99999999999994
0.0 442.99999999999994
0.0 443.99999999999994
0.0 444.99999999999994
0.0 445.99999999999994
0.0 446.99999999999994
0.0 447.99999999999994
0.0 448.99999999999994
0.0 449.99999999999994
0.0 450.99999999999994
0.0 451.99999999999994
0.0 452.99999999999994
7.09557861078399E-33 452.0
1.2121346962389723E-32 451.0
1.5957194490487563E-32 450.0
1.9111151776701212E-32 449.0
2.1875566797023576E-32 448.0
2.4418135377834314E-32 447.0
2.6834739737698406E-32 446.0
2.918003232210878E-32 445.0
3.14850684410722E-32 444.0
3.376744258431845E-32 443.0
3.6037093745927624E-32 442.0
3.8299620661080776E-32 441.0
4.055816844589549E-32 440.0
4.281449922238115E-32 439.0
4.5069597703062187E-32 438.0
4.732401280486185E-32 437.0
4.95780497746427E-32 436.0
5.183187796382625E-32 435.0
5.408559111652937E-32 434.0
5.633924101233824E-32 433.0
5.85928561914415E-32 432.0
6.084645235302206E-32 431.0
6.310003811580091E-32 430.0
6.535361820246351E-32 429.0
6.760719519609206E-32 428.0
6.986077050702111E-32 427.0
7.211434490396011E-32 426.0
7.436791880520839E-32 425.0
7.662149243802297E-32 424.0
7.887506592567984E-32 423.0
8.112863933495036E-32 422.0
8.338221270194851E-32 421.0
8.563578604617955E-32 420.0
8.788935937816417E-32 419.0
9.014293270356948E-32 418.0
9.239650602544427E-32 417.0
9.465007934542675E-32 416.0
9.69036526643961E-32 415.0
9.915722598282362E-32 414.0
1.0141079930096167E-31 413.0
1.0366437261894521E-31 412.0
1.059179459368464E-31 411.0
1.0811710761043024E-31 410.0
1.1020744599544378E-31 409.0
1.1211278478991508E-31 408.0
1.1378415351400382E-31 407.0
1.1519148973425198E-31 406.0
1.1633601771265737E-31 405.0
1.1723610137916316E-31 404.0
1.179241156621125E-31 403.0
1.184368479341262E-31 402.0
1.1881132361876862E-31 401.0
1.1908072531722719E-31 400.0
1.1927297725537954E-31 399.0
1.194101857578029E-31 398.0
1.1950913607284644E-31 397.0
1.1958208197910973E-31 396.0
1.1963770649103685E-31 395.0
1.1968199459060572E-31 394.0
1.1971898088928359E-31 393.0
1.1975132994362257E-31 392.0
1.197807715915872E-31 391.0
1.198084112087696E-31 390.0
1.198349456143354E-31 389.0
1.1986080858995804E-31 388.0
1.1988626722062667E-31 387.0
1.1991148428305075E-31 386.0
1.199365580871712E-31 385.0
1.19961547507854E-31 384.0
1.1998648753655423E-31 383.0
1.2001139882253637E-31 382.0
1.2003629347298136E-31 381.0
1.200611785437095E-31 380.0
1.2008605812394957E-31 379.0
1.2011093457126668E-31 378.0
1.2013580923833272E-31 377.0
1.2010598010123004E-31 376.0
1.1996674480286043E-31 375.0
1.1966613593545835E-31 374.0
1.1917953738107293E-31 373.0
1.1850558164878815E-31 372.0
1.176620471917426E-31 371.0
1.1667594354044535E-31 370.0
1.1557701535427252E-31 369.0
1.1439282772192644E-31 368.0
1.1314667207271896E-31 367.0
1.1185687170899188E-31 366.0
1.1053715575186094E-31 365.0
1.0919739634734181E-31 364.0
1.0784447408194618E-31 363.0
1.0648305525400669E-31 362.0
1.051162355931878E-31 361.0
1.0374602889299231E-31 360.0
1.0237372376089552E-31 359.0
1.0100013256716604E-31 358.0
9.962576093038982E-32 357.0
9.821598886357138E-32 356.0
9.673607472241611E-32 355.0
9.515294825407624E-32 354.0
9.345095880554171E-32 353.0
9.162927363187827E-32 352.0
8.969926919430276E-32 351.0
8.767820666064169E-32 350.0
8.558508790437539E-32 349.0
8.343751958881482E-32 348.0
8.125037739452532E-32 347.0
7.903536339915295E-32 346.0
7.680124535397391E-32 345.0
7.452933095017045E-32 344.0
7.219901737070736E-32 343.0
6.978953755721234E-32 342.0
6.729161986294361E-32 341.0
6.47059253469312E-32 340.0
6.204140084005471E-32 339.0
5.929997702354436E-32 338.0
5.648463853073885E-32 337.0
5.358686604531529E-32 336.0
5.060157480871039E-32 335.0
4.7517428385532977E-32 334.0
4.4330252386942E-32 333.0
4.100895374189284E-32 332.0
3.752999649571022E-32 331.0
1.1741976514392354E-32 332.0
6.869130471310141E-33 333.0
4.008044817450529E-33 334.0
2.3324287650752183E-33 335.0
1.3536847135204923E-33 336.0
7.835135786170964E-34 337.0
4.522657908828915E-34 338.0
2.6034947282759734E-34 339.0
1.4946609629193567E-34 340.0
8.557726457106001E-35 341.0
4.886728591014994E-35 342.0
2.783145005187634E-35 343.0
1.5809961709724765E-35 344.0
8.958221674921193E-36 345.0
5.063278346945422E-36 346.0
2.854845804499464E-36 347.0
1.6058292930169714E-36 348.0
9.011677493713373E-37 349.0
5.045768964771157E-37 350.0
2.8189606471655274E-37 351.0
1.5715080005743471E-37 352.0
8.742479778662221E-38 353.0
4.853652231318148E-38 354.0
2.689321408189502E-38 355.0
1.4872413893482965E-38 356.0
8.209338427005137E-39 357.0
4.5232060476837905E-39 358.0
2.4878163285766352E-39 359.0
1.3659862664895059E-39 360.0
7.487752765784957E-40 361.0
4.0978387406554016E-40 362.0
2.2391145033114065E-40 363.0
1.2216184343018026E-40 364.0
6.655050371628371E-41 365.0
3.620279520180917E-41 366.0
1.9666420548642614E-41 367.0
1.0668866219686663E-41 368.0
5.780125647709439E-42 369.0
3.1275081694104033E-42 370.0
1.6901180387732075E-42 371.0
9.122377386543671E-43 372.0
4.917967651074021E-43 373.0
2.648280056958886E-43 374.0
1.4244789072777827E-43 375.0
7.653763200232044E-44 376.0
4.1080268254046475E-44 377.0
2.2026368263961617E-44 378.0
1.1798191168092795E-44 379.0
6.313383478911138E-45 380.0
3.375156204800325E-45 381.0
1.802690164470441E-45 382.0
9.619529915512267E-46 383.0
5.1286373520857894E-46 384.0
2.731963518515961E-46 385.0
1.454058052730343E-46 386.0
7.732702684793357E-47 387.0
4.108962492225583E-47 388.0
2.181687509283897E-47 389.0
1.1574985224155135E-47 390.0
6.136539872666254E-48 391.0
3.2509433929661626E-48 392.0
1.7210171054014328E-48 393.0
9.104538639515247E-49 394.0
4.8132058009792885E-49 395.0
2.5428530272283452E-49 396.0
1.3425323795922581E-49 397.0
7.083553283906413E-50 398.0
3.73513589780492E-50 399.0
1.9683228237773562E-50 400.0
1.0366365883761977E-50 401.0
5.456353620357588E-51 402.0
2.870314815444483E-51 403.0
1.5090817646249546E-51 404.0
7.929708054177465E-52 405.0
4.164546186976952E-52 406.0
2.185993754245589E-52 407.0
1.1468470267175143E-52 408.0
6.013701130703734E-53 409.0
3.151826459770467E-53 410.0
1.651091141172699E-53 411.0
8.645143170403919E-54 412.0
4.5244905242924663E-54 413.0
2.3668318429577862E-54 414.0
1.2375680754768477E-54 415.0
6.4681254699465094E-55 416.0
3.379083834169867E-55 417.0
1.7645508077827535E-55 418.0
9.21058900441836E-56 419.0
4.805758822474015E-56 420.0
2.506461654060717E-56 421.0
1.3067358677718828E-56 422.0
6.809970717639534E-57 423.0
3.547613793426456E-57 424.0
1.8474128638976502E-57 425.0
9.616808220421806E-58 426.0
5.00426212514516E-58 427.0
0.006486965804977705 427.99997895941596
0.034680463577442214 428.9995814437483
0.10960471128358566 429.99677067208245
0.2641508736217709 430.98475624065446
0.5330615043021624 431.9479213732808
0.9434573024210909 432.85982887346177
1.5050833960477052 433.6872200330457
2.205998996429049 434.4004642556946
3.0176938658167956 434.9845459614598
3.906478989024016 435.44287008777815
4.843345390055827 435.7925575862931
5.807896327911213 436.0564543242084
6.787605176154027 436.256880302252
7.775416987519236 436.41253320240935
8.767550140014885 436.5377202932736
9.762017983472143 436.6427617533238
10.757773889714507 436.73479530798426
11.754256048004468 436.81860048807346
12.75115488225982 436.8972942887208
13.74829538321257 436.97286426529683
14.74557666454677 437.0465531104528
15.742939896798235 437.1191243372091
16.740350632526106 437.1910397337163
17.737788728886834 437.26257464776734
18.735242466128483 437.333891139988
19.73270507339341 437.4050834647727
20.7301726705263 437.4762058428962
21.727643052683202 437.5472891512025
22.725114977512415 437.6183508087789
23.722587750696675 437.689400557238
24.720060987224638 437.76044380048063
25.717534475179416 437.8314835135102
26.71500809873346 437.9025213225556
27.712481794996243 437.9735581106577
28.70995553003262 438.0445943543125
29.70742928563893 438.1156303091286
30.704903052104385 438.1866661114625
31.704828791582212 438.19885280624493
32.6887622978991 438.0203175012015
33.55603055704026 437.52247639533914
34.14394355330162 436.7135522278012
34.39824205668571 435.74642644943697
34.41272057053772 434.7465312686122
34.297309190342055 433.75321348797934
34.11978498741867 432.76909705311175
33.91427409171664 431.7904422254285
33.69662609715592 430.81441489463094
33.473869893456396 429.83954071110094
33.24901692715351 428.8651480061073
33.02332140582943 427.8909501146836
32.7972934058349 426.9168293094349
32.57113623615144 425.942738484819
32.34492955447612 424.9686591568557
32.118704115207635 423.9945841850862
31.892471642018357 423.0205108469465
31.666236554827588 422.04643811592285
31.44000050391004 421.07236560873196
31.213764100194233 420.09829318348125
30.98752756814102 419.12422078803803
30.76129098966639 418.1501484033766
30.535054394485844 417.17607602259517
30.30881779332087 416.20200364320374
30.082581190021067 415.2279312643081
29.85634458596255 414.2538588855887
29.63010798163538 413.2797865069317
29.40387137721332 412.30571412829676
29.17763477275787 411.3316417496696
28.95139816829069 410.3575693710451
28.725161563819384 409.38349699242156
28.49892495934666 408.40942461379836
28.272688354873438 407.4353522351753
28.04645175040005 406.46127985655227
27.820215145926586 405.48720747792925
27.593978541453104 404.5131350993062
27.36774193697962 403.5390627206832
27.141505332506142 402.5649903420602
26.915268728032654 401.59091796343716
26.68903212355914 400.61684558481414
26.46279551908565 399.6427732061912
26.236558914612175 398.66870082756816
26.010322310138687 397.69462844894514
25.78408570566518 396.7205560703221
25.55784910119169 395.7464836916991
25.3316124967182 394.7724113130761
25.105375892244698 393.79833893445306
24.87913928777121 392.82426655583004
24.65290268329772 391.850194177207
24.426666078824226 390.876121798584
24.200429474350724 389.902049419961
23.97419286987724 388.92797704133795
23.747956265403747 387.95390466271493
23.521719660930263 386.9798322840919
23.295483056456764 386.00575990546895
23.06924645198328 385.03168752684593
22.843009847509776 384.0576151482229
22.6167732430363 383.0835427695999
22.390536638562807 382.10947039097687
22.164300034089297 381.1353980123539
21.938063429615834 380.1613256337309
21.711826825142353 379.18725325510786
21.483297636098253 378.2137161937923
21.251389558769304 377.24097848830866
21.016508069558952 376.2689544731597
20.779594025958605 375.2974238581274
20.541456287798553 374.3261924656858
20.30270443649138 373.35511185446063
20.063662749616935 372.3841025486678
19.8244864751443 371.413126385351
19.58524743093302 370.44216568597903
19.345978728011957 369.4712122948204
19.106695799420926 368.5002624093552
18.867405954910247 367.5293142282899
18.628112712423125 366.558366884661
18.388817787772815 365.5874199556084
18.149522026204398 364.6164732328191
17.910225846966302 363.64552661296705
17.670929458922046 362.6745800445767
17.431632966395817 361.7036335019367
17.192336421569678 360.7326869721863
16.953039850562217 359.76174044888853
16.713743266449423 358.7907939288206
16.474446675777603 357.8198474103692
16.23515008182362 356.84890089272676
15.99585348622753 355.877954375489
15.756556889809985 354.9070078584537
15.517260292981527 353.9360613415197
15.277963695947571 352.9651148246363
15.038667098810842 351.9941683077783
14.799370501622697 351.02322179093295
14.560073904408862 350.0522752740939
14.320777307182171 349.08132875725806
14.08148070994906 348.1103822404238
13.842184112712745 347.1394357235903
13.602887515474807 346.16848920675716
13.36359091823605 345.19754268992426
13.124294320996917 344.2265961730914
12.884587079127558 343.2557509546372
12.644069026609321 342.28510628926637
12.40261252148876 341.3146946466451
12.16032231814046 340.3444908240586
11.917401561163844 339.37444468813004
11.67405258792396 338.4045058873683
11.430434129431777 337.4346347378428
11.186655267977777 336.4648038934642
10.942784827298057 335.4949960732427
10.69886372671873 334.5252009935005
10.454915270447774 333.5554127946225
10.21095231354986 332.5856282434661
9.966981778762444 331.61584559866594
9.72300732680443 330.64606393932615
9.479030866793186 329.676282785168
9.235053383909708 328.70650188834344
8.99107538248884 327.73672112197266
8.747097119149021 326.7669404214957
8.50311872386898 325.7971597542123
8.259140262258613 324.8273791036164
8.015161767351673 323.8575984613973
7.770466472122844 322.8879984343279
7.524356067121952 321.9187566334597
7.27660807748192 320.9499321221939
7.027405568561754 319.9814807245761
6.777103131258898 319.0133130273871
6.52605380725961 318.0453387317989
6.274534489938437 317.0774864532903
6.022735437999813 316.1097069136002
5.770776681970606 315.1419689401486
5.518729582627367 314.17425397193085
5.266634779773493 313.20655142963074
5.014514690670703 312.2388554749679
4.761027627365438 311.2715166983561
4.504861823644811 310.3048838409567
4.2456017699606985 309.33907629047695
3.9835958389774055 308.3740100273999
3.719514622881384 307.4095095808965
3.4540247613077306 306.4453959291927
3.185316187440786 305.48217440621346
2.9114798004367684 304.52039811561747
2.6320251918945026 303.56023921118316
2.347687128204686 302.60151512911517
2.053011384563397 301.64591782579674
1.732138097921809 300.69879569327117
1.1797306040197992 301.5323699015339
0.7691493961364795 302.44419393704356
0.4866483171392007 303.4034609177978
0.30183418390373656 304.3862344095834
0.18470724209635847 305.379351361157
0.1119646956171294 306.37670211286456
0.06739223637412885 307.3757082669382
0.040342020282762986 308.37534234289274
0.024059756531212024 309.37520977804957
0.014377592161422202 310.37516290479755
0.008822721295905927 311.37514747638335
0.0060617840504662715 312.37514366498885
0.005585303079169239 313.37514355147175
0.007550815739727344 314.3751416198499
0.012721381350872836 315.3751282523862
0.022451199397128307 316.3750809165863
0.038681597700854796 317.3749491949965
0.0639196353222159 318.37463066499424
0.10117945017606765 319.37393627700544
0.15387461332644664 320.3725469217417
0.2256588309290763 321.3699671070714
0.32022211191472827 322.36548595967497
0.4410589337471986 323.3581583439435
0.5912325196342765 324.3468179891712
0.7731636300508754 325.33012926799523
0.9884721973466121 326.3066753349317
1.2378953825700298 327.275069921179
1.52129695995264 328.23407124856965
1.8377721411629142 329.1826720390384
2.1858413638170036 330.12014087384887
2.56371808058963 331.04599679510284
2.9696297438751555 331.9599091112518
3.4021668787343637 332.861525230766
3.860630226140508 333.75023854735645
4.3453870632598175 334.6248875105789
4.858178177948673 335.4834009191499
5.402229637369523 336.3224527706478
5.982042859680691 337.13720219668824
6.602844920461058 337.92116954379577
7.269795017897198 338.66627193107547
7.98711019701548 339.36302076229555
8.757284734377034 340.0008539552229
9.580537515984052 340.5685289129023
10.454534335881156 341.0544605529606
11.374313994828647 341.44689574377105
12.332241965995248 341.7339044580231
13.317784911403809 341.90333026112114
14.316997004975732 341.943018950437
15.311854404733603 341.8417334423571
16.27992050307963 341.5910383501971
17.195100780179846 341.18799361272147
18.030134188158414 340.63779436921084
18.76070114216436 339.9549533000634
19.36985809160886 339.1619036099787
19.850879614746475 338.2851948246466
20.207293234307514 337.3508665462608
20.450453770777838 336.38088048785403
20.596084160484374 335.3915414208027
20.661153619439624 334.39366068368463
20.661752558397207 333.3936608630486
20.611980140844757 332.3949002778977
20.52356752443908 331.3988163410428
20.405932875197088 330.4057593994238
20.266443416397333 329.41553584341045
20.1107479851718 328.42773073475007
19.943107975097547 327.44188245685825
19.76669373585356 326.45756644246455
19.58383492886145 325.4744272576563
19.396224142332482 324.492183808822
19.2050780182512 323.51062221663904
19.011262027550657 322.5295843163779
18.81538529034818 321.54895579149047
18.61787136180085 320.5686557108877
18.419010231511066 319.5886280322684
18.218996092718875 318.60883502133026
18.017954687483048 317.62925227680034
17.815963195190424 316.64986500046814
17.61306477533758 315.67066520919917
17.409279139123086 314.69164967588387
17.20461001613573 313.7128184595367
16.999050126231868 312.734173921585
16.792584195735607 311.75572013139134
16.58519056492373 310.7774625569772
16.376841923320473 309.79940793501476
16.167505635074345 308.82156422642765
15.957143980986022 307.8439405900065
15.7457144851032 306.8665473384078
15.533170351964028 305.8893958703804
15.319460946320081 304.9124985933142
15.10453220527632 303.93586885985667
14.888326847910854 302.95952094878885
14.670784231249993 301.98347012534964
14.451839732788638 301.00773281101067
14.231423628551948 300.0323268744934
14.009459560741508 299.05727202854825
13.78586281064954 298.08259028903103
13.560538635397716 297.10830644124997
13.333380818330454 296.13444848130655
13.104270341598786 295.1610480552476
12.87307390676554 294.1881409638353
12.464483980895626 293.2754228953839
11.63972869166172 292.7099330962887
10.676919151726675 292.98011412783984
10.098019446895544 293.79551288412193
9.735334512503703 294.7274247031076
9.446290260893985 295.6847404402661
9.184295241139464 296.6498096655675
8.933314338409426 297.617801703998
8.687068461860106 298.58700909577874
8.442897292849311 299.55674124447955
8.199637499116248 300.5267024152245
7.9567765723052055 301.4967635319736
7.71408923685848 302.46686809191226
7.471477012811741 303.4369914390919
7.228897113409551 304.40712286957233
6.986331058368791 305.3772577617095
6.743770908173927 306.34739413023584
6.501213267707245 307.3175311262582
6.258656690908218 308.28766838822247
6.016100563904501 309.25780576264583
5.773544626794596 310.2279431845468
5.530988769767696 311.19808062647036
5.288432946495679 312.16821807683334
5.045877137450942 313.13835553075353
4.803321334405553 314.10849298617364
4.562061723445972 315.07895359852205
4.324277751020755 316.0502716630394
4.091713088609518 317.0228525994131
3.8649471254627343 317.99680187835844
3.6434999826300003 318.9719742543675
3.4263190736999425 319.9481056250325
3.212236380386537 320.92492116566626
3.0002379620407083 321.90219117473174
2.789559338849278 322.8797465530762
2.5796765159964554 323.8574731000572
2.3702546138046134 324.8352984765342
2.1610908655213024 325.8131791064702
1.9531732757278943 326.7913254533194
1.7482941526547908 327.7701127360979
1.5479026594128125 328.74982863850846
1.352471175187496 329.73054599584106
1.1615787937224171 330.7121569669995
0.9764271526972048 331.6948669292089
0.7995612936977607 332.6791018950176
0.6349308114355972 333.6654572084367
0.4873278556841951 334.6545039047324
0.36092485648950734 335.6464828771883
0.25791458718304683 336.64116316975344
0.17802301326772885 337.6379667293465
0.11891064656269237 338.6362180644834
0.0770338287590613 339.6353408457924
0.04851644460367576 340.63493414248916
0.029775907410010655 341.63475852320096
0.017847827159076093 342.6346873811211
0.010470356255930551 343.63466016721236
0.006023283888374455 344.63465027893716
0.0034038357382401847 345.63464684817694
0.0018926265727533544 346.63464570629975
0.001036941704629024 347.63464534020136
5.605419995701344E-4 348.634645226723
2.993245768882419E-4 349.6346451926058
1.5806032443777107E-4 350.634645182628
8.261717369370773E-5 351.6346451797822
4.2782374614009705E-5 352.63464517898876
2.1965962367562428E-5 353.6346451787721
1.1190189891774647E-5 354.634645178714
5.659894975221754E-6 355.63464517869863
2.843927837425951E-6 356.6346451786947
1.4203654423551533E-6 357.6346451786937
7.05446092885444E-7 358.6346451786934
3.4857933011011584E-7 359.63464517869335
1.7143054452408645E-7 360.6346451786933
8.39426753611801E-8 361.6346451786933
4.0938387386202905E-8 362.6346451786933
1.9891368023881665E-8 363.63464517869335
9.631763746146456E-9 364.6346451786934
4.6490598414155825E-9 365.6346451786934
2.237402431136626E-9 366.6346451786934
1.073830439238371E-9 367.6346451786934
5.140734588200765E-10 368.6346451786934
2.4552216364424195E-10 369.6346451786934
1.1700489642427468E-10 370.63464517869346
5.564563499247495E-11 371.6346451786935
2.6413897685560658E-11 372.6346451786935
1.2515953243256548E-11 373.6346451786935
5.920749939391355E-12 374.6346451786935
2.7965210766581975E-12 375.6346451786935
1.3189599521578354E-12 376.63464517869346
6.212371502760163E-13 377.6346451786934
2.9223524742509314E-13 378.6346451786934
1.3730659066562803E-13 379.6346451786934
6.44414692738837E-14 380.6346451786934
3.0212316759475045E-14 381.6346451786934
1.415058132363867E-14 382.6346451786934
6.621575138381767E-15 383.6346451786934
3.095768063961921E-15 384.6346451786934
1.4461629017869258E-15 385.6346451786934
6.750373444774828E-16 386.6346451786934
3.1486097785366703E-16 387.6346451786934
1.4676000420323223E-16 388.6346451786934
6.836134714115656E-17 389.6346451786934
3.1823109979979745E-17 390.6346451786934
1.4805320622049092E-17 391.63464517869346
6.884134598689952E-18 392.63464517869346
3.1992598826656323E-18 393.63464517869346
1.4860376711779146E-18 394.6346451786935
6.8992363017179165E-19 395.6346451786935
3.201645321444233E-19 396.6346451786935
1.4851006506002015E-19 397.6346451786935
6.885855783908853E-20 398.6346451786935
3.191447336917312E-20 399.6346451786935
1.4786079344689613E-20 400.6346451786935
6.847962570218223E-21 401.6346451786935
3.1704411602636825E-21 402.63464517869346
1.4673528962102859E-21 403.63464517869346
6.7891002130893645E-22 404.6346451786935
3.1402086450630196E-22 405.6346451786935
1.4520413392899554E-22 406.6346451786935
6.712416547240048E-23 407.6346451786935
3.10215314877417E-23 408.6346451786935
1.4332986783052908E-23 409.6346451786935
6.620697846996828E-24 410.6346451786935
3.0575155998996012E-24 411.6346451786935
1.411677430488716E-24 412.6346451786935
6.51640350981057E-25 413.63464517869346
3.0073904630984826E-25 414.6346451786935
1.3876645297669893E-25 415.6346451786935
6.401699432147369E-26 416.6346451786935
2.952740919339579E-26 417.6346451786935
1.361688211963274E-26 418.6346451786935
6.278489165479741E-27 419.6346451786935
2.8944129362760125E-27 420.6346451786935
1.3341243584252729E-27 421.6346451786935
6.148442475477237E-28 422.6346451786935
2.833148109900501E-28 423.6346451786935
1.3053022642208544E-28 424.6346451786935
6.013021228171393E-29 425.6346451786935
2.7695952726038463E-29 426.6346451786935
1.2755098400461915E-29 427.6346451786935
0.002303458905050621 428.63464252572857
0.017326752318997475 429.6345296696878
0.06967371081513365 430.63315862777796
0.1993480822193462 431.6247152612594
0.4545410514137981 432.59160540417827
0.8753656258511878 433.4987474424223
1.4744070503777662 434.29946547750154
2.2288354621807116 434.95584781384565
3.093768793067756 435.4577345870532
4.0246943469432495 435.82294358631475
4.9902558290002474 436.0831185742899
5.972607464274713 436.27016205766637
6.962824532693669 436.40969756358425
7.956732560722015 436.51991022991984
8.952414611818861 436.61273939087465
9.948975490046882 436.69560323090997
10.945982256378077 436.7729175755675
11.94321803872391 436.8472196240527
12.940571602591124 436.9199236035955
13.937985356998968 436.9917971210971
14.935429541587034 437.0632470940253
15.932888914680136 437.13448471771335
16.930355767661318 437.2056175315465
17.927826255790208 437.27669935279437
18.925298488296686 437.3477566914621
19.922771547915012 437.41880241853744
20.920244995348757 437.48984270052335
21.91771862273074 437.5608804558189
22.915192332799986 437.6319170500552
23.912666080520786 437.70295311559823
24.910139845241336 437.7739889424338
25.907613617576697 437.84502466234335
26.90508739329779 437.9160603347108
27.902561170513852 437.98709598608616
28.900034948385724 438.05813162825274
29.89750872654353 438.1291672664042
30.894982504825286 438.20020290281525
31.892456283160485 438.2712385384759
32.88993006151861 438.34227417381453
33.887403839886524 438.4133098090158
34.88487761825859 438.4843454441586
35.882351396632416 438.55538107927674
36.87982517500699 438.62641671438445
37.877298953381874 438.6974523494878
38.87477273175689 438.7684879845892
39.87224651013197 438.8395236196898
40.869720288507054 438.9105592547903
41.86719406688214 438.98159488989063
42.864667845257244 439.05263052499083
43.86214162363236 439.1236661600909
44.859615402007464 439.1947017951911
45.857089180382566 439.2657374302914
46.85456295875768 439.3367730653916
47.85203673713279 439.4078087004918
48.849510515507916 439.4788443355918
49.84698429388302 439.5498799706921
50.844458072258135 439.6209156057922
51.841931850633244 439.6919512408923
52.839405629008354 439.76298687599234
53.83687940738345 439.8340225110926
54.83435318575855 439.90505814619286
55.83182696413367 439.97609378129295
56.82930074250878 440.0471294163931
57.82677452088389 440.1181650514933
58.824248299259 440.18920068659344
59.82172207763411 440.26023632169364
60.81919585600921 440.33127195679396
61.81666963438431 440.40230759189427
62.81414341275942 440.4733432269944
63.81161719113453 440.54437886209456
64.80909096950965 440.6154144971946
65.80656474788476 440.68645013229474
66.80403852625987 440.7574857673949
67.80151230463498 440.8285214024951
68.79898608301009 440.89955703759523
69.7964598613852 440.97059267269543
70.79393363976031 441.0416283077956
71.79141536907356 441.1125522084656
72.78893052048453 441.1830044810021
73.78652023420543 441.2523929748483
74.78422699123061 441.3200777366953
75.78207878540482 441.3855895437481
76.7800819212946 441.44875393841915
77.77822379035173 441.5096867640153
78.77648075540789 441.56870397944334
79.77482598684587 441.6262087519849
80.77323473219897 441.68260003856744
81.77168681010522 441.7382188134973
82.77016712668843 441.7933283171775
83.76866511726388 441.848116662807
84.76717377754117 441.9027102095981
85.76568867305855 441.9571895949647
86.76420710682392 442.0116040914776
87.76272749563121 442.06598270065564
88.76124893889512 442.12034194404777
89.75977093853292 442.1746909664797
90.75829322593066 442.22903470181336
91.75681565947518 442.2833757517511
92.75533816602149 442.3377154602568
93.75386070848333 442.39205450879047
94.75238326837103 442.44639323710936
95.75090583660658 442.5007318120289
96.74942840879476 442.55507031431523
97.74795098283451 442.6094087825768
98.7464735577332 442.6637472350546
99.74499613302677 442.71808568027615
100.74352611025016 442.77228793656
101.74209077970265 442.82584725807567
102.74074092211706 442.8777885042649
103.73953697775343 442.9268439753687
104.73852560008426 442.97180765463935
105.73772303746156 443.0118636297074
106.73711449529527 443.0467450575598
107.73666563170521 443.0767037908707
108.73633652213091 443.10235746186424
109.73609131421219 443.1245014387091
110.73590218909622 443.14394917543154
111.73575208816698 443.1612748594934
112.73563733570548 443.1764238447692
113.73556533104434 443.18842401716813
114.73554058268913 443.1954593634966
115.73554057349759 443.1953237793428
116.73549473734582 443.1857493236099
117.7352640801637 443.164272332166
118.73459225192775 443.1276225692921
119.73299225988805 443.0710767992924
120.72952781100494 442.9879089247246
121.722433626817 442.86900543055134
122.70857340872696 442.7030887932465
123.6829156816657 442.4780173930985
124.63842907288503 442.18306967027206
125.5668080226064 441.8114347341933
126.46004761123669 441.36185377674116
127.31229579169512 440.83871609036663
128.12114383450327 440.2506983664455
128.88784321642135 439.60869209095716
129.61655267592488 438.92386910387944
130.31311811744862 438.20637583863237
130.98389120927516 437.464713206918
131.63486976213275 436.7056170840723
132.27121757543648 435.9342148151467
132.8970929918366 435.15429176564373
133.5157112010763 434.3686000250756
134.12965874522084 433.5792531982378
134.74153639213432 432.7883007690692
135.35489986594098 431.998500003686
135.9752451656 431.21417117647707
136.6105833927957 430.4419371853424
137.27113176733343 429.6911536979803
137.96791068474624 428.97386774367124
138.71050995003404 428.30413172762155
139.50475193530514 427.6965301568265
140.3511766824027 427.16402180243114
141.2450198070618 426.71564197627964
142.17768502346914 426.3548988625493
143.13900808220987 426.0794755942269
144.1193590676841 425.8822144848319
145.11094939539765 425.7527980176227
146.1082524404122 425.6794043094133
147.10781749627776 425.64991364830746
148.10781385760242 425.6526113023631
149.10752706634833 425.67655916780024
150.10694867232957 425.7105658362324
150.97868597942218 425.74022787414003
151.93870203761202 425.85561801202505
151.96721469156574 425.7738638971641
150.9677930855845 425.73985722873186
150.96903242692295 425.7390675552637
151.93870203761202 425.85561801202505
152.2680101142382 424.9113954796407
152.59731819086525 423.96717294725323
152.92662626749237 423.02295041486576
153.25593434411948 422.0787278824783
153.58524242074665 421.1345053500909
153.9145504973738 420.1902828177034
154.24385857400097 419.24606028531593
154.57316665062814 418.3018377529285
154.90247472725534 417.3576152205411
155.23178280388254 416.4133926881537
155.5610908805097 415.4691701557663
155.89039895713685 414.5249476233788
156.219707033764 413.5807250909914
156.54901511039117 412.636502558604
156.87832318701808 411.69228002621645
157.20763126364372 410.7480574938285
157.5369490107258 409.80383833417505
157.86633949219484 408.8596445454232
158.19602127853335 407.9155524314022
158.5265282683634 406.97174888739875
158.85888895298103 406.02859652679075
159.19476069772 405.0866887971877
159.5364565282259 404.14687819955924
159.8868315418799 403.2102687025932
160.24903936113847 402.27817133875834
160.62620761068368 401.35202658142555
161.0211016463361 400.43329990792245
161.4358435526861 399.52336081594035
161.871772954155 398.62337995117986
162.32937681655935 397.7342237752959
162.8082937242119 396.8563635383763
163.3074147500537 395.98983125302124
163.82506473703316 395.13423877351937
164.35921839548627 394.28885136578185
164.9077049858011 393.4526920147938
165.46837241180867 392.6246509304181
166.03920092724132 391.8035816239835
166.61837012547662 390.9883742639729
167.20428916213095 390.17800466774776
167.79560127844738 389.37156187306397
168.39117216693148 388.56825911769073
168.990069358544 387.7674331978563
169.59153756913847 386.968536463826
170.1949731745526 386.17112473195937
170.79989972122857 385.37484345431517
171.40594552954096 384.5794137099461
172.01282389494344 383.7846189882686
172.62031604133008 382.9902933043841
173.22825676313522 382.1963108872167
173.8365225627155 381.4025774829423
174.44502201874278 380.6090231924149
175.05368809096987 379.8155966913956
175.66247206393922 379.0222606502027
176.27133884758535 378.2289881624834
176.8802633791214 377.43576000180474
177.48922790269626 376.6425625427649
178.09821993710707 375.84938620548286
178.70723077460184 375.05622430535533
179.31625438378694 374.2630722118353
179.9252866159468 373.46992673956026
180.5343246363541 372.6767857119376
181.14336652048797 371.8836476512126
181.75241096981117 371.0905115602745
182.36145711334345 370.29737677031227
182.9705045675781 369.5042429868367
183.5795543110237 368.71111096125156
184.18861108707748 367.91798433608824
184.79768761730207 367.1248728809134
185.4068099886919 366.33179663194835
186.01602268803816 365.5387897675675
186.6252305868132 364.74577921526054
187.23357190992408 363.9521036930251
187.8381622001077 363.15556707678223
188.4324172760585 362.35129044234185
189.00442277603773 361.5310406584385
189.53578588089616 360.68389648487937
190.00133072076073 359.79887219025494
190.37023187771084 358.86940355904625
190.60954143060786 357.8984602353181
190.69065367390988 356.901755261925
190.59726090022411 355.9061259183321
190.3308199322613 354.9422746795037
189.90971108976822 354.0352645677772
189.36246947213425 353.1982898895883
188.7195395903922 352.4323648494158
188.00763101929775 351.7300926896357
187.24760261026114 351.08020283938623
186.45467738188785 350.47088388989494
185.6395724910732 349.89157048855674
184.80971088828983 349.3336012060458
183.9702035459158 348.7902528628072
183.12456582168898 348.256495577738
182.27522339837554 347.72865332103623
181.4238668465034 347.2040658435033
180.57169999738005 346.68079568263494
179.71961252491337 346.1573962756183
178.86829364730508 345.63274766118406
178.01830395749553 345.10594833770546
177.17012153157074 344.5762441066932
176.3241695659972 344.04298500274626
175.4808354937285 343.5055953465835
174.64049032283813 342.96354369428343
173.8035164231426 342.4163008859904
172.97034119026435 341.86329181615673
172.14147404797387 341.30384632244784
171.31753916407848 340.7371618360709
170.49930941851886 340.1622704693925
169.6877669037545 339.57797709553836
168.88421877488656 338.98273730806375
168.0904898963057 338.3744656028967
167.30926685454835 337.75021360327844
166.5447483624524 337.1056118074049
165.80377998515982 336.4340718876292
165.09752769326016 335.72611164850105
164.44361069882027 334.9695453497653
163.86833943775193 334.15158265123387
163.4080255970487 333.26382639636597
163.10707714045245 332.3101859890466
163.00975508680963 331.31493304739064
163.1450612462325 330.32412921048734
163.51207338037318 329.3939130563632
164.0783074365091 328.56966855764216
164.79763508946203 327.8749976084171
165.62802692680032 327.3178177483343
166.53599454545895 326.8987774120093
167.49422233426586 326.61277128487524
168.48044852636 326.4473690538519
169.47840688007474 326.383501031721
170.4782871762279 326.3989733736464
171.47558555703142 326.47243043352967
172.46912615978448 326.58590761485306
173.4593078393954 326.7256940282233
174.44700626739242 326.8820647906189
175.4330568266923 327.04851086147784
176.4180892843054 327.22087981880105
177.40252422742878 327.3966291936439
178.38662195488197 327.57425707102095
179.37053522209138 327.75290388070226
180.35435016814546 327.9320913577218
181.33811385636272 328.11156003394456
182.32185133713156 328.29117230783083
183.30557564924996 328.47085669153523
184.28929344769446 328.6505767322194
185.273008070219 328.830314155789
186.2567211645676 329.0100599429638
187.24043353252162 329.18980970550683
188.2241455590858 329.36956133635624
189.20785742688705 329.5493138360523
190.1915692215787 329.7290667358468
191.17528098291208 329.9088198181969
192.15899272915553 330.08857298312773
193.14270446862798 330.2683261851134
194.12641620508523 330.4480794035998
195.11012794020945 330.62783262938143
196.0938396747483 330.8075858583666
197.07755140903168 330.98733908874976
198.06126314320431 331.167092319739
199.04497487732917 331.34684555098977
200.02868661143356 331.5265987823526
201.01239834552922 331.70635201376314
201.9961100796211 331.8861052451942
202.97982181371148 332.0658584766337
203.96353354780118 332.2456117080768
204.9472452818906 332.42536493952144
205.93095701597989 332.60511817096676
206.91466875006913 332.7848714024124
207.89838048415837 332.9646246338581
208.88209221824758 333.1443778653038
209.8658039523368 333.3241310967495
210.84951568642603 333.50388432819517
211.83322742051524 333.68363755964094
212.81693915460448 333.86339079108666
213.80065088869372 334.0431440225324
214.78436262278294 334.2228972539781
215.76807435687215 334.40265048542375
216.75178609096136 334.5824037168695
217.73549782505057 334.7621569483153
218.71920955913978 334.941910179761
219.702921293229 335.1216634112068
220.6866330273182 335.3014166426525
221.67034476140742 335.48116987409827
222.65405649549663 335.660923105544
223.63776822958584 335.84067633698976
224.62147996367509 336.0204295684355
225.6051916977643 336.2001827998812
226.5889738810737 336.3795500650188
227.57303086164188 336.55740354121497
228.55766835537005 336.732014554455
229.543183466807 336.9016021870508
230.5297612618749 337.0648941166707
231.5174363295111 337.22141236087833
232.50611776706316 337.3714424080022
233.49564280850578 337.5158037337026
234.48582748195378 337.655568938488
235.47650023671886 337.79183152677314
236.46751817965057 337.9255604944183
237.45877109592536 338.0575364618392
238.45017873292494 338.1883450903731
239.44168529122098 338.31840178899324
240.43347088765307 338.44631320642657
241.42611759406645 338.5673607848687
242.42040156050197 338.6741287299143
243.41710270734015 338.7552879801048
244.41644771767182 338.7914756896924
245.41569334495932 338.7526404435002
246.40423685191178 338.6017042488279
247.3594148856537 338.3056722845793
248.24944058771214 337.8497619319052
249.04588158366298 337.2450456844231
249.7373638661984 336.52265226464436
250.33316118825127 335.7195174372121
250.85607093993266 334.86712938497504
251.3326979801974 333.9880237801195
251.78700114333012 333.097176635
252.23782820563835 332.20456531987423
252.69881373705107 331.3171576684377
253.17912486991602 330.4400594894144
253.68435319580362 329.5770737776434
254.21737928219855 328.7309749706341
254.77917850603342 327.9037013568288
255.36951994620392 327.09654772584065
255.98750066143282 326.31035446995173
256.63189563008257 325.5456616398697
257.3013496808337 324.80280817253384
257.9944620332286 324.0819786039411
258.70981658040824 323.3832169336776
259.44599468610926 322.70642908162466
260.20158816372714 322.05138824581263
260.9752152065397 321.41774702348795
261.76553694528076 320.8050549725576
262.57127134405124 320.2127779439317
263.39120209500766 319.6403152258128
264.2241839597683 319.087014933946
265.0691462642839 318.55218907074595
265.92509436996403 318.0351273332497
266.79110970062595 317.53510988649566
267.66634857857497 317.0514189660449
268.5500392233937 316.58334755668534
269.44147685374713 316.1302041454016
270.34001867808126 315.69131624408476
271.2450796767476 315.26603446844285
272.1561284026884 314.85373576730296
273.07268270247266 314.4538255079359
273.9943054252688 314.06573845993523
274.920599818172 313.6889378526159
275.8512046291599 313.3229123265031
276.78578957170606 312.96717227370334
277.72405224487403 312.6212486460921
278.6657164126877 312.2846946458844
279.61053046261236 311.9570875472663
280.5582652341186 311.63802830060825
281.5087117437756 311.32714016593474
282.46167927554586 311.02406775974805
283.41699359163664 310.72847588321554
284.3744949772831 310.4400472152836
285.33403628365033 310.15847931694447
286.295481360158 309.8834822899439
287.25870431040863 309.61477883237296
288.22358932859476 309.3521062192594
289.19003038246996 309.0952177427086
290.1579303239107 308.8438819049158
291.1271996219497 308.59787981573976
292.09775518409634 308.357002459423
293.06951974989516 308.1210498610948
294.04242177851125 307.8898321223403
295.0163953120312 307.6631703567011
295.9913794716047 307.4408960023985
296.967317683738 307.2228487458276
297.9441569544599 307.00887435676333
298.92184741852196 306.798823514151
299.9003421809369 306.59255184880044
300.87959744279283 306.3899213177163
301.85957270771956 306.1908020566395
302.84023075041944 305.9950731541031
303.8215372228395 305.80262158308693
304.80346005935235 305.61333993280215
305.78596895167345 305.42712426077134
306.76903507280383 305.24387306299724
307.7526310694838 305.0634875998495
308.73673122871196 304.88587319557115
309.72131168854 304.7109408711573
310.70635067606963 304.5386092343443
311.6918286742749 304.3688060687279
312.6777283363558 304.20146851672956
313.66403409124996 304.03654138778256
314.6507315817968 303.87397428733294
315.6378071509376 303.7137188012948
316.62524751639677 303.55572663483736
317.61303964884047 303.3999488986799
318.6011707807961 303.2463361841668
319.5896284491666 303.0948388645879
320.5784004979235 302.9454071557807
321.56747501375304 302.797990731538
322.55684021219855 302.6525379759614
323.54648435513695 302.508995402668
324.53639573043614 302.36730747427146
325.5265626532193 302.22741657025625
326.516973457746 302.0892628939508
327.50761649983053 301.95278445913584
328.49848020886583 301.8179174501348
329.48955320368503 301.6845970880736
330.48082445031656 301.5527588705435
331.472283421241 301.4223398957991
332.4639202204718 301.29327999338403
333.45572565625116 301.1655224982675
334.4476912610192 301.039014637021
335.4398092697091 300.9137075868074
336.432072571371 300.7895563074145
337.42447464784766 300.66651924549905
338.4170095095607 300.5445579881907
339.4096716345228 300.42363691614054
340.4024559135283 300.3037228829353
341.3953576239151 300.1847851113449
342.3883724244198 300.0667952559394
343.3814963307701 299.9497272986005
344.37472564887446 299.8335570715286
345.3680568836104 299.7182615464726
346.3614866606895 299.603818206725
347.3550116871949 299.49020473169935
348.34862875220807 299.3773990221159
349.342334751919 299.26537944285207
350.3361267199844 299.15412512065
351.3300018495575 299.0436161761429
352.3239575016621 298.93383383854115
353.31799120093433 298.8247604471424
354.3121006228386 298.71637937277484
355.30628357688937 298.6086748980536
356.3005379894005 298.50163208791633
357.29486188788485 298.39523667023855
358.2892533880127 298.28947493579034
359.28371068323173 298.184333659473
360.2782320367269 298.07980004075546
361.2728157752596 297.97586165974883
362.2674602844556 297.87250644543354
363.2621640052084 297.7697226533233
364.2569254309624 297.66749885065514
365.2517431057001 297.56582390767755
366.24661562247354 297.46468699370047
367.2415416223136 297.3640775764365
368.2365197933511 297.2639854231026
369.2315488700149 297.16440060200216
370.22662763223764 297.06531348390314
371.2217549153901 296.9667148514298
372.2169296280069 296.86859608988027
373.21215075793253 296.77094926428146
374.2074173550246 296.67376695769855
375.20272849856985 296.5770419478271
376.1980832678919 296.4807669085498
377.19348072967637 296.38493427802644
378.1889199439796 296.28953631878574
379.1843999822411 296.19456530519284
380.17991994830743 296.10001374696503
381.17547899582553 296.00587457921415
382.1710763392118 295.9121412882119
383.16671125851025 295.81880797436554
384.16238310004036 295.72586937106195
385.1580912750155 295.63332084169656
386.153835257862 295.5411583730609
387.1496674484806 295.44995394264333
388.14571674142303 295.36115188169356
389.142595403493 295.2822029544704
390.1408586352072 295.2232918332166
391.1399839850647 295.18147634240165
392.1399141645076 295.19329312027617
393.139620823976 295.1690733966067
394.13960689667914 295.16379566985245
395.1393322862506 295.14036181728363
396.13852239603057 295.10012347092254
397.1370788303866 295.04641083361884
398.1349996096227 294.9819583831702
399.1322646502068 294.90805006950575
400.1286714157188 294.82335321217386
401.12342619019887 294.7210647052475
402.11554952205836 294.59579980840874
403.1036555952984 294.4420259874048
404.08458206096793 294.24764679883504
405.06550852663753 294.0532676102652
406.053443542615 293.898398619807
407.04515974620006 293.76995029733104
408.03902597568623 293.65936133817615
409.03415956574077 293.5608263801911
410.0300597718393 293.4703676631271
411.0264403985806 293.3853638593609
412.0231406667127 293.30419381867273
413.02007418942105 293.2259406954103
414.01720319254764 293.1502191586858
415.01451670443913 293.0769678174103
416.0120149479779 293.00627655814077
417.00970217930933 292.9383045901083
418.00758485019026 292.87326479340226
419.00567124525077 292.8114299488963
420.0039706813887 292.7531355597432
421.00249201148387 292.6987742376019
422.00124179527637 292.64878554513655
423.00022247509906 292.6036457473853
423.9994306977753 292.563859723003
424.99885585155386 292.52995748126705
425.99847869166257 292.5024951883358
426.9982697942107 292.48205622393914
427.9981877554408 292.4692472111155
428.9981773617803 292.4646879114967
429.9981680720872 292.4689982826946
430.9980729972508 292.48278743182317
431.9977883041043 292.5066475500728
432.9971928086483 292.5411531481288
433.9961475243287 292.58686393481986
434.99449503613425 292.6443291040246
435.9920586921846 292.7140912149979
436.98864145302184 292.79669146198324
437.9840242449803 292.89267634346476
438.97796421028335 293.00260061454895
439.97019375609517 293.12702138619954
440.9604210922564 293.26648400742516
441.94833213819413 293.42150582948335
442.93359240495107 293.59256782628586
443.91584751728084 293.78011753783477
444.8947227031152 293.98457626363984
445.86982286936416 294.20634115216205
446.84073445078405 294.4457794554152
447.8070278456578 294.70322279874205
448.7682587291894 294.97896758753234
449.72396859925936 295.27327804309056
450.67368648443113 295.58638495547825
451.6169329802625 295.9184783882677
452.5532133481476 296.2697319615063
453.48200342480436 296.640338212808
454.40275105153887 297.0304969085496
455.3149033944755 297.4403482270485
456.21794590683663 297.8698994124367
457.11143042178924 298.3189934132205
457.99498062967376 298.787329862952
458.8682777013209 299.2745179422936
459.7310370566336 299.78013271148086
460.58298795428715 300.3037543955118
461.4238631120793 300.8449835235232
462.25339860274613 301.40343752317233
463.0713399145148 301.9787391923009
463.8774502022868 302.57050452074463
464.67144127661487 303.17843393596274
463.6951664544533 303.3949690869507
462.69544115355586 303.41840672219064
461.70542223953197 303.2774721633523
460.7397487677705 303.01771314823236
459.7990057411117 302.6785928778372
458.878403511696 302.28809123226483
457.9725592154459 301.8644804309963
457.0771117917451 301.41931314627357
456.18893223751945 300.9598165962806
455.3059032870474 300.49049807690585
454.4266441400137 300.01415434349724
453.55028494960396 299.5324961977296
452.6763005840287 299.04654215799957
451.80439058168565 298.55687599844373
450.9343942434085 298.06381781588874
450.0662356328652 297.56753097651114
449.199894904791 297.06807753235444
448.33539951154285 296.5654367908176
447.4728263997657 296.05950435774076
446.6123080879629 295.5500848498182
445.7540396945056 295.0368837539578
444.8982880262856 294.51949697181243
444.04540619211105 293.99739298127514
443.1958590336829 293.4698803031273
442.35026952208204 292.93604664188945
441.5095069123554 292.39464269465077
440.6748544234638 291.84386576813057
439.84831832380985 291.280982053702
439.03316406913683 290.70173811451195
438.2347745173574 290.09959683241163
437.4619159740943 289.4650184904354
436.7284648144314 288.7852763360937
436.0555147399815 288.0455884307594
435.47333447251356 287.23252869361147
435.02163391242823 286.34035908864917
434.7453434248954 285.3792849153936
434.6835138609693 284.38119819319724
434.8538903004108 283.3958191448695
435.2432499059727 282.474733319576
435.8127566032317 281.65274662760515
436.5143035675554 280.9401234053844
437.30498922350216 280.3279010654784
438.15302290731245 279.797958737368
439.03719102035046 279.33078987294437
439.944069564739 278.9093977684529
440.86534061498344 278.5204766299409
441.7958679792232 278.1542542597872
442.7324678371387 277.8038534804606
443.6731573632789 277.46458483261625
444.6166995473603 277.1333324411398
445.5623254909432 276.8080762731383
446.5095632460085 276.4875444722529
447.4581317113378 276.1709724163434
448.4078749161142 275.85794231398734
449.3587215078279 275.54827998333263
450.3106599419467 275.24199054889607
451.2637236950812 274.93922086339046
452.21798351771406 274.6402422840431
453.1735453945483 274.3454516811721
454.13055356377856 274.05539071512106
455.0891979191073 273.77078396889675
456.0497246187115 273.4925961558147
457.0124478014469 273.2221075730173
457.9777589295832 272.96100524461673
458.9461289090019 272.71148654198976
459.9180968238619 272.47637301093977
460.8942367998115 272.2592307825429
461.8750911693895 272.06448811726455
462.8610555907096 271.897532554641
463.8522025627085 271.76476328147373
464.84803566892737 271.67356884875767
465.84717941230383 271.63219518477086
466.8470302687077 271.64946553359295
467.84342183379727 271.7343410248634
468.83037858463894 271.8953266514518
469.8000556821707 272.13971635361304
470.74298693503056 272.47270381941325
471.6487413820731 272.89650670008126
472.5069663794438 273.4097803638203
473.30860330945313 274.00759156515824
474.04693153704056 274.68203313293674
474.71814223523177 275.42329975071584
475.32134471444976 276.22088784557764
475.8581241022856 277.0646104829382
476.33187654534015 277.9452685452415
476.7471291865913 278.85497467577704
477.10896897704856 279.78721496992966
477.42262263389773 280.73675242761374
477.69317925396695 281.6994564918706
477.92542607497944 282.672113375941
478.1237647714154 283.65224691862596
478.29218037174616 284.6379629961885
478.4342418455957 285.62782083327807
478.5531201743881 286.6207296623976
478.6516152447583 287.6158672011895
478.7321867481046 288.61261603256503
478.7969865032908 289.6105143198307
478.84789077137884 290.60921785716823
478.8865317756147 291.6084710146772
478.91432802307787 292.6080846243419
478.9325131258893 293.60791926168736
478.9421626585037 294.6078727038637
478.9442183651368 295.6078705908966
478.9395090046152 296.60785950179684
478.92876740142873 297.6078018091131
478.9126437639778 298.6076718148215
478.891715819496 299.60745280140793
478.86649661328653 300.6071347466476
478.83744085820496 301.6067125390663
478.80495054707615 302.6061845895423
478.7693802678932 303.60555176692947
478.73104240486157 304.60481660082394
478.6902122479906 305.6039827022755
478.6471329975974 306.60305436045905
478.6020207110199 307.6020362830181
478.55506933016716 308.6009334588255
478.5064559727813 309.5997511306174
478.4563466145787 310.5984948676293
478.4049021361502 311.59717072377043
478.35228452901146 312.5957854579993
478.29866297546846 313.59434678761085
478.24421967406477 314.59286365123023
478.1891557624147 315.5913464831476
478.1336984654713 316.5898075430872
478.0781115198157 317.5882613935343
478.02271174909686 318.5867256469777
477.9678950709112 319.585222082521
477.9141748826322 320.5837781106793
477.86223464694615 321.582428305651
477.8129948589425 322.5812152915881
477.7676927508053 323.58018862406414
477.7279728574804 324.5793994777253
477.69598756205517 325.57888781726535
477.67450441581536 326.57865702784727
477.6670117678808 327.57862895756676
477.67781109106875 328.5785706431758
477.7120871368021 329.57798304688555
477.7759509877289 330.57594166754313
477.8764454387922 331.57087928634417
478.0214780705407 332.56030615869406
478.2196073724228 333.5404820509377
478.47957494951106 334.50609939692055
478.8094957004955 335.45010802933336
479.21572680854354 336.36387839810993
479.7016254571731 337.23789356002646
480.26658596109075 338.06301150857274
480.90577637878704 338.83206001804746
481.6107775584179 339.54126614937957
482.3709445004402 340.19099395412286
483.1750073326521 340.78553828540123
484.01240950515745 341.332125516759
484.87411218377497 341.839539049948
485.7528656264127 342.31681505715176
486.6431025860868 342.772312758167
487.54063481045193 343.2132616284754
488.4422755330046 343.6457474749892
489.34549684611534 344.0749225669302
490.2482158995573 344.5051530987998
491.1485085357426 344.94043825732285
492.04410569458196 345.38530422486696
492.93110401057834 345.8470768825889
493.8050742256122 346.3330563710796
494.6610687517973 346.8500412559082
495.52977613467135 347.34536688914375
