2.873982171376076
173830
643
0.0 100.0
0.0 99.0
0.0 98.0
0.0 97.0
0.0 96.0
0.0 95.0
0.0 94.0
0.0 93.0
0.0 92.0
0.0 91.0
0.0 90.0
0.0 89.0
0.0 88.0
0.0 87.0
0.0 86.0
0.0 85.0
0.0 84.0
0.0 83.0
0.0 82.0
0.9266021994149441 82.37604303482365
1.8532043988298883 82.75208606964732
2.77980659824483 83.12812910447099
3.7064087976597744 83.50417213929464
4.633010997074718 83.8802151741183
5.55961319648966 84.25625820894197
6.4862153959046065 84.63230124376562
7.412817595319554 85.00834427858928
8.339419794734502 85.38438731341293
9.266021994149444 85.76043034823658
10.192624193564384 86.13647338306025
11.119226392979327 86.51251641788392
12.045828592394274 86.88855945270757
12.972430791809217 87.26460248753123
13.899032991224159 87.6406455223549
14.825635190639105 88.01668855717855
15.752237390054054 88.3927315920022
16.678839589469 88.76877462682586
17.605441788883944 89.14481766164951
18.532043988298888 89.52086069647316
19.458646187713825 89.89690373129683
20.385248387128765 90.2729467661205
21.311850586543706 90.64898980094416
22.23845278595865 91.02503283576783
23.165054985373597 91.40107587059148
24.091657184788545 91.77711890541514
25.01825938420349 92.15316194023879
25.944861583618437 92.52920497506244
26.871463783033384 92.9052480098861
27.798065982448332 93.28129104470975
28.724668181863272 93.65733407953341
29.651270381278216 94.03337711435708
30.57787258069316 94.40942014918073
31.5044747801081 94.7854631840044
32.43107697952304 95.16150621882807
33.357679178937985 95.53754925365172
34.28428137835293 95.91359228847537
35.21088357776787 96.28963532329902
36.13748577718282 96.66567835812268
37.06408797659776 97.04172139294634
37.990690176012706 97.41776442777001
38.91729237542765 97.79380746259366
39.843894574842594 98.16985049741731
40.77049677425754 98.54589353224097
41.69709897367248 98.92193656706462
42.623701173087426 99.29797960188827
43.55030337250237 99.67402263671194
44.476905571917314 100.0500656715356
45.40350777133226 100.42610870635926
46.3301099707472 100.80215174118293
47.256712170162146 101.17819477600659
48.18331436957709 101.55423781083026
49.109916568992034 101.93028084565393
50.03651876840698 102.30632388047758
50.96312096782192 102.68236691530123
51.889723167236866 103.05840995012488
52.81632536665181 103.43445298494855
53.742927566066754 103.81049601977222
54.6695297654817 104.18653905459587
55.59613196489664 104.56258208941954
56.522734164311586 104.9386251242432
57.44933636372653 105.31466815906685
58.375938563141474 105.69071119389051
59.30254076255642 106.06675422871416
60.22914296197136 106.44279726353781
61.15574516138631 106.81884029836148
62.08234736080125 107.19488333318515
63.01028670322061 107.5676145725391
63.94273464224143 107.9289189331768
64.8895009227763 108.25084067839165
65.84569879373751 108.54356175991683
66.81254468398923 108.79892233734287
67.79844862092901 108.96623470128125
68.79285409852665 109.0718649342821
69.7885853171546 109.16416520649031
70.78598589388751 109.23622136190298
71.78414811640805 109.29681985637993
72.78285152425296 109.34772666495152
73.78181801860808 109.39317931235371
74.78105232908779 109.43230465912711
75.78052157211786 109.4648812187501
76.78017773940499 109.49110234009905
77.77997131784528 109.51141983279763
78.77985862002072 109.52643259231505
79.77980483150483 109.536804387654
80.77978435041442 109.54320452525849
81.7797796580339 109.54626797739402
82.77977961192981 109.54657163540102
83.77977771328113 109.54462297079435
84.77977062360392 109.54085742911295
85.7797570199513 109.53564138461856
86.77973677478256 109.52927821499861
87.77971040303044 109.52201579055603
88.77967870974538 109.51405428531939
89.77964257885853 109.50555366956137
90.7796028562012 109.49664054795387
91.77956029253741 109.48741419895238
92.77951552288852 109.47795178417114
93.77946906641313 109.46831275970982
94.77942133681694 109.45854255427436
95.77937265717924 109.44867559396721
96.77932327567046 109.43873775823641
97.77927338028695 109.4287483499707
98.77922311174379 109.41872165762368
99.77917257426151 109.40866818008968
100.77912184430687 109.39859557686415
101.77907097750627 109.38850939751842
102.77902001400949 109.37841363621743
103.77896898258601 109.36831114925849
104.77891790371112 109.35820396662818
105.7788667918644 109.34809352247467
106.77881565722379 109.3379808241965
107.77876450690252 109.32786657552472
108.7787133458448 109.31775126544704
109.77866217746931 109.30763523199604
110.77861100412801 109.29751870769613
111.7785598274312 109.28740185173268
112.77850864847628 109.27728477258198
113.7784574680078 109.26716754383612
114.77840628652874 109.25705021520666
115.7783551043774 109.24693282013416
116.77830392178049 109.23681538102343
117.77825273888928 109.22669791282684
118.77820155580437 109.21658042548557
119.77815037259239 109.20646292558489
120.77809918929731 109.19634541747149
121.77804800594805 109.18622790400461
122.77799682256361 109.17611038705871
123.77794563915634 109.16599286785868
124.77789445573436 109.1558753472024
125.77784327230287 109.14575782560797
126.7777920888653 109.13564030341084
127.7777409054238 109.12552278082754
128.7776897219798 109.11540525799748
129.77763853853423 109.10528773501014
130.77758735508763 109.0951702119228
131.7775361716404 109.08505268877204
132.77748498819278 109.07493516558115
133.77743380474487 109.06481764236491
134.77738262129682 109.05470011913273
135.77733143784866 109.04458259589052
136.77728025440044 109.034465072642
137.7772290709522 109.02434754938957
138.7771778875039 109.01423002613467
139.7771267040556 109.00411250287826
140.7770755206073 108.99399497962088
141.777024337159 108.98387745636293
142.77697315371068 108.97375993310459
143.77692197026238 108.96364240984603
144.77687078681407 108.95352488658733
145.77681960336577 108.94340736332856
146.77676841991746 108.93328984006973
147.77671723646915 108.92317231681088
148.77666605302085 108.91305479355199
149.7766148695725 108.90293727029308
150.77656368612418 108.89281974703415
151.77651250267587 108.88270222377524
152.77646131922756 108.87258470051631
153.77641013577923 108.86246717725739
154.7763589523309 108.85234965399846
155.77630776888256 108.84223213073953
156.77625658543423 108.83211460748062
157.77620540198592 108.82199708422172
158.7761542185376 108.81187956096281
159.7761030350893 108.8017620377039
160.776051851641 108.79164451444498
161.7760006681927 108.78152699118607
162.7759494847444 108.77140946792716
163.77589830129608 108.76129194466824
164.77584711784004 108.75117442064692
165.77579593429533 108.74105688786008
166.7757447502516 108.73093930575165
167.77569356434444 108.72082153948111
168.77564237320274 108.7107032558866
169.77559117022577 108.70058380272667
170.77553994481718 108.69046213324347
171.7754886828542 108.68033685308733
172.7754373689125 108.67020644094004
173.7753859901373 108.66006963125216
174.77533454090548 108.64992587373112
175.77528302691317 108.63977573427641
176.77523146728774 108.62962110023629
177.77517989380266 108.61946510150196
178.7751283470909 108.60931173917987
179.77507687060876 108.59916529573988
180.77502550370644 108.58902965732392
181.77497427533814 108.57890769544471
182.7749231996849 108.56880083155355
183.77487227440707 108.55870885641096
184.774821481597 108.54863001519651
185.77477079094953 108.53856131491412
186.77472016432847 108.52849897527194
187.77466956080823 108.51843893154627
188.33927695075022 108.51275866907434
188.29309134213415 108.58659387205695
188.3392769681161 108.5127586688988
188.29367111719733 108.58566702436232
187.76335329464132 109.43346594337524
187.23303526841897 110.28126473499012
186.70271700160626 111.12906337611003
186.17239849282453 111.97686186587248
185.6420797665271 112.82466021957356
185.1117608626486 113.67245846219329
184.58144182737374 114.52025662262132
184.0511227060412 115.3680547292181
183.52080353849118 116.21585280690468
182.99048435665668 117.06365087565594
182.46016518392372 117.91144895010046
181.92984603569985 118.75924703987604
181.39952692066925 119.60704515041482
180.8694898012011 120.45501959105904
180.341294964263 121.30414279427039
179.81957667357221 122.15726062034055
179.3141667135308 123.02013997012877
178.84182305151558 123.90155443844321
178.42694427391262 124.81143113332811
178.10065572006232 125.75670134846573
177.8973631622069 126.73581938829574
177.84806474692704 127.73460348220738
177.9716073232555 128.72694275475186
178.2681003975553 129.6819777577189
178.71917392051188 130.57446455139572
179.29521727113126 131.39188369614777
179.96458691175349 132.1348132245778
180.69986988429957 132.81257347000667
181.48008317462848 133.43808703628173
182.2902794373056 134.0242457314693
183.12022191402207 134.58209471223535
183.96304320110647 135.12028824437544
184.81418927452364 135.64521715547346
185.6706657585262 136.16140319979334
186.53052047475086 136.6719420004601
187.39249294456482 137.1788970884934
188.25577811485186 137.68361355816964
189.11986780625983 138.1869514220369
189.98444510528464 138.68945126682397
190.84931476177613 139.19144775812674
191.71435790243504 139.69314524147597
192.57950297720726 140.19466692555096
193.44470738710547 140.69608624018963
194.3099460306151 141.19744647971572
195.17520426031552 141.6987729162176
196.04047360735112 142.20008016440036
196.9057492174939 142.70137660214158
197.77102833103976 143.20266699269513
198.63630939112068 143.70395402331258
199.50159152582347 144.20523919900023
200.36687425019664 144.70652335684022
201.23215729627083 145.20780695938134
202.09743138617546 145.70910602115956
202.96265995577738 146.2104836456549
203.82776514456134 146.71207412835875
204.69263048820568 147.21407805001968
205.5571210455277 147.71672710880824
206.42111153965806 148.2202352279606
207.2845108839695 148.72475635957215
208.14727563298632 149.23036192506163
209.00941090158335 149.73704010560738
209.87096173423714 150.24471141930707
210.7319996692218 150.75325214974794
211.59260883649995 151.2625181521443
212.45287443574372 151.77236430419194
213.31287480931184 152.28265770750295
214.17267709012197 152.7932848101069
215.03233571748592 153.30415372127567
215.89189289127484 153.8151933136636
216.75138010635112 154.3263505567116
217.61082011479317 154.8375871671858
218.47022889221626 155.34887627648519
219.3296173778934 155.860199491962
220.1889928965067 156.37154450074578
221.04836025462782 156.88290322394892
221.9077225493375 157.39427045640642
222.76708174329204 157.90564289970564
223.62643906144143 158.41701849527425
224.48579525766985 158.92839597620568
225.34515316981978 159.43977057356588
226.20452258046453 159.9511258473708
227.0639239204151 160.4624274578623
227.9233875700515 160.97362432302657
228.7829485779624 161.4846574664519
229.64263929691077 161.9954723720234
230.50248302074087 162.50602968574051
231.36249057757274 163.01631098286208
232.2226602175591 163.5263190126476
233.0829843789332 164.03606633962042
233.943462027988 164.5455545293531
234.80410897356754 165.05475668475367
235.66495940283295 165.56361475773036
236.52606473232805 166.07204136159282
237.38749436362187 166.57991830567374
238.24934110089453 167.08708711529485
239.11172581620463 167.59334061187485
239.9747992367937 168.09841909159132
240.83873929966975 168.6020137378672
241.70373957560776 169.1037851226902
242.56998605555106 169.60340201190212
243.43762640369707 170.10059435523522
244.30674130302816 170.59520459750757
245.17732738182997 171.0872207348409
246.0492962700548 171.57678202617006
246.92248829651118 172.06415835400418
247.79669531685516 172.54971173477838
248.6716861460597 173.03385122790814
249.54723607317246 173.5169788768094
250.42315091554292 173.99944461540133
251.2993074944422 174.48147122177437
252.17563028747338 174.96319558529984
253.0520252441001 175.44478865003325
253.92834199857657 175.92652399835615
254.80439106406504 176.40874597510208
255.68150146234166 176.88903479366343
256.5576990455145 177.37098686103326
257.4323651779615 177.85571271834868
258.3056980267824 178.34283666065744
259.17800165347415 178.83180126352804
260.0493460068061 179.3224732699809
260.9194513096984 179.81533913599185
261.78759861853143 180.31164574502088
262.65265576192974 180.81331908361437
263.51275725655864 181.32344202853758
264.3661315250094 181.844740750909
265.2117093343324 182.37859294803906
266.04916950830653 182.92509130760402
266.87871163963626 183.4835354429917
267.71118692254385 184.0375976266389
268.54555884780854 184.58879948651435
269.38096158391704 185.13843779349665
270.2165861679185 185.68773876255864
271.05163801237177 186.2379100241447
271.885332839539 186.7901354628512
272.71691065566614 187.3455437232554
273.54565760339506 187.90516725441722
274.37093146824526 188.46989997703494
275.19218927737535 189.04045725807063
276.0090163110268 189.61733991259945
276.82115571574946 190.2008033538678
277.62853687331847 190.7908335788585
278.4312989980183 191.38713297609735
279.2298043838118 191.98912064113597
280.02464157122097 192.5959433875056
280.81660667136737 193.20650974765832
281.6066862998577 193.81951397329186
282.3959868923672 194.43352095587767
283.1857384003061 195.04694785103985
283.977078145826 195.6583245002182
284.77129735720547 196.26595583933414
285.56983873777415 196.86789575620247
286.37407389698336 197.46220696145753
287.18506776295914 198.04726161646823
288.0034432023068 198.621945564628
288.8293589081408 199.18573918542975
289.66256751736046 199.73869796646352
290.5025137578147 200.28136758340077
291.3484416128008 200.81466493400234
292.1994917608539 201.3397493515
293.05478059697475 201.85790088030888
293.8048330002877 202.5192792835581
294.5963712142875 203.13039895741744
295.4125276118607 203.70823001810936
296.24397896839537 204.26382757184462
297.0851684945104 204.80456797273425
297.93259751734706 205.33547667604782
298.7839918851766 205.86000277685514
299.6378551273229 206.38050019636017
300.49320543715237 206.89855023976776
301.34940855990027 207.41518958456908
302.2059975360651 207.93118893138345
303.06236225304093 208.44756037861782
303.9173750323728 208.96616730797686
304.76915567671415 209.490065899238
305.61520444916994 210.02317139970307
306.4520110423002 210.5706700076408
307.2792555224304 211.13251212967702
308.099027110179 211.7052027476551
308.9138355729817 212.28493300298527
309.7491819700581 212.83465693087237
310.60188443450966 213.3570538174617
311.4510760879515 213.88513859827322
312.2972285653358 214.41807948150185
313.14067354854024 214.9552950437366
313.9817475037099 215.4962151875058
314.8208367618928 216.0402089529131
315.6583645331075 216.5866037117131
316.49475818106384 217.13473295346023
317.33041887474565 217.68397898670514
318.16570191180796 218.23379918276555
319.00090808729453 218.78373612863214
319.8362833080939 219.33341625422742
320.67202315975044 219.88254183217214
321.50827975330037 220.4308801490389
322.3451690576945 220.9782523187651
323.18277769442415 221.5245231048006
324.02116939982926 222.06959130998956
324.8603918094574 222.61337963937694
325.7004832817473 223.1558243998693
326.5414783273877 223.6968672199938
327.38341012645793 224.23645117612523
328.2263096670737 224.77452214210442
329.07020237800833 225.31103411068602
329.9151039204263 225.8459559588281
330.7610167734873 226.37927710506762
331.60792862860694 226.91101041195924
332.4559539210345 227.44096616804006
333.3057015883067 227.968155794233
334.1586499518943 228.49015109023975
335.01803160460287 229.00148578981316
335.88833916677424 229.4939944163644
336.77315941345455 229.9599269555422
337.67548564870253 230.3909807401019
338.6055419878511 230.7583976776668
339.53823627411634 231.11906562518664
340.47231343109036 231.47613685732298
341.4169971374555 231.80411962352912
342.3462192225003 232.1736413639788
343.25839623761203 232.58343776843083
344.15427944068944 233.02772741094313
345.0359448127897 233.49960257625628
345.9060075659334 233.99254355202513
346.7669582735939 234.50123194286857
347.62061952300485 235.02206058191797
348.4675912938529 235.55369844680962
349.30704610692976 236.0971279425145
350.1358956919968 236.6565994478963
350.9514657968648 237.23525772706074
351.7531515663535 237.8330034313525
352.54228976419654 238.44721911391446
353.3212954168782 239.0742360140775
354.1163032257249 239.68083520948812
354.9244544700797 240.26981022275083
355.74311662797135 240.84408565426094
356.56996968233796 241.40650367182846
357.4030615033239 241.95963839122896
358.2408178789773 242.5056825790491
359.08201402711404 243.04641267841458
359.92572347539175 243.58321279660282
360.77125950443065 244.11713116451796
361.61811962571085 244.648946860963
362.465938504407 245.1792327733974
363.31445230866484 245.70840601911559
364.16347543577194 246.23676170389365
365.01288716730147 246.76449242153285
365.86262290275556 247.2917012794747
366.71266456565786 247.81841673522877
367.563027493827 248.3446133623517
368.4137445745498 248.87023722840664
369.26485056201443 249.3952311313254
370.11636971092275 249.91955463741914
370.96830860254505 250.44319585518318
371.8206560800204 250.96617174147383
372.67339119911145 251.48851532252826
373.5264965036905 252.01025408790719
374.37997058560404 252.53138937888428
375.233833971778 253.05188656211544
376.0881258642812 253.57168013883913
376.9428935865549 254.09069087182942
377.7981792609493 254.60884761951837
378.65401045656097 255.12610284145237
379.5104002136492 255.64243275919335
380.36735603620787 256.1578226292751
381.2248916488834 256.67224723307356
382.08303406544616 257.18565895177096
382.9418219857365 257.6979902000502
383.80129879473907 258.2091649400235
384.66150720407137 258.719107576517
385.52248922935354 259.2277429588303
386.38428917638544 259.7349912720811
387.24695450498257 260.24076645023484
388.11053130284427 260.74498377857145
388.9750581283726 261.2475704556152
389.840565365721 261.7484668741466
390.7070823147012 262.247614524777
391.5746467413374 262.7449393337655
392.44331185913234 263.2403390845993
393.3131497574084 263.7336767283311
394.1842512405974 264.2247797786026
395.0567205233273 264.7134487367868
395.93066697924144 265.19947095047155
396.80619937585004 265.6826303677334
397.68342464529326 266.1627093473298
398.5624509193267 266.6394826787557
399.44339324104556 267.1127063318042
400.32638071846276 267.5821028749576
401.2115626530374 268.0473479100764
402.0991082891899 268.50806772053227
402.98919944133297 268.9638502792997
403.88670263845574 269.4048582283826
404.80515388113383 269.80039244286115
405.7569183902716 270.10722190550393
406.7383767171592 270.29889754971305
407.7341811448156 270.3904046087854
408.73327685240577 270.4329224529795
409.7317994039382 270.4872613348332
410.7252927542704 270.60115146981326
411.705410286193 270.79956927047164
412.6635910703432 271.0857328336402
413.5955364394013 271.4483315499799
414.5023102148981 271.8699490544449
415.3885848093506 272.33310922461067
416.26025102112396 272.8232092299695
417.12273347944154 273.32929618800574
417.98021553555157 273.84381005900366
418.8354960534353 274.3619753180943
419.690168715793 274.8811425745911
420.5449551092188 275.40012255649225
421.3999549909299 275.9187507492026
422.25504993254253 276.4372221956956
423.11014487415514 276.9556936421886
423.3180116544922 277.0817299277921
423.4661973075127 277.1041563477603
423.4669465605065 277.1720339307708
423.3814258426352 277.0913270324122
423.4661973075127 277.1041563477603
423.4669465605065 277.1720339307677
424.1942256943566 277.85837572715366
424.9657701308397 278.4945511609233
425.73688415078453 279.13124823822506
426.50803589017124 279.76789963015074
427.28068497100986 280.40273299244296
428.0555264764126 281.0348885441114
428.8327737953065 281.6640837485371
429.6123728977174 282.2903626317194
430.3941226462823 282.913954910872
431.17774326229835 283.53519458294284
431.96291708745656 284.1544700178556
432.74931404706746 284.77219149385814
433.53660813752316 285.3887691573633
434.32448819970773 286.0045978734947
435.11266473538785 286.62004709853545
435.90087380341606 287.23545465867596
436.68887869280155 287.85112363978885
437.47646990421237 288.4673217278323
438.2634638805355 289.0842824082902
439.0497008659866 289.7022074868464
439.8350422233026 290.32127045011345
440.6193674920976 290.94162024879944
441.40257142484677 291.5633851559197
442.1845611881485 292.1866764281924
442.96525386511547 292.8115915777369
443.7445743407011 293.43821714083896
444.5224535979006 294.0666309067756
445.2988274031051 294.6969036371013
446.07363531840593 295.32910035837335
446.8468199521378 295.9632813437087
447.6183263496178 296.59950290782564
448.3881014343521 297.23781812691595
449.1560934330797 297.878277563485
449.9222512502421 298.5209300350441
450.686523791498 299.1658234236614
451.448859264507 299.8130054896924
452.20920450296103 300.46252463364453
452.96750436477845 301.1144305467698
453.7237012499326 301.7687747000127
454.4777347739508 302.4256106343653
455.229541627697 303.0849940241016
455.97905565874106 303.74698248115214
456.7262082252198 304.41163505385776
457.47092889374426 305.07901135391086
458.2131465675021 305.7491702341486
458.9527911268674 306.42216795019334
459.6897956337739 307.0980557787563
460.42409909143174 307.7768771338061
461.15564966999614 308.4586643080783
461.8844082210377 309.1434350538639
462.61035182701073 309.8311892839105
463.33347708305513 310.52190620426984
464.0538027988059 311.2155421774057
464.7713718411113 311.9120295567062
465.4861761816288 312.6113540556173
466.197728207685 313.31398746943665
466.9036730872991 314.0222542461152
467.5963172752284 314.7435336849791
468.2548870989855 315.49605331079397
468.8285661126546 316.31513352009927
469.2003680763335 317.24344559036683
469.14007423707307 318.2416262618624
468.44498672015123 318.96055139274836
467.4470491429244 319.02474322991367
466.4965550063895 318.71400073778756
465.59130230168785 318.2891271793842
464.70060754030607 317.8345253293582
463.8125905708683 317.3747146487618
462.9231371309049 316.91768885284085
462.03103525449984 316.4658545445878
461.1353192044533 316.0212280072679
460.2333787267549 315.58936764246334
459.3216202448955 315.1786408832214
459.8732069343662 316.01275845526914
460.46099218211543 316.8217754529449
461.08516065556296 317.6030652306549
461.74202807138454 318.3570713301209
462.42660881848235 319.086008364921
463.13392723390143 319.7929034485147
463.8595681725732 320.4809770115322
464.5998305306658 321.1532951216491
465.351701255556 321.8126056805309
466.1127637574959 322.4612842358578
466.8810937821595 323.1013381189023
467.65516408830814 323.73443776440763
468.4337643186018 324.36195802813353
469.2159361643744 324.9850207887609
470.00092174669953 325.6045348205161
470.7881227221845 326.221231361933
471.5770678579731 326.83569500830725
472.3673872213012 327.44839012331033
473.158791508199 328.05968322377834
473.9510553354818 328.66986190906584
474.7440035305076 329.2791509701898
475.5374995832281 329.88772636758677
476.3314354963556 330.4957278197614
477.12572231699573 331.103270778372
477.92028070607455 331.71045853050845
478.7150310603296 332.3173949970447
479.5098829992256 332.9241984209253
480.3047244790671 333.531015544879
481.09941133759 334.13803514661436
481.89375856499794 334.74549912275563
482.68753486658187 335.35370894102863
483.4804619724399 335.9630254472843
484.2722195709025 336.5738608631507
485.0624557325179 337.18666328553115
485.85080148618283 337.8018957397129
486.6368872212443 338.42001321813655
487.42035825669967 339.0414415218068
