13.004073394513714
284675
712
0.0 100.0
0.617859505590685 99.21371148339097
1.2357190111813712 98.42742296678193
1.8535785167720664 97.6411344501729
2.471438022362762 96.85484593356388
3.089297527953461 96.06855741695486
3.707157033544158 95.28226890034583
4.325016539134855 94.49598038373679
4.942876044725556 93.70969186712777
5.560735550316256 92.92340335051875
6.182809794705049 92.1404450920732
6.813262918010443 91.36421776756414
7.455120630864921 90.59739400916251
8.107352473531492 89.83937446890529
8.769174366558733 89.08971335752906
9.43714069459235 88.34552186025616
10.110115664094025 87.60585660460046
10.788331469201585 86.87099381352834
11.47250567064664 86.14167518489128
12.163187364588728 85.41851628281424
12.860454312171358 84.70170472891127
13.56500771768629 83.99205375922455
14.277934847280147 83.2908156342705
15.000096392464338 82.59909119299552
15.732422004128043 81.91813657005696
16.476146455069763 81.24965026423504
17.233169289465103 80.59626184361218
18.005818204019636 79.96142827893739
18.796485156979138 79.34918178487007
19.6070380889541 78.76351639877765
20.438590078620514 78.20806947198642
21.291470400878374 77.68596301166886
22.167825627150123 77.20429765336894
23.064729796531502 76.76207269823152
23.97902547760043 76.35702528424311
24.90803503254128 75.98696954948332
25.84943470131875 75.6496764075049
26.801125619564818 75.34261876449963
27.76120595406261 75.06289434420242
28.727993248130126 74.8073120129868
29.700048180177355 74.57255850591469
30.676179048315937 74.35537533836477
31.655426102073534 74.15270514394273
32.637032944818856 73.96179153448662
33.62041296858112 73.78023237370061
34.605116529514355 73.60599432651972
35.57754213029207 73.37278101010729
36.523204824247514 73.04763170707722
37.43292843230967 72.63241735648903
38.306423735459404 72.14558478221389
39.1496766835728 71.60806783783161
39.97064818338245 71.03709866484564
40.77652269481593 70.4450122929185
41.57274080664894 69.84000260837695
42.363030109219906 69.22726871977449
43.149787124961264 68.61000589230004
43.934487232816494 67.9901303074187
44.718010855738044 67.36876830960753
45.49357721888477 66.73750226715367
46.25802586955419 66.09281764620347
47.01169929509463 65.43556855519296
47.75662674454543 64.76842307251717
48.49517601546126 64.09422356611739
49.2293961147422 63.41531205066646
49.96082447821642 62.73339376442871
50.68796384913054 62.046903899050776
51.410338385585746 61.355401889595186
52.12849004403203 60.65951526415189
52.843374966895134 59.96027314080476
53.555946682374724 59.258673860375765
54.26722792952832 58.555766336267766
54.97789016516606 57.852232977543125
55.68829758275588 57.148442311909264
56.39783474819808 56.44377429726958
57.1062215307517 55.73794983870829
57.81335518449414 55.030869931098934
58.52068694168695 54.32398819752072
59.24678148522551 53.636393321271974
59.99751526566435 52.97578845381487
60.765434327743954 52.33524156708855
61.539111530401854 51.7016615910102
61.91021647238033 51.397756216193
61.91171545942187 50.90245133578378
62.51280979919807 50.90428030107156
63.5128051701399 50.907323012839704
64.51280054108173 50.91036572460786
65.51279591202356 50.91340843637599
66.51251678096038 50.88978251391318
67.51217016220626 50.86345539170614
68.51192178388182 50.84116873746859
69.51178410721243 50.82457553452624
70.5117814924723 50.82228873032658
71.51172083106458 50.833303226939464
72.51154928386232 50.851825240223086
73.51133702246216 50.87242809792405
74.51115037356067 50.89174811255022
75.51101332364303 50.908303506009524
76.510922084207 50.92181167196387
77.51086402157463 50.93258765885533
78.51082729566033 50.94115798439251
79.51080349384205 50.94805748220491
80.51078732807325 50.95374354202473
81.51077566202598 50.95857385862284
82.51076667551514 50.96281330916689
83.51075931128796 50.966651068949986
84.51075294661189 50.97021888503563
85.51074720739514 50.97360686386579
86.51074186434407 50.97687581990985
87.51073677444624 50.980066395052646
88.51073184728817 50.98320554969528
89.51072702515229 50.98631106873656
90.5107222709516 50.989394634656705
91.51071756075581 50.99246389668296
92.51071287908488 50.99552385092156
93.51070821591057 50.99857775446366
94.51070356473154 51.00162772764476
95.5106989213315 51.00467514926821
96.51069428297573 51.0077209151838
97.51068964789063 51.01076560707778
98.51068501492595 51.0138096024604
99.51068038333587 51.01685314624081
100.51067575263677 51.01989639725768
101.51067112251518 51.02293945850489
102.51066649276787 51.02598239675429
103.51066186326312 51.029025255289056
104.51065723391557 51.032068062163695
105.51065260466989 51.035110835560616
106.51064797549022 51.038153587263416
107.5106433463533 51.04119632490835
108.51063871724412 51.044239053443945
109.5106340881529 51.04728177607685
110.51062945907331 51.05032449488498
111.51062483000128 51.05336721121475
112.51062020093413 51.05640992593864
113.51061557187013 51.05945263962197
114.51061094280819 51.06249535263108
115.51060631374757 51.065538065203306
116.51060168468781 51.06858077749247
117.51059705562862 51.071623489598196
118.51059242656979 51.07466620158506
119.51058779751119 51.07770891349493
120.51058316845274 51.080751625354914
121.51057853939439 51.08379433718257
122.5105739103361 51.08683704898926
123.51056928127787 51.089879760782374
124.51056465221964 51.09292247256671
125.51056002316145 51.09596518434534
126.51055539410326 51.099007896120256
127.51055076504508 51.1020506078928
128.5105461359869 51.105093319663794
129.51054150692875 51.10813603143379
130.51053687787058 51.111178743203105
131.5105322488124 51.11422145497203
132.51052761975424 51.11726416674067
133.51052299069607 51.120306878509126
134.5105183616379 51.123349590277485
135.51051373257974 51.126392302045765
136.51050910352157 51.129435013813975
137.5105044744634 51.13247772558218
138.51049984540526 51.13552043735036
139.5104952163471 51.13856314911851
140.51049058728893 51.14160586088666
141.51048595823076 51.144648572654816
142.5104813291726 51.147691284422955
143.51047670011442 51.1507339961911
144.51047207105626 51.15377670795924
145.5104674419981 51.156819419727356
146.51046281293992 51.15986213149551
147.51045818388175 51.16290484326364
148.51045355482358 51.16594755503178
149.51044892576542 51.16899026679991
150.51044429670725 51.17203297856805
151.51043966764908 51.175075690336186
152.5104350385909 51.178118402104325
153.51043040953277 51.18116111387246
154.5104257804746 51.18420382564061
155.51042115141647 51.18724653740875
156.51041652235833 51.19028924917688
157.51041189330016 51.193331960945024
158.510407264242 51.19637467271316
159.51040263518382 51.1994173844813
160.51039800612566 51.20246009624944
161.51039337706752 51.20550280801757
162.51038874800935 51.20854551978571
163.51038411895118 51.21158823155384
164.510379489893 51.214630943321986
165.51037486083482 51.217673655090124
166.51037023177668 51.22071636685825
167.5103656027185 51.223759078626394
168.5103609736603 51.226801790394525
169.51035634460217 51.229844502162656
170.510351715544 51.2328872139308
171.5103470864858 51.23592992569895
172.51034245742764 51.238972637467086
173.5103378283695 51.242015349235224
174.51033319931136 51.245058061003355
175.5103285702532 51.24810077277149
176.51032394119503 51.25114348453963
177.51031931213686 51.254186196307764
178.5103146830787 51.257228908075895
179.51031005402052 51.26027161984402
180.51030542496235 51.26331433161215
181.5103007959042 51.26635704338029
182.510296166846 51.26939975514843
183.51029153778782 51.27244246691657
184.51028690872963 51.27548517868472
185.5102822796715 51.27852789045285
186.51027765061335 51.28157060222101
187.51027302155518 51.284613313989134
188.510268392497 51.28765602575727
189.51026376343884 51.2906987375254
190.5102591343807 51.29374144929355
191.51025450532254 51.29678416106167
192.5102498762644 51.299826872829804
193.51024524720623 51.30286958459795
194.5102406181481 51.30591229636608
195.51023598908992 51.30895500813423
196.51023136003175 51.311997719902365
197.5102267309736 51.31504043167049
198.51022210191545 51.31808314343863
199.51021747285728 51.32112585520678
200.5102128437991 51.32416856697491
201.51020821474094 51.327211278743036
202.51020358568277 51.33025399051119
202.67001086517092 51.330740240252
202.8742326515897 52.30966488594845
202.87423265158984 52.30966488594906
203.07845443800855 53.28858953164553
203.64738423169877 54.11097562701169
204.216314025389 54.93336172237785
204.7852438190792 55.755747817744016
205.35417361276944 56.57813391311018
205.92310340645963 57.400520008476335
206.49203320014988 58.222906103842504
207.0609629938401 59.04529219920866
207.68465362567295 59.826963482910394
208.3083442575058 60.608634766612134
208.9320348893387 61.39030605031387
209.55572552117155 62.17197733401561
210.1794161530044 62.95364861771735
210.80310678483727 63.73531990141908
211.4568567284349 64.49203055368062
212.11060667203253 65.24874120594217
212.7643566156302 66.00545185820371
213.41810655922782 66.76216251046526
214.09708705445343 67.4963188201863
214.776067549679 68.23047512990735
215.45504804490457 68.96463143962838
216.15979050257013 69.67409466514715
216.8645329602357 70.38355789066593
217.56927541790128 71.0930211161847
218.3060918340447 71.7691139862119
219.04290825018805 72.44520685623911
219.80752410041055 73.08969316454093
220.57213995063307 73.73417947284277
221.36599956375363 74.3422805455734
222.15985917687414 74.95038161830402
222.98519055773082 75.51503028054736
223.82786156654407 76.05345907890944
224.6851714177348 76.56825983556328
225.54248126892554 77.08306059221711
226.42110304461715 77.56057894294358
227.3103604750653 78.01798600715743
228.2075485931547 78.45963460135779
229.11093646671935 78.88845898254007
230.01917472603725 79.30691240206399
230.93118017118024 79.71709049512789
231.84608705281875 80.120755452649
232.76321095033904 80.51935770627676
233.68201696444984 80.9140671037248
234.6020914333276 81.3058106061844
235.5231174078593 81.69531176695023
236.44485397753985 82.08312834229676
237.36711927199235 82.4696858757228
238.28977677617968 82.85530632378911
239.21272450574781 83.24023162626352
240.13588656938984 83.62464260978531
241.05920667128714 84.00867384475504
241.98264315734798 84.39242513949111
242.90616526917933 84.77597032451965
243.8297503300298 85.15936390215727
244.75338164203973 85.54264604298153
245.67704692162823 85.92584631866337
246.600732884396 86.30899673584409
247.48385030379518 86.77814876190142
248.35448711862503 87.27007511478665
249.2309404726024 87.7515618937347
249.63331605272035 87.9357594843729
249.68287674221324 88.16227560895533
250.5935503633967 88.57540217029054
251.50422398458008 88.98852873162575
252.41489760576354 89.40165529296097
253.32557122694695 89.81478185429617
254.2362448481304 90.22790841563139
255.1469184693138 90.64103497696661
256.0575920904972 91.05416153830183
256.96826571168066 91.46728809963703
257.87893933286415 91.88041466097224
258.7896129540475 92.29354122230745
259.70028657523096 92.70666778364266
260.61096019641445 93.11979434497788
261.52163381759783 93.5329209063131
262.43230743878127 93.9460474676483
263.3429810599647 94.35917402898352
264.25365468114813 94.77230059031874
265.16432830233157 95.18542715165395
266.075001923515 95.59855371298916
266.98567554469844 96.01168027432436
267.8963491658819 96.42480683565958
268.8070227870653 96.8379333969948
269.7176964082487 97.25105995833
270.6283700294322 97.66418651966522
271.5390436506156 98.07731308100043
272.449717271799 98.49043964233564
273.3603908929824 98.90356620367085
274.27106451416586 99.31669276500608
275.1817381353493 99.72981932634127
276.0924117565327 100.14294588767649
277.00308537771616 100.55607244901171
277.9137589988996 100.96919901034693
278.82443262008303 101.38232557168213
279.73510624126646 101.79545213301733
280.6457798624499 102.20857869435255
281.55645348363333 102.62170525568777
282.46712710481677 103.03483181702299
283.37780072600015 103.44795837835821
284.28847434718364 103.86108493969341
285.199147968367 104.27421150102862
286.1098215895505 104.68733806236384
287.0204952107339 105.10046462369904
287.9311688319173 105.51359118503426
288.8418424531008 105.92671774636948
289.7525160742842 106.3398443077047
290.6631896954676 106.75297086903991
291.57386331665106 107.16609743037512
292.4845369378345 107.57922399171034
293.3952105590179 107.99235055304553
294.30588418020136 108.40547711438074
295.2165578013848 108.81860367571596
296.1272314225682 109.23173023705117
297.03790504375166 109.64485679838637
297.94857866493504 110.05798335972159
298.8592522861185 110.47110992105681
299.0856510673942 110.57381559718849
299.9963246893335 110.9869421568576
300.9069983106934 111.40006871780386
301.8176719318173 111.8131952792703
302.7283455528626 112.22632184091003
303.6390191738975 112.63944840257271
304.5496927949483 113.05257496420016
305.46036641602274 113.46570152577573
306.3710400371203 113.87882808730023
307.2817136582378 114.29195464878079
308.19238727937136 114.70508121022587
309.10306090051745 115.11820777164328
310.0137345216732 115.5313343330396
310.9244081428361 115.94446089442003
311.83508176400437 116.3575874557886
312.7457553851767 116.77071401714838
313.6564290063519 117.18384057850167
314.5671026275293 117.59696713985014
315.4777762487083 118.01009370119509
316.3884498698885 118.42322026253746
317.29912349106957 118.83634682387792
318.20979711225124 119.24947338521699
319.12047073343336 119.66259994655502
320.0311443546159 120.07572650789231
320.9418179757986 120.48885306922904
321.8524915969815 120.90197963056536
322.76316521816454 121.31510619190139
323.6738388393477 121.7282327532372
324.58451246053096 122.14135931457284
325.4951860817142 122.55448587590837
326.4058597028976 122.96761243724382
327.316533324081 123.3807389985792
328.22720694526436 123.79386555991455
329.13788056644773 124.20699212124985
330.0485541876311 124.62011868258513
330.9592278088145 125.03324524392039
331.8699014299979 125.44637180525562
332.78057505118136 125.85949836659086
333.69124867236474 126.2726249279261
334.6019222935481 126.68575148926132
335.51259591473155 127.09887805059654
336.423269535915 127.51200461193176
337.3339431570984 127.92513117326696
338.24461677828185 128.33825773460217
339.15529039946523 128.75138429593738
340.0659640206487 129.16451085727257
340.97663764183216 129.57763741860776
341.8873112630156 129.99076397994298
342.7979848841991 130.4038905412782
343.70865850538246 130.81701710261342
344.61933212656584 131.23014366394864
345.53000574774927 131.64327022528383
346.4406793689327 132.05639678661902
347.35135299011614 132.4695233479542
348.2620266112996 132.8826499092894
349.17270023248324 133.29577647062473
350.08337385366667 133.70890303195995
350.9940474748501 134.12202959329517
351.0394345849703 134.14261942954025
352.0230329001703 133.96224660914925
353.0066312153702 133.78187378875825
353.99022953057016 133.60150096836725
354.97382784577013 133.42112814797625
355.95742616097004 133.24075532758525
356.94102447617 133.06038250719425
357.92462279137 132.88000968680325
358.90822110656995 132.69963686641225
359.8918194217699 132.51926404602125
360.8754177369699 132.33889122563028
361.85901605216986 132.15851840523928
362.8426143673698 131.97814558484825
363.82621268256975 131.79777276445728
364.8098109977697 131.61739994406628
365.7934093129697 131.43702712367528
366.7770076281696 131.25665430328428
367.7606059433696 131.0762814828933
368.7442042585696 130.89590866250228
369.68158684774824 130.72401090832486
370.6660791035971 130.54858286560187
371.6512210232794 130.3768406224447
372.6374378676717 130.21138266453107
373.6249257215222 130.05368758376537
374.61375662876424 129.90464585510233
375.6039262880879 129.76477432206264
376.59543268810626 129.63471641679516
377.5883405521337 129.51583002752977
378.58278989125535 129.41061352730003
379.57892376792745 129.3227653642791
380.57674499552314 129.25678962813745
381.5764457033043 129.23232547350392
382.5764455053914 129.23169632671437
383.5760521318613 129.25974257989466
384.57431543035324 129.3186525695735
385.5702471627355 129.40876352581157
386.56297676900755 129.52912933836177
387.5518503906551 129.67788739834361
388.5365018633495 129.85241956535233
389.51691536964177 130.04936970289904
390.4934683393982 130.26464695961673
391.4669231933492 130.49352607032623
392.43835222121413 130.7308563124393
393.40901618203384 130.97129648205697
394.3802384121253 131.20947158523973
395.3533036731667 131.44000140490414
396.32937980733914 131.65743042849346
397.30943893305937 131.85613651821527
398.29415797608704 132.03028704591674
399.283795344969 132.17387631470947
400.2780559401127 132.28086168260833
401.2759699415406 132.34541898857927
402.27582703876357 132.36232416922996
403.27521804292394 132.32742974555794
404.2712261821632 132.23816728665636
405.2615161081443 132.09914979674807
406.24685877044124 131.92856305090413
407.23232457875514 131.75868915460387
408.22394593420773 131.62951064474126
409.2227069111192 131.57974608909285
410.2203171954787 131.64883820543156
411.20014038882755 131.84870443513444
412.14557867949117 132.1745056606495
413.04546682724805 132.61062642549186
413.896076690497 133.13642378241138
414.7000002462365 133.73115642530826
415.4635085220744 134.37695446860596
416.1940688733887 135.05980260185925
416.8987845131116 135.76929246586712
417.58370877097775 136.49790674035427
418.25370036619375 137.24027542392054
418.9125290766894 137.99256840556177
419.56306243209366 138.7520460902283
420.20745560798485 139.51674043103702
420.8473160963722 140.2852315210314
421.4838368563914 141.0564910895714
422.1179001618202 141.82977223165923
422.75015693751726 142.60453114227928
423.3810865992583 143.38037117858534
424.0110418105828 144.15700264313276
424.6402817668466 144.93421373250368
425.26899684807483 145.71184947411808
425.89732682679005 146.48979641179938
426.5253742883249 147.26797144741772
427.1532145079932 148.04631369769507
427.7809027129743 148.82477854425372
428.4084794174266 149.60333328223226
429.0359743399966 150.38195393579142
429.66340927933817 151.16062292637304
430.29080022424984 151.93932736468247
430.91815890187826 152.71805779917466
431.5454939134928 153.49680729882306
432.1728115676307 154.27557078076538
432.80011649121406 155.0543445173847
433.42741207779176 155.8331257749019
434.0547008163072 156.6119125483718
434.68198453223334 157.39070336735588
435.30926456443115 158.16949715341605
435.9365418948642 158.9482931156069
436.5638172437361 159.72709067383218
437.19109113926714 160.5058894026352
437.81836396887115 161.28468898997494
438.44563601668983 162.0634892069917
439.0729074911218 162.8422898858332
439.7001785450134 163.62109090339146
440.3274492904669 164.3998921693754
440.95471980970206 165.1786936175626
441.5819901630212 165.95749519938357
442.20926039465223 166.7362968792158
442.83653053703324 167.5150986309327
443.46380061395536 168.2939004353721
444.09107064286775 169.07270227848
444.7183406365683 169.85150414994854
445.3456106044433 170.6303060422177
445.9728805533771 171.40910794974275
446.60015048841865 172.18790986845693
447.2274204132712 172.96671179537762
447.85469033065095 173.7455137283172
448.4819602425498 174.52431566567128
449.10923015042874 175.30311760626304
449.73650005535944 176.08191954922947
450.36376995812776 176.86072149393755
450.99103985931004 177.63952343992298
451.6183097593293 178.41832538684525
452.2455796584954 179.1971273344547
452.87284955703575 179.97592928256807
453.5001194551172 180.7547312310511
454.12738935286205 181.53353317980518
454.75465925036 182.3123351287581
455.38192914767694 183.0911370778568
456.0091990448611 183.86993902706251
456.63646894194784 184.64874097634666
457.26373883896315 185.42754292568833
457.891008735926 186.20634487507223
458.51827863285047 186.98514682448706
459.14554852974675 187.7639487739246
459.77281842662234 188.54275072337876
460.40008832348286 189.32155267284512
461.0273582203322 190.10035462232042
461.6546281171734 190.87915657180233
462.2818980140086 191.65795852128906
462.9091679108394 192.4367604707793
463.5364378076671 193.21556242027208
464.16370770449237 193.9943643697668
464.79097760131594 194.7731663192629
465.41824749813816 195.5519682687601
466.04551739495946 196.33077021825804
466.6727872917801 197.1095721677565
467.3000571886002 197.88837411725538
467.92732708541996 198.66717606675456
468.55459698223945 199.44597801625397
469.1818668790587 200.2247799657535
469.8091367758779 201.00358191525314
470.436406672697 201.78238386475286
471.0636765695159 202.5611858142527
471.6909464663348 203.33998776375253
472.3182163631537 204.1187897132524
472.94548625997254 204.8975916627523
473.57275615679146 205.67639361225218
474.1999923257098 206.45522272598674
474.82707586966984 207.23417473278465
475.45377827852747 208.01343341302632
476.07978504119745 208.7932510411237
476.7047538157422 209.57390079027118
477.3283788788522 210.35562438634656
477.95043903377706 211.13859383891474
478.5708195549871 211.92289480723178
479.1895101777522 212.7085295272528
479.8065869926092 213.4954324466564
480.4221870389085 214.28349119002283
481.0364825340901 215.07256726024647
481.6496589456059 215.86251326369273
482.261898671172 216.6531854577395
482.8733704002268 217.44445173691906
483.4842233019587 218.2361958448515
484.0945848409303 219.02831880989186
484.7045610386256 219.82073854604502
485.31423819464845 220.6133883838826
485.92368533151114 221.40621509090622
486.53295686304205 222.19917675509055
487.14209517831927 222.99224075809485
487.75113297410604 223.78538195819934
488.36009526422663 224.5785811319325
488.969001053832 225.3718236795717
489.5777718093778 226.16516986327224
490.18609076901873 226.95886252629833
490.7933359987401 227.75337698870956
491.3986449293842 228.54936762840484
492.00107355988723 229.34754038235616
492.5997735494797 230.1485137417521
493.194125276783 230.95271895452538
493.7835444649661 231.76054630031257
494.3670809511212 232.57263322258495
494.94289236034604 233.39021576949168
495.5077275282092 234.2154195219946
496.0566642489109 235.05128343236836
496.58329110043246 235.90137999115248
497.0803404860701 236.76910224408675
497.54061760673653 237.65687753783573
497.9579956116404 238.56561050247524
498.32824723741385 239.49454200350863
498.6495346010416 240.44152375094265
498.9224726836983 241.40355535283297
499.14980040516326 242.37737366599694
499.33579404142506 243.3599246149406
499.48559873320494 244.34864022335427
499.6046267359718 245.34153112096456
499.6981053137709 246.33715241216552
499.7707920632974 247.33450723189785
499.82683390909557 248.33293565272706
499.8697301383081 249.3320151858571
499.9023608703247 250.33148266173018
499.9270506864999 251.3311778217551
499.9456466280577 252.3310049022833
499.95959769702296 253.330907581385
499.97002872473877 254.33085317673545
499.9778052545528 255.3308229390703
499.98358840730145 256.3308062165026
499.98788001798636 257.3307970074991
499.9910590024341 258.3307919545153
499.99341018291346 259.33078919048666
499.9951468388609 260.33078768249857
499.99642816119945 261.3307868616048
499.9973726436535 262.33078641558114
499.9980682820738 263.3307861736247
499.99858029545044 264.3307860425458
499.9989569411043 265.33078597161483
499.99923387581316 266.33078593326843
499.9994374147535 267.33078591255435
499.99958695949243 268.3307859013725
499.9996968023362 269.3307858953398
499.9997774643761 270.3307858920866
499.99983668597395 271.33078589033306
499.9998801588698 272.3307858893881
499.9999120666337 273.33078588887906
499.99993548321294 274.3307858886049
499.9999526665763 275.3307858884573
499.99996527490634 276.3307858883778
499.99997452566924 277.330785888335
499.99998131259514 278.330785888312
499.99998629166737 279.3307858882996
499.9999899443093 280.33078588829295
499.999992623799 281.33078588828937
499.99999458935775 282.33078588828744
499.9999960311778 283.3307858882864
499.99999708879636 284.33078588828585
499.99999786458204 285.3307858882855
499.99999843363224 286.33078588828533
499.99999885103637 287.3307858882852
499.99999915720554 288.33078588828516
499.99999938178286 289.3307858882851
499.9999995465122 290.3307858882851
499.99999966734305 291.3307858882851
499.9999997559745 292.3307858882851
499.99999982098757 293.3307858882851
499.9999998686767 294.3307858882851
499.9999999036586 295.3307858882851
499.9999999293197 296.3307858882851
499.99999994814374 297.33078588828505
499.99999996195277 298.33078588828505
499.9999999720832 299.33078588828505
499.99999997951505 300.33078588828505
499.9999999849674 301.33078588828505
499.9999999889677 302.33078588828505
499.99999999190277 303.33078588828505
499.99999999405645 304.33078588828505
499.9999999956368 305.33078588828505
499.9999999967966 306.33078588828505
499.9999999976477 307.33078588828505
499.9999999982724 308.33078588828505
499.999999998731 309.33078588828505
499.9999999990677 310.33078588828505
499.9999999993148 311.33078588828505
499.99999999949637 312.33078588828505
499.9999999996297 313.33078588828505
499.99999999972755 314.33078588828505
499.99999999979946 315.33078588828505
499.9999999998524 316.33078588828505
499.9999999998912 317.3307858882851
499.9999999999198 318.3307858882851
499.9999999999408 319.33078588828516
499.9999999999563 320.33078588828516
499.99999999996777 321.33078588828516
499.9999999999761 322.33078588828516
499.9999999999823 323.33078588828516
499.9999999999869 324.33078588828516
499.99999999999017 325.3307858882852
499.99999999999255 326.3307858882852
499.9999999999943 327.33078588828516
499.99999999999574 328.33078588828516
499.9999999999967 329.33078588828516
499.9999999999974 330.33078588828516
499.99999999999795 331.33078588828516
499.99999999999835 332.33078588828516
499.99999999999864 333.33078588828516
499.99999999999886 334.33078588828516
499.9999999999991 335.33078588828516
499.99999999999915 336.33078588828516
499.9999999999992 337.33078588828516
499.9999999999993 338.33078588828516
499.9999999999993 339.33078588828516
499.9999999999993 340.33078588828516
499.99999999999943 341.33078588828516
499.99999999999955 342.3307858882851
499.99999999999955 343.3307858882851
499.9999999999996 344.33078588828516
499.9999999999997 345.3307858882852
499.9999999999998 346.33078588828516
499.9999999999998 347.3307858882851
499.9999999999999 348.3307858882851
500.0 349.3307858882851
