15.214710612971837
250081
860
0.0 100.0
0.0 101.0
0.0 102.0
0.0 103.0
0.0 104.0
0.0 105.0
0.0 106.0
0.0 107.0
0.0 108.0
0.27541778065403877 107.03867536903522
0.5508355613080775 106.07735073807041
0.8262533419621163 105.11602610710561
1.101671122616155 104.15470147614081
1.3770889032701936 103.19337684517602
1.6525066839242326 102.23205221421122
1.9279244645782714 101.27072758324641
2.20334224523231 100.30940295228162
2.478760025886349 99.34807832131683
2.7541778065403872 98.38675369035204
3.0295955871944265 97.42542905938723
3.3050133678484652 96.46410442842242
3.580431148502504 95.50277979745763
3.8558489291565428 94.54145516649284
4.131266709810581 93.58013053552804
4.40668449046462 92.61880590456325
4.6821022711186595 91.65748127359845
4.957520051772698 90.69615664263365
5.232937832426736 89.73483201166886
5.5083556130807745 88.77350738070405
5.783773393734814 87.81218274973925
6.059191174388853 86.85085811877447
6.334608955042892 85.88953348780966
6.6100267356969304 84.92820885684486
6.880657434803452 83.96552561470283
7.151288133909974 83.00284237256078
7.4219188330164965 82.04015913041873
7.692549532123019 81.07747588827668
7.96318023122954 80.11479264613465
8.233810930336062 79.1521094039926
8.504441629442585 78.18942616185056
8.775072328549108 77.22674291970853
9.045703027655627 76.26405967756648
9.316333726762151 75.30137643542443
9.586964425868674 74.3386931932824
9.857595124975195 73.37600995114035
10.128225824081715 72.4133267089983
10.39885652318824 71.45064346685626
10.66948722229476 70.48796022471421
10.940117921401283 69.52527698257218
11.210748620507804 68.56259374043013
11.481379319614327 67.59991049828808
11.75201001872085 66.63722725614605
12.030301990467676 65.67673072910327
12.308593962214498 64.71623420206046
12.586885933961325 63.75573767501767
12.865177905708151 62.795241147974885
13.143469877454976 61.83474462093209
13.4217618492018 60.8742480938893
13.700053820948625 59.91375156684651
13.97834579269545 58.95325503980372
14.256637764442278 57.992758512760915
14.534929736189103 57.03226198571814
14.813221707935927 56.07176545867534
15.091513679682755 55.11126893163255
15.369805651429578 54.150772404589745
15.648097623176405 53.190275877546966
15.926389594923227 52.22977935050417
16.215769497252705 51.2725650212509
16.505149399582187 50.31535069199764
16.794529301911663 49.35813636274436
17.083909204241145 48.4009220334911
17.373289106570624 47.44370770423784
17.662669008900103 46.48649337498456
17.952048911229582 45.5292790457313
18.24142881355906 44.57206471647804
18.530808715888536 43.61485038722476
18.820188618218015 42.6576360579715
19.109568520547498 41.70042172871823
19.414187752626304 40.74794751728376
19.718806984705104 39.795473305849285
20.02342621678391 38.84299909441482
20.328045448862714 37.89052488298034
20.632664680941517 36.938050671545874
20.937283913020323 35.9855764601114
21.241903145099126 35.033102248676926
21.54652237717793 34.080628037242455
21.851141609256732 33.12815382580798
22.180874179759147 32.18407944740876
22.510606750261555 31.24000506900954
22.840339320763967 30.295930690610316
23.170071891266378 29.351856312211098
23.499804461768793 28.407781933811883
23.8295370322712 27.46370755541266
24.159269602773616 26.519633177013443
24.523690369616084 25.58839877865074
24.888111136458555 24.657164380288037
25.252531903301026 23.725929981925333
25.616952670143494 22.79469558356263
25.98137343698596 21.863461185199924
26.345794203828437 20.932226786837223
26.762082075176394 20.022993918882822
27.178369946524356 19.11376105092842
27.594657817872307 18.204528182974016
28.010945689220268 17.295295315019615
28.485218021508796 16.414917126497432
28.95949035379733 15.534538937975253
29.433762686085863 14.654160749453073
29.973969287608114 13.812628321277082
30.51417588913037 12.971095893101094
31.054382490652625 12.129563464925104
31.686159246481914 11.354413072553523
32.31793600231121 10.579262680181944
33.02934575805861 9.876485219368481
33.79011018365066 9.22745710845679
34.55087460924271 8.578428997545098
35.36765484922557 8.00148009203132
36.20606522300919 7.456440602515176
37.0444755967928 6.911401112999029
37.89132701479219 6.379571557753723
38.732278278775325 5.838460689626717
39.58615704420011 5.317988736533518
40.48306382092868 4.875769069559768
41.4266477796757 4.544635693417611
42.408576261357624 4.355383330521316
43.40842139367875 4.337784712003063
44.39330462361689 4.511004293421017
45.334689400051694 4.848338997678956
46.26337129737401 5.2192162463554155
47.20912401299308 5.544103612836704
48.18101057448536 5.77955320742269
49.17766704338915 5.861259284260501
50.177586588912746 5.873944018387484
51.175735302465355 5.813123416341202
52.167326268079336 5.68371183682553
53.1493873896197 5.495148973146366
54.12104142843752 5.258741636439166
55.08335787217483 4.986809545444407
56.039202357475254 4.692936579826993
56.993041392061116 4.392618255210771
57.95041262640294 4.1037578743088465
58.916803090220526 3.846679148151996
59.89594078038729 3.6434812552128903
60.887849252694835 3.516526213704074
61.88737060224302 3.4855896366895855
62.88388876589317 3.5689655895496717
63.86548603251663 3.7599284292786144
64.82576889770668 4.038956776982534
65.76495568982355 4.382363488497057
66.68691088095981 4.769660048689494
67.59541202033795 5.1875424241836345
68.49220788781206 5.6299869654329875
69.37740703881417 6.095199242856036
70.25166910321882 6.580653507172377
71.11837933321644 7.079465472964564
71.98322789175369 7.5814983113288035
72.85177784710955 8.077099940716073
73.72748677426988 8.559939329013758
74.61063985780262 9.029024215837667
75.49841605937739 9.489299585499651
76.38582495758969 9.95028271683272
77.26681313996939 10.423420986799659
78.13570430592814 10.91842416024284
78.98940974208591 11.439180368342832
79.82970728690412 11.98130584844174
80.66373572441863 12.533027304809995
81.50189531616172 13.07845236727875
82.35477211390742 13.600564584974375
83.23098872128806 14.082482064373462
84.13627171300138 14.507291086069785
85.0728635527575 14.857713296699005
86.03882916712051 15.116383805006945
87.03387969311895 15.215754075763574
88.0335565599479 15.241173791085409
89.03248608848031 15.194915850945396
90.02733528269567 15.093549777878248
91.01783657388607 14.956046351920355
92.0046626215493 14.794261458764701
92.9874549232294 14.609547377660046
93.96411084791251 14.3947376833226
94.93070745242889 14.138435119665111
95.88162841826878 13.829001254798733
96.81005071275735 13.45747461632368
97.70894867246116 13.019316587708051
98.5723227485557 12.514752216465006
99.39589551634779 11.947541588786649
100.17687337723609 11.32298287993508
100.91421790243479 10.647466002899794
101.61263431828996 9.931774372332551
102.28457805251219 9.19117217274123
102.94541807974872 8.44064538547644
103.6077428840826 7.691428558673888
104.27891231653368 6.950124577203882
104.96093865885622 6.218796970465199
105.65318209114668 5.497132900103697
106.3583190128061 4.78806173180487
107.08703101067287 4.1032414457698945
107.88440757574075 3.4997593719014595
108.76255757134427 3.0213739778711735
109.71470649297338 2.7157395049455446
110.71082199257222 2.6276832078456898
111.68229021540813 2.864852961440122
112.61578830691565 3.22343532736436
113.49460886382909 3.7005877440472807
114.31163499721094 4.277188383459952
115.07554105581065 4.922515845787923
115.81241900102161 5.598541654364526
116.56520833360824 6.256803168311507
117.38036696193528 6.836040952527939
118.33567386892733 7.131656773236644
119.33186735441483 7.218826375004095
120.31491263214342 7.035463396364691
121.21262854908564 6.594888621248612
122.02327218105948 6.009348783201498
122.85692036922089 5.457052940038413
123.74610901703392 4.999512178356547
124.69015569817807 4.669700317107301
125.67139674529295 4.476915443590463
126.66928137094062 4.411905645129073
127.66817341189285 4.458966143663513
128.64903261426235 4.6536844661889365
129.6133059507492 4.918593757344493
130.55102180254391 5.265996954354753
131.4519410706751 5.69998367340267
132.3073417905549 6.217950475841938
133.11264204677957 6.8108176593868635
133.87231423781776 7.461123865849068
134.61322391846417 8.132728545049881
135.38031297567963 8.77426917377132
136.2301779381859 9.301269691327256
137.16315304428488 9.661210591197824
138.1462062298354 9.84453116936345
139.14262393377896 9.929099244118744
140.13426838384902 10.058100347390221
141.12284840734551 10.20879718592261
142.1122315110366 10.354128098431108
143.1074078536723 10.452230326022011
144.10740784331708 10.452086414836028
145.09785412489788 10.314187309317653
146.0588189580369 10.037516766125796
146.98437850570713 9.658914701001297
147.88754926579153 9.229633233746373
148.79795425225342 8.815915019710161
149.74376790273857 8.491205089840534
150.73070600807563 8.33010519463972
151.73035521553948 8.356590322861054
152.70971357418108 8.558721976391222
153.67850676258703 8.806592422588901
154.63402482838956 9.101525001197986
155.57360200069257 9.443862170209844
156.49417404909462 9.83443495945769
157.39230629464345 10.274160407328782
158.26449157103158 10.763336085027223
159.1075437210239 11.301167910408902
159.9189728760942 11.885618700725654
160.69726590478882 12.513519936180185
161.44202491577477 13.180853447668413
162.15395124419558 13.883107606005153
162.8346976655641 14.61562675919772
163.48663620777816 15.3738985687593
164.1125958189202 16.153754045895248
164.71561517204978 16.951480602900332
165.29873881632264 17.763864019453102
165.86489456827127 18.588162305594388
166.41689254764356 19.422007753365698
166.95755313824753 20.263248578437665
167.48997621400392 21.109726970602594
168.0180057703017 21.95895296389058
168.5636772917593 22.796952123001223
169.15229061638712 23.60536683963529
169.80182484119456 24.365699195124517
170.51934325308113 25.062238733559894
171.3020155121845 25.6846727741056
172.14049184955695 26.22961078128302
173.02282589968104 26.700234435588243
173.9375396838716 27.10433676546495
174.87521353192122 27.45185331857261
175.8288267197247 27.752888014325887
176.79343159443775 28.016587532110517
177.7656381370979 28.250712367206546
178.74314612422518 28.461610767158707
179.72573954535568 28.64737989470963
180.70998818333817 28.82416965298091
181.6957701495156 28.992199159792445
182.6828306766634 29.15254726781592
183.67090701099607 29.306512060972274
184.65977153137192 29.455330609352032
185.64924059532916 29.600075113467476
186.63917087451165 29.741630905852205
187.62945226558338 29.880709180564732
188.62000080150236 30.017871850372366
189.6107526327392 30.153558286322475
190.60165924199012 30.28810973277661
191.5926837512348 30.421790030787726
192.58379810987083 30.554802541874004
193.57498096518248 30.687303663892756
194.5662363882943 30.81926080144664
195.5575901229564 30.950477312494066
196.5490749269303 31.08069975099393
197.54071796401598 31.209711715553333
198.53253459298813 31.337382285749825
199.5245276464861 31.463674731334667
200.5166897819983 31.588631911423786
201.50900684818205 31.712352726812693
202.5014610529396 31.834968596336477
203.4940334246183 31.956624204427982
204.48670548270496 32.07746370580894
205.47946023141242 32.197621971936655
206.47228264850497 32.317219831944755
207.46515983333873 32.43636216630411
208.45808094502019 32.55513786237554
209.45103702513717 32.67362086942195
210.44402076834496 32.79187181328724
211.43702628043286 32.909939814722996
212.43004884682554 33.027864293245884
213.42308472337166 33.14567663509632
214.41613095424782 33.263401667874405
215.40918521760986 33.38105892442276
216.40222987776622 33.4987972059412
217.39523353668903 33.616880792293905
218.3881611685852 33.7356019690782
219.38098309156413 33.85520393082005
220.3736796085347 33.97584233761715
221.36624182695022 34.09758075626179
222.35867016831867 34.2204057832256
223.3509719132221 34.34424942279408
224.3431586644532 34.46901099813474
225.3352441870669 34.59457498907264
226.32724278876807 34.7208238473761
227.31916823246823 34.84764621977244
228.31103309252546 34.974941543267306
229.3028484429003 35.10262204593238
230.29462377247037 35.230613044272815
231.28636704236675 35.358852221653514
232.2780848223113 35.487288372879775
233.2697573732216 35.61607327793871
234.26134127786452 35.74553894926958
235.2527856951331 35.876068514759396
236.2440468607561 36.00798250767808
237.23509580959004 36.141481500240474
238.22592005540565 36.27663812754352
239.21652153949793 36.413417876461786
240.20691293928428 36.55171059221092
241.19711374195765 36.69136147973055
242.1871468424325 36.83219634744499
243.17703595981587 36.974039695142224
244.1668038857984 37.116726249155775
245.1564366515543 37.26034723976079
246.14588598284337 37.40522657166001
247.1350913266575 37.55176253233036
248.12400004857668 37.70028707478774
249.112578518198 37.850994106478716
250.1008148502429 38.00392857619197
251.08871637902303 38.15901103630217
252.0763047384138 38.31607545746695
253.06361052082576 38.47490647463885
254.05066860734053 38.63526960583131
255.0374580612027 38.79727754929806
256.0239037948698 38.96136537495873
257.0099107189471 39.12806974104344
257.99539591118236 39.29783114974691
258.98030674768177 39.470893693776524
259.96462580633596 39.647290946505024
260.9483671692074 39.82688195679163
261.93149224057316 40.0098166283333
262.91390426250496 40.1965426821228
263.8954877055095 40.387576565032106
264.87614783166634 40.58329502856094
265.855833319037 40.783835163783976
266.8344422435565 40.98956453176726
267.81181760739935 41.20107670199184
268.7877958758116 41.41894459679749
269.7622550961536 41.64350912625492
270.73500260563446 41.87537607689414
271.7057778576667 42.11536651429055
272.6743232306187 42.36420353029346
273.6402774562793 42.622916564229534
274.603205390876 42.892675331970906
275.5627019056968 43.17439582829081
276.51821007074216 43.46936048131179
277.46905079280214 43.77904083469652
278.41428568348203 44.10543170687487
279.352835165402 44.45057641563881
280.28332639803733 44.81689057860388
281.203958903067 45.207320842137364
282.1127651576363 45.62453924016846
283.0075096895778 46.07111759002535
283.88560878949244 46.54959639909534
284.74420367004143 47.06225108901341
285.5803606850798 47.610741240430976
286.3913356751755 48.19582206001003
287.1750530226718 48.816939697203935
287.9300853613975 49.47262725044741
288.65425880761234 50.16224512999909
289.3479958886719 50.882473470432124
290.0127592876038 51.62952743330263
290.6504814974721 52.399793869700275
291.2633579690186 53.189972603041454
291.8537433976512 53.99709405961311
292.42406270842696 54.81851714411725
292.97672139150325 55.65192483547868
293.5140231121434 56.49531493560859
294.03810402897153 57.34698341137634
294.55088662271066 58.20550190946368
295.054048903495 59.06969385526962
295.54900187910977 59.93861361677245
296.0368697325761 60.8115311143369
296.5184711200801 61.6879214974164
296.9943253049303 62.567445683985795
297.4647062676255 63.44990913928239
297.9297420842678 64.33520100597939
298.3895335985688 65.22322789936538
298.8442609021048 66.11385861937165
299.29425550157146 67.00688989567213
299.74003055700166 67.90203491183217
300.18227364645224 68.79893013973407
300.62180498898323 69.6971573932356
301.0595072541084 70.5962773669345
301.4962415303349 71.49586792489347
301.93276876152663 72.3955589698795
302.36969293596997 73.29505731106032
302.80743404667953 74.19415837323007
303.2462300114055 75.0927450976703
303.68616063721055 75.99077685906786
304.12718429351247 76.88827233793228
304.5691684761855 77.78529518171435
305.01189412266865 78.68195230790366
305.4550286917065 79.57840741203528
305.89808330449347 80.47490203560432
306.3403796921465 81.37177098114154
306.781048453324 82.26944076615287
307.2190665362875 83.16840692736079
307.6533274832258 84.06919404425594
308.0827287219196 84.97230786665497
308.50625741327724 85.87819055640949
308.9230566017941 86.78718914631581
309.3324570235456 87.69954395376173
309.7339748725351 88.61539515179712
310.1273078898541 89.53479122394815
310.51234647980306 90.45769169759095
310.88922455179215 91.38395457542518
311.2583707250059 92.31332592359644
311.62050441305485 93.2454520910116
311.9765614801153 94.17991630380752
312.32757633827964 95.11628619297946
312.6745616563267 96.05415675390978
313.01841688956745 96.99317942593265
313.35987815948135 97.93307527183728
313.6995064580745 98.87363500879967
314.0377030396709 99.81471049578066
314.3747393238475 100.75620215434614
314.71079092339403 101.69804573076539
315.0459690431192 102.64020051001212
315.38034587601544 103.5826399688753
315.7139730846399 104.52534505832026
316.0468837152897 105.46830344128335
316.37907410641964 106.41151579491373
316.7104765227585 107.35500529588593
317.0409394166617 108.29882428051866
317.3702269247615 109.24305398615675
317.69803941808533 110.18779679201495
318.0240487307572 111.13316334952121
318.3479380939952 112.07925831324383
318.66943760913506 113.02616805644263
318.98834939489666 113.97395245856282
319.3045603251576 114.92264136836599
319.6180432571306 115.87223520330893
319.92884938537327 116.8227085331014
320.23709494900197 117.77401535663586
320.542945314882 118.72609495083535
320.8465988310787 119.67887747696675
321.1482720848191 120.63228885091698
321.44818749222634 121.58625465135205
321.7465651426795 122.54070254291557
322.043620305016 123.49556286282066
322.3395655848648 124.45076775777002
322.6346146262965 125.40624986809453
322.92898401621585 126.3619415873631
323.2228914563203 127.31777547285327
323.51655018492363 128.27368579872862
323.8101610796056 129.2296108180288
324.1039044631815 130.18549513352173
324.39793332313036 131.14129167542654
324.69236897417056 132.09696298262193
324.98729951039417 133.05248167882985
325.2827821642167 134.0078297836011
325.57885082746543 134.9629964426937
325.8755032141105 135.91798197216406
326.17259994287605 136.87282935984274
326.46958764766543 137.82771066304431
326.76520631264214 138.78301668988462
327.0574260980084 139.73936787906175
327.3437182001818 140.69751026526183
327.6215827404186 141.65813053221385
327.8891551163598 142.62166829672188
328.14570443713 143.58819943745783
328.3918930376997 144.557421379507
328.6297497426545 145.52872163581708
328.86239154919923 146.50128412216313
329.0935883737809 147.47419112095764
329.32728586432614 148.4465004765194
329.56718260845844 149.4172988861569
329.81641857635657 150.3857416734737
330.0773931784357 151.35108734061558
330.35170821919723 152.31272722041052
330.6402144549792 153.27020523682393
330.9431329405305 154.22322170630977
331.26021692288134 155.17161916947413
331.5909243947772 156.1153524835159
331.934568157291 157.0544525657677
332.2904355573526 157.98898902496734
332.65788709164553 158.9190316960023
333.036432056337 159.84461459866782
333.4258479056297 160.76567664669696
333.8262721740129 161.68200650285672
334.23822028286764 162.59321380946207
334.66257211962363 163.49871119689163
335.1004833769481 164.39772940066092
335.55319536345473 165.2893862053079
336.021794002085 166.17279738696334
336.5070009079389 167.04719675710933
337.0090543151083 167.9120333754076
337.5276921481384 168.76702740939254
338.0622150505451 169.6121813993865
338.6115936253914 170.44775496377198
339.1745869977145 171.27421637407508
339.7498503637558 172.0921846251037
340.3360205130464 172.90237260087264
340.9317768680562 173.70553781766515
341.53588058083017 174.50244352363836
342.1471963013303 175.29383033795187
342.7647014549108 176.08039717255755
343.38748717352917 176.86278962439036
344.0147540440395 177.6415940113581
344.64580490418393 178.417335470809
345.2800361680768 179.19047886236123
345.9169286194448 179.9614315232883
346.55603824279444 180.73054717736244
347.19698742553703 181.4981304921509
347.839456716478 182.26444192374893
348.48317723585865 183.0297025936702
349.1279237770236 183.79409902069995
349.77350860551377 184.55778758891566
350.4197759394072 185.32089867725225
351.0665970802271 186.08354040951485
351.7138661540829 186.84580200898702
352.36149641652 187.60775676038344
353.0094170710239 188.3694645950991
353.6575705497477 189.13097432453026
354.305910205396 189.89232555156923
354.95439836495757 190.6535502929619
355.60300469869526 191.41467434581753
356.2517048611265 192.1757184307835
356.9004793648038 192.9366991423513
357.5493126031393 193.69762977574112
358.19819214038654 194.45852092836532
358.84710812581375 195.21938099687793
359.49605275858227 195.98021663195357
360.14501974019987 196.74103320430868
360.7940041620543 197.50183490001547
361.4430020334455 198.26262512269824
362.09200588466615 199.02341024420153
362.74101495049194 199.78419091724462
362.7409874003068 199.78432639252898
363.39003538105896 200.5450738661899
364.0390833618111 201.30582133985087
364.2594052794028 201.56406009441227
364.0343300165992 202.5384014750761
363.80925475379576 203.51274285573996
363.58417949099214 204.48708423640377
363.35910422818864 205.46142561706762
363.1340289653851 206.43576699773143
362.9089537025816 207.4101083783953
362.68387843977797 208.38444975905912
362.45880317697447 209.358791139723
362.2337279141709 210.3331325203868
362.00865265136736 211.30747390105068
361.78357738856386 212.2818152817145
361.5585021257603 213.25615666237837
361.33342686295674 214.23049804304216
361.1083516001532 215.204839423706
360.8832763373497 216.17918080436985
360.6582010745461 217.1535221850337
360.43312581174257 218.12786356569754
360.208050548939 219.10220494636138
359.98297528613546 220.0765463270252
359.757900023332 221.05088770768907
359.5328247605284 222.0252290883529
359.30774949772484 222.9995704690167
359.08267423492134 223.97391184968058
358.8575989721178 224.9482532303444
358.6325237093142 225.92259461100824
358.40744844651067 226.89693599167208
358.18237318370717 227.87127737233592
357.9572979209036 228.84561875299977
357.73222265810006 229.81996013366359
357.50714739529656 230.79430151432746
357.282072132493 231.76864289499127
357.05699686968944 232.74298427565512
356.8319216068859 233.71732565631896
356.6068463440823 234.6916670369828
356.38177108127877 235.6660084176466
356.15669581847527 236.64034979831047
355.93162055567166 237.61469117897428
355.7065452928682 238.58903255963816
355.48147003006466 239.56337394030197
355.2563947672611 240.53771532096584
355.03131950445754 241.51205670162966
354.806244241654 242.48639808229353
354.5811689788504 243.46073946295735
354.3560937160469 244.43508084362122
354.13101845324337 245.40942222428504
353.9059431904398 246.38376360494885
353.68086792763626 247.3581049856127
353.4557926648327 248.33244636627654
353.2307174020292 249.3067877469404
353.00564213922564 250.28112912760423
352.7805668764221 251.25547050826805
352.5554916136185 252.22981188893186
352.330416350815 253.20415326959574
352.10534108801147 254.17849465025955
351.88026582520797 255.15283603092342
351.6551905624044 256.12717741158724
351.43011529960086 257.1015187922511
351.2050400367973 258.07586017291493
350.9799647739938 259.0502015535788
350.75488951119024 260.0245429342426
350.5298142483867 260.99888431490643
350.3047389855832 261.9732256955703
350.07966372277957 262.9475670762341
349.85458845997607 263.921908456898
349.6295131971725 264.8962498375618
349.40443793436896 265.8705912182257
349.17936267156546 266.8449325988895
348.9542874087619 267.8192739795534
348.72921214595834 268.79361536021713
348.546044898738 269.5865386976203
348.32240884977153 270.5612114209499
348.1005885534033 271.5362989842585
347.88051096117107 272.51178135385686
347.6619404043288 273.48760250124076
347.4446073304233 274.4637000040482
347.22826141650137 275.4400167792443
347.01268952310465 276.4165047508944
346.7977181033941 277.3931250909998
346.5832093991079 278.3698471680439
346.36905572201744 279.34664714889396
346.155173687859 280.3235066451698
345.94149911998204 281.3004115428147
345.7288904287189 282.2775489663122
345.51754727839074 283.2549608921702
345.3073947030655 284.232629494041
345.09826207924465 285.21051678082506
344.8899627034789 286.1885818962727
344.68232602550097 287.16678791238496
344.47520800002394 288.14510387541657
344.26849186725497 289.1235048363999
344.0632699010889 290.1022202928033
343.8597798473812 291.0812973061388
343.6579056803869 292.060708772633
343.4574104266702 293.04040344610894
343.25803929262065 294.0203274997518
343.05956108933924 295.00043280165676
342.86178120292834 295.9806792586926
342.66670504630554 296.9614673566614
342.4747746360464 297.94287589423266
342.2857836121892 298.9248547091271
342.09930292590417 299.9073133360639
341.91757990589025 300.8906630927614
341.7409057593326 301.8749324897956
341.56879058532337 302.86000932277653
341.4005044240964 303.84574750705235
341.24070079704563 304.8328963310811
341.0901517910021 305.8214988785081
340.95460475633706 306.81226979117844
340.8344932545078 307.80503019889437
340.74059289037484 308.80061179857154
340.6905227201324 309.79935750096627
340.71536287859306 310.7990489366241
340.89568921231404 311.7826557754407
341.3026644337273 312.69609497383084
341.991104951288 313.4213877793796
342.96399970202754 313.6526361393381
343.96239387741866 313.7092847981483
344.95710391014364 313.6065621093387
345.92932861385634 313.37251270111295
346.8944270739804 313.11062539277964
347.85305022915543 312.8259472475661
348.80691621717597 312.525714542989
349.7579700218256 312.2166892031518
350.7078993834874 311.9042244725778
351.65797976399864 311.5922192313275
352.60909558017835 311.2833848028503
353.56181996631705 310.9795489194253
354.5164968757097 310.68190483889873
355.4733077749561 310.3911938086929
356.4323213938892 310.1078338279249
357.3935296980013 309.8320103406982
358.3568736502264 309.563741017608
359.3222616073569 309.3029228966357
360.2895824155647 309.0493672735307
361.2587146931676 308.80282594127925
362.2295333771903 308.56301125709086
363.20191429575686 308.32961170866025
364.1757372904632 308.10230404275086
365.15088824927113 307.88076260749335
366.1272603099597 307.66466633471947
367.1047544362261 307.4537037003155
368.0832795328268 307.24757598426896
369.0627522389635 307.04599915540916
370.0430965140311 306.8487046994753
371.02424310540664 306.6554396839341
372.00612896500576 306.4659663118754
372.9886966611313 306.28006116796985
373.97189381554284 306.09751430944544
374.9556725829044 305.91812830974504
375.93998918056 305.7417173248839
376.92480347037827 305.5681062233671
377.910078590556 305.3971297993821
378.8957806331408 305.22863207463735
379.88187836209033 305.06246568525427
380.8683429665135 304.8984913451268
381.85514784401596 304.736577374953
382.8422684095879 304.5765992857502
383.82968192608075 304.4184394063644
384.81736735293066 304.2619865457697
385.805305210356 304.1071356824658
386.7934774567527 303.9537876748128
387.78186737743783 303.8018489875468
388.77045948323564 303.65123143095315
389.7592394176886 303.5018519101907
390.7481938718953 303.3536321830801
391.73731050615766 303.2064986252985
392.72657787775637 303.06038200238993
393.71598537428173 302.9152172483363
394.70552315203076 302.77094325065275
395.69518210284866 302.6275028063352
396.6849538802855 302.48484297109945
397.67483099125695 302.3429158589091
398.6648069255942 302.2016797111528
399.6548762775102 302.0610999174537
400.6450348164735 301.92114968444895
401.6352794826589 301.78181016711295
402.62560830312816 301.64307002386727
403.6160202415071 301.5049244762864
404.60651500319614 301.367374023482
405.59709282050716 301.2304229816775
406.5877542395839 301.0940780046782
407.5785010575574 300.9583549680361
408.5693398748954 300.8233052066282
409.5602885437338 300.6890638727279
410.55138464975636 300.55591542689797
411.5426934437076 300.42435983015304
412.534311956005 300.295159497069
413.5263669386643 300.1693544439875
414.5190060120902 300.0482442878973
415.51238304729986 299.9333440445639
416.5066399011024 299.8263239125012
417.50188704769266 299.7289426144819
418.4981855388331 299.64298148052455
419.4955322720509 299.5701838587239
420.4938499310238 299.51220238079503
421.4929823125474 299.4705552417462
422.4926951490976 299.4465918438908
423.49268202057806 299.4414676984394
424.49257454963896 299.4561282007549
425.491955806203 299.4913006904085
426.4903757123833 299.5474940258041
427.4873672317341 299.62500473695184
428.482462228808 299.7239286814669
429.4752060694712 299.84417703623865
430.4651701228813 299.9854964367324
431.4519616618966 300.14749167903267
432.4352311664201 300.3296484287679
433.4146773309759 300.53135418162833
434.3900500729874 300.751917129879
435.3611517156875 300.99058342315277
436.3278364575093 301.24655336265533
437.2900082827513 301.51899671219917
438.2476175657613 301.8070669485879
439.20065670584614 302.10991410057426
440.1491551641944 302.42669584643556
441.09317425309814 302.7565866765375
442.032801968081 303.09878509447094
442.96814807697046 303.4525189726694
443.8993396042588 303.81704927251633
444.8265167279225 304.19167252507106
445.7498290201851 304.5757225360812
446.6694319747485 304.9685716241015
447.58548383615823 305.36963145406156
448.498142812149 305.7783533565129
449.4075647660239 306.1942279888366
450.31390145421483 306.61678426631823
451.2172993178385 307.0455876011935
452.1178987814876 307.4802375822991
453.01583397328346 307.92036528119405
453.9112327621108 308.3656303808443
454.80421700824394 308.81571830131986
455.69490293630645 309.27033745792403
456.5834015584793 309.72921674313636
457.4698190962194 310.19210328299994
458.35425736732725 310.6587604854513
459.23681396625534 311.1289666633014
460.1175820115424 311.6025146021642
460.996649389101 312.0792121432868
461.87409765541497 312.55888342650337
462.7500009144492 313.04137019400423
463.62442498550797 313.52653258326467
464.4974270736667 314.0142490521997
465.3690557184685 314.5044158662141
466.23935055797836 314.9969469741884
467.1083416521501 315.4917747000186
467.9760485083472 315.9888509634919
468.8424786887715 316.4881492134887
469.7076256962021 316.9896675636354
470.5714656657527 317.4934338854621
471.43395217650504 317.9995139372031
472.29500866660203 318.5080232496664
473.1545186862786 319.0191421458888
474.01231477583156 319.53313229049047
474.8681666544252 320.0503532895883
475.72176897790604 320.5712784985657
476.5727288300966 321.096509238298
477.42055327615674 321.62678624955043
478.26463748928165 322.16299688088225
479.1042541247684 322.7061763221482
479.9385447812202 323.2575011815163
480.7665145216504 323.81827395986056
481.58702734641315 324.3899020770835
482.39880109295825 324.97387415211796
483.2004116880635 325.57172066571064
483.99032063963483 326.18494480762575
484.7669320894357 326.8149246930493
485.5286747441483 327.46280441027426
486.27409634155134 328.1293977211657
487.0019557714593 328.81512408808914
487.7112995329412 329.5199867896464
488.4015132425625 330.24359236940023
489.0723439682163 330.985202871968
489.7238940665774 331.7438084805194
490.3565910534415 332.51820793998013
490.97114032703496 333.30708637822374
491.56846823155195 334.10908349448124
492.1495419942294 334.9229343913462
492.7151810895871 335.7475872963935
493.26582225680784 336.58232935533243
493.8012906847901 337.42688460079256
494.3209732562592 338.28124402451965
494.82484205030823 339.145024227108
495.31355266758595 340.0174701753249
495.78824509408076 340.8976219237345
496.2502158344008 341.78451708951684
496.701935166766 342.676677189929
497.145689753126 343.5728255409761
497.58333351920305 344.47197399035133
498.000503534435 345.3808024551297
498.4176735496668 346.28963091990806
498.83484356489873 347.19845938468643
499.25201358013067 348.1072878494648
499.6195470530781 349.0372981430977
499.9870805260256 349.96730843673055
