8.072180170598555
227737
953
0.0 100.0
0.0 99.0
0.0 98.0
0.3662957303974845 97.06950151107453
0.7613713366055772 96.15085290285738
1.187549747183313 95.24621376908223
1.636630284173689 94.35272248692193
2.116528314902321 93.4753982138605
2.634337520416323 92.61990208488916
3.1962790240391294 91.79272511077411
3.806759570517398 91.00069385989345
4.467204186892031 90.24981909756502
5.175389502363835 89.54379249824308
5.9257515644554175 88.88276543694099
6.710684653271448 88.26318489650922
7.522438385197399 87.67918500035829
8.355086225940504 87.1253821714509
9.206164681869947 86.60034363776717
10.077610545063727 86.10985193801838
10.974570776765649 85.66774070456549
11.901207959405244 85.29178388290939
12.85606991352624 84.9947339736816
13.831532491833785 84.77456867595829
14.817902158401006 84.61002421121981
15.80727559867886 84.46462752737605
16.793105605249956 84.29688010371764
17.7674413382162 84.07178039366644
18.72066798283194 83.76952393964996
19.645425616883145 83.3889673495559
20.542001666902728 82.94607753647449
21.42056076285646 82.46844387464049
22.301592358560175 81.99538644961498
23.213399348441396 81.58476738867924
24.177675807917165 81.31986946550717
25.17752321978894 81.30240083724655
26.12916071643108 81.60962400529328
26.914579561833662 82.22858865475759
27.47446711432503 83.05715725696577
27.83847511852383 83.98855307662527
28.070492818421357 84.96126464072547
28.224711872301214 85.94930132193747
28.336289953655378 86.94305699198989
28.425544435634194 87.93906584609044
28.50350167984049 88.93602254930065
28.57589789987926 89.93339850014571
28.645620869130518 90.93096489270252
28.714085175595308 91.92861845919757
28.78196765557948 92.92631178327626
28.849585559611725 93.92402307370766
28.917084911385267 94.92174239170754
28.984531842810043 95.91946525475188
29.05195587263711 96.91718966570005
29.119370005909413 97.9149147453864
29.186779904959224 98.91264011116101
29.25418800884151 99.91036559822196
29.321595357967666 100.90809113627527
29.389002392194566 101.90581669560346
29.456409295966075 102.9035422637453
29.52381614604515 103.90126783551462
29.59122297415893 104.89899340876792
29.65862979333708 105.89671898262492
29.726036608899047 106.89444455672623
29.793443423004646 107.89217013092593
29.860850236526357 108.88989570516509
29.928257049814956 109.88762127941999
29.99566386301086 110.88534685368114
30.063070676170035 111.8830724279448
30.130477489314707 112.88079800220942
30.19788430245367 113.87852357647444
30.265291115590394 114.8762491507396
30.33269792872624 115.87397472500481
30.400104741861746 116.87170029927006
30.46751155499712 117.86942587353533
30.534918368132445 118.86715144780058
30.60232518126775 119.86487702206585
30.669731994403044 120.8626025963311
30.737138807538336 121.86032817059638
30.80454562067363 122.85805374486162
30.87195243380892 123.8557793191269
30.939359246944214 124.85350489339217
31.006766060079503 125.85123046765743
31.074172873214792 126.84895604192269
31.14157968635008 127.84668161618796
31.20898649948537 128.84440719045324
31.276393312620662 129.84213276471849
31.34380012575595 130.83985833898376
31.411206938891244 131.83758391324903
31.47861375202653 132.83530948751428
31.546020565161825 133.83303506177953
31.61342737829711 134.83076063604477
31.680834191432396 135.82848621031005
31.74824100456769 136.82621178457532
31.81564781770298 137.82393735884057
31.88305463083827 138.8216629331058
31.95046144397356 139.81938850737106
32.017868257108844 140.8171140816363
32.08527507024413 141.81483965590158
32.15268188337942 142.81256523016685
32.220088696514715 143.81029080443213
32.28749550965001 144.8080163786974
32.3549023227853 145.80574195296268
32.422309135920585 146.80346752722795
32.48971594905588 147.8011931014932
32.55712276219117 148.79891867575844
32.624529575326456 149.7966442500237
32.69193638846175 150.79436982428896
32.75934320159704 151.79209539855424
32.826750014732326 152.78982097281948
32.89415682786762 153.78754654708473
32.96156364100291 154.78527212135
33.028970454138204 155.78299769561528
33.096377267273496 156.78072326988055
33.16378408040879 157.77844884414583
33.23119089354408 158.77617441841107
33.298597706679374 159.77389999267635
33.36600451981466 160.77162556694162
33.43341133294995 161.7693511412069
33.500818146085244 162.76707671547217
33.56822495922054 163.76480228973745
33.63563177235583 164.76252786400272
33.703038585491115 165.76025343826797
33.7704453986264 166.7579790125332
33.837852211761685 167.75570458679846
33.90525902489698 168.75343016106373
33.97266583803227 169.751155735329
34.04007265116756 170.74888130959425
34.107479464302855 171.74660688385953
34.17488627743815 172.7443324581248
34.242293090573426 173.74205803239005
34.30969990370872 174.7397836066553
34.37710671684401 175.73750918092054
34.444513529979304 176.7352347551858
34.511920343114596 177.73296032945103
34.57932715624989 178.7306859037163
34.64673396938518 179.72841147798158
34.71414078252047 180.72613705224686
34.78154759565575 181.7238626265121
34.848954408791045 182.72158820077735
34.91636122192634 183.71931377504262
34.98376803506162 184.71703934930787
35.05117484819691 185.7147649235731
35.1185816613322 186.71249049783836
35.18598847446749 187.7102160721036
35.253395287602785 188.70794164636885
35.32080210073807 189.7056672206341
35.388208913873356 190.70339279489934
35.45561572700865 191.7011183691646
35.523022540143934 192.69884394342984
35.59042935327922 193.69656951769508
35.65783616641451 194.69429509196033
35.7252429795498 195.69202066622557
35.79264979268508 196.68974624049082
35.860056605820375 197.6874718147561
35.92746341895567 198.68519738902137
35.99487023209096 199.68292296328664
36.06227704522625 200.68064853755192
36.129683858361545 201.67837411181716
36.19709067149684 202.6760996860824
36.26449748463213 203.67382526034768
36.33190429776742 204.67155083461296
36.39931111090271 205.6692764088782
36.466717924037994 206.66700198314345
36.53412473717328 207.6647275574087
36.601531550308565 208.66245313167397
36.66893836344386 209.66017870593924
36.73634517657916 210.6579042802045
36.80375198971445 211.65562985446974
36.87115880284974 212.65335542873498
36.93856561598503 213.65108100300026
37.00597242912032 214.64880657726553
37.07337924225561 215.6465321515308
37.140786055390905 216.64425772579605
37.2081928685262 217.64198330006133
37.27559968166149 218.6397088743266
37.34300649479678 219.63743444859188
37.410413307932075 220.63516002285715
37.47782012106736 221.63288559712242
37.545226934202645 222.63061117138767
37.61263374733794 223.62833674565292
37.68004056047323 224.6260623199182
37.74744737360852 225.62378789418347
37.814854186743815 226.6215134684487
37.8822609998791 227.619239042714
37.94966781301439 228.61696461697926
38.017074626149686 229.61469019124456
38.08448143928498 230.6124157655098
38.15188825242027 231.61014133977508
38.21929506555556 232.60786691404036
38.28670187869085 233.60559248830563
38.354108691826134 234.60331806257088
38.42151550496142 235.60104363683615
38.48892231809671 236.59876921110143
38.556329131232005 237.5964947853667
38.6237359443673 238.594220359632
38.69114275750259 239.59194593389725
38.75892552938083 240.58964603705277
38.827725216698234 241.5872765312865
38.898052606319006 242.58480049504334
38.970064292421185 243.5822042834183
39.04359749108863 244.57949705321747
39.11832417727582 245.57670110574207
39.19389290593281 246.57384170126969
39.27000855672842 247.57094069720938
39.34645661267892 248.56801426257022
39.42309597625693 249.5650731414487
39.49984054201762 250.56212392833282
39.57664077149952 251.5591704291298
39.65346949613138 252.55621473460045
39.730312396682585 253.55325794762328
39.80716217569657 254.55030063049372
39.884015219824875 255.5473430616912
39.960869784033584 256.5443853757182
40.037725043780725 257.54142763613106
40.114580616893335 258.53846987238865
40.191436329236495 259.5355120979138
40.268292102667985 260.53255431873004
40.3451479025987 261.52959653750366
40.42200371390585 262.5266387554003
40.49885953005107 263.52368097292407
40.57571534823605 264.5207231902906
40.6525711672742 265.51776540759136
40.72942698666662 266.51480762486483
40.80628280620515 267.511849842127
40.883138625803554 268.50889205938455
40.95999444542636 269.50593427664023
41.036850265059066 270.5029764938952
41.113706084695764 271.5000187111498
41.19056190433407 272.49706092840427
41.267417723973004 273.4941031456587
41.344273543612196 274.49114536291313
41.42112936325149 275.4881875801675
41.49798518289082 276.48522979742194
41.57484100253017 277.4822720146763
41.65169682216951 278.4793142319307
41.728552641808875 279.4763564491851
41.80540846144824 280.4733986664395
41.8838364383123 281.4703184487916
41.96651621066387 282.466894615095
42.05558120183082 283.4629204317024
42.15168233487516 284.458292006657
42.254135806032586 285.4530298043946
42.36156917230686 286.4472420914898
42.47251418727552 287.4410686375498
42.58573911687961 288.43463801877897
42.700349255612224 289.4280485663874
42.815756404806905 290.42136683860167
42.935477789578385 291.4141743677977
43.06590634361871 292.40563207859077
43.212163054151674 293.3948787488526
43.3757532072885 294.381407137596
43.563490902049864 295.36362633816464
43.79076877263624 296.3374562871504
44.07514195500049 297.29616995303405
44.42780527865336 298.2319202296304
44.8495791406817 299.13862128803373
45.33245932803419 300.01430771859117
45.864246697847015 300.8611856279191
46.43263623397628 301.68394521322864
47.02726220327703 302.48794767381764
47.640150096003595 303.2781175485593
48.26544764040398 304.05850397909666
48.89898079398246 304.83221952328387
49.53784336699872 305.60154040094096
50.18006368228262 306.3680605028539
50.82434221995892 307.1328514323828
51.46984852601534 307.8966063726885
52.11606825652215 308.65975777306966
52.7626924053273 309.42256653690373
53.40954059487616 310.18518532743894
54.05651030367774 310.94770102950235
54.703544665991416 311.7101618704544
55.35061283049218 312.47259402513413
55.998133119909056 313.2346422354158
56.647117968681215 313.9954435669499
57.29876851133929 314.753962894491
57.95394047513736 315.50944267440104
58.61288186229824 316.26163696332276
59.27529464108018 317.0107760094994
59.94056160490061 317.7573815725976
60.60797608070669 318.50206802841944
61.27689508213376 319.2454033292964
61.946808083200565 319.98784293694246
62.618072393610305 320.7290610057793
63.29214167316114 321.4677291358389
63.97085866172699 322.2021290605612
64.6555366371023 322.93097477128197
65.34650942669181 323.6538555387996
66.04323184445911 324.37119637311787
66.74576012799724 325.0828521964124
67.45548036103281 325.78733583058704
68.17430466817451 326.4825276138111
68.90458286388308 327.1656774925878
69.64881170520806 327.8336022127023
70.4098646252714 328.4822920098034
71.19045069634177 329.10734031645734
71.99323132542256 329.70361480155015
72.82026000522812 330.26577453221313
73.67333413234138 330.787564273057
74.55401580720738 331.26127282011436
75.46261384764333 331.6789444625752
76.39716578557002 332.0347712115942
77.35348734831939 332.3270879381437
78.32624416030868 332.5589158586546
79.31025073585398 332.73704799860576
80.30132213561808 332.8703802174038
81.29651997016046 332.96826417994185
82.29399165719194 333.03932917533746
83.29266303405953 333.09086053496804
84.29194990180764 333.12861971856825
85.29154885482697 333.1569381423002
86.29130674030301 333.17894201533403
87.29114704833172 333.1968126180396
88.29103127424742 333.2120288844993
89.29093960106714 333.22556911923095
90.2908615025331 333.2380667577553
91.29079119882077 333.2499243495033
92.29072542515118 333.26139356974716
93.29066229972722 333.27262953268337
94.29060072481101 333.2837266512703
95.29054005657466 333.2947417677963
96.29047991707492 333.3057087811859
97.29042008485541 333.3166477417904
98.29036043057435 333.32757042477044
99.29030087897777 333.3384837032319
100.29024138645113 333.3493915680061
101.29018192780971 333.3602963260282
102.29012248855916 333.3711993058075
103.29006306038204 333.3821012699663
104.29000363851749 333.39300265511383
105.28994422024626 333.40390371065695
106.28988480401796 333.4148045788022
107.28982538894999 333.425705340509
108.28976597454053 333.43660604181053
109.28970656050453 333.44750670885406
110.28964714668021 333.45840735647914
111.28958773297583 333.469307993102
112.28952831933938 333.48020862349335
113.263888154662 333.70520398191235
114.19190753905693 334.077735889522
115.08740334559039 334.5228058396208
115.96646643885958 334.99951128122177
116.8383222410094 335.4892739382891
117.7072316275018 335.9842451274157
118.57498330629174 336.4812431394411
119.4422913234727 336.97901497807163
120.30943223403085 337.47707786690836
121.17651100726835 337.97524892287305
122.04356690618651 338.47345979002796
122.910614452625 338.97168519304853
123.77765896963163 339.46991586806644
124.64470239407567 339.9681484444084
125.51174542638812 340.46638170315214
126.37878831854619 340.96461520579743
127.24583116079205 341.46284879530157
128.11287398531948 341.96108241563996
128.97991680357455 342.4593160468937
129.84695961961475 342.95754968200185
130.79119960801424 343.286807702872
131.77377800636413 343.4726562732086
132.76869153957028 343.5733888967386
133.7670528226048 343.630614315371
134.76638520938275 343.6671489665483
135.76601838392463 343.69423247362135
136.76575671904286 343.71710737897695
137.7655354992406 343.7381404640181
138.76533071035715 343.758377455604
139.76513276485483 343.77827348089113
140.7649376950532 343.7980244695005
141.76474383576803 343.81771408577185
142.7645504855248 343.83737783674087
143.76435734894656 343.8570307208744
144.76416430188124 343.87667905066354
145.76397129225296 343.8963254753712
146.7637782982598 343.9159711043913
147.7635853107889 343.93561640147846
148.76339232603624 343.95526156022663
149.7631993424156 343.97490666136315
150.76300635926606 343.99455173852164
151.76281337631252 344.01419680570507
152.7626203934405 344.0338418687405
153.76242741060236 344.0534869300516
154.7622344277783 344.07313199064595
155.7620414449601 344.0927770509425
156.7618484621443 344.1124221111154
157.76165547932953 344.1320671712368
158.76146249651518 344.15171223133694
159.761269513701 344.17135729142814
160.7610765308869 344.19100235151564
161.7608835480728 344.2106474116017
162.76069056525873 344.23029247168705
163.76049758244466 344.24993753177216
164.76030459963062 344.26958259185716
165.76011161681654 344.2892276519421
166.75991863400247 344.30887271202704
167.7597256511884 344.328517772112
168.75953266837433 344.3481628321969
169.75933968556026 344.36780789228186
170.75914670274622 344.3874529523668
171.75895371993218 344.4070980124517
172.75876073711814 344.4267430725366
173.7585677543041 344.4463881326216
174.75837477149005 344.4660331927065
175.75818178867598 344.48567825279144
176.75798880586194 344.5053233128763
177.7577958230479 344.5249683729612
178.75760284023383 344.54461343304615
179.75740985741976 344.56425849313104
180.75721687460572 344.583903553216
181.75702389179168 344.6035486133009
182.75683090897763 344.6231936733859
183.7566379261636 344.6428387334708
184.75644494334955 344.66248379355574
185.7562519605355 344.68212885364073
186.75605897772147 344.7017739137256
187.7558659949074 344.7214189738105
188.75567301209333 344.7410640338954
189.75548002927928 344.7607090939804
190.7552870464652 344.78035415406526
191.75509406365117 344.7999992141502
192.7549010808371 344.81964427423515
193.75470809802306 344.8392893343201
194.75451511520902 344.858934394405
195.75432213239495 344.87857945448997
196.75412914958088 344.89822451457485
197.75393616676683 344.9178695746598
198.7537431839528 344.93751463474473
199.75355020113875 344.95715969482967
200.7533572183247 344.9768047549146
201.75316423551067 344.99644981499955
202.75297125269663 345.01609487508443
203.75277826988255 345.0357399351693
204.75258528706848 345.05538499525426
205.75239230425444 345.07503005533914
206.75219932144037 345.0946751154241
207.7520063386263 345.114320175509
208.75181335581226 345.1339652355939
209.7516203729982 345.15361029567885
210.75142739018412 345.17325535576373
211.75123440737008 345.1929004158487
212.75104142455604 345.21254547593367
213.750848441742 345.23219053601855
214.75065545892795 345.25183559610343
215.7504624761139 345.2714806561884
216.75026949329984 345.2911257162733
217.75007651048577 345.3107707763583
218.7498835276717 345.3304158364432
219.74969054485766 345.35006089652813
220.7494975620436 345.3697059566131
221.74930457922954 345.38935101669796
222.74911159641547 345.40899607678284
223.7489186136014 345.4286411368678
224.74872563078736 345.4482861969528
225.7485326479733 345.46793125703766
226.74833966515922 345.4875763171226
227.74814668234518 345.50722137720754
228.74795369953114 345.5268664372925
229.7477607167171 345.54651149737737
230.74756773390305 345.5661565574623
231.747374751089 345.5858016175473
232.74718176827497 345.6054466776322
233.74698878546087 345.625091737717
234.22361867882677 345.634456967939
234.865757188911 346.40104560199694
235.5078956989952 347.16763423605494
236.15003420907945 347.9342228701128
236.79217271916366 348.70081150417076
237.43431122924787 349.4674001382287
238.07644973933213 350.2339887722867
238.7185882494163 351.0005774063445
239.36072675950055 351.7671660404025
240.00286526958476 352.5337546744604
240.64500377966903 353.3003433085184
241.2871422897532 354.0669319425763
241.92928079983744 354.83352057663427
242.57141930992168 355.6001092106922
243.2135578200059 356.3666978447501
243.8556963300901 357.13328647880803
244.49783484017433 357.89987511286597
245.13997335025857 358.66646374692397
245.78211186034278 359.43305238098185
246.424250370427 360.19964101503984
247.06638888051123 360.9662296490978
247.70852739059544 361.7328182831557
248.35066590067967 362.49940691721366
248.99280441076388 363.2659955512716
249.63494292084812 364.03258418532954
250.27708143093236 364.7991728193874
250.91921994101654 365.56576145344536
251.56135845110077 366.3323500875033
252.203496961185 367.09893872156124
252.84563547126922 367.8655273556192
253.23134140908047 368.32598531503356
252.6915433169726 369.167779838511
252.1517452248647 370.00957436198854
251.61194713275682 370.85136888546606
251.07214904064892 371.6931634089435
250.53235094854108 372.53495793242104
249.99255285643318 373.3767524558985
249.4527547643253 374.218546979376
248.91295667221743 375.0603415028535
248.37315858010953 375.90213602633094
247.83336048800163 376.7439305498084
247.29356239589382 377.5857250732859
246.7537643037859 378.42751959676343
246.21396621167807 379.269314120241
245.67416811957017 380.11110864371847
245.1343700274623 380.9529031671959
244.63805994620108 381.72687979745945
244.99664593357386 382.6603764978606
245.35523192094666 383.5938731982618
245.71381790831947 384.527369898663
246.07240389569222 385.46086659906416
246.43098988306502 386.39436329946534
246.7895758704378 387.32785999986646
247.1481618578106 388.26135670026764
247.50674784518336 389.1948534006688
247.8653338325562 390.12835010107
248.22391981992897 391.06184680147123
248.58250580730174 391.9953435018724
248.9410917946745 392.9288402022735
249.29967778204733 393.8623369026747
249.6582637694201 394.79583360307595
250.0168497567929 395.72933030347707
250.37543574416566 396.6628270038783
250.73402173153846 397.5963237042794
251.09260771891127 398.52982040468066
251.45119370628407 399.4633171050818
251.80977969365682 400.39681380548296
252.16836568102963 401.33031050588414
252.52695166840238 402.2638072062853
252.88553765577518 403.1973039066865
253.244123643148 404.1308006070876
253.60270963052076 405.06429730748886
253.96129561789354 405.99779400789
254.31988160526635 406.9312907082912
254.67846759263915 407.8647874086924
255.0370535800119 408.7982841090936
255.38909011150326 409.73427036994116
255.74112664299463 410.6702566307888
256.09316317448605 411.60624289163644
256.4451997059774 412.5422291524841
256.7972362374688 413.4782154133317
257.14927276896015 414.41420167417937
257.50130930045157 415.35018793502695
257.85334583194293 416.28617419587454
258.2053823634343 417.22216045672224
258.55741889492566 418.1581467175698
258.9094554264171 419.09413297841746
259.26149195790845 420.0301192392651
259.6135284893998 420.9661055001127
259.9655650208912 421.9020917609604
260.3176015523826 422.838078021808
260.66963808387396 423.7740642826556
261.0216746153653 424.7100505435032
261.37371114685675 425.6460368043509
261.7257476783481 426.5820230651984
262.0777842098395 427.5180093260461
262.42982074133084 428.4539955868937
262.7818572728222 429.38998184774135
263.13389380431363 430.325968108589
263.485930335805 431.2619543694366
263.83796686729636 432.19794063028417
264.2185045824074 433.12270603154985
264.59904229751834 434.04747143281554
264.97958001262936 434.9722368340813
265.3601177277404 435.8970022353469
265.74065544285133 436.8217676366126
266.12119315796235 437.74653303787835
266.50173087307337 438.67129843914404
266.88226858818433 439.59606384040967
267.26280630329535 440.5208292416754
267.64334401840637 441.44559464294105
268.08409259105775 442.3432252438598
268.52484116370914 443.2408558447786
268.9655897363605 444.13848644569737
269.4063383090119 445.0361170466161
269.93289347937866 445.8862580070221
270.45944864974535 446.73639896742816
270.9860038201121 447.58653992783417
271.65538806724965 448.3294562957277
272.38157830029985 449.01695011055267
273.14339794369164 449.6647392976671
273.926177764963 450.2870380614537
274.72091323882785 450.8939940125579
275.52260530886656 451.49173126657263
276.32866619818526 452.0835638803333
277.13782485448127 452.6711541022918
277.9494875748326 453.2552804827883
278.7633989930777 453.8362694699905
279.579474001802 454.4142154710457
280.3977187865917 454.98908543213633
281.21819556384474 455.56076528833955
282.0410075591957 456.129078952003
282.8662923437146 456.693795716799
283.694217951199 457.25463365102917
284.5249795937645 457.8112619769719
285.35879633558733 458.3633033169601
286.1959075366284 458.9103360738327
287.0365688052308 459.45189736442853
287.88104695087037 459.98748737697275
288.72961320511956 460.5165765113816
289.5825338972826 461.0386170202314
290.4400578972299 461.5530609817222
291.30240052072963 462.0593861733684
292.16972447512626 462.55713024227305
293.04212011891093 463.04593065216
293.91958891894035 463.52556437175747
294.8020340705926 463.99597967159946
295.689260425733 464.4573140348808
296.5809832013703 464.9098960621529
297.47684280673866 465.3542332848445
298.3764222554931 465.79099044320435
299.2792635862868 466.220964316144
300.18488090993355 466.6450601344575
301.0927692528534 467.0642722010662
302.0024094391247 467.4796692779943
302.9132698255945 467.8923838965385
303.824806063669 468.3036036512647
304.73646030335567 468.71456173582
305.64766123870936 469.1265239372542
306.55782600008433 469.5407703701311
307.46636421398824 469.9585721339812
308.37268381831984 470.38116505252606
309.27619767764094 470.80972392364504
310.17632983787115 471.24534083575855
311.0724744514613 471.68910296971467
311.96403552914876 472.14200344968003
312.8497007013701 472.6063279081292
313.7292637294671 473.0821102949458
314.60285048647677 473.56877874263614
315.47049537189713 474.0659631679793
316.3321642482683 474.5734341006377
317.18788779829435 475.090867387092
318.03786278541793 475.6176904325867
318.8824984951621 476.1530319290401
319.72241827587425 476.6957424982834
320.55842939667275 477.2444549966842
321.39147323113815 477.79766198313615
322.22256681292953 478.3537945737161
323.05274537649814 478.9112921545101
323.88301315402066 479.4686568624059
324.71430700217593 480.02449005502694
325.54747504697457 480.57750995442143
326.383270632969 481.12655069829407
327.222360249849 481.6705439104246
328.065342659456 482.20848503833093
328.9128176400775 482.7393203774152
329.7654046577105 483.26190565979846
330.623727000993 483.7750165201611
331.48840128217034 484.2773494649998
332.36004078843587 484.76749696434797
333.2392613420685 485.24391192850203
334.12667794231356 485.70488023284577
335.0228863466523 486.14851352284177
335.92842789958155 486.5727711048818
336.8437749321812 486.9754369836337
337.76922266273294 487.35431229031985
338.7047635883378 487.70753060314973
339.6500265014543 488.0338403104625
340.60429367021595 488.33279544191817
341.56657394446825 488.6048554973929
342.5356887968892 488.85146531637247
343.5103931856298 489.07496331316383
344.4894899524809 489.2783583011595
345.47190405412783 489.46507341272047
346.45671437554387 489.63870702361544
347.4431561898527 489.80281840951875
348.43060873117827 489.96073445882837
349.4185780040148 490.1153847609001
350.4066894398436 490.2691241195054
351.39468656849886 490.42359636221875
352.38243048329196 490.5796795412907
353.3698958230441 490.7375155409493
354.3571572442028 490.8966220659306
355.3443621011142 491.05607917768987
356.3316915949264 491.2147627327563
357.3193195768781 491.37157781259873
358.3073812208884 491.5256368520472
359.2959604371756 491.67633898582403
360.2850964203484 491.8233424102492
361.27480213153535 491.96645986286757
362.2650852736032 492.1055256693628
363.2559636872302 492.24028460008003
364.24747067969594 492.3703379887
365.23964995832034 492.49515897679214
366.2325432824497 492.61416673662063
367.22617599679313 492.72683451811304
368.22054589679 492.8327991441927
369.21561940664304 492.93193899485163
370.2113360757287 493.024396092497
371.2076192484027 493.11053458474424
372.20439069167765 493.1908258661613
373.20158242865216 493.2657167181373
374.19914372038755 493.33551262941626
375.19704340774285 493.40029082000706
376.1952678863033 493.45985499046714
377.19381502927354 493.51374008363825
378.19268505423724 493.5612655844658
379.19187032310634 493.60162395999055
380.19134666474287 493.6339819962235
381.1910684133953 493.65757066450226
382.19096795813914 493.6717445990711
383.1909588907463 493.6760030851303
384.19094073163444 493.66997665220083
385.1908032153246 493.65339311491414
386.19042909051905 493.62604152187635
387.18969578009535 493.58775205722566
388.18847740334627 493.53840361189896
389.1866490340075 493.4779602851935
390.18409444586484 493.4065274470538
391.1807186068023 493.32442822759583
392.1764613802284 493.23225269304515
393.1713083063946 493.13086436286096
394.16529646622666 493.02137674660366
395.15851534384615 492.905117290471
396.1511035024499 492.7835905551426
397.143242166274 492.65844715042033
398.1351462068377 492.53145748819014
399.12705229875945 492.4044838499477
400.1192040423346 492.27944418535776
401.11183473173116 492.15826533213635
402.1051495098143 492.0428281126549
403.0993091478112 491.9349086325885
404.0944175051428 491.8361191737954
405.09051426698903 491.7478511669102
406.0875741062107 491.6712242981811
407.0855127863123 491.6070496088008
408.0841995551085 491.55581741353905
407.30688086226826 492.1849244392199
408.1213025842825 492.7651978736552
409.1203264946308 492.8093705637758
410.10275100118724 492.62271020666356
411.0670809254224 492.3580069818537
412.0224926984192 492.0627302573748
412.97337171801405 491.7531675172164
413.9222832597759 491.43762530781925
414.8714036689758 491.1227119088661
415.82280196943435 490.8147488041205
416.77835082655304 490.51991600123165
417.7395821364097 490.2441726985908
418.7075792325181 489.99321130330156
419.68291110169463 489.77246768511844
420.6655869920334 489.58713529575596
421.65501262139935 489.4420941845017
422.64995778468585 489.3416744551013
423.64858303614966 489.28925683269415
424.6485815408865 489.28752751949344
425.64734818441696 489.3371782170809
426.6424361858475 489.43617250686077
427.6320280879801 489.58007479049
428.61518196970366 489.7628545619414
429.59182884800214 489.9777053825353
430.56258937887344 490.2177553600451
431.52848685095177 490.47668020132676
432.4906368462215 490.74920063469347
433.4500012303264 491.03137075804284
434.40727812003007 491.32054364134837
435.3629508704698 491.6149746079043
436.317461426322 491.9131517344025
437.27143300609123 492.21304875838337
438.22585148204865 492.511520486946
439.1821709803172 492.8038439674112
440.14219233076386 493.08377075549436
441.1077167163359 493.34408337690513
442.0801194883943 493.5773918613055
443.06001000281105 493.7769277722491
444.04708531478536 493.9371848422672
445.0402022353655 494.0543120468669
446.0376146080098 494.1262047370101
447.03727415223284 494.1522967979456
448.0370904145814 494.1331280331634
449.0350843007676 494.0698176616984
450.0294264475599 493.9635929229952
451.01839851881624 493.8154907883892
452.00033495208874 493.6262796866745
452.97359381466805 493.3965685933185
453.93658043310467 493.12701939055216
454.8878199941319 492.8185663186973
455.82605544702557 492.47256886938084
456.75034348041856 492.0908731380365
457.66013964340937 491.67581779015245
458.55540968625274 491.23029388463533
459.4368096207544 490.75792310287534
460.3059247826669 490.2633133220039
461.1654949650377 489.75229561039396
462.0195260407905 489.2320736177327
462.87346726737496 488.71170415135384
463.7347886619749 488.20364366754853
464.6108638206168 487.72146909707584
465.5072984410565 487.2782930922232
466.42746260865835 486.88676032901986
467.37245575394985 486.5596701956438
468.3407999920645 486.3100516135827
469.3279209001026 486.15007563752965
470.32603900780214 486.08875481657714
471.32520589326316 486.12956578321797
472.3158027892989 486.2663787561563
473.2920394386814 486.4830859420141
474.2537338901825 486.7572096038019
475.2054423034696 487.06421301759167
476.1541854262822 487.38026125270125
477.10716671485807 487.68329039919416
478.0701288944705 487.95292689641974
479.0461578212289 488.1705677338812
480.0349443169781 488.31990381734437
481.0334195068442 488.37510612908807
482.03235421787963 488.32896023990304
483.0222696681759 488.1873007846427
483.9959748764842 487.9594890919811
484.9484359667794 487.6548288361655
485.8764349574474 487.2822461294826
486.77835680827525 486.850346864608
487.6538250660692 486.3670712397363
488.5031376054547 485.8391809003261
489.3261466542856 485.271152639108
490.1221649084093 484.66588002358503
490.8902107167439 484.0254851170629
491.62909564478207 483.351653488896
492.33739542278795 482.6457417207006
493.01345259675634 481.90889255192457
493.6554702742384 481.142202717767
494.2616772387224 480.3468957856892
494.83051774327987 479.52444792693166
495.36082382921455 478.6766416665038
495.8519425562806 477.80554902164624
496.3038052294328 476.91346151214293
496.7169377550855 476.0027905966922
497.092420076121 475.07596104030665
497.4318080181222 474.13531454729014
497.73703287721554 473.1830342390871
498.01029319784953 472.2210941176829
498.2539503567407 471.25123268999283
498.47043586877305 470.27494685936733
498.6621746894334 469.2935008727477
498.8315258002671 468.30794508982143
498.98073926929055 467.31914008343136
499.11192775151164 466.32778263925064
499.22704986389004 465.3344312919211
499.3279028180708 464.3395299492579
499.41612192606055 463.3434288555001
499.49318495850645 462.34640263266033
499.56041973278377 461.34866545026813
499.61901368125234 460.3503835516028
499.6700244716211 459.3516854494388
499.7143910132328 458.35267012924317
499.75294438779434 457.35341358695285
499.7864183981237 456.35397399866724
499.8154595428702 455.35439578166176
499.84063630761045 454.35471276664293
499.8624477207976 453.35495066381304
499.8813311629496 452.3551289719037
499.8976694440623 451.3552624505269
499.9117971812465 450.355362251986
499.92400651878665 449.35543678872546
499.93455223824947 448.35549239637106
499.94365630842776 447.35553383927675
499.95151192484474 446.35556469510743
499.95828708704204 445.3555876467822
499.9641277594727 444.35560470365493
499.96916065888206 443.3556173687734
499.9734957078719 442.3556267651424
499.97722819105974 441.355633730882
499.98044064700605 440.35563889083187
499.9832045259567 439.35564271035264
499.98558164048904 438.3556455356934
499.9876254333768 437.35564762424025
499.9893820844351 436.3556491671529
499.99089147574574 435.3556503062846
499.992188032527 434.3556511468147
499.99330145495946 433.3556517666696
499.9942573545285 432.3556522235417
499.99507780685934 431.3556525601128
499.99578183161 430.3556528079382
499.99638580871857 429.35565299033243
499.9969038391798 428.35565312451024
499.99734805752007 427.3556532231752
499.99772890225626 426.3556532956965
499.99805534983943 425.3556533489805
499.998335116888 424.35565338811534
499.99857483490916 423.3556534168477
499.998780201167 422.35565343793536
499.9989561088854 421.3556534534071
499.9991067595601 420.35565346475494
499.9992357597925 419.3556534730755
499.99934620473937 418.3556534791746
499.9994407499981 417.35565348364395
499.9995216735038 416.35565348691824
499.99959092880584 415.3556534893164
499.9996501909069 414.3556534910724
499.9997008956876 413.3556534923579
499.99974427380505 412.35565349329875
499.99978137982737 411.3556534939872
499.999813117269 410.35565349449087
499.9998402600949 409.35565349485927
499.9998634711873 408.35565349512865
499.9998833181994 407.35565349532556
499.9999002871635 406.35565349546954
499.9999147941658 405.35565349557476
499.9999271953644 404.35565349565167
499.99993779557934 403.3556534957079
499.99994685565986 402.3556534957489
499.9999545987996 401.3556534957789
499.99996121595046 400.3556534958008
499.99996687046144 399.3556534958168
499.9999717020538 398.3556534958285
499.99997583022616 397.35565349583703
499.9999793571713 396.3556534958432
499.9999823702741 395.3556534958478
499.99998494425 394.3556534958511
499.99998714297686 393.3556534958535
499.99998902106165 392.3556534958553
499.99999062518236 391.3556534958566
499.99999199523654 390.3556534958575
499.9999931653231 389.3556534958582
499.99999416458326 388.3556534958587
499.9999950179198 387.35565349585903
499.99999574661126 386.35565349585926
499.99999636883916 385.3556534958594
499.9999969001375 384.3556534958596
499.9999973537771 383.3556534958597
499.9999977410953 382.3556534958598
499.9999980717766 381.3556534958599
499.99999835409335 380.35565349585994
499.99999859511155 379.35565349586
499.99999880086614 378.35565349586
499.99999897651116 377.35565349586
499.99999912644853 376.35565349586
499.99999925443717 375.35565349586
499.9999993636873 374.35565349586005
499.9999994569398 373.3556534958601
499.9999995365352 372.3556534958601
499.99999960447207 371.3556534958601
499.99999966245673 370.3556534958601
499.999999711946 369.3556534958601
499.99999975418353 368.3556534958601
499.9999997902313 367.3556534958601
499.9999998209957 366.35565349586005
499.9999998472506 365.35565349586005
499.9999998696566 364.35565349586005
499.9999998887782 363.35565349586
499.9999999050874 362.35565349586
499.99999991902547 361.35565349586
499.99999993102915 360.35565349586
499.9999999415154 359.35565349586
499.99999995085403 358.35565349586
499.99999995935127 357.35565349586
499.99999996722596 356.35565349586
499.9999999746889 355.35565349586
499.99999998191106 354.35565349586
499.9999999879219 353.35565349586
499.99999999242027 352.35565349586
499.99999999579404 351.35565349586
499.99999999889656 350.35565349586
