13.377862837543567
299723
777
0.0 100.0
0.0 99.0
0.0 98.0
0.0 97.0
0.0 96.0
0.0 95.0
0.0 94.0
0.0 93.0
0.0 92.0
0.0042659619388672925 91.00000909925703
0.7969606117198482 90.3903902083025
1.628217669886768 89.83450199719556
2.4865523965964598 89.32141185216821
3.362630560312541 88.83924274173096
4.24972742200849 88.37765942534139
5.143224557356955 87.92859053405178
6.04012474132972 87.486357495949
6.9386114606404945 87.04735679524094
7.8375617257216526 86.60930608937402
8.736597074796286 86.17143003257911
9.63553576294252 85.73335556978319
10.534311171595338 85.29494621221772
11.432917762230971 84.85619093274384
12.331356043136106 84.41709110878097
13.229685584385205 83.97776886336288
14.127939307836014 83.53829161900686
15.026132644395563 83.09869097050867
15.924288885792294 82.65901453716239
16.822420439185812 82.2192876755779
17.720326130493063 81.77909979578332
18.617633948736817 81.33769444996314
19.514024231111918 80.89442877154501
20.409405123254547 80.44912768465448
21.303942091615358 80.00213371127694
22.197973726135267 79.55412987593883
23.091890147369526 79.1058961959819
23.986033519976797 78.65811541343032
24.88064481218241 78.21127020996697
25.77585341360171 77.76562286065936
26.67169403429862 77.32124736368706
27.56813483378056 76.87808385771643
28.465105586954145 76.43599397098387
29.3625202190977 75.99480582742757
30.260292127276138 75.55434515848464
31.158342995786775 75.11445353823336
32.05660671999599 74.67499673515735
32.955030024675324 74.23586626979531
33.85357150399397 73.79697766212377
34.75219986227684 73.3582669673717
35.65089186370341 72.91968665936426
36.54963036369533 72.4812016440761
37.44840263761856 72.04278586011426
38.347199079926526 71.60441962590531
39.246012253955655 71.16608769894619
40.14483622982512 70.72777792218754
41.0436661390728 70.28948031297459
41.94249788288437 69.85118646597618
42.84132794459711 69.41288916942797
43.74015327067488 68.97458216149725
44.63897119533148 68.5362599759807
45.53780966706296 68.09797992654268
46.43674056801504 67.65988948460918
47.335923077247685 67.22231570215632
48.235636563398266 66.78583472566507
49.13626116991303 66.35123684469906
50.03821033491911 65.91939462380716
50.94184891382476 65.49109879296897
51.847429867169524 65.0669253179152
52.75514013820066 64.64732781570079
53.664635103361796 64.2316128793002
54.57542151913061 63.81873504645978
55.48554594150665 63.40439999388195
56.389152622247714 62.976036869278396
57.27463115419282 62.51135658191478
58.12374023589753 61.983139043994484
58.912300726680535 61.36818184843038
59.614082857445865 60.6557902139073
60.2079104526773 59.851197902769755
60.684431835091374 58.97203502132959
61.04815561303826 58.04052817038536
61.314022060855244 57.076518299105416
61.502481941394436 56.09443740965325
61.634360165070774 55.10317148462608
61.7276884692848 54.10753609572484
61.797315962861745 53.10996303467207
61.85580272588235 52.111674850553186
61.91090210652131 51.171204600476806
61.91171545942187 50.90245133578378
61.926644906967915 50.902496761999814
61.911715085928684 50.902574747794574
61.91171545942187 50.90245133578378
61.926644906971404 50.90249676199981
62.92663126481834 50.89727334166292
63.92662159213264 50.892875014953205
64.9266157585496 50.88945929657203
65.92661277676457 50.88701725620399
66.92661151459126 50.88542843744294
67.92661110101042 50.88451895323912
68.92661101540992 50.88410518881413
69.92661101175045 50.884019638065
70.92661100649048 50.884122204949676
71.92660336176992 50.88803236897225
72.92659571704935 50.89194253299482
73.9265880723288 50.89585269701739
74.92658042760823 50.89976286103995
75.92657278288766 50.90367302506253
76.92656513816709 50.9075831890851
77.92655749344654 50.91149335310767
78.92654984872597 50.91540351713024
79.92654220400541 50.919313681152815
80.92653455928485 50.92322384517538
81.92652691456428 50.92713400919794
82.92651926984374 50.93104417322052
83.92651162512315 50.934954337243084
84.9265039804026 50.938864501265655
85.92649633568205 50.94277466528823
86.92648869096146 50.9466848293108
87.92648104624091 50.95059499333337
88.92647340152035 50.95450515735594
89.92646575679979 50.95841532137851
90.92645811207922 50.96232548540108
91.92645046735866 50.96623564942365
92.92644282263811 50.97014581344622
93.92643517791754 50.974055977468794
94.92642753319699 50.977966141491365
95.9264198884764 50.981876305513936
96.92641224375583 50.98578646953651
97.9264045990353 50.98969663355908
98.92639695431473 50.99360679758165
99.92638930959416 50.99751696160422
100.9263816648736 51.00142712562678
101.92637402015305 51.00533728964936
102.92636637543247 51.009247453671925
103.92635873071191 51.01315761769449
104.92635108599134 51.01706778171707
105.92634344127079 51.02097794573963
106.92633579655022 51.0248881097622
107.92632799005683 51.02883942926841
108.92632018356343 51.032790748774616
109.92631237707005 51.03674206828083
110.92630457057666 51.04069338778703
111.92629676408325 51.04464470729323
112.92628895758988 51.048596026799444
113.92628115109648 51.052547346305644
114.92627334460309 51.05649866581186
115.9262655381097 51.06044998531806
116.9262577316163 51.064401304824266
117.92624992512292 51.06835262433047
118.9262426807287 51.07215903155258
119.92623543633451 51.07596543877469
120.92622819194028 51.07977184599679
121.92622094754607 51.0835782532189
122.92621463305719 51.0871319749154
123.92620831856831 51.0906856966119
124.9262029148513 51.093973158368556
125.92619791273576 51.09713610099917
126.92619311582772 51.100233485872735
127.92618841541008 51.10329956042871
128.9261837572368 51.10635182595727
129.92617911664024 51.1093983274935
130.9261744831028 51.11244251102766
131.92616985233138 51.115485785815665
132.92616522262495 51.11852871062921
133.92616059332346 51.12157150236794
134.92615596417448 51.12461424397472
135.92615133508258 51.12765696682578
136.92614670601193 51.13069968269619
137.92614207694916 51.133742395978715
138.9261374478893 51.13678510830475
139.9261328188305 51.139827820278086
140.9261281897721 51.142870532121606
141.92612356071385 51.14591324391742
142.92611893165565 51.148955955695705
143.92611430259745 51.15199866746755
144.9261096735393 51.155041379237055
145.92610504448112 51.15808409100569
146.92610041542295 51.16112680277401
147.92609578636478 51.16416951454221
148.92609115730662 51.16721222631037
149.92608652824845 51.170254938078514
150.92608189919028 51.17329764984665
151.9260772701321 51.17634036161479
152.92607264107394 51.17938307338293
153.92606801201578 51.18242578515106
154.9260633829576 51.1854684969192
155.92605875389944 51.18851120868734
156.92605412484127 51.191553920455476
157.9260494957831 51.19459663222362
158.92604486672494 51.19763934399176
159.92604023766677 51.200682055759884
160.9260356086086 51.20372476752803
161.92603097955043 51.20676747929616
162.92602635049226 51.20981019106429
163.9260217214341 51.21285290283244
164.92601709237593 51.21589561460057
165.92601246331776 51.21893832636871
166.9260078342596 51.22198103813684
167.92600320520143 51.22502374990497
168.92599857614326 51.22806646167311
169.9259939470851 51.23110917344125
170.92598931802692 51.23415188520938
171.92598468896875 51.23719459697752
172.9259800599106 51.24023730874566
173.92597543085242 51.2432800205138
174.92597080179425 51.246322732281946
175.92596617273608 51.249365444050085
176.92596154367791 51.25240815581822
177.92595691461975 51.255450867586354
178.92595228556158 51.258493579354486
179.9259476565034 51.261536291122624
180.92594302744524 51.26457900289076
181.92593839838707 51.267621714658915
182.9259337693289 51.270664426427054
183.92592914027074 51.27370713819519
184.92592451121257 51.276749849963316
185.9259198821544 51.27979256173144
186.92591525309624 51.28283527349958
187.92591062403807 51.28587798526772
188.9259059949799 51.28892069703585
189.92590136592173 51.29196340880398
190.92589673686354 51.29500612057212
191.92589210780537 51.29804883234026
192.9258874787472 51.3010915441084
193.92588284968903 51.30413425587655
194.92587822063086 51.30717696764468
195.9258735915727 51.31021967941282
196.92586896251453 51.313262391180956
197.92586433345636 51.31630510294909
198.9258597043982 51.31934781471723
199.92585507534002 51.322390526485364
200.92585044628186 51.325433238253495
201.92584581722366 51.32847595002164
202.67001086517092 51.330740240252
202.87423265158967 52.309664885948465
203.0784544380084 53.28858953164492
203.28267622442715 54.26751417734138
203.4868980108459 55.246438823037835
203.6911197972646 56.2253634687343
203.89534158368338 57.20428811443076
204.0995633701021 58.18321276012722
204.3037851565208 59.16213740582368
204.5080069429396 60.14106205152014
204.66064734149919 60.872734468548984
204.93610129305532 61.83404873587894
205.21155524461145 62.79536300320888
205.48700919616755 63.75667727053883
206.04157729283241 64.58881561610494
206.81336796921534 65.22469229585374
207.70248709545456 65.68236814113685
208.63002250874544 66.05610341789209
209.5657636671333 66.40879093468129
210.5006309817747 66.76378826427008
211.432852082501 67.12567750058507
212.36287207848557 67.49318642165893
213.24274524291366 67.96839502271666
213.96944055795868 68.6553549335496
214.4063049758027 69.55488229857072
214.50394028020344 70.55010455883954
214.3489961826536 71.53802779808157
214.05479291815016 72.49377067101106
213.6939630642065 73.42640233276343
213.30329202870817 74.34693269186228
212.8998195630584 75.26192447841694
212.4910513210306 76.17456270044663
212.08016186677145 77.08624787438478
211.66844655118462 77.99756038878981
211.25641752720657 78.90873111011467
210.8442718460277 79.81984907036218
210.43208357221692 80.73094776256457
210.37918995620834 81.7295479154714
210.81410397086455 82.63001990274007
211.55772646335862 83.29861962503807
212.4265203270087 83.7937935565853
213.34432901632692 84.19081649019488
214.28362641539525 84.5339205503625
215.2332870290911 84.84720112555804
216.18826042622354 85.14389256589521
217.14606400076062 85.4313161428753
218.10541324222027 85.7135377453631
219.06562120359487 85.99282374736245
220.02631228767208 86.27044334496782
220.98727786323047 86.54711130948799
221.94840063727656 86.82323268354284
222.90961402533603 87.09903845327081
223.87087992540933 87.3746611471048
224.83217638885517 87.65017722534084
225.79349070270834 87.92563101453433
226.7548154705416 88.2010483174592
227.71614637371007 88.47644420452589
228.67748088352695 88.75182750146874
229.6388175161361 89.02720338785626
230.60015539933738 89.30257490839188
231.56149401980653 89.57794385506973
232.52283307514412 89.85331128357689
233.4841723870803 90.12867781626753
234.44551185046686 90.40404382022521
235.40685140326087 90.67940951204938
236.36819100884347 90.95477501958129
237.32953064559712 91.23014041829057
238.29087030075834 91.50550575273644
239.25220996679045 91.78087104923056
240.21354963924279 92.05623632331076
241.17488931548692 92.3316015841532
242.13622899397052 92.60696683717721
243.09756867377686 92.88233208558344
244.05890835436443 93.15769733126228
245.02024803541343 93.43306257533027
245.98158771673496 93.70842781844676
246.94292739821748 93.9837930610013
247.90426707979506 94.25915830322391
248.86560676142878 94.53452354525047
249.82694644309566 94.80988878716126
250.78828612478216 95.08525402900362
251.74962580648022 95.3606192708056
252.7109654881851 95.63598451258373
253.67230516989403 95.91134975434774
254.6336448516053 96.18671499610348
255.59498453331804 96.46208023785428
256.55632421503157 96.73744547960217
257.51766389674566 97.01281072134832
258.47900357846 97.28817596309348
259.4403432601745 97.56354120483802
260.4016829418891 97.83890644658223
261.36302262360374 98.11427168832623
262.32436230531846 98.38963693007011
263.2857629317468 98.66478931603706
264.24730048959293 98.93946280374803
265.2090175890429 99.21350699840575
266.1709152047254 99.48691690485454
267.13296755608263 99.75978184076251
268.09513934100124 100.03222533271362
269.0573968631515 100.30436584984626
270.0197128299075 100.57629962878227
270.98206716535844 100.8480975924221
271.9444460018946 101.11980879018047
272.906840166677 101.39146569068699
273.8692437763132 101.66308912884953
274.83165314033863 101.93469217749991
275.79406598114196 102.20628290609133
276.7564809096963 102.47786623638923
277.71889708624644 102.74944514410215
278.68131400634115 103.02102141684229
279.6437313683626 103.29259612346968
280.6061489925826 103.5641699009055
281.5685667721692 103.83574312774394
282.5309846437346 104.10731602862249
283.49340256971635 104.37888873665659
284.4558205278767 104.65046133065403
285.4182385048649 104.922033857928
286.37760893790306 105.20418341439071
287.3299330779168 105.50927148748949
288.27287657577034 105.84222427671897
289.2064942770341 106.20049510707912
290.1322867056735 106.57852735315599
291.05243652554816 106.9700938340818
291.96891740584203 107.37017232145112
292.8831389101045 107.77538713009469
293.79599359801506 108.18367173519238
294.7080184468952 108.59380668252699
295.6194810774302 109.00518956153176
296.53064407209797 109.41723567199507
297.44163865229035 109.82965399707305
298.3525270561275 110.24230677575633
299.26334393501276 110.65511740199761
300.17411191260277 111.06803590605941
301.08484678614354 111.48102741943073
301.9955596336287 111.89406750153591
302.9062580801416 112.30713933490037
303.81694725570406 112.72023160729637
304.72763054045026 113.13333686613949
305.63831012272954 113.54645028690878
306.5489873989876 113.95956879110248
307.4596632498435 114.37269043743427
308.3703382252376 114.78581401360836
309.2810126658347 115.19893876866823
310.19168678123737 115.6120642405718
311.10236069967516 116.02519014665508
312.01303449921664 116.43831631482735
312.9237082271955 116.85144264074837
313.83438191220955 117.26456906137885
314.74505557148416 117.67769553874794
315.6557292153677 118.09082205004415
316.5664028500632 118.50394858159424
317.4770764792812 118.91707512521845
318.38775010523796 119.33020167603165
319.298423729255 119.74332823112063
320.20909735211944 120.15645478875032
321.1197709742995 120.56958134788862
322.03044459607355 120.98270790792193
322.9411182176068 121.39583446848604
323.85179183899737 121.80896102936467
324.76246546030336 122.22208759042964
325.6731390815593 122.63521415160491
326.58381270278574 123.0483407128455
327.4944863239946 123.46146727412477
328.405159945193 123.8745938354269
329.3158335663854 124.28772039674256
330.2265071875741 124.70084695806621
331.1371808087606 125.11397351939462
332.0478544299459 125.5271000807258
332.95852805113043 125.94022664205862
333.8692016723145 126.35335320339242
334.7798752934983 126.76647976472677
335.690548914682 127.1796063260615
336.60122253586553 127.59273288739642
337.511896157049 128.00585944873148
338.4225697782325 128.4189860100666
339.333243399416 128.83211257140172
340.2439170205995 129.24523913273688
341.15459064178293 129.65836569407207
342.0652642629664 130.07149225540726
342.97593788414986 130.4846188167425
343.8866115053333 130.8977453780777
344.7972851265168 131.3108719394129
345.7079587477002 131.72399850074808
346.6186323688836 132.13712506208336
347.52930599006703 132.55025162341857
348.43997961125046 132.96337818475376
349.3506532324339 133.376504746089
350.26132685361733 133.78963130742417
351.0394345849703 134.14261942954025
352.0230329001608 133.96224660915092
353.0066312153607 133.78187378875984
353.99022953056067 133.6015009683689
354.97382784576064 133.42112814797795
355.9574261609606 133.24075532758695
356.9410244761606 133.06038250719592
357.92462279136055 132.88000968680493
358.9082211065605 132.69963686641395
359.8918194217605 132.5192640460229
360.8754177369604 132.3388912256319
361.85901605216037 132.15851840524095
362.8426143673603 131.97814558484993
363.8262126825517 131.79777276441263
364.80981099774607 131.61739994399116
365.7934093129454 131.43702712359655
366.77700762814766 131.25665430321803
367.76060594335075 131.07628148284428
368.74538467204394 130.9024687804506
369.7311654520926 130.73443231510285
370.7186659721024 130.5768165703928
371.7077088482333 130.42918801903969
372.70403477331513 130.34354544195375
373.7039741329057 130.33253285181127
374.7026362463496 130.38424342299234
375.6979933470046 130.48049435636793
376.69020375898975 130.60506762135012
377.68013822509727 130.7465941305717
378.66851935329316 130.89859000362844
379.6556866602751 131.05827941475513
380.64166005280555 131.22518198879735
381.6262713376596 131.39994073031863
382.6092735524887 131.5835344274902
383.59041206293045 131.77684046290568
384.56946451427785 131.98044865898495
385.54625939023964 132.1946256192183
386.52068092648875 132.41935360967344
387.49266603103297 132.65439606657034
388.46219720765964 132.89936401865575
389.42929412705683 133.15377225062247
390.39400540644164 133.41708223415458
391.3564013646526 133.6887327810329
392.31656800596136 133.9681608056078
393.27460219982027 134.25481474923524
394.2306078956132 134.54816285236774
395.18469317767534 134.84769794973093
396.13696797960665 135.15293998747586
397.0875423088499 135.46343708018966
398.0365248667491 135.77876564661358
398.9840219787963 136.09852997023685
399.9301367724709 136.4223614035321
400.87496855636357 136.74991735317468
401.81861236545313 137.08088013290507
402.7611586449059 137.41495573975143
403.70269304979996 137.75187259062233
404.64329634166796 138.09138024492051
405.58304436531097 138.4332481317703
406.5220080913709 138.77726429584348
407.46025371188176 139.1232341725555
408.39784277757656 139.47097940097652
409.33483232753946 139.82033678713046
410.2712748878183 140.1711577262124
411.2072181779813 140.52330848597154
412.1427044253381 140.8766715867707
413.0777693330072 141.2311481282312
414.01244090626363 141.58666050515558
414.9467384341913 141.94315472573743
415.8806719149083 142.30060157996292
416.81424211682094 142.658996164326
417.74744133002923 143.01835563403213
418.68025472922005 143.3787154018893
419.6126621752834 143.74012424866208
420.544640239916 144.10263892014947
421.47616424103904 144.46631877294823
422.40721011298194 144.8312209301604
423.33775590898404 145.19739646394558
424.26778263938724 145.5648883424076
425.1972741199711 145.93373192378323
426.12621565807575 146.3039583663609
427.0545917140105 146.67560053130873
427.9823829991389 147.0487001577355
428.9095636608018 147.4233146537689
429.8360990190071 147.79952234905866
430.7619438057856 148.17742634585545
431.68704040757626 148.5571581951325
432.61131651030956 148.93888281565913
433.5346818174938 149.32280534624135
434.45702375528657 149.70917996987575
435.37820209224446 150.0983206533304
436.29804243043435 150.4906135951975
437.2163288119306 150.88653040660927
438.13279583422815 151.28664063772203
439.04712032857367 151.6916230065232
439.958911911104 152.10227627879414
440.8677014502803 152.51953108521792
441.77292712078935 152.94446223899646
442.6739192368921 153.37829769941968
443.56988679286667 153.8224172088324
444.4599095228527 154.27833336352344
445.34293873432034 154.7476513918313
446.2178087343523 155.23200919660394
447.08325989404494 155.73300250013867
447.93797480378413 156.2521002010289
448.7806290690842 156.79055520302217
449.6099559766799 157.34931891009148
450.4248215123923 157.92896894132423
451.2243068106152 158.5296545978247
452.00779988188583 159.1510551186411
452.77510857895356 159.79233303296857
453.52661056643467 160.45206385899687
454.2634344022054 161.1281486429109
454.98761826984355 161.8177555786741
455.70215712684467 162.51735133469006
454.73074940237865 162.27993391147155
453.7715178364294 161.99731260497373
452.82290523116905 161.68087283955037
451.88204203589396 161.3420861105057
450.94627200225864 160.9894752142614
450.0190464706162 160.61497179175308
449.10014348342725 160.22048820510432
448.1876436208512 159.81141119426331
447.27949260570915 159.39276846627632
446.3740827497826 158.96822990172518
445.47031943703814 158.5401973392523
444.56751321129445 158.1101497619328
443.66525043410513 157.67896316555175
442.76366277919914 157.2463667017184
441.8626613098568 156.81255066669559
440.9620818745551 156.37785918907983
440.06177760669186 155.94259808897186
439.16164246403457 155.5069873396173
438.26160733794336 155.07116997901545
437.36162978432924 154.63523374171615
436.46199241324575 154.19859590488795
435.562719365133 153.76120822223328
436.0509578153003 154.63391849247088
436.747623183503 155.35131473217882
437.46149459586456 156.05159153931504
438.17690519518953 156.75029582180764
438.89245512796276 157.44885741086637
439.608017687823 158.14740606552564
440.3235813921283 158.84595354786376
441.0391452001603 159.5445009239484
441.7547090175936 160.2430482904027
442.4702728358789 160.9415956559842
443.1858366542415 161.64014302148658
443.90140047261116 162.33869038698177
444.6169642909814 163.03723775247633
445.3325281093517 163.73578511797086
446.048091927722 164.43433248346537
446.76365574609235 165.13287984895985
447.4792195644626 165.83142721445438
448.1947833828329 166.52997457994888
448.9103472012032 167.22852194544336
449.62591101957355 167.92706931093784
450.34147483794385 168.62561667643234
451.05703865631415 169.32416404192685
451.77260247468445 170.02271140742135
452.4881662930547 170.72125877291586
453.203730111425 171.41980613841034
453.91929392979534 172.11835350390479
454.63485774816564 172.8169008693993
455.35042156653594 173.5154482348938
456.06598538490624 174.2139956003883
456.78154920327654 174.9125429658828
457.49711302164684 175.6110903313773
458.2126768400172 176.3096376968718
458.92824065838744 177.0081850623663
459.64380447675774 177.7067324278608
460.3593682951281 178.40527979335528
461.07493211349833 179.1038271588498
461.79049593186863 179.80237452434432
462.50605975023893 180.5009218898388
463.2216235686093 181.19946925533327
463.93744109994793 181.89775663301396
464.6532816219045 182.59602044213267
465.36912422757825 183.29428211507647
466.0849670221095 183.99254359440764
466.8008098337578 184.6908050561907
467.5166526469575 185.38906651638334
468.23249546029786 186.0873279764318
468.9483382736509 186.78558943646715
469.6641810870051 187.4838508965014
470.38002390035945 188.18211235653544
471.0958667137138 188.88037381656952
471.8117095270681 189.57863527660365
472.52755234042246 190.2768967366377
473.2433951537768 190.97515819667177
473.9592379671312 191.67341965670585
474.6750807804855 192.37168111673992
475.39092359383983 193.069942576774
476.1067664071942 193.7682040368081
476.8226092205486 194.46646549684215
477.53845203390296 195.16472695687628
478.25429484725726 195.86298841691035
478.97013766061156 196.56124987694446
479.6859804739659 197.25951133697853
480.38642274677653 197.97322039707228
481.08545268533015 198.6883128001963
481.7843545123453 199.40353041476885
482.48324472964305 200.11875937402988
483.1821338949368 200.83398936126122
483.88102296490496 201.54921944164025
484.5799120262353 202.26444953045979
485.27880108678306 202.97967962004407
485.97769014725986 203.69490970969764
486.67657920773013 204.41013979935755
487.37546826819994 205.125369889018
488.07435732866963 205.84059997867848
488.77324638913933 206.55583006833896
489.4448898957928 207.29670455161542
490.1140179564475 208.03985166924718
490.78291786398324 208.7832041520565
491.45179710929045 209.52657522709052
492.120674483621 210.2699479856099
492.78955168853554 211.01332089656756
493.4584288781096 211.75669382132838
494.08565386806663 212.53553193799542
494.70901402296107 213.3174667928842
495.3320239891868 214.09968069073022
495.95500228774085 214.8819198098816
496.5779777230842 215.66416120929665
497.1239847673944 216.5019417936764
497.66278720761295 217.34437394549312
498.2009392486438 218.1872217257799
498.629675319302 219.09065151370842
498.9797822896865 220.0273612389105
499.3227411582652 220.96671166045894
499.55716985901955 221.93884497655435
499.7159171806312 222.92616421969768
499.8208677272622 223.9206416617555
499.88829092060115 224.91836612923137
499.9305297201776 225.91747367289736
499.9564908073386 226.91713662707411
499.97225461730943 227.91701237050188
499.98178390722285 228.91696696578796
499.98756862941735 229.91695023414255
499.9911299037342 230.91694389278504
499.9933774847799 231.91694136697157
499.994847198346 232.916940286942
499.99585147880396 233.9169397826523
499.99657162382664 234.91693952334785
499.99711292236924 235.9169393768458
499.99753698003474 236.9169392869333
499.9978804078182 237.916939227962
499.9981655160371 238.91693918731863
499.99840639060244 239.91693915830834
499.99861233202773 240.91693913710242
499.99878980069235 241.91693912135486
499.99894352093804 242.9169391095399
499.99907711310175 243.91693910061645
499.999193460856 244.91693909384804
499.9992949298148 245.91693908870005
499.9993835020492 246.91693908477754
499.999460862517 247.91693908178522
499.9995284574844 248.91693907950065
499.9995836561867 249.9169390779772
499.9996166900805 250.91693907743155
499.99961127728756 251.9169390774169
499.99954794224135 252.91693907541128
499.9994078482481 253.91693906559811
499.9991756641407 254.9169390386434
499.9988410114533 255.9169389826472
499.9983986893005 256.91693888482274
499.99784810652943 257.91693873325204
499.9971923318396 258.9169385182318
499.99643705756415 259.91693823301216
499.995589650618 260.91693787396287
499.9946583699989 261.91693744032096
499.9936517698579 262.91693693369893
499.9925782742454 263.9169363575023
499.9914458953208 264.9169357163611
499.9902620635076 265.9169350156319
499.98903354044086 266.91693426099715
499.9877674889326 267.9169334595536
499.98647235933777 268.9169326208729
499.98515775541415 269.9169317567808
499.9838335496684 270.91693088002
499.9825088588813 271.91693000261677
499.98119129384247 272.9169291346276
499.9798890549201 273.91692828671415
499.97861287415293 274.9169274723952
499.97737802536955 275.9169267099691
499.97620547577327 276.9169260225326
499.9751210140639 277.9169254345038
499.97415238961366 278.916924965387
499.9733255409062 279.9169246235476
499.97266118003176 280.9169244028599
499.9721725657241 281.9169242834879
499.9718647072959 282.91692423609953
499.9717348000705 283.9169242276616
499.97177348511076 284.9169242269133
499.97196650680223 285.91692420828457
499.97229642700563 286.91692415386086
499.97274417277265 287.9169240536227
499.97329030314944 288.9169239044935
499.9739241309201 289.91692370362466
499.97465199678675 290.9169234387303
499.9754949433063 291.9169230834508
499.9764771392115 292.9169226010963
499.97761295495184 293.91692195605737
499.9788991554286 294.91692112890115
499.98031405454145 295.9169201279309
499.981821933551 296.9169189910807
499.9833797945231 297.9169177776146
499.98494395488245 298.91691655431504
499.98647505397304 299.91691538218214
499.9879410331638 300.91691430763404
499.9893182898908 301.9169133592156
499.99059149104227 302.91691254869465
499.99175257087177 303.9169118746412
499.9927993509525 304.91691132676675
499.9937340904731 305.9169108898977
499.99456215298557 306.9169105470539
499.9952908808536 307.9169102815317
499.99592870447765 308.9169100781222
499.99648447531536 309.9169099236816
499.9969669927233 310.9169098072701
499.9973846880803 311.9169097200354
499.99774543029815 312.91690965496787
499.99805642107094 313.9169096066102
499.9983241537939 314.9169095707698
499.99855441569645 315.9169095442595
499.9987523177467 316.9169095246769
499.9989223410524 317.9169095102229
499.99906839178357 318.9169094995575
499.99919385917013 319.91690949168645
499.9993016730027 320.9169094858745
499.9993943584215 321.91690948157924
499.99947408673023 322.91690947840095
499.9995427216183 323.91690947604553
499.99960186059735 324.9169094742968
499.99965287172864 325.9169094729957
499.99969692586575 326.9169094720253
499.9997350247188 327.9169094712995
499.9997680250558 328.916909470755
499.9997966594458 329.91690947034505
499.99982155405183 330.9169094700352
499.9998432439876 331.9169094698
499.99986218664446 332.9169094696206
499.99987877307194 333.916909469483
499.99989333753877 334.91690946937695
499.9999061659156 335.91690946929464
499.99991750098974 336.9169094692304
499.9999275566692 337.91690946917987
499.9999365299962 338.9169094691396
499.99994460488284 339.91690946910705
499.99995194986974 340.91690946908005
499.9999587142143 341.91690946905715
499.9999650256738 342.91690946903725
499.99997089416223 343.91690946902
499.99997639381417 344.9169094690049
499.9999815482106 345.9169094689916
499.9999866722608 346.9169094689785
499.99999179364363 347.9169094689654
499.9999957331538 348.9169094689576
499.999999672664 349.9169094689498
