4.806340399244115
131181
1237
0.0 100.0
0.0 99.0
0.0 98.0
0.0 97.0
0.0 96.0
0.0 95.0
0.0 94.0
0.0 93.0
0.0 92.0
0.0 91.0
0.0 90.0
0.0 89.0
0.0 88.0
0.0 87.0
0.0 86.0
0.0 85.0
0.0 84.0
0.0 83.0
0.0 82.0
0.0 81.0
0.0 80.0
0.0 79.0
0.0 78.0
0.0 77.0
0.0 76.0
0.0 75.0
0.0 74.0
0.36868443417745134 73.07044538191926
0.8536140376154638 72.19589219330838
1.6049569835245476 71.53598024643011
2.5766889222660185 71.29989331492025
3.5679165155308996 71.16772728921654
4.492128770981969 70.78584811084458
5.445942648908356 70.48544989800864
6.399173513144065 70.78769304428073
7.232734700636438 71.34012018581734
7.958381105655841 72.02818798399018
8.569338914076155 72.81985114236642
8.995058088176782 73.7247064815246
9.252243152830534 74.69106865096164
9.489237068868192 75.66257978510326
10.022145487807384 76.50875270893368
10.716348315803181 77.22853214292901
11.269246764028088 78.06178078886279
11.791862464875445 78.91434916103468
12.063263236337653 79.87681558707234
12.747749955860296 80.60584091639714
13.697208969451852 80.91973195084978
14.049931690709217 81.85545983966618
14.618840946452035 82.67786014288241
15.370953274393306 82.01882520742089
16.083965691641662 81.31767380233805
16.76678825432771 80.58708955128492
17.426615570554894 79.83567228187968
18.069424908377535 79.06964607135681
18.699916761021974 78.29345020448494
19.321692075782025 77.51025453419874
19.937440736613645 76.7223119051425
20.549116774772905 75.93120355330832
21.15809955319701 75.1380201094677
21.765336382542316 74.34349922674235
22.371461635682255 73.54813001844595
22.97689060534266 72.75223067638319
23.56621394057971 71.94433340163529
24.151265182524092 71.13333707346891
24.75987175544029 70.33986493192694
25.38354330101383 69.55817841979953
26.01086868047873 68.77942116090608
26.63537899175647 67.99840459827263
27.254817698301792 67.2133595748291
27.86922570377795 66.42437110672148
28.479549235086097 65.6322188567521
29.0868917080795 64.8377787265357
29.69220062077272 64.04178807318974
30.296186112377388 63.244792762079896
30.899339788022093 62.447167760242394
31.501984468082746 61.649158117697525
32.10432425558114 60.850918316386924
32.70648455275196 60.05254310603082
33.308540697265734 59.25408935104359
33.9105371373325 58.45559058075841
34.512499707885176 57.65706627702457
35.11444323779655 56.858527619977934
35.71637614796581 56.05998095781274
36.31830317635963 55.26142986208437
36.92022696732757 54.46287632607894
37.52214898626977 53.664321454380975
38.12407004014238 52.86576585524908
38.72599057081088 52.067209861745965
39.32791081900105 51.268653655321714
39.929830915257114 50.47009733437554
40.53175093007712 49.671540952046094
41.133670901387134 48.872984536920555
41.73559084951906 48.0744281043243
42.337510785337635 47.27587166244673
42.939430714631364 46.477315215651
43.541350640475784 45.67875876625531
44.14327056450078 44.880202315488205
44.74519048756807 44.08164586399923
45.34711041013222 43.283089412131005
45.94903033243253 42.4845329600639
46.55095025459471 41.68597650789269
47.15287017668471 40.887420055667064
47.75479009873704 40.08886360341305
48.356710020769725 39.29030715114423
48.95862994279221 38.49175069886772
49.560549864809374 37.693194246587204
50.16246978682379 36.894637794304614
50.76438970883678 36.096081342020945
51.36630963084903 35.29752488973672
51.96822955286089 34.498968437452206
52.57014947487255 33.70041198516754
53.17206939688412 32.901855532882806
53.773989318895644 32.10329908059803
54.37590924090713 31.304742628313228
54.9778291629186 30.50618617602842
55.57974908493007 29.707629723743608
56.18166900694153 28.90907327145879
56.783588928952994 28.11051681917397
57.385508850964456 27.31196036688915
57.98742877297592 26.51340391460433
58.58934869498737 25.714847462319504
59.19126861699883 24.916291010034683
59.79318853901029 24.11773455774986
60.39510846102175 23.31917810546504
60.99702838303321 22.520621653180218
61.598948305044665 21.722065200895393
62.20086822705612 20.923508748610573
62.80278814906758 20.124952296325752
63.40470807107903 19.326395844040928
63.91337615020781 18.651554952743965
64.63974314962888 19.33886200359679
65.36611014904997 20.02616905444963
66.09247714847103 20.71347610530247
66.81884414789212 21.400783156155295
67.5452111473132 22.08809020700813
68.27157814673427 22.77539725786096
68.99794514615536 23.46270430871379
69.72431214557643 24.150011359566626
70.45067914499751 24.837318410419456
71.1770461444186 25.524625461272286
71.90341314383967 26.21193251212512
72.62978014326075 26.89923956297795
73.35614714268183 27.586546613830777
74.08251414210292 28.27385366468361
74.808881141524 28.961160715536447
75.53524814094507 29.64846776638928
76.26161514036616 30.33577481724211
76.98798213978723 31.023081868094945
77.71434913920831 31.71038891894778
78.4407161386294 32.39769596980061
79.16708313805047 33.08500302065344
78.4407161386294 32.39769596980061
77.71434913920832 31.710388918947775
76.98798213978723 31.02308186809494
76.26161514036615 30.335774817242108
75.53524814094507 29.648467766389278
74.808881141524 28.961160715536444
74.08251414210292 28.27385366468361
73.35614714268183 27.586546613830777
72.62978014326076 26.899239562977947
71.90341314383969 26.211932512125117
71.1770461444186 25.524625461272286
70.45067914499752 24.83731841041945
69.72431214557645 24.15001135956662
68.99794514615536 23.46270430871379
68.27157814673429 22.775397257860956
67.5452111473132 22.088090207008122
66.81884414789212 21.40078315615529
66.09247714847103 20.713476105302455
65.36611014904996 20.026169054449625
64.63974314962888 19.338862003596795
63.91337615020781 18.651554952743965
63.311456228196356 19.450111405028785
62.70953630618489 20.248667857313606
62.10761638417344 21.04722430959843
61.50569646216198 21.84578076188325
60.903776540150524 22.644337214168072
60.301856618139055 23.44289366645289
59.6999366961276 24.241450118737713
59.09801677411615 25.040006571022534
58.49609685210469 25.838563023307355
57.89417693009323 26.63711947559218
57.29225700808177 27.435675927877
56.690337086070315 28.23423238016182
56.08841716405885 29.03278883244664
55.48649724204739 29.831345284731462
54.884577320035945 30.629901737016283
54.28265739802448 31.428458189301107
53.68073747601303 32.227014641585924
53.07881755400156 33.025571093870745
52.476897631990106 33.82412754615557
51.87497770997865 34.622683998440394
51.27305778796719 35.42124045072521
50.671137865955735 36.219796903010035
50.069217943944274 37.01835335529485
49.46729802193282 37.81690980757968
48.865378099921365 38.6154662598645
48.2634581779099 39.41402271214932
47.66153825589845 40.212579164434146
47.05961833388698 41.01113561671896
46.457698411875526 41.80969206900379
45.855778489864065 42.60824852128861
45.25385856785261 43.40680497357343
44.651938645841156 44.20536142585825
44.0500187238297 45.00391787814307
43.44809880181824 45.802474330427884
42.84617887980678 46.60103078271271
42.24425895779532 47.399587234997526
41.64233903578386 48.198143687282354
41.04041911377241 48.99670013956718
40.438499191760954 49.795256591852
39.83657926974949 50.59381304413682
39.23465934773804 51.392369496421644
38.63273942572657 52.19092594870646
38.030819503715115 52.989482400991285
37.42889958170366 53.7880388532761
36.8269796596922 54.58659530556092
36.225059737680745 55.38515175784574
35.62313981566928 56.18370821013057
35.02121989365783 56.98226466241539
34.41929997164637 57.7808211147002
33.81738004963491 58.57937756698503
33.21546012762345 59.377934019269844
32.613540205612 60.17649047155467
32.011620283600536 60.975046923839486
31.40970036158908 61.77360337612432
30.807780439577623 62.57215982840914
30.20586051756616 63.37071628069396
29.603940595554704 64.16927273297878
29.00202067354325 64.96782918526361
28.40010075153179 65.76638563754842
27.79818082952033 66.56494208983325
27.196260907508872 67.36349854211807
26.594340985497414 68.1620549944029
25.99242106348596 68.96061144668771
25.3905011414745 69.75916789897254
24.78858121946304 70.55772435125735
24.186661297451586 71.35628080354218
23.584741375440128 72.15483725582699
22.982821453428663 72.95339370811182
22.38090153141721 73.75195016039663
21.778981609405754 74.55050661268146
21.1770616873943 75.34906306496627
20.575141765382835 76.14761951725109
19.973221843371377 76.94617596953591
19.371301921359922 77.74473242182074
18.769381999348457 78.54328887410557
18.167462077337003 79.34184532639038
17.565542155325545 80.14040177867521
16.96362223331409 80.93895823096004
16.361702311302626 81.73751468324485
15.75978238929117 82.53607113552967
15.157862467279713 83.3346275878145
14.555942545268259 84.13318404009932
13.954022623256794 84.93174049238414
13.35210270124534 85.73029694466895
12.750182779233883 86.52885339695378
12.148262857222427 87.3274098492386
11.546342935210966 88.12596630152342
10.944423013199508 88.92452275380823
10.34250309118805 89.72307920609306
9.740583169176595 90.52163565837789
9.13866324716513 91.3201921106627
8.536743325153676 92.11874856294752
7.93482340314222 92.91730501523234
7.332903481130763 93.71586146751717
6.730983559119301 94.51441791980199
6.4392899690952135 94.90140261641322
7.2608522434793725 95.47152140167532
8.08241451786353 96.04164018693741
8.90397679224769 96.61175897219951
9.725539066631848 97.1818777574616
10.547101341016006 97.7519965427237
11.368663615400166 98.3221153279858
12.190225889784323 98.8922341132479
13.011788164168482 99.46235289850999
13.833350438552642 100.03247168377209
14.6549127129368 100.60259046903418
15.476474987320959 101.17270925429628
16.29803726170512 101.74282803955839
17.11959953608928 102.31294682482047
17.941161810473435 102.88306561008257
18.762724084857595 103.45318439534466
19.584286359241755 104.02330318060676
20.405848633625915 104.59342196586886
21.227410908010075 105.16354075113097
22.048973182394228 105.73365953639305
22.870535456778388 106.30377832165514
23.692097731162548 106.87389710691724
24.513660005546704 107.44401589217935
25.33522227993086 108.01413467744143
26.156784554315024 108.58425346270354
26.97834682869918 109.15437224796564
27.799909103083344 109.72449103322774
28.6214713774675 110.29460981848982
29.443033651851657 110.86472860375193
30.26459592623582 111.43484738901401
31.086158200619977 112.0049661742761
31.907720475004137 112.5750849595382
32.7292827493883 113.14520374480031
33.55084502377245 113.7153225300624
34.37240729815661 114.2854413153245
35.193969572540766 114.8555601005866
36.01553184692494 115.42567888584868
36.83709412130909 115.9957976711108
37.65865639569324 116.56591645637289
38.480218670077406 117.13603524163499
39.30178094446156 117.70615402689708
40.123343218845726 118.27627281215916
40.94490549322988 118.84639159742126
41.76646776761404 119.41651038268336
42.588030041998195 119.98662916794547
43.40959231638236 120.55674795320755
44.231154590766515 121.12686673846964
45.05271686515068 121.69698552373175
45.874279139534835 122.26710430899385
46.69584141391899 122.83722309425595
47.269919179787486 123.23560131673246
46.936361705152216 124.17833108242087
46.60280423051695 125.1210608481093
46.26924675588169 126.0637906137977
45.935689281246425 127.00652037948615
45.602131806611155 127.94925014517456
45.26857433197589 128.89197991086297
44.93501685734063 129.8347096765514
44.601459382705364 130.77743944223982
44.267901908070094 131.72016920792825
43.93434443343483 132.66289897361668
43.60078695879957 133.60562873930508
43.2672294841643 134.54835850499347
42.93367200952903 135.49108827068193
42.60011453489376 136.43381803637035
42.26655706025849 137.37654780205875
41.932999585623236 138.31927756774718
41.59944211098797 139.2620073334356
41.2658846363527 140.20473709912403
40.93232716171743 141.14746686481243
40.59876968708217 142.09019663050086
40.265212212446905 143.03292639618928
39.93165473781164 143.9756561618777
39.59809726317637 144.91838592756613
39.26453978854111 145.86111569325453
38.930982313905844 146.80384545894296
38.59742483927057 147.74657522463139
38.27159827065109 148.69200478159564
37.945771702031614 149.63743433855993
37.61994513341213 150.5828638955242
37.294118564792655 151.52829345248847
36.96829199617318 152.47372300945273
36.6424654275537 153.41915256641698
36.31663885893422 154.3645821233813
35.99081229031474 155.31001168034555
35.66498572169527 156.2554412373098
35.339159153075784 157.2008707942741
35.01333258445631 158.14630035123835
34.687506015836824 159.09172990820264
34.36167944721734 160.0371594651669
34.03585287859787 160.98258902213118
33.71002630997839 161.92801857909544
33.38419974135891 162.87344813605972
33.05837317273943 163.81887769302398
32.732546604119946 164.76430724998824
32.40672003550048 165.70973680695255
32.080893466880994 166.6551663639168
31.755066898261514 167.60059592088106
31.42924032964204 168.54602547784532
31.10341376102256 169.49145503480958
30.77758719240308 170.43688459177386
30.489711345216875 171.27219503259866
29.4902323406547 171.23991935383899
28.490753336092517 171.20764367507928
27.49127433153034 171.1753679963196
26.491795326968166 171.14309231755993
25.492316322405987 171.11081663880026
24.492837317843808 171.07854096004056
23.493358313281632 171.04626528128085
22.493879308719453 171.01398960252118
21.494400304157278 170.9817139237615
20.4949212995951 170.94943824500183
19.49544229503292 170.91716256624215
18.495963290470744 170.88488688748245
17.49648428590857 170.8526112087228
16.49700528134639 170.8203355299631
15.497526276784209 170.7880598512034
14.498047272222035 170.75578417244373
13.498568267659854 170.72350849368402
12.499089263097678 170.69123281492435
11.4996102585355 170.65895713616464
10.500131253973324 170.62668145740497
9.500652249411143 170.5944057786453
8.501173244848967 170.56213009988562
7.501694240286788 170.52985442112595
6.502215235724613 170.49757874236624
5.502736231162434 170.46530306360657
4.503257226600258 170.4330273848469
3.503778222038078 170.40075170608722
3.2932078970151792 170.39395186323333
3.452452920269103 171.38119095411702
3.6116979435230276 172.3684300450007
3.7709429667769516 173.3556691358844
3.930187990030876 174.3429082267681
4.0894330132848005 175.33014731765178
4.248678036538725 176.31738640853547
4.407923059792648 177.30462549941916
4.567168083046573 178.29186459030285
4.726413106300496 179.27910368118654
4.885658129554422 180.26634277207023
5.044903152808345 181.25358186295392
5.204148176062269 182.2408209538376
5.363393199316193 183.2280600447213
5.522638222570118 184.215299135605
5.681883245824041 185.20253822648868
5.841128269077966 186.18977731737237
6.00037329233189 187.17701640825607
6.159618315585814 188.16425549913976
6.318863338839739 189.15149459002345
6.478108362093662 190.1387336809072
6.637353385347587 191.12597277179083
6.796598408601511 192.11321186267452
6.955843431855435 193.10045095355824
7.115088455109359 194.0876900444419
7.274333478363284 195.0749291353256
7.433578501617207 196.06216822620928
7.592823524871132 197.04940731709297
7.752068548125055 198.03664640797666
7.9113135713789795 199.02388549886035
8.070558594632903 200.01112458974404
8.229803617886828 200.99836368062776
8.389048641140752 201.98560277151145
8.548293664394677 202.97284186239511
8.7075386876486 203.9600809532788
8.866783710902524 204.94732004416252
9.02602873415645 205.93455913504621
9.185273757410371 206.92179822592988
9.344518780664298 207.90903731681357
9.503763803918222 208.89627640769731
9.663008827172145 209.883515498581
9.822253850426069 210.8707545894647
9.981498873679994 211.85799368034833
10.140743896933918 212.84523277123205
10.299988920187841 213.83247186211574
10.459233943441767 214.81971095299943
10.61847896669569 215.80695004388315
10.777723989949616 216.79418913476684
10.936969013203539 217.78142822565053
11.096214036457464 218.76866731653422
11.255459059711388 219.75590640741788
11.414704082965311 220.74314549830154
11.573949106219235 221.73038458918526
11.73319412947316 222.71762368006895
11.892439152727086 223.70486277095264
12.05168417598101 224.69210186183633
12.060529864220614 224.74694068214902
11.734703295601133 225.69237023911327
11.408876726981655 226.63779979607756
11.083050158362173 227.58322935304184
10.757223589742694 228.5286589100061
10.431397021123212 229.47408846697036
10.105570452503732 230.41951802393464
9.779743883884251 231.3649475808989
9.49253711301077 232.3228161891978
9.205330342137287 233.28068479749666
8.918123571263806 234.23855340579553
8.630916800390324 235.1964220140944
8.343710029516842 236.15429062239326
8.05650325864336 237.11215923069216
7.76929648776988 238.07002783899105
7.482089716896397 239.02789644728992
7.194882946022916 239.98576505558881
6.939088406732459 240.95249622487486
6.6832938674420035 241.9192273941609
6.427499328151547 242.885958563447
6.17170478886109 243.85268973273304
5.915910249570635 244.81942090201912
5.660115710280178 245.78615207130517
5.442596624310464 246.76220813897694
5.2250775383407495 247.73826420664875
5.007558452371034 248.71432027432053
4.79003936640132 249.6903763419923
4.572520280431606 250.66643240966405
4.4131283752582915 251.65364779678345
4.253736470084977 252.6408631839028
4.094344564911662 253.62807857102212
3.995372477689811 254.62316878097846
3.8964003904679587 255.6182589909348
3.7974283032461074 256.6133492008911
3.7913900546821875 257.61333097050203
3.7853518061182685 258.61331274011303
3.8683771527947615 259.6098601759179
4.01510918990252 260.59903645408383
4.16184122701028 261.58821273224976
4.410330874740783 262.55684728406527
4.724317854175281 263.50627457287976
5.094482326307601 264.43524080669613
5.5134091786302335 265.34326079127965
5.97412571783309 266.23080812551314
6.470202000202878 267.09908706805993
6.9662782825726675 267.9673660106067
7.519521648728157 268.80038568492716
8.094155749319519 269.61879612623244
8.68584599249895 270.4249615286942
9.291858477384535 271.22041666140933
9.91008155628716 272.0064193488807
10.538850231881709 272.7840117566311
11.177637983841297 273.5533947613475
11.824692386612696 274.3158385952488
12.478817493626218 275.0722249676634
13.139204325480556 275.82315055140214
13.80525540263104 276.56905668666764
14.476489689916239 277.3103019440371
15.152495314905128 278.0471984055454
15.832906446595876 278.7800290079845
16.517391800277064 279.5090556197045
17.2056485587507 280.23452280325955
17.897398753908554 280.95665967913493
18.592386754606263 281.67568101323167
19.290377266770054 282.391788019851
19.99115359800083 283.1051690776222
20.694516089253355 283.8160004260439
21.400280677274765 284.52444685753676
22.10827757395775 285.2306624013244
22.81835005559739 285.9347909910139
23.53035335620924 286.63696710846443
24.244153658609783 287.337316398671
24.959627176355728 288.03595625253297
25.6766593193127 288.7329963560898
26.395143935619004 289.4285392060503
27.11498262305531 290.122680592275
27.836084103232626 290.8155100484084
28.558363652498947 291.5071112721722
29.281742583987437 292.1975625169959
30.006147775746843 292.8869369567252
30.731511240395 293.5753030251464
31.457769732200774 294.26272473201925
32.18486438792678 294.94926195724065
32.91274039815254 295.63497072467607
33.64134670614588 296.3199034571048
34.37063573166231 297.0041092136293
35.10056311732896 297.6876339108085
35.831087495517316 298.3705205286833
36.5621702738276 299.0528093027798
37.293775437502006 299.734537903093
38.02586936725704 300.41574160098065
38.758420671177085 301.0964534248276
39.49140002944843 301.776704305274
40.224780050832756 302.4565232107439
40.95853513988675 303.1359372739538
41.69264137403012 303.8149719100305
42.427076389649585 304.49365092682126
43.16181927650248 305.1719966279347
43.89685047975135 305.85002990901353
44.63215170902245 306.5277703477011
45.367705853934986 307.2052362877321
46.10349690559785 307.8824449175448
46.83950988361352 308.5594123437867
47.57573076816997 309.2361536600538
48.3121464368357 309.9126830111862
49.04874460570698 310.58901365341336
49.78551377458426 311.2651580106271
50.522443175882145 311.9411277270366
51.25952272700057 312.616933716447
51.996742985907886 313.292586208381
52.73409510970505 313.9680947912516
53.47157081595886 314.64346845277936
54.20916234660882 315.3187156178334
54.946862434267025 315.9938441838629
55.68466427074399 316.66886155407735
56.42256147764665 317.34377466851896
57.160548078905286 318.0185900331653
57.89861847509762 318.693313747188
58.636767419447445 319.3679515284864
59.374989995384404 320.0425087376073
60.11328159555945 320.7169904001534
60.851637902218464 321.3914012277777
61.590054868842884 322.06574563785404
62.32852870297318 322.7400277719084
63.06705585013676 323.4142515128894
63.805632978807125 324.08842050135223
64.54425696632649 324.76253815062495
65.28292488572843 325.4366076610216
66.02163399340216 326.1106320331624
66.76038171754257 326.7846140804584
67.49916564733606 327.45855644081195
68.23798352283336 328.13246158758386
68.9768332254656 328.80633183987305
69.71571276916157 329.48016937215186
70.45462029202791 330.15397622329806
71.1935540485556 330.8277543050608
71.93251240231893 331.50150540999743
72.67149381913602 332.17523121891304
73.41049686066053 332.8489333078348
74.14952017837761 333.52261315455013
74.88856250797811 334.19627214473627
75.62762266408684 334.86991157770655
76.36669953532274 335.54353267179744
77.10579207966934 336.21713656941927
77.84489932013638 336.8907243417914
78.5840203406938 337.56429699338156
79.32315428246088 338.23785546606814
80.06230034013467 338.9114006430424
80.80145775864207 339.5849333524675
81.54062583000213 340.2584543709085
82.2798038903846 340.93196442654926
83.018991317353 341.6054642022076
83.75818752728013 342.2789543381631
84.49739197292548 342.9524354348081
85.23660414116394 343.6259080551337
85.97582355085697 344.2993727270602
86.71504975085655 344.97282994562283
87.45428231813422 345.64628017502076
88.19352085602678 346.31972385053825
88.93276499259173 346.9931613803466
89.67201437906544 347.6665931471932
90.41126868841785 348.34001950998567
91.1505276139969 349.0134408052769
91.88979086825825 349.68685734865767
92.62905818157364 350.3602694360629
93.36832930111424 351.0336773449956
94.10760398980325 351.70708133567564
94.84688202533407 352.38048165211575
95.58536627490997 353.05475237899645
96.32228739388776 353.7307311245237
97.05710057845828 354.40900067549984
97.7894693393505 355.0899088910981
98.51921245205395 355.77363031789554
99.24625686033055 356.4602207550513
99.97060260737192 357.14965765480576
100.6922980034523 357.84186842854194
101.41142234184821 358.53674984714985
102.12807395996344 359.23418117585027
102.84236203893202 359.9340329746215
103.55440100778311 360.6361729228067
104.26430675945295 361.3404696101097
104.97219412576136 362.0467949435226
105.67817522587636 362.75502561659493
106.38235841948986 363.4650439472261
107.08484767729382 364.1767382936066
107.78574223810215 364.89000319154377
108.48513646156071 365.60473931081634
109.18311981302551 366.3208532969093
109.87977693647396 367.03825754302756
110.57518778477821 367.7568699225903
111.26942778606578 368.4766135023548
111.96256803145322 369.19741624945294
112.65467547401853 369.9192107409432
113.34581313207559 370.64193388130565
114.0360402920463 371.36552663115793
114.72541270778557 372.0899337490259
115.41398279430007 372.81510354704386
116.10179981456149 373.54098766082427
116.78891005864087 374.2675408333321
117.47535701475826 374.99472071234214
118.16118153209331 375.7224876609061
118.84642197537656 376.450804580172
119.53111437139873 377.17963674386226
120.2152925476529 377.90895164370835
120.898988263376 378.6387188451513
121.58223650036695 379.36890501774616
122.27359925328425 380.0914128335368
122.9815254662984 380.7976992321935
123.71208689623889 381.48054621145263
124.4689347110845 382.13413735671355
125.25788710319605 382.74859168616484
126.07502470566688 383.3250343447427
126.91762517962941 383.86357351813507
127.78368533511835 384.3635133215859
128.6712758555673 384.8241466551704
129.57830802767745 385.24520797939425
130.50253800107518 385.62704427451723
131.44166653105958 385.9706102858882
132.39467757488157 386.27354584067393
133.3580874802526 386.54157821601876
134.329685256841 386.77821667554815
135.30792216379314 386.9857077690358
136.29156602143559 387.16583206312816
137.2795699438535 387.320260846996
138.2710304867418 387.45066787094646
139.2651744478585 387.5587316695804
140.2615466784408 387.64383383244643
141.25937112389735 387.70976088341445
142.258168985884 387.7587795624149
143.25758108095215 387.79306460626105
144.2566625644656 387.835915385723
145.25463534530496 387.89955757851806
146.2499038875482 387.99671996229404
147.23905696799068 388.14360829896896
148.20543426745144 388.4007365064588
149.1793778009889 388.6275271444502
150.16947694558286 388.7678969555717
151.1682645504176 388.81712418816164
152.16799912146848 388.7940853634151
153.1653349150122 388.72113801996454
154.1597591644618 388.6156846553591
155.15174252630078 388.48931610771103
156.14190022162165 388.34935990600195
157.13074921699476 388.20043823414187
158.1191116686007 388.04832096275084
159.10747412020666 387.8962036913597
159.73104116044144 387.80023149357356
159.86457691135612 387.7775015356791
159.86538778770645 387.77955442077763
158.87702533610047 387.9316716921686
158.88245683629077 387.94467435494386
159.86457691135612 387.7775015356791
160.23194999832577 388.7075751967245
160.5993230852954 389.63764885776993
160.96669617226505 390.56772251881534
161.33406925923467 391.4977961798607
161.70144234620432 392.42786984090606
162.068815433174 393.3579435019515
162.43618852014362 394.2880171629969
162.80356160711327 395.2180908240423
163.17093469408286 396.1481644850877
163.53830778105254 397.0782381461332
163.9056808680222 398.00831180717853
164.27305395499184 398.93838546822394
164.64042704196146 399.86845912926935
165.0078001289311 400.7985327903147
165.37517321590073 401.7286064513601
165.74254630287038 402.6586801124055
166.10991938984003 403.58875377345095
166.47729247680968 404.5188274344963
166.8446655637793 405.4489010955417
167.21203865074895 406.3789747565871
167.5794117377186 407.30904841763254
167.94678482468822 408.23912207867795
168.31415791165784 409.16919573972336
168.68153099862752 410.0992694007688
169.04890408559714 411.0293430618141
169.4162771725668 411.95941672285954
169.78365025953644 412.8894903839049
170.15102334650607 413.8195640449503
170.51839643347574 414.7496377059957
170.88576952044536 415.67971136704114
171.253142607415 416.60978502808655
171.62051569438466 417.53985868913196
171.9878887813543 418.4699323501774
172.35526186832394 419.4000060112228
172.72263495529356 420.33007967226814
173.0900080422632 421.26015333331355
173.45738112923289 422.19022699435897
173.8247542162025 423.1203006554044
174.19212730317213 424.05037431644973
174.55950039014175 424.98044797749515
174.92687347711143 425.91052163854056
175.29424656408108 426.84059529958597
175.6616196510507 427.7706689606314
176.02899273802035 428.7007426216768
176.39636582499 429.6308162827222
176.7637389119596 430.5608899437676
177.13111199892924 431.490963604813
177.49848508589892 432.4210372658584
177.86585817286857 433.3511109269038
178.14612851945958 434.06066771421933
178.5135016047572 434.99074137592515
178.88087469140737 435.92081503709676
179.2482477785742 436.8508886980643
179.6156208659462 437.7809623589508
180.01022087767956 438.69981535630126
180.43671193313043 439.604307136043
180.88628957963166 440.49754839111716
181.35194286701596 441.38251563115955
181.83060572890173 442.26051441512874
182.32222657505315 443.1313237763723
182.83098865758606 443.9922309394142
183.3617235035236 444.83976885792146
183.9237775218333 445.66686938415876
184.5346869044736 446.45856991226395
185.19269764586463 447.2115784541903
185.88788663100848 447.93040546741025
186.603216323519 448.6291925816395
187.32571524296088 449.32056463155567
188.04576564523643 450.0144863981712
188.7565056081873 450.717941233299
189.45104132263708 451.4373994609632
190.13047123273165 452.17113987641596
190.79510395861618 452.91831009777343
191.4443720039075 453.67886976365355
192.0763961798303 454.4538184335983
192.68831621614305 455.2447380686808
193.2817644834071 456.049610203918
193.85936325894147 456.865931007586
194.4248569423887 457.6906836335178
194.97794501323554 458.52380642511986
195.53203954049496 459.3562601805088
196.10423520032523 460.17637732267286
196.7227531971719 460.9621479556038
197.43218375920577 461.66692329402895
198.21031853186395 462.2950206396531
199.04273266377413 462.84917469133563
199.9013428056623 463.3618038206746
200.76458990636718 463.86658540029555
201.62130979127434 464.3823673685773
202.4607026299462 464.92589258637906
203.27861088419763 465.50124125251756
204.07138562548036 466.1107559853864
204.83918447934724 466.7514469561365
205.58286901083545 467.41997767168004
206.30447545007127 468.11228117943756
207.00579242331884 468.8251307449385
207.6900998726481 469.5543243507748
208.36626161897945 470.29107756101416
209.04748255642906 471.02315544920657
209.75568942992192 471.7291604239323
210.50231842917242 472.3944010852558
211.3032119430702 472.9932078816405
212.163805405703 473.50250042240043
213.07718909512516 473.9096002085678
214.0344442574712 474.19884500828243
215.02262502136372 474.35213811925865
216.02228165506932 474.3783414527942
217.02124708136034 474.3328653373572
218.02036995952255 474.29099083040035
219.02011790409745 474.31344182855855
220.01322593654163 474.4306443707447
220.9888871109022 474.64992791514635
221.9404388964142 474.9574164506869
222.8607870662527 475.34851649706246
223.74722962383413 475.8113551213242
224.59524898498523 476.34132036840447
225.40946490372616 476.92188254222293
226.21427111315316 477.51542021185116
227.02828754376026 478.0962620583995
227.8796506697476 478.62083886660685
228.78036419079584 479.0552524402908
229.72192648797008 479.39209133433366
230.6950345233091 479.6224405291633
231.67771494654068 479.80774888244866
232.66134544957498 479.987946089698
233.6372356707914 480.2062080335504
234.60267121412747 480.4668499558565
235.54478773551574 480.80213559546445
236.4741745803163 481.17124275160177
237.38811845742163 481.5770833477743
238.2844681354701 482.0204311284864
239.15737152564716 482.5083242227369
240.0059851945498 483.03733730476006
240.82986299554932 483.60410477826235
241.62748550974322 484.207261743613
242.4009183324738 484.84114001956425
243.15115334212155 485.50231127597124
243.88013219548833 486.1868474922111
244.59241882003175 486.88873620454126
245.296446450347 487.598908786209
246.00429221632186 488.305275809499
246.73765123506666 488.98511737164836
247.50824156471722 489.6224481678987
248.32861126206393 490.1942816748526
249.1916823755901 490.6993640968362
250.07877291538261 491.16095956281333
250.9718201622333 491.61092246672035
251.86336452511947 492.0638558492458
252.75925778160814 492.50812521908597
253.66661369476253 492.92848845114094
254.59800229025618 493.2925149394414
255.5589896149744 493.5691073502753
256.54355122538885 493.7441457326321
257.5418257063547 493.80286592211024
258.53969777406724 493.737663648537
259.5230033725079 493.5557018391505
260.4779712750426 493.2589927136951
261.3991969599788 492.8699641319509
262.2839759462855 492.4039532464665
263.13370110615074 491.87672734356335
263.9506217371915 491.2999772394628
264.7390854176742 490.6848959240583
265.50284257184546 490.0393922374289
266.2423488263192 489.36624255155346
266.9540148118936 488.6637245624768
267.6380294418474 487.93425627254965
268.300559558552 487.1852209967052
268.95049571048895 486.4252321820471
269.59363090192596 485.659479529074
270.23846496580154 484.8951569335257
270.8920459027947 484.1383003032455
271.55513820906623 483.38976266667436
272.2260097566 482.64818909196333
272.90653986849276 481.91546897704416
273.6144042223691 481.2091205810587
274.3560811793566 480.538363328788
275.1459561199119 479.92509537896285
275.9826900744754 479.3774857650219
276.8707608613912 478.91777903521836
277.8008919722459 478.5505514264794
278.7674575402109 478.2941318429363
279.7572935764029 478.15191854729983
280.75528859714257 478.088626062921
281.7545823028774 478.0510482812036
282.7536490955505 478.00785634008173
283.750347443946 477.9266627300764
284.74403188008586 477.814452029279
285.73624377518286 477.6898905776656
286.72574582630125 477.54537175248197
287.70638596930917 477.3495531887005
288.674931216186 477.1007156819771
289.62797691445246 476.7978891689109
290.5575054602637 476.42913900616924
291.45084129055044 475.9797493152262
292.3224010786536 475.48946007838583
293.16901581144566 474.9572538268071
293.9886218906725 474.38432636639493
294.78053616048953 473.77369407994087
295.5457122095798 473.1298729759852
296.2864143442089 472.4580394045139
297.0130419559037 471.7710078812759
297.7478934773594 471.0927798654772
298.50643020065024 470.44114957196774
299.3092047686765 469.8448669267984
300.1685774345708 469.3335171237147
301.08625937787394 468.9362013161568
302.04374091190857 468.647706754713
303.0204419764367 468.4331023965337
303.99881711241767 468.22626407007
304.97056999714874 467.99026336876415
305.94252103439584 467.75508007600223
306.9251699540642 467.56960473889615
307.9199895180449 467.46794828252825
308.91996467048875 467.46089885029266
309.9162575240119 467.5469252998229
310.8988773521459 467.7325546977044
311.8586455151493 468.01334834664465
312.79143157302656 468.373778881186
313.6923325300845 468.8078036104033
314.5675751873502 469.2914876921162
315.4398458870777 469.7805110314334
316.32583652745626 470.2442141532275
317.2466896244699 470.63412385267134
318.197685396222 470.9433277370415
319.1629753977512 471.20450815925534
320.1321587307318 471.45084871026677
321.09943504008004 471.7045740368971
322.0682244528405 471.9524592396084
323.04764136210866 472.1543069986737
324.0398426496455 472.27895291721984
325.039041201207 472.31898108926725
326.0366638160482 472.2500672419112
327.0210540986227 472.0740678908531
327.9844040955908 471.805820275129
328.9168296034371 471.44445802984404
329.8158061513221 471.00646126461294
330.6818894490039 470.50656155319416
331.5173112600189 469.95695223951725
332.33660606582345 469.3835797417624
333.1687393972919 468.82900412143715
334.0249344637603 468.31235142556187
334.9206999515461 467.86782449624053
335.8186467405442 467.4277204583948
336.7112031649903 466.9767847321766
337.59324275223867 466.5056094287844
338.462274471591 466.01085305362636
339.32228776858096 465.50058143086017
340.1813420636495 464.98869695353716
341.0532155349389 464.4989657516909
341.9448563000193 464.0462221752076
342.86014167314363 463.64341616017725
343.80223493968845 463.3080651841374
344.76717224873323 463.0455847284584
345.75029801408476 462.86265378656515
346.74463401029095 462.7563714895974
347.7440393496215 462.7218900784092
348.7434096516645 462.75737245987625
349.7386368145257 462.8549577779485
350.7270285898061 463.0068844002307
351.70640931685114 463.2089076451621
352.6759448475043 463.45385836428966
353.63549280204677 463.73540360565124
354.5851675272807 464.04864140070777
355.5246854556921 464.39114112653755
356.4546704837385 464.75873852534437
357.3758969889727 465.14776516460427
358.28904579911176 465.55539152604524
359.1946839410268 465.97944288603446
360.0933067410292 466.41816496584795
360.985375965651 466.8700637360198
361.87133836950306 467.3338208049262
362.7513213403171 467.80882603761034
363.6259220344872 468.2936699565752
364.4957159422919 468.7870851549079
365.3611609235703 469.2880891313192
366.22261593336515 469.79592302748944
367.0803767429467 470.30997204611117
367.934702210008 470.8297104383149
368.785828848341 471.35467086112794
369.6339774426044 471.8844292608245
370.47935546231776 472.41859777710533
371.3221577071056 472.95682112868036
372.1625664450024 473.4987742200698
373.0007515741404 474.04416003698464
373.83687096338167 474.59270754352787
374.6710709687035 475.14416955592867
375.5034870723209 475.6983206458296
376.3341726423013 476.2550624924932
377.1666888803828 476.809063136293
378.0070971489031 477.3510169555459
378.8627134691743 477.86862753550486
379.73436465167157 478.358754270188
380.596890309004 478.86476760049004
381.44109700231326 479.4007853790869
382.26704080553395 479.9645378371049
383.0885046363694 480.5347984570228
383.90602757910455 481.1106944876583
384.720505053861 481.69088966440006
385.5327794189037 482.2741652046849
386.3435134548806 482.85957986363064
387.1531880678679 483.44645891512573
387.9621388078217 484.03433534799944
388.77059565834793 484.62289080064363
389.57883378309236 485.2117465840997
389.57962659083523 485.2091401663653
390.3870073116381 485.7991709890143
391.194388032441 486.3892018116632
391.3279307037145 486.48679429828087
391.5504649502862 485.51186942471224
391.7729991968578 484.5369445511436
391.9955334434295 483.562019677575
392.21806769000125 482.5870948040064
392.4406019365729 481.6121699304378
392.66313618314456 480.6372450568692
392.8856704297162 479.66232018330055
393.10820467628787 478.687395309732
393.3307389228595 477.71247043616336
393.55327316943124 476.73754556259473
393.77580741600286 475.7626206890261
393.99834166257455 474.7876958154575
394.2208759091462 473.81277094188886
394.44341015571786 472.83784606832023
394.6659444022896 471.86292119475166
394.8884786488612 470.88799632118304
395.11101289543285 469.9130714476144
395.33354714200453 468.93814657404573
395.5560813885762 467.9632217004772
395.77861563514784 466.9882968269086
396.0011498817196 466.01337195333997
396.2236841282912 465.03844707977134
396.44621837486284 464.0635222062027
396.6687526214346 463.08859733263404
396.8912868680062 462.1136724590655
397.1138211145779 461.1387475854969
397.3363553611496 460.1638227119283
397.5588896077212 459.18889783835965
397.7529681308024 458.3386377885369
398.0439786251706 457.381917927675
398.3349891195388 456.42519806681315
398.8526861215115 455.5696340340555
399.58833958735886 454.8922759469356
400.4977285792893 454.47632924198916
401.44108054584257 454.14453553017404
402.3981508146426 453.85467953044474
403.35067698697486 453.5502228159154
404.2839696973411 453.19110623766085
405.2004613835954 452.79105250498634
406.1117403291753 452.3792628944535
407.0399813268268 452.0072835263713
407.99252739794656 451.7028890743942
408.95969398141665 451.44874580806817
409.93343978724346 451.22110770573323
410.90527101049815 450.98542980369893
411.8679403727418 450.7147497360963
412.81721897349166 450.4003135133761
413.74734695043264 450.0330779670142
414.65924248810694 449.6226555890062
415.5556211970174 449.17936650701563
416.439613679031 448.71186539285287
417.32203491370467 448.2414052302492
418.22286276598084 447.8072287908107
419.1498025900201 447.43201876614444
420.10244463252434 447.12792480228893
421.0659405050742 446.8602016176759
422.0304286645513 446.5960755299292
422.9899600082255 446.3144736824445
423.9407987295333 446.0047871860295
424.8763055341063 445.65147851277396
425.79374066566237 445.2535931280379
426.69242735309996 444.8150019313382
427.57593691228465 444.3465888029683
428.448821280144 443.85866167690676
429.31021999598676 443.35073229958704
430.1628406156264 442.8282018421347
431.01344771867537 442.30240001992166
431.87205830163356 441.78977162933825
432.7544861180683 441.3193238120597
433.66135978699856 440.89792121524647
434.59095727713793 440.52934489163533
435.54497220858 440.2295858040574
436.51852939034734 440.0011423453433
437.50656128906684 439.8468926545403
438.500298306115 439.73514856767974
439.49344229865676 439.61825113366956
440.48575406993984 439.494487857319
441.4807760277051 439.3948319314286
442.47901178221446 439.33545703421447
443.4789784651454 439.3436199398252
444.47552581620454 439.42664630369245
445.4632223207946 439.58302921458926
446.44315827885544 439.78234182858904
447.4214287173262 439.9896747714954
448.3958144599075 440.21455790704425
449.3578698456009 440.4874121444284
450.30310091061915 440.81381409559356
451.22197076073434 441.2083748622053
452.11499169886076 441.6583899775822
452.99921253444916 442.1254590451851
453.88995330096645 442.5799707467553
454.8115663855837 442.9680806825496
455.77167434936007 443.2477102551867
456.7551335990137 443.42883977865193
457.75001819599026 443.5298577904061
458.74851008414703 443.5847572374453
459.74492184751887 443.66939527744
460.7360288143281 443.802462855543
461.7166408244424 443.99842225342866
462.68907775749307 444.2315883127918
463.65983368444665 444.4716569077485
464.6403656523595 444.66801642470887
465.6326312699121 444.79214919323874
466.6298817196578 444.8662541221032
467.6292874894416 444.900723054825
468.62920949384454 444.8882336548868
469.62692324207524 444.8206520257889
470.61645105053935 444.6763096679167
471.5890998788716 444.4440291118129
472.53760173837793 444.1272575497794
473.45682740061875 443.73352644626084
474.34693862480333 443.2777830880201
475.2091508863962 442.77123593724446
476.0427668294339 442.2188914256276
476.85567386431524 441.6364979567078
477.6689459422254 441.0546143538354
478.4978836321257 440.49527339675933
479.36334846840384 439.9943037198666
480.2757231443776 439.58494757829567
481.2336366084372 439.2978904491849
482.2213166806961 439.1414037888499
483.2212491642366 439.12978361843193
484.2118443715533 439.26660881801587
485.1805097560731 439.51497824615296
486.12812812042375 439.83438306068354
487.0637845603053 440.1872952686166
487.9986047556953 440.5424166595396
488.9394091307733 440.88136669691096
489.89901837915124 441.1627029555545
490.88389278612544 441.3359726946527
491.883833859479 441.3468285603726
492.8644359378622 441.15081946907674
493.72815061717495 440.6468383655225
494.5114386021411 440.02517934917375
495.19268246734157 439.2931227966269
495.77129122897236 438.47751756064315
496.2555607265342 437.6025986765567
496.6627079533077 436.68923613313234
497.00614495919996 435.7500604184848
497.2999287129012 434.79418850967005
497.5545026836113 433.82713520532906
497.77542435418457 432.8518436512432
497.9693946635256 431.8708362511212
498.14143210746806 430.8857458401021
498.2950228689441 429.89761129562487
498.4327192913927 428.90713681576943
498.55576659520705 427.91473600912724
498.6666552636654 426.92090317448776
498.76729712360935 425.9259804558674
498.8590346488576 424.9301972332424
498.94286914821083 423.9337175411672
499.0196167411684 422.93666698729584
499.0899842767309 421.9391458547183
499.154171795026 420.9412079996917
499.21307778008173 419.94294446488504
499.2674109200525 418.9444216009
499.3176700168657 417.945685387885
499.3642272412909 416.9467697633932
499.4073872016123 415.94770158862985
499.4474172183035 414.94850311096707
499.4845605064528 413.9491931609789
499.5190412452298 412.94978779844905
499.5510664391782 411.9503007365255
499.5808268157011 410.950743674628
499.6084976119384 409.95112658442014
499.6342394811325 408.95145796124024
499.65819951649763 407.95174504409584
499.68051233049925 406.95199400592116
499.70130113011186 405.9522101163677
499.7206787471172 404.9523978800157
499.7387486001479 403.952561153139
499.75549823525375 402.95270143811706
499.7710892491993 401.9528229853619
499.78565201882856 400.95292902811406
499.79927800913833 399.9530218662295
499.81203551749763 398.95310324655065
499.8239809742801 397.95317459606485
499.83516475211127 396.9532371364638
499.84563372400663 395.95329193765167
499.8554322379793 394.95333994424203
499.8646024134632 393.9533819911852
499.87318419190456 392.95341881532386
499.8812153282039 391.9534510654191
499.8887313931684 390.9534793114343
499.8957658060708 389.9535040532228
499.90234989635894 388.95352572858013
499.90851298728666 387.95354472060535
499.91428249357955 386.9535613643453
499.919684026524 385.9535759527308
499.9247415015545 384.95358874183944
499.92947724492075 383.9535999555349
499.93391209720903 382.9536097895407
499.93806551235843 381.95361841500653
499.94195565142763 380.95362598162615
499.9455994707761 379.9536326203579
499.9490128046032 378.9536384457988
499.9522104419542 377.9536435582542
499.9552061984111 376.95364804554265
499.95801298274347 375.95365198456955
499.9606428588249 374.95365544269964
499.96310710312434 373.95365847895425
499.96541625808555 372.9536611450561
499.96758018168885 371.9536634863415
499.96960809347934 370.95366554255673
499.9714943602426 369.95366732155946
499.9732724240776 368.9536689023162
499.9749734780885 367.95367034910964
499.9766208287237 366.95367170599263
499.97823096133965 365.953673002257
499.97981535063445 364.9536742574025
499.9813819443017 363.95367548451105
499.98293623868443 362.9536766924273
499.9844820330332 361.9536778871681
499.98602195311867 360.9536790728457
499.98755781360046 359.95368025228015
499.9890908685643 358.9536814274096
499.9906219846868 357.9536825995686
499.9921517609125 356.9536837696769
499.99368061116076 355.9536849383691
499.9952088214834 354.9536861060832
499.99641282473317 353.9536868308953
499.99761682798305 352.9536875557075
499.99882083123293 351.9536882805197
499.99942439146514 350.9536884626622
