0.1495782856436314
155973
1056
0.0 100.0
0.0 101.0
0.0 102.0
0.0 103.0
0.0 104.0
0.0 105.0
0.0 106.0
0.0 107.0
0.0 108.0
0.0 109.0
0.0 110.0
0.0 111.0
0.0 112.0
0.0 113.0
0.0 114.0
0.0 115.0
0.0 116.0
0.0 117.0
0.0 118.0
0.0 119.0
0.0 120.0
0.0 121.0
0.0 122.0
0.0 123.0
0.0 124.0
0.0 125.0
0.0 126.0
0.0 127.0
0.0 128.0
0.0 129.0
0.0 130.0
0.0 131.0
0.0 132.0
0.0 133.0
0.0 134.0
0.0 135.0
0.0 136.0
0.0 137.0
0.0 138.0
0.0 139.0
0.0 140.0
0.0 141.0
0.0 142.0
0.0 143.0
0.0 144.0
0.0 145.0
0.0 146.0
0.0 147.0
0.0 148.0
0.0 149.0
0.0 150.0
0.0 151.0
0.0 152.0
0.0 153.0
0.0 154.0
0.0 155.0
0.0 156.0
0.0 157.0
0.0 158.0
0.0 159.0
0.0 160.0
0.0 161.0
0.0 162.0
0.0 163.0
0.0 164.0
0.0 165.0
0.0 166.0
0.0 167.0
0.0 168.0
0.0 169.0
0.0 170.0
0.0 171.0
0.0 172.0
0.0 173.0
0.0 174.0
0.0 175.0
0.0 176.0
0.0 177.0
0.0 178.0
0.0 179.0
0.0 180.0
0.0 181.0
0.0 182.0
0.0 183.0
0.0 184.0
0.0 185.0
0.0 186.0
0.0 187.0
0.0 188.0
0.0 189.0
0.0 190.0
0.0 191.0
0.0 192.0
0.0 193.0
0.0 194.0
0.0 195.0
0.0 196.0
0.0 197.0
0.0 198.0
0.0 199.0
0.0 200.0
0.0 201.0
0.0 202.0
0.0 203.0
0.0 204.0
0.0 205.0
0.0 206.0
0.0 207.0
0.0 208.0
0.0 209.0
0.0 210.0
0.0 211.0
0.0 212.0
0.0 213.0
0.0 214.0
0.0 215.0
0.0 216.0
0.0 217.0
0.0 218.0
0.0 219.0
0.0 220.0
0.0 221.0
0.0 222.0
0.0 223.0
0.0 224.0
0.0 225.0
0.0 226.0
0.0 227.0
0.0 228.0
0.0 229.0
0.0 230.0
0.0 231.0
0.0 232.0
0.0 233.0
0.0 234.0
0.0 235.0
0.0 236.0
0.0 237.0
0.0 238.0
0.842937725713734 238.53801114353567
1.7124190939367359 238.04404540554057
2.5480484016851648 237.49475162255018
3.3599160841853006 236.9109101491074
4.154589147246456 236.30387248730625
4.937398747549187 235.6816111839345
5.7122102202960985 235.04941882262366
6.481684475443439 234.41074099252035
7.247619581350577 233.7678231023205
8.011222890904321 233.12213743139495
8.773301851306105 232.47465333266132
9.534393454962082 231.8260089224916
10.294851997262061 231.17662243861395
11.054908932848328 230.52676595086666
11.81471380146678 229.87661476719958
12.574362106899278 229.22628065918008
13.333914140748032 228.57583411420023
14.093407539119248 227.92531910451135
14.852865544636689 227.27476277500907
15.612302366206496 226.62418171622858
16.371726607998056 225.97358597309824
17.131143434261084 225.3229815741056
17.890555919129298 224.6723721076618
18.649965878569432 224.02175969346797
19.40937437769966 223.37114557477028
20.16878203711724 222.72053047594616
20.928189216193825 222.06991481646128
21.68759612184004 221.419298837825
22.44700287254929 220.76868267834448
22.404272238354615 219.7695960490168
21.70596157098458 219.05380123774947
20.91603088963651 218.44060508751286
20.11428266874442 217.84294315105015
19.31089669196132 217.24748452754363
18.50728088461411 216.65233611396792
17.703632766142363 216.05723133186916
16.899980103995507 215.46213268574041
16.096326802882167 214.86703490250673
15.292673411912006 214.27193724062076
14.489020008305413 213.67683959579975
13.685366602921793 213.08174195337853
12.881713197288256 212.4866443112948
12.051366504577036 211.92939717590195
11.217408183217017 211.37756974070652
10.382945340627234 210.82650552998606
9.548411681530222 210.27554856993007
8.713868075615931 209.72460667659868
7.879323072448157 209.17366689977393
7.044777873002159 208.62272742026494
6.163430299254025 208.150258951213
5.27609329195487 207.68913745369053
4.387930069993165 207.22960933577542
3.440314682248182 206.91019569031093
2.4861200305439346 206.6110091821609
1.4872166817459718 206.65782904717796
0.6625334926150781 207.2234239884256
0.35696268858464375 208.17559334506558
0.1970723213082336 209.1627281233265
0.10684289028954666 210.15864912911863
0.05719188409318187 211.15741575730743
0.030447577069455216 212.15705806435622
0.01618857376777064 213.1569563996008
0.008612377698242132 214.15692769981553
0.004587575746952856 215.15691960026737
0.0024469425172239366 216.15691730910942
0.0013067026024662443 217.15691665903566
6.984651902964693E-4 218.15691647405927
3.736223586288018E-4 219.15691642129784
1.9996794945528474E-4 220.15691640621992
1.0706893091270071E-4 221.1569164019048
5.734472090191483E-5 222.15691640066854
0.2586297656159375 223.1229082759721
0.8079694853404971 223.95850738579267
1.5344860516522119 224.64565633534775
2.3388409609638185 225.23980545793088
3.1751528577756583 225.7880594239457
4.025400094934491 226.31444296823997
4.882239298110467 226.83002669558283
5.742383944026428 227.34007687752782
6.604241100947079 227.84722798032132
7.467000393837787 228.3528428560229
8.330238910966829 228.85763911447262
9.193733080561334 229.36199793423918
10.057363933712011 229.86612267027803
10.921067948626819 230.370122049861
11.78481114836541 230.8740542723923
12.648575342009353 231.37795050950726
13.512350785438295 231.8818274620752
14.376132257733909 232.385694079464
15.239916961117768 232.88955515773864
16.103703396205262 233.39341326728817
16.967490759413565 233.89726978571542
17.831278620059734 234.4011254513582
18.69506674731498 234.9049806599379
19.558855017463536 235.40883562354725
20.42264336419813 235.91269045586057
21.28643175198027 236.41654521780367
22.150220161762572 236.92039994203054
23.0140085833362 237.42425464604287
23.8777970112296 237.9281093392208
24.74158544251019 238.4319640265919
25.60537387560622 238.93581871085067
26.46916230967522 239.4396733934414
27.33295074426576 239.94352807513803
28.196739179135783 240.44738275635555
29.060527614155614 240.95123743731625
29.924316049255744 241.45509211813928
30.78810448439892 241.9589467988885
31.651892919565142 242.4628014795982
32.51568135474375 242.9666561602867
33.37946978992897 243.47051084096387
34.24325822511774 243.97436552163492
35.107046660308406 244.47822020230274
35.97083509550009 244.9820748829688
36.83462353069232 245.48592956363393
37.69841196588485 245.98978424429853
38.56220040107752 246.4936389249629
39.54125041381529 246.6972588467735
40.38274961734233 246.15700049148097
41.03318106957517 245.39743553313556
41.52370185952506 244.5260060439473
41.91154046678387 243.6042787444061
42.24261951463438 242.66067572190437
42.542955183307264 241.70684214830632
42.826036957471544 240.74774637147485
43.09902830258841 239.78572988227558
43.36594811017446 238.82201113890787
43.62915793384501 237.85727252730194
43.8900854457237 236.89191413087875
44.149606237516196 235.92617661031355
44.408260512826374 234.9602066491534
44.66638203596433 233.99409419229707
44.92417684804734 233.02789450545015
45.18177188871147 232.06164153907682
45.439245160305774 231.0953561182955
45.69664445275897 230.12905098830572
45.953998952980506 229.162733927908
46.21132642717157 228.1964096702044
46.4686376524743 227.23008108564673
46.72593914330256 226.2637499090734
46.98323482322378 225.2974171852697
47.24052704676191 224.3310835411763
47.497817221694355 223.36474935163147
47.75510618666246 222.39841483992984
48.01239443945068 221.43208013860882
48.26968227446625 220.46574532605524
48.52696986521876 219.49941044846634
48.78425731361374 218.5330755329746
49.04154467930072 217.56674059546182
49.298831997080505 216.6004056451937
49.556119287192054 215.63407068755888
49.813406561369284 214.66773572568155
50.070693826394866 213.70140076136758
50.32798108617821 212.73506579565787
50.585268342966295 211.76873082915068
50.84255559804713 210.80239586218892
51.09984285215718 209.83606089496868
51.357130105716465 208.86972592760182
51.614417358963934 207.90339096015194
51.87170461203526 206.93705599265516
52.128991865007265 205.97072102513192
52.38627911792338 205.00438605759382
52.643566370808124 204.03805109004736
52.90085362367529 203.07171612249624
53.1581408765326 202.10538115494245
53.415428129384395 201.1390461873872
53.67271538223312 200.17271121983117
53.93000263508011 199.20637625227465
54.18728988792614 198.24004128471788
54.44457714077167 197.27370631716096
54.70186439361689 196.30737134960398
54.95915164646195 195.34103638204698
55.21643889930692 194.37470141448992
55.473726152151855 193.40836644693286
55.731013404996744 192.44203147937577
55.98830065784162 191.4756965118187
56.24558791068649 190.50936154426165
56.50287516353137 189.54302657670456
56.76016241637626 188.57669160914747
57.01744966922112 187.61035664159039
57.27473692206602 186.64402167403333
57.53202417491088 185.67768670647624
57.78931142775573 184.71135173891915
58.046598680600596 183.7450167713621
58.30388593344546 182.778681803805
58.56117318629034 181.8123468362479
58.81846043913522 180.84601186869085
59.07574769198007 179.87967690113376
59.333034944824966 178.91334193357667
59.3480857392595 178.8568132529258
60.26593458890298 178.45988317191888
60.26593458890971 178.45988317191598
61.18378343855316 178.062953090909
62.101632288196605 177.666023009902
63.01948113784006 177.26909292889508
63.937329987483515 176.87216284788812
64.85517883712697 176.47523276688116
65.77302768677043 176.07830268587418
66.6908765364139 175.68137260486722
67.60872538605736 175.28444252386026
68.52657423570082 174.8875124428533
69.44442308534428 174.49058236184638
70.36227193498773 174.09365228083942
71.28012078463118 173.69672219983246
72.19796963427464 173.2997921188255
73.1158184839181 172.90286203781855
74.03366733356157 172.50593195681162
74.95151618320503 172.10900187580467
75.86936503284849 171.7120717947977
76.78721388249195 171.31514171379075
77.70506273213542 170.9182116327838
78.62291158177887 170.52128155177684
79.54076043142231 170.12435147076985
80.45860928106578 169.72742138976292
81.37645813070924 169.33049130875597
82.29430698035269 168.933561227749
83.21215582999614 168.53663114674208
84.13000468022139 168.13970106708047
85.04785353015691 167.74277098674887
85.96570237932677 167.34584090464676
86.88355122864056 166.94891082287748
87.07982696788167 166.86403002220476
87.33131938509163 167.83188929094473
87.58281180230159 168.7997485596847
87.5828118023019 168.79974855968592
87.83430421951186 169.7676078284259
88.08579663672185 170.73546709716587
88.33728905393181 171.70332636590584
88.58878147114177 172.6711856346458
88.84027388835173 173.63904490338578
89.0917663055617 174.60690417212575
89.34325872277168 175.5747634408657
89.59475113998167 176.54262270960567
89.84624355719163 177.51048197834564
90.09773597440159 178.4783412470856
90.34922839161155 179.44620051582558
90.6007208088215 180.41405978456555
90.85221322603147 181.38191905330552
91.10370564324143 182.3497783220455
91.3551980604514 183.31763759078547
91.60669047766137 184.28549685952544
91.85818289487133 185.2533561282654
92.10967531208131 186.22121539700538
92.36116772929128 187.18907466574535
92.61266014650124 188.15693393448532
92.8641525637112 189.1247932032253
93.11564498092116 190.09265247196527
93.36713739813113 191.06051174070524
93.61862981534111 192.0283710094452
93.87012223255107 192.99623027818518
94.12161464976103 193.96408954692515
94.373107066971 194.93194881566512
94.62459948396184 195.89980808446205
94.87609190106357 196.86766735323016
95.12758431827453 197.8355266219699
95.37907673553943 198.8033858906956
95.63056915281746 199.7712451594179
95.88206157008844 200.739104428142
96.13355398734578 201.70696369686968
96.50441390622635 202.63565251481026
97.08503426586788 203.44982694204913
97.86848790431559 204.07127717851463
98.77611329899636 204.49105824398873
99.7387335896963 204.76191277308652
100.72225684846848 204.94269440781244
101.71360976062874 205.07391713279318
102.70807913257075 205.17894412108325
103.7038948034004 205.27032874632215
104.70033494166822 205.35463207276194
105.69707978717426 205.43525287006116
106.69397827270703 205.51395108822686
107.69095583622718 205.59164109940838
108.68797463119617 205.66880017197005
109.68501510442525 205.74567861331167
110.68206703873358 205.82240827049858
111.67912505537939 205.8990588506813
112.67618630846331 205.97566732017845
113.67324928693687 206.05225333037254
114.67031318650464 206.12882734802022
115.66737757829182 206.20539495625042
116.66444223330993 206.28195913660642
117.66150702917767 206.3585214827121
118.6585719004424 206.4350828469232
119.65563681207969 206.51164368535717
120.65270174534015 206.58820424218828
121.64976669018382 206.66476464816873
122.64683164123325 206.74132497333022
123.64389659560774 206.81788525518834
124.64096155176395 206.8944455138425
125.63802650887496 206.97100576006216
126.63509146649763 207.0475659996182
127.63215642439452 207.12412623560317
128.62922138243837 207.20068646967422
129.626286340561 207.2772467027196
130.62335129872582 207.35380693521523
131.62041625691327 207.43036716741625
132.61748121511283 207.5069273994593
133.6145461733189 207.58348763141777
134.61161113152843 207.66004786333087
135.60867608973984 207.73660809521965
136.60574104795225 207.81316832709535
137.6028060061652 207.88972855896415
138.59987096437845 207.9662887908292
139.59693592259185 208.04284902269222
140.59400088080534 208.11940925455417
141.59106583901885 208.19596948641555
142.5881307972324 208.27252971827662
143.58519575544597 208.3490899501375
144.58226071365954 208.42565018199832
145.5793256718731 208.5022104138591
146.57639063008668 208.57877064571983
147.57345558830025 208.65533087758058
148.57052054651382 208.73189110944128
149.5675855047274 208.80845134130197
150.56465046294096 208.88501157316264
151.56171542115453 208.96157180502337
152.5587803793681 209.03813203688406
153.55584533758167 209.11469226874482
154.55291029579524 209.19125250060551
155.5499752540088 209.2678127324662
156.54704021222238 209.3443729643269
157.54410517043596 209.42093319618766
158.54117012864953 209.49749342804836
159.5382350868631 209.5740536599091
160.53530004507667 209.6506138917698
161.53236500329024 209.72717412363048
162.5294299615038 209.80373435549114
163.52649491971738 209.8802945873519
164.52355987793095 209.9568548192126
165.52062483614452 210.0334150510733
166.5176897943581 210.109975282934
167.51475475257166 210.18653551479468
168.51181971078523 210.26309574665538
169.5088846689988 210.33965597851608
170.50594962721237 210.41621621037677
171.50301458542594 210.49277644223747
172.50007954363952 210.56933667409817
173.49714450185309 210.64589690595892
174.49420946006666 210.72245713781962
175.49127441828023 210.7990173696803
176.4883393764938 210.875577601541
177.48540433470737 210.9521378334017
178.48246929292094 211.0286980652624
179.4795342511345 211.1052582971231
180.47659920934808 211.1818185289838
181.47366416756165 211.25837876084455
182.47072912577522 211.33493899270525
183.4677940839888 211.411499224566
184.46485904220236 211.4880594564267
185.46192400041593 211.5646196882874
186.4589889586295 211.6411799201481
187.45614827420115 211.71650122768267
188.4534221019955 211.79029087733937
189.45078856286992 211.86281771873513
190.44821842589022 211.9344673408925
191.44568809370173 212.0055606724786
192.44318152220123 212.07631984220484
193.4406886884347 212.1468850837393
194.43820362971087 212.21734033145563
195.18738850530164 212.8797012770027
195.93657338089244 213.5420622225498
196.68575825648324 214.20442316809687
197.434943132074 214.86678411364394
198.18412800766478 215.52914505919105
198.93331288325558 216.19150600473813
199.68249775884635 216.8538669502852
200.43168263443715 217.5162278958323
201.1808675100279 218.17858884137937
201.93005238561867 218.84094978692642
202.6792372612095 219.50331073247355
203.42842213680026 220.1656716780206
204.17760701239104 220.82803262356768
204.92679188798184 221.49039356911476
205.6759767635726 222.15275451466186
206.42516163916338 222.81511546020892
207.17434651475418 223.47747640575602
207.92353139034495 224.13983735130307
208.67271626593575 224.80219829685018
209.42190114152652 225.46455924239723
210.17108601711732 226.12692018794434
210.92027089270812 226.78928113349141
211.66945576829886 227.4516420790385
212.41864064388966 228.11400302458557
213.16782551948046 228.7763639701327
213.9170103950712 229.4387249156797
214.666195270662 230.1010858612268
215.4153801462528 230.76344680677389
216.16456502184357 231.42580775232096
216.91374989743437 232.08816869786807
217.66293477302514 232.75052964341515
218.4121196486159 233.41289058896223
219.16130452420674 234.07525153450933
219.91048939979748 234.73761248005638
220.65967427538826 235.3999734256035
221.40885915097905 236.06233437115054
222.15804402656983 236.72469531669762
222.90722890216063 237.3870562622447
223.65641377775142 238.0494172077918
224.40559865334217 238.71177815333886
225.15478352893294 239.37413909888596
225.90396840452377 240.03650004443307
226.65315328011457 240.69886098998012
227.4023381557053 241.36122193552717
228.1515230312961 242.02358288107428
228.90070790688688 242.68594382662138
229.64989278247765 243.34830477216843
230.39907765806845 244.01066571771554
231.14826253365925 244.67302666326262
231.89744740925 245.3353876088097
232.6466322848408 245.99774855435678
233.3958171604316 246.66010949990385
234.14500203602236 247.32247044545093
234.89418691161313 247.984831390998
235.64337178720393 248.6471923365451
236.3925566627947 249.30955328209217
237.1417415383855 249.97191422763927
237.89092641397627 250.63427517318632
238.64011128956707 251.29663611873343
239.38929616515784 251.95899706428048
240.13848104074864 252.6213580098276
240.8876659163394 253.28371895537464
241.6368507919302 253.94607990092175
242.38603566752096 254.6084408464688
243.13522054311176 255.2708017920159
243.88440541870256 255.933162737563
244.6335902942933 256.59552368311006
245.38277516988413 257.25788462865717
246.1319600454749 257.9202455742043
246.88114492106564 258.5826065197513
247.63032979665644 259.24496746529843
248.37951467224724 259.9073284108455
249.12869954783804 260.56968935639253
249.8778844234288 261.23205030193964
250.62706929901955 261.8944112474867
251.37625417461038 262.55677219303374
252.12543905020115 263.21913313858084
252.87462392579195 263.88149408412795
253.6087609046865 264.56049548045905
254.34289788358106 265.23949687679016
255.07703486247556 265.91849827312126
255.8111718413701 266.5974996694524
256.5453088202646 267.27650106578346
257.2794457991592 267.9555024621146
258.0135827780537 268.63450385844567
258.7477197569483 269.3135052547768
259.4818567358428 269.99250665110793
260.21599371473735 270.67150804743903
260.9501306936319 271.35050944377014
261.6842676725264 272.02951084010124
262.418404651421 272.70851223643234
263.1525416303155 273.38751363276344
263.8866786092101 274.0665150290946
264.6208155881046 274.7455164254257
265.35495256699915 275.4245178217568
266.08908954589367 276.1035192180879
266.82322652478825 276.782520614419
267.5573635036828 277.4615220107502
268.2915004825773 278.1405234070812
269.02563746147183 278.8195248034124
269.7597744403664 279.4985261997435
270.4939114192609 280.1775275960745
271.22804839815547 280.8565289924057
271.96218537705005 281.5355303887368
272.52922650741306 282.35921986692415
273.09626763777607 283.18290934511157
273.6633087681391 284.006598823299
274.23034989850214 284.8302883014864
274.79739102886515 285.65397777967377
275.36443215922816 286.4776672578612
275.93147328959117 287.30135673604855
276.49851441995423 288.12504621423597
277.0655555503172 288.9487356924234
277.2409277284292 289.203483029332
277.9545264932798 288.50292838991857
278.66812525813043 287.8023737505051
279.3817240229811 287.1018191110917
280.0443435397883 286.4513118519285
280.46803859782835 287.35711674140106
280.8917336558684 288.2629216308737
281.31542871390843 289.1687265203463
281.73912377194847 290.07453140981886
282.1628188299885 290.9803362992915
282.5865138880285 291.88614118876404
283.01020894606853 292.79194607823666
283.43390400410857 293.6977509677092
283.85759906214855 294.60355585718185
284.28129412018865 295.50936074665447
284.70498917822863 296.41516563612697
285.12868423626867 297.3209705255996
285.5523792943087 298.2267754150722
285.97607435234875 299.1325803045448
286.3997694103888 300.0383851940174
286.8234644684288 300.94419008348996
287.2471595264688 301.8499949729626
287.67085458450885 302.7557998624352
288.0945496425489 303.66160475190776
288.5182447005889 304.5674096413804
288.9419397586289 305.4732145308529
289.365634816669 306.3790194203255
289.789329874709 307.2848243097981
290.0032488010704 307.7421551324545
290.4269438589258 308.6479600220134
290.850638916997 309.55376491147143
291.27433397509355 310.4595698009176
291.6980290331754 311.3653746903707
292.1217240912407 312.27117957983137
292.5454191492949 313.1769844692973
292.9691142073425 314.0827893587663
293.39280926538646 314.98859424823706
293.8165043234285 315.89439913770866
294.24019938146955 316.80020402718077
294.66389443951005 317.7060089166531
295.0875894975503 318.6118138061256
295.5112845555905 319.5176186955981
295.9349796136306 320.42342358507074
296.35867467167066 321.3292284745433
296.7823697297107 322.23503336401586
297.20606478775073 323.1408382534885
297.6297598457908 324.04664314296105
298.0534549038308 324.9524480324336
298.47714996187085 325.8582529219062
298.9008450199109 326.7640578113788
299.3245400779509 327.66986270085135
299.74823513599097 328.575667590324
300.171930194031 329.4814724797966
300.59562525207104 330.38727736926916
301.0193203101111 331.2930822587417
301.4430153681511 332.19888714821434
301.86671042619116 333.10469203768696
302.2904054842312 334.0104969271596
302.71410054227124 334.9163018166322
303.1377956003113 335.8221067061048
303.5614906583513 336.72791159557744
303.98518571639136 337.63371648505006
304.4088807744314 338.5395213745227
304.83257583247143 339.4453262639953
305.2562708905115 340.3511311534679
305.6799659485515 341.25693604294054
306.10366100659155 342.16274093241316
306.5273560646316 343.0685458218858
306.95105112267163 343.9743507113584
307.37474618071167 344.88015560083096
307.7984412387517 345.7859604903036
308.22213629679175 346.6917653797762
308.6458313548318 347.5975702692488
309.0695264128718 348.5033751587214
309.49322147091186 349.409180048194
309.9169165289519 350.3149849376666
310.34061158699194 351.22078982713924
310.764306645032 352.12659471661186
311.188001703072 353.0323996060845
311.61169676111206 353.9382044955571
312.0353918191521 354.84400938502966
312.45908687719214 355.7498142745022
312.8827819352321 356.65561916397485
313.3064769932721 357.5614240534474
313.73017205131214 358.46722894292
314.1538671093522 359.3730338323926
314.5775621673922 360.2788387218652
315.00125722543225 361.18464361133783
315.4249522834723 362.0904485008104
315.84864734151233 362.99625339028296
316.2723423995524 363.9020582797556
316.6960374575924 364.8078631692282
317.11973251563245 365.7136680587008
317.5434275736725 366.61947294817344
317.9671226317125 367.52527783764606
318.39081768975257 368.4310827271187
318.8145127477926 369.33688761659124
319.23820780583264 370.2426925060638
319.6619028638726 371.1484973955364
320.0855979219127 372.05430228500904
320.50929297995276 372.9601071744816
320.9329880379928 373.86591206395417
321.3566830960328 374.7717169534268
321.78037815407276 375.6775218428994
322.2040732121128 376.583326732372
322.62776827015284 377.48913162184454
323.0514633281929 378.3949365113171
323.4751583862329 379.30074140078966
323.89885344427296 380.2065462902622
324.322548502313 381.11235117973484
324.746243560353 382.01815606920746
325.169938618393 382.92396095868
325.593633676433 383.82976584815265
326.01732873447304 384.73557073762527
326.4410237925131 385.6413756270979
326.8647188505531 386.5471805165705
327.2884139085932 387.45298540604307
327.7121089666332 388.35879029551563
328.13580402467323 389.26459518498825
328.5594990827133 390.1704000744609
329.0150014776148 391.0606346324505
329.5251937043953 391.9206950324997
330.09273831037603 392.7440376830542
330.70815222007184 393.5322417935186
331.3584509671472 394.29192036999166
332.03216352199775 395.0309138702585
332.72067430978154 395.7561399695581
333.4180950026895 396.47280193806466
334.12068723810194 397.1843946240432
334.82612217720214 397.8931693038228
335.5330381333723 398.6004668585422
336.240601623444 399.30711663567206
336.94836221780736 400.0135689985858
337.65602557616046 400.7201187641681
338.36340283681545 401.426954962384
339.07043431736724 402.1341370361874
339.777069345275 402.8417152561276
340.48331663391593 403.54968048640893
341.18914316819416 404.25806520074764
342.00493364633553 404.83641275695754
342.9369314965428 405.19887655819707
343.9263161950468 405.3441966131315
344.9262301202539 405.3310763167551
345.92030757664264 405.2224024436316
346.90727997425944 405.06151277229566
347.8894574982003 404.87355716193673
348.86894039530296 404.6720298578729
349.84704532913815 404.46391753625966
350.80853776731084 404.7387489233623
351.4461775995011 405.50908355480794
351.83345546182204 406.4310466003559
352.1452239625767 407.3812046934842
352.43742267365496 408.3375623218034
352.72415426835767 409.2955732782122
353.0092256396246 410.25407957098446
353.29376780965345 411.21274309562455
353.57813745790327 412.1714578097884
353.8624503288621 413.13018936314796
354.14674444326147 414.0889264785857
354.2874577725367 414.56346001473713
354.5005961817832 415.2822612415381
354.2163133621214 414.32353669833344
354.5005961817832 415.2822612415381
355.1688961611269 416.02615312723736
355.83719614047055 416.77004501293663
355.8371961405049 416.7700450129749
356.50549611984854 417.51393689867416
357.1737960991922 418.25782878437343
357.84209607853586 419.0017206700727
358.5103960578795 419.7456125557719
359.1786960372232 420.4895044414712
359.84699601656683 421.23339632717045
360.5152959959105 421.9772882128697
361.1835959752542 422.721180098569
361.8518959545978 423.46507198426826
362.52019593394147 424.20896386996753
363.1884959132851 424.95285575566675
363.8567958926288 425.6967476413661
364.52509587197244 426.44063952706534
365.19339585131615 427.1845314127646
365.8616958306598 427.9284232984638
366.52999581000347 428.6723151841631
367.1982957893471 429.41620706986237
367.8665957686908 430.16009895556164
368.53489574803444 430.9039908412609
369.2031957273781 431.64788272696023
369.8714957067218 432.39177461265956
370.53979568606553 433.1356664983588
371.20809566540925 433.87955838405804
371.87639564475285 434.6234502697573
372.54469562409656 435.3673421554566
373.2129956034402 436.11123404115585
373.8812955827839 436.8551259268552
374.5495955621275 437.59901781255445
375.2178955414712 438.3429096982537
375.88619552081485 439.086801583953
376.5544955001585 439.83069346965226
377.2227954795021 440.57458535535153
377.8910954588458 441.3184772410508
378.55939543818954 442.06236912675007
379.2276954175332 442.80626101244934
379.89599539687686 443.5501528981486
380.56429537622046 444.2940447838479
381.2325953555642 445.03793666954715
381.90089533490783 445.7818285552464
382.5691953142515 446.52572044094563
383.23749529359515 447.26961232664496
383.9057952729388 448.0135042123442
384.57409525228246 448.75739609804344
385.2423952316261 449.5012879837427
385.9106952109698 450.245179869442
386.57899519031344 450.98907175514125
387.24729516965704 451.7329636408405
387.91559514900075 452.4768555265398
388.5838951283444 453.220747412239
389.25219510768807 453.9646392979383
389.92049508703167 454.70853118363755
390.5887950663754 455.45242306933676
391.25709504571904 456.1963149550361
391.9253950250627 456.9402068407354
392.5936950044064 457.6840987264346
393.26199498375 458.4279906121339
393.93029496309373 459.17188249783317
394.5985949424374 459.91577438353244
395.26689492178105 460.6596662692317
395.93519490112465 461.403558154931
396.60349488046836 462.14745004063025
397.271794859812 462.8913419263295
397.9400948391557 463.6352338120288
398.6083948184994 464.37912569772806
399.276694797843 465.1230175834273
399.9449947771867 465.86690946912665
400.6132947565304 466.6108013548259
401.2815947358741 467.35469324052525
401.94989471521774 468.0985851262245
402.61819469456145 468.8424770119238
403.28649467390517 469.58636889762306
403.9547946532489 470.3302607833224
404.6230946325926 471.0741526690216
405.2913946119362 471.8180445547209
405.9596945912798 472.5619364404202
406.6279945706234 473.30582832611947
407.2962945499671 474.0497202118187
407.9645945293108 474.793612097518
408.63289450865443 475.5375039832173
409.30119448799815 476.28139586891655
409.9645490281391 477.02970112352483
410.6278011685549 477.77809714050636
411.29217168962373 478.5255005193686
411.9575854179549 479.2719752812651
412.635531838417 480.0070866000343
413.1288967515981 480.54205237463896
413.4930835283162 479.61072644279943
413.8477184319417 478.7038272813474
414.2118074373764 477.77246312264174
414.575959125161 476.8411234701606
414.9401124149361 475.90978444405573
415.3042657456542 474.97844543395956
415.66841907741883 474.04710642427256
416.03257240921016 473.115767414596
416.3967257410022 472.18442840491974
416.7608790727942 471.2530893952434
417.1250324045863 470.32175038556716
417.4891857363784 469.3904113758909
417.85333906817044 468.4590723662146
418.2174923999625 467.52773335653836
418.5816457317546 466.5963943468621
418.94579906354664 465.66505533718583
419.30995239533866 464.73371632750957
419.67410572713067 463.8023773178333
420.0382590589227 462.87103830815704
420.4024123907147 461.9396992984807
420.76656572250687 461.0083602888045
421.13071905429894 460.07702127912825
421.49487238609095 459.145682269452
421.8590257178829 458.2143432597757
422.223179049675 457.2830042500995
422.58733238146704 456.35166524042324
422.9514857132591 455.42032623074704
423.31563904505117 454.48898722107083
423.6797923768432 453.55764821139456
424.0439457086352 452.62630920171824
424.40809904042726 451.694970192042
424.7722523722193 450.7636311823657
425.13640570401134 449.83229217268945
425.50055903580335 448.9009531630132
425.8647123675954 447.9696141533369
426.2288656993875 447.03827514366066
426.59301903117955 446.1069361339844
426.9571723629716 445.1755971243081
427.32132569476363 444.24425811463186
427.6854790265557 443.3129191049556
428.04963235834776 442.3815800952794
428.41378569013983 441.4502410856031
428.7779390219318 440.51890207592686
429.14209235372385 439.5875630662506
429.5062456855159 438.65622405657433
429.870399017308 437.72488504689807
430.2345523491 436.7935460372218
430.59870568089207 435.86220702754554
430.9628590126841 434.9308680178693
431.32701234447615 433.999529008193
431.6911656762681 433.06818999851674
432.0553190080602 432.13685098884054
432.4194723398523 431.20551197916427
432.78362567164436 430.274172969488
433.14777900343637 429.34283395981174
433.51193233522844 428.4114949501355
433.8760856670205 427.4801559404592
434.2402389988126 426.54881693078295
434.60439233060464 425.6174779211066
434.9685456623967 424.6861389114304
435.3326989941887 423.75479990175415
435.69685232598073 422.8234608920779
436.06100565777274 421.8921218824016
436.42515898956475 420.96078287272536
436.7893123213568 420.0294438630491
437.1534656531489 419.09810485337283
437.51761898494095 418.16676584369657
437.881772316733 417.2354268340203
438.2459256485251 416.30408782434404
438.61007898031704 415.3727488146677
438.97423231210917 414.44140980499145
439.3383856439011 413.5100707953152
439.70253897569313 412.578731785639
440.06669230748514 411.6473927759627
440.43084563927727 410.7160537662865
440.79499897106933 409.78471475661024
441.15915230286134 408.853375746934
441.5233056346534 407.9220367372577
441.8874589664455 406.99069772758145
442.25161229823755 406.05935871790524
442.61576563002956 405.128019708229
442.9799189618216 404.1966806985527
443.3440722936136 403.26534168887645
443.70822562540565 402.3340026792002
444.07237895719766 401.4026636695239
444.4365322889898 400.4713246598477
444.8006856207818 399.53998565017145
445.1648389525738 398.6086466404952
445.5289922843658 397.6773076308189
445.89314561615794 396.74596862114265
446.25729894795 395.81462961146644
446.621452279742 394.8832906017902
446.985605611534 393.9519515921139
447.34975894332604 393.02061258243765
447.71391227511816 392.0892735727614
448.0780656069102 391.1579345630851
448.4422189387023 390.2265955534089
448.8063722704943 389.29525654373265
449.1705256022863 388.3639175340564
449.5346789340784 387.4325785243801
449.8988322658704 386.50123951470385
450.2629855976625 385.56990050502765
450.62713892945453 384.6385614953514
450.99129226124654 383.7072224856751
451.35544559303855 382.77588347599885
451.7195989248307 381.8445444663226
452.08375225662274 380.9132054566463
452.25199932397027 380.48290579053247
452.1926902108945 379.4846661253763
452.1333810978184 378.4864264602126
452.07407198474215 377.48818679504893
452.014762871666 376.48994712988525
451.9554537585898 375.49170746472157
451.8961446455135 374.4934677995579
451.8368355324374 373.4952281343942
451.77752641936115 372.49698846923053
451.718217306285 371.49874880406685
451.6589081932088 370.50050913890317
451.59959908013263 369.50226947373943
451.5402899670565 368.50402980857575
451.48098085398027 367.50579014341207
451.4216717409042 366.50755047824833
451.36236262782796 365.50931081308465
451.3030535147518 364.511071147921
451.24374440167554 363.5128314827573
451.18443528859945 362.51459181759355
451.1251261755231 361.5163521524299
451.06581706244697 360.5181124872662
451.00650794937076 359.51987282210246
450.94719883629466 358.5216331569388
450.88788972321845 357.5233934917751
450.82858061014235 356.5251538266114
450.76927149706614 355.52691416144773
450.70996238398993 354.52867449628405
450.6506532709137 353.5304348311203
450.60513917486537 352.53147113455225
450.59799067551126 351.5314966854002
450.6549399058241 350.53311960975856
450.7951313222445 349.5429951899193
451.02957742150744 348.5708660696166
451.3615071901181 347.62756196769084
451.789431898955 346.72374758211885
452.3092949856249 345.86949798679086
452.9144869343654 345.07341840208863
453.59709762665744 344.3426361891356
454.34848748719776 343.68277766075454
455.15896809361095 343.09701219008554
456.01872782183045 342.5863134435314
456.91818636985863 342.1493073561836
457.8487268012099 341.78311818974004
458.8027823624499 341.4834884414387
459.7740685781946 341.2455744084263
460.7574488519249 341.0640166015489
461.7489009252929 340.93354520156305
462.7453157857433 340.8489436302201
463.74435467943675 340.8051111207361
464.74432669318867 340.79762969620634
465.74401496844814 340.8225967206329
466.7425639796226 340.8764471828637
467.73937787492684 340.9562096936596
468.73405106612194 341.0592885116479
469.72632519969164 341.18335318771847
470.7160368856929 341.32642931637935
471.70303020790175 341.48719057388615
472.68715773188126 341.6646532926356
473.66831171319245 341.85788078798026
474.6463084227628 342.06650110355287
475.6209888106108 342.29010374563137
476.59237185045146 342.527622144729
477.56071197938394 342.7772566669789
478.5264488744968 343.0367797862145
479.4901067308718 343.30391932998657
480.45219998825223 343.57664000045924
481.4131734382421 343.8532806128329
482.3733784232954 344.13257684746344
483.3330742962212 344.4136174699528
484.29244272777896 344.6957738317992
485.25160579022094 344.9786275389465
486.2106427909491 345.2619083735157
487.1696038401603 345.54544621242945
488.12851986845095 345.82913627338905
489.08740959097275 346.1129152367426
490.04628413822076 346.3967454723411
491.00515003083035 346.68060494459803
491.9640110382926 346.96448091816484
492.92286931400025 347.24836611874235
493.88172607509097 347.5322564350805
494.83747230259684 347.82644880175286
495.78447412874624 348.14767697808503
496.7181117160737 348.5058959830658
497.6355352850377 348.9038080275045
498.5427778991445 349.324415729703
499.4500205132513 349.7450234319015
