10.24986992317451
288723
816
0.0 100.0
0.0 99.0
0.0 98.0
0.0 97.0
0.0 96.0
0.9490382975308516 95.68483923178837
1.898076595061701 95.36967846357675
2.8471148925925505 95.0545176953651
3.796153190123398 94.73935692715347
4.74519148765425 94.42419615894184
5.694229785185101 94.10903539073021
6.643268082715953 93.79387462251859
7.592306380246805 93.47871385430696
8.541344677777657 93.16355308609533
9.49038297530851 92.84839231788371
10.43942127283936 92.53323154967208
11.388459570370207 92.21807078146044
12.337497867901057 91.9029100132488
13.286536165431908 91.58774924503717
14.235574462962761 91.27258847682555
15.184612760493614 90.95742770861392
16.133651058024462 90.64226694040228
17.08268935555531 90.32710617219064
18.031727653086158 90.01194540397901
18.980765950617013 89.69678463576739
19.929804248147864 89.38162386755576
20.878842545678715 89.06646309934413
21.827880843209567 88.75130233113251
22.776919140740418 88.43614156292088
23.725957438271266 88.12098079470924
24.674995735802117 87.80582002649761
25.542537309493405 87.30845535352893
26.262969100570842 86.61492955414944
26.818778583477965 85.78361985330955
27.23739945074538 84.87545876105318
27.560112128860773 83.9289617840989
27.822093012041833 82.96388872114062
28.047743212997613 81.98968033131399
28.252420191692103 81.01085075759215
28.44528483146965 80.02962538555803
28.631619089696915 79.0471389763844
28.81439599555854 78.06398456191857
28.99525848728213 77.08047616892564
29.17510121219435 76.09678079214677
29.354405461310105 75.1129871215791
29.533427518139433 74.12914206102911
29.71230266334239 73.14527027953082
29.891101767800443 72.16138467629993
30.069861715423073 71.17749195799883
30.248601591169713 70.19359559312187
30.427331219830496 69.20969736675963
30.606055636197993 68.22579819357463
30.784777409952817 67.24189854036506
30.96349784786734 66.25799864450592
31.1422176123166 65.27409862631545
31.320937038058656 64.29019854660083
31.499656293828107 63.306298436011744
31.67837546447107 62.32239830995997
31.857094592558234 61.338498176178206
32.0358136994066 60.354598038538555
32.2145327956712 59.37069789897643
32.393251886669 58.38679775845763
32.57197097504924 57.40289761746337
32.7506900621301 56.41899747623307
32.92940914856662 55.43509733488575
33.108128234683946 54.45119719348044
33.286847320643275 53.46729705204643
33.46556640652449 52.48339691059823
33.64428549236709 51.49949676914302
33.823004578190634 50.515596627684346
34.00172366400477 49.531696486223964
34.18044274981427 48.547796344762745
34.359161835621485 47.563896203301105
34.53788092142757 46.57999606183926
34.716600007233104 45.596095920377316
34.89531909303835 44.61219577891532
35.07403817884348 43.628295637453306
35.25275726464854 42.644395495991276
35.431476350453565 41.66049535452924
35.610195436258564 40.676595213067195
35.788914522063564 39.69269507160516
35.967633607868564 38.708794930143114
36.14635269367356 37.72489478868107
36.325071779478556 36.740994647219026
36.50379086528355 35.75709450575698
36.68250995108855 34.77319436429494
36.86122903689353 33.78929422283289
37.03994812269853 32.805394081370856
37.218667208503526 31.821493939908812
37.39738629430852 30.83759379844677
37.57610538011352 29.853693656984728
37.75482446591852 28.869793515522687
37.9335435517235 27.885893374060643
38.1122626375285 26.9019932325986
38.290981723333495 25.918093091136555
38.46970080913849 24.93419294967451
38.64841989494347 23.950292808212467
38.826065885043555 22.96619835024547
39.00505048266889 21.982346474294168
39.18440331705604 20.998561660019575
39.18458304239523 20.99855995747417
39.23355396549675 20.72896089394891
40.19916584529606 20.98894877364771
41.16477772509545 21.24893665334654
42.13038960489483 21.50892453304537
43.09600148469422 21.768912412744196
44.06161336449361 22.028900292443023
45.027225244293 22.28888817214185
45.99283712409239 22.54887605184068
46.95844900389178 22.8088639315395
47.92406088369117 23.06885181123833
48.88967276349056 23.328839690937155
49.85528464328995 23.588827570635978
50.82089652308934 23.84881545033481
51.78650840288872 24.10880333003364
52.75212028268811 24.368791209732464
53.7177321624875 24.62877908943129
54.68334404228689 24.88876696913011
55.64895592208627 25.148754848828943
56.61456780188566 25.408742728527766
57.58017968168505 25.668730608226593
58.545791561484435 25.928718487925423
59.511403441283825 26.188706367624253
60.47701532108321 26.44869424732308
61.4426272008826 26.708682127021902
62.40823908068199 26.96867000672073
63.37385096048138 27.228657886419555
64.33946284028077 27.48864576611838
65.30507472008016 27.74863364581721
66.27068659987955 28.00862152551603
67.23629847967895 28.26860940521486
68.20191035947833 28.528597284913698
69.16752223927772 28.788585164612524
70.13313411907711 29.048573044311347
71.0987459988765 29.30856092401017
72.06435787867588 29.568548803708996
73.02996975847527 29.828536683407815
73.99558163827467 30.08852456310665
74.96119351807405 30.348512442805482
75.92680539787344 30.608500322504316
76.89241727767283 30.86848820220314
77.85802915747222 31.128476081901958
78.82364103727161 31.38846396160078
79.789252917071 31.648451841299615
80.75486479687038 31.90843972099844
81.72047667666978 32.16842760069727
82.68608855646917 32.4284154803961
83.65170043626857 32.68840336009492
84.61731231606797 32.94839123979375
85.58292419586736 33.20837911949258
86.54853607566673 33.46836699919142
87.51414795546611 33.72835487889024
88.47975983526553 33.98834275858906
89.4453717150649 34.24833063828789
90.41098359486429 34.508318517986716
91.37659547466367 34.76830639768554
92.34220735446308 35.02829427738437
93.30781923426245 35.288282157083195
94.27343111406185 35.54827003678202
95.23904299386123 35.80825791648085
96.20465487366062 36.068245796179674
97.17026675346001 36.32823367587851
98.1358786332594 36.58822155557733
99.10149051305879 36.84820943527616
100.06710239285817 37.10819731497498
101.03271427265756 37.368185194673806
101.99832615245694 37.62817307437264
102.96393803225635 37.888160954071466
103.92954991205573 38.148148833770286
104.89516179185512 38.40813671346912
105.8607736716545 38.668124593167946
106.8263855514539 38.928112472866765
107.7919974312533 39.1881003525656
108.75760931105268 39.448088232264425
109.72322119085206 39.70807611196325
110.68883307065144 39.96806399166208
111.65444495045082 40.228051871360904
112.62005683025023 40.48803975105973
113.58566871004962 40.74802763075856
114.551280589849 41.00801551045738
115.51689246964838 41.26800339015621
116.48250434944777 41.527991269855036
117.44811622924716 41.78797914955386
118.41372810904656 42.04796702925269
119.37933998884593 42.307954908951515
120.34495186864532 42.56794278865034
121.31056374844474 42.82793066834917
122.27617562824412 43.087918548047995
123.2417875080435 43.34790642774682
124.20739938784288 43.60789430744565
125.17301126764227 43.867882187144474
126.13862314744166 44.1278700668433
127.10423502724105 44.387857946542134
128.06984690704044 44.647845826240946
129.03545878683983 44.90783370593978
130.00107066663924 45.167821585638606
130.96668254643862 45.42780946533743
131.932294426238 45.68779734503626
132.89790630603738 45.94778522473509
133.86351818583677 46.20777310443391
134.82913006563615 46.467760984132745
135.79474194543553 46.72774886383157
136.76035382523494 46.98773674353039
137.72596570503433 47.24772462322922
138.6915775848337 47.50771250292805
139.65718946463312 47.76770038262687
140.62280134443247 48.0276882623257
141.58841322423189 48.28767614202453
142.55402510403127 48.54766402172336
143.51963698383065 48.807651901422176
144.48524886363003 49.06763978112101
145.45086074342944 49.32762766081983
146.4164726232288 49.58761554051866
146.60596306001673 49.63863522856758
146.56273112741266 50.63770029151559
146.51949919480862 51.636765354463606
146.47626726220454 52.63583041741162
146.43303532960044 53.63489548035963
146.38980339699637 54.633960543307644
146.3465714643923 55.63302560625566
146.30333953178825 56.63209066920367
146.26010759918418 57.63115573215168
146.21687566658008 58.63022079509969
146.173643733976 59.62928585804771
146.13041180137196 60.628350920995715
146.0871798687679 61.627415983943735
146.04394793616382 62.626481046891755
146.00071600355975 63.62554610983976
145.95748407095567 64.62461117278778
145.9142521383516 65.62367623573579
145.87102020574753 66.6227412986838
145.82778827314345 67.62180636163181
145.78455634053938 68.62087142457983
145.7413244079353 69.61993648752784
145.69809247533124 70.61900155047584
145.6548605427272 71.61806661342386
145.6116286101231 72.61713167637188
145.56839667751905 73.61619673931989
145.52516474491497 74.6152618022679
145.4819328123109 75.61432686521593
145.4387008797068 76.61339192816394
145.39546894710276 77.61245699111194
145.35223701449866 78.61152205405995
145.3090050818946 79.61058711700797
145.26577314929054 80.60965217995599
145.22254121668647 81.60871724290399
145.17930928408242 82.607782305852
145.13607735147832 83.60684736880002
145.09284541887425 84.60591243174804
145.04961348627018 85.60497749469604
145.0063815536661 86.60404255764406
144.96314962106203 87.60310762059207
144.91991768845796 88.60217268354009
144.87668575585388 89.60123774648811
144.83345382324984 90.6003028094361
144.79022189064574 91.59936787238412
144.7469899580417 92.59843293533214
144.70375802543762 93.59749799828015
144.66052609283355 94.59656306122817
144.61729416022948 95.59562812417619
144.5740622276254 96.59469318712418
144.5308302950213 97.5937582500722
144.48759836241726 98.59282331302022
144.4443664298132 99.59188837596821
144.4011344972091 100.59095343891624
144.35790256460504 101.59001850186426
144.31467063200097 102.58908356481226
144.2714386993969 103.58814862776028
144.22820676679282 104.5872136907083
144.18497483418878 105.5862787536563
144.14174290158468 106.58534381660432
144.0985109689806 107.58440887955234
144.05527903637653 108.58347394250035
144.01204710377246 109.58253900544835
143.96881517116844 110.58160406839637
143.92558323856434 111.58066913134438
143.88235130596027 112.57973419429239
143.8391193733562 113.57879925724042
143.79588744075213 114.57786432018843
143.7934701255832 114.63372708148353
143.52451503822724 115.59687980093425
143.25555995087126 116.560032520385
142.9866048635153 117.52318523983571
142.71764977615933 118.48633795928646
142.44869468880333 119.44949067873718
142.17973960144735 120.41264339818791
141.91078451409138 121.37579611763864
141.64182942673543 122.33894883708939
141.37287433937948 123.30210155654012
141.10391925202347 124.26525427599086
140.83496416466753 125.22840699544159
140.56600907731155 126.19155971489232
140.29705398995557 127.15471243434304
140.0280989025996 128.1178651537938
139.75914381524362 129.0810178732445
139.49018872788764 130.04417059269525
139.22123364053166 131.00732331214596
138.95227855317572 131.97047603159672
138.68332346581974 132.93362875104745
138.41436837846376 133.89678147049818
138.1454132911078 134.85993418994892
137.8764582037518 135.82308690939965
137.60750311639583 136.78623962885038
137.33854802903986 137.74939234830111
137.0695929416839 138.71254506775182
136.80063785432793 139.67569778720258
136.53168276697195 140.63885050665328
136.26272767961598 141.60200322610405
135.99377259226 142.56515594555475
135.72481750490402 143.5283086650055
135.45586241754805 144.49146138445622
135.18690733019207 145.45461410390698
134.91795224283612 146.41776682335768
134.64899715548015 147.38091954280844
134.38004206812417 148.34407226225917
134.1110869807682 149.3072249817099
133.84213189341224 150.27037770116064
133.57317680605624 151.23353042061137
133.3042217187003 152.19668314006208
133.0352666313443 153.15983585951284
132.76631154398834 154.12298857896354
132.49735645663236 155.08614129841428
132.22840136927638 156.049294017865
131.9594462819204 157.01244673731577
131.69049119456446 157.97559945676647
131.42153610720848 158.93875217621724
131.1525810198525 159.90190489566794
130.88362593249653 160.86505761511867
130.61467084514055 161.8282103345694
130.34571575778457 162.79136305402014
130.0767606704286 163.75451577347087
129.80780558307265 164.7176684929216
129.53885049571667 165.68082121237234
129.2698954083607 166.64397393182307
129.00094032100472 167.60712665127383
128.73198523364874 168.5702793707245
128.4630301462928 169.5334320901753
128.19407505893682 170.49658480962603
127.92511997158084 171.45973752907673
127.65616488422486 172.42289024852747
127.38720979686889 173.38604296797823
127.11825470951291 174.34919568742896
126.84929962215693 175.31234840687966
126.58034453480096 176.2755011263304
126.311389447445 177.23865384578113
126.04243436008902 178.2018065652319
125.77347927273306 179.1649592846826
125.50452418537706 180.12811200413333
125.2355690980211 181.09126472358406
124.96661401066514 182.05441744303482
124.69765892330918 183.01757016248553
124.4287038359532 183.98072288193626
124.15974874859721 184.943875601387
123.89079366124126 185.90702832083775
123.62183857388527 186.87018104028846
123.3528834865293 187.8333337597392
123.08392839917333 188.79648647918992
122.81497331181734 189.75963919864066
122.54601822446136 190.7227919180914
122.2770631371054 191.68594463754212
122.10899754010163 192.2878028823206
122.28727505538957 193.2717831298575
122.4655525706775 194.25576337739437
122.67662974742251 195.2332327761263
122.94872704357975 196.195502520753
123.28318349905771 197.13791372579522
123.68150124315305 198.05516122496803
124.28847511338833 198.84988301330128
125.06809589913112 199.47613490386755
125.96949277252332 199.90912875675554
126.89467101564675 200.28866165183985
127.83775732976707 200.62120969967498
128.7928247753418 200.91759825276588
129.75554346113677 201.18810284056661
130.7230877392028 201.4408043838576
131.69368429311308 201.68151651387498
132.6662281764947 201.9142360766474
133.64002659580794 202.14164900183644
134.6146404530565 202.3655414520421
135.58978827899406 202.58709667669092
136.56528781417956 202.8070981695333
137.5410200497466 203.02606530057204
138.51800533743614 203.23937199910304
139.49626646743405 203.44674885782933
140.4755516782429 203.64923460026841
141.45558862008028 203.8480500740979
142.43615481102375 204.0442386190708
143.41708564841355 204.2385957446354
144.39826475633757 204.4316956104392
145.37961175727816 204.6239404120463
146.3610718459281 204.81560703508546
147.34260792729705 205.00688411413796
148.32419500181794 205.19789933639404
149.30625232786434 205.38648196644942
150.2888047814502 205.57246765394285
151.2717625471388 205.75629918244798
152.2550219899241 205.9385102363758
153.23849594236555 206.1195599115183
154.2221187285232 206.29979923728115
155.20584334495123 206.47948195496292
156.19011760578917 206.65612900263687
157.17495639025117 206.82960110016091
158.16025237877227 207.00045722385644
159.14588654040693 207.16935156780775
160.13176019895351 207.33684225227694
161.11839623265396 207.4997819251741
162.1057805013089 207.65812429478086
163.09375783596442 207.81272308587256
164.08273300583016 207.96080452761686
165.07260042612216 208.10279921147662
166.0631466347151 208.23997868750027
167.05486489740701 208.36841111114546
168.0476143572194 208.48861306638003
169.04168919028302 208.59731093328418
170.03683434514446 208.69572902489244
171.03324138791922 208.78042262033412
172.03080865542023 208.85013307012906
173.02930505785153 208.90495035145307
174.02847028028054 208.94580201345616
175.0280694727079 208.97411198517244
176.0279174307941 208.99154932186187
177.0278830591641 208.99984040614385
178.02788274241902 209.0006363270447
179.0278711931642 208.99583025003227
180.02782510674015 208.98622969149977
181.02773521833882 208.97282190559912
182.0276022613516 208.9565155787027
183.0274319315539 208.93805939862176
184.02723145424017 208.918036550765
185.02700776592383 208.89688645392738
186.02676676132143 208.87493306873066
187.02651312074738 208.85241159421034
188.0262504058337 208.82949084360752
189.02598125110075 208.80629090779632
190.02569718351697 208.78245701442677
191.02539111235976 208.7577173977183
192.02505992987244 208.7319830764185
193.02470392892738 208.70530208780355
194.02432554326725 208.67779521330732
195.02392820403702 208.64960797183056
196.02351553539245 208.6208822517578
197.02309088647328 208.59174263076457
198.02265711696475 208.56229180970513
199.0222165440034 208.53261097720056
200.02177097693422 208.50276243270687
201.02132179067127 208.4727929355881
202.02087000869682 208.4427369903862
203.02041638081715 208.4126197199081
204.0199614494559 208.38245921991307
205.01950560305494 208.35226840995404
206.01904911749625 208.3220564464575
207.01859218738394 208.29182977877045
208.01813494920623 208.2615929256163
209.017677498228 208.23134903871244
210.0172199006662 208.2011003076959
211.01676220238232 208.17084824859262
212.01631586315187 208.1409738575166
213.01588917360766 208.1117643209839
214.01548492425655 208.0833330831515
215.0151020624461 208.05566402032352
216.01473766604843 208.02867031715783
217.01438827986135 208.00223832322214
218.0140506235565 207.9762537393715
219.0137218870485 207.95061461012912
220.01339980038995 207.92523608421996
221.01308259738116 207.9000506638376
222.0127689387943 207.8750063273118
223.01245782813075 207.85006390286657
224.01214853454758 207.8251944134515
225.01184052815492 207.80037671981597
226.01154867934943 207.77621864797038
227.01128323302703 207.75317906935015
228.01104681319765 207.73143547800817
229.0108370749578 207.7109554269937
230.01064959289727 207.69159234429742
231.01047964610217 207.67315692435886
232.01032303784882 207.6554596934868
233.01017634896283 207.63833204757822
234.01003692465724 207.6216338688734
235.0099278465375 207.6068641586025
236.00985924967898 207.59515138730455
237.00982528738135 207.58690981938204
238.00981334165192 207.5820219449816
239.00981146367806 207.5800839191371
240.00981133655637 207.5805881446783
241.0097953804169 207.5862372175499
242.00971389816743 207.59900271243222
243.00950446084792 207.61946806791565
244.00855269084826 207.66308726246552
245.00551295624183 207.74099893826826
245.99878211900813 207.85682799462944
246.98718641860503 208.00867311486184
247.97028763069625 208.19173596413697
248.94829916813012 208.4002867556632
249.92175999525236 208.6291404601524
250.89150276221545 208.8732694545851
251.85835197356735 209.12861745733466
252.8230208348839 209.39208280231617
253.78150932052722 209.67721404032628
254.72735710742256 210.0018245207874
255.65401209686013 210.37773745026777
256.5567413680879 210.80794654230152
257.4337185542091 211.28847855478654
258.2859444962433 211.81165246824548
259.11705816274144 212.3677550427405
259.9319629154918 212.9473499391508
260.740896869555 213.5352494696521
261.5417838254407 214.13406503716197
262.2401531288403 214.6562291299512
262.3309626788819 214.73412195215906
262.3508909114011 214.73902671782756
263.32191308876884 214.97801611311513
264.2929352661366 215.21700550840274
265.2639574435044 215.45599490369034
266.2349796208722 215.69498429897794
267.20600179824 215.93397369426555
268.17702397560777 216.17296308955315
269.14804615297555 216.41195248484075
270.11906833034334 216.65094188012836
271.0900905077111 216.88993127541596
272.0611126850789 217.12892067070356
273.0321348624467 217.3679100659911
274.0031570398145 217.60689946127872
274.97417921718227 217.84588885656632
275.94520139455005 218.08487825185392
276.91622357191784 218.32386764714153
277.8872457492856 218.56285704242913
278.8582679266534 218.8018464377167
279.8292901040212 219.04083583300428
280.800312281389 219.27982522829188
281.77133445875677 219.5188146235795
282.74235663612455 219.7578040188671
283.71337881349234 219.9967934141547
284.6844009908601 220.23578280944227
285.6554231682279 220.47477220472987
286.6264453455957 220.71376160001745
287.5974675229635 220.95275099530505
288.56848970033127 221.19174039059266
289.53951187769906 221.43072978588026
290.51053405506684 221.6697191811678
291.4815562324346 221.9087085764554
292.4525784098024 222.147697971743
293.4236005871702 222.38668736703062
294.394622764538 222.62567676231822
295.36564494190577 222.8646661576058
296.33666711927356 223.1036555528934
297.30768929724894 223.34264494571235
298.2787114748297 223.58163434013466
299.249733652142 223.82062373564753
300.220755829357 224.05961313155598
301.19177800656456 224.29860252749452
302.162800183794 224.53759192334425
303.1338223609175 224.77658131962437
304.1048445382312 225.01557071513193
304.83194645015516 225.19452609880682
304.8588550080772 225.0828678896871
305.854895660258 225.17176681658313
306.8276277294975 225.40369853384703
307.79498108318506 225.65712996265862
308.75928925934386 225.92191240428429
309.7218442915172 226.19299875591008
310.68337744481374 226.46768766196834
311.6443013451053 226.74450033842746
312.60485483686443 227.0225956268978
313.56518010332195 227.30147800820455
314.5256864795894 227.57973598410013
315.48638592380667 227.8573266501547
316.4472249123715 228.1344339182904
317.40815570293967 228.41122267481433
318.36914509602764 228.68780789924338
319.33017151774584 228.96426443607976
320.29122125602737 229.2406399063172
321.25266124832814 229.51565470810922
322.21443578976584 229.78949723848453
323.17644078724464 230.06252907696842
324.138595159549 230.33503405647426
325.10084442952774 230.60720375064588
326.0631535748039 230.8791616681954
327.0259647698867 231.1493368014393
327.9892011635039 231.41799206383206
328.95272935877097 231.68559889656487
329.9164463902198 231.95252488498753
330.8802832972066 232.2190176930146
331.8447368984799 232.4832699418052
332.80970497587396 232.74563725991163
333.77502449202234 233.00670857534683
334.7405709939195 233.2669391513253
335.7068325766442 233.5245018694161
336.67367662355844 233.7798694259824
337.6409158264679 234.0337361712544
338.60894474652997 234.28457478455675
339.5775945582277 234.53300494033084
340.5466614434786 234.77980318163333
341.5165926833589 235.02318228900344
342.48720464953965 235.26383226533164
343.45827367560884 235.50263123226617
344.43031046758273 235.7374598400826
345.40310904460347 235.96911244323312
346.37686974638973 236.19668681713452
347.3513421700729 236.42119404526122
348.32665611789145 236.6420168321076
349.30258658023155 236.86009877238857
350.27917863839815 237.0751986373953
351.25629191914936 237.28791825703487
352.23375562772316 237.49902178239904
353.21138833700877 237.709341267314
354.1889759115677 237.9198704436009
355.1663023444626 238.13160859218286
356.14340767549305 238.3443647250484
357.1199276711931 238.55979150610852
358.0956369952245 238.7788607075001
359.0703717718675 239.00222613723966
360.04399733901323 239.2303779616901
361.0163972566719 239.4636983425774
361.9874660710175 239.70249817047804
362.9570993410745 239.94706170332486
363.92517960467404 240.19770208959363
364.89156002769835 240.45481855735764
365.85604872909323 240.71894266621865
366.81839618054846 240.99076500282402
367.77830907719294 241.27106347027544
368.7354925842889 241.5605453069136
369.68970449079086 241.85967677882854
370.6408026037146 242.16856572261418
371.589599314566 242.48445304663585
372.5351811930908 242.80983729795344
373.4776544815456 243.14411876700183
374.41742118281184 243.4859353072556
375.35496238961053 243.83380954538535
376.2907648113317 244.18633447712898
377.22528815834414 244.54223630894327
378.158949185153 244.90039421688076
379.092115089077 245.2598401735331
380.02510247064856 245.6197492534802
380.95817920862817 245.97942661034514
381.89156748117466 246.33829473747917
382.8254469554279 246.6958826673209
383.7599577754376 247.05181739066876
384.69520335538596 247.40581697426612
385.63125315255405 247.75768453063017
386.5681456106836 248.10730221024616
387.50589139531235 248.4546246014204
388.4444769443337 248.7996712173555
389.3838682677074 249.14251803675185
390.3240148698604 249.48328829141056
391.2648536420121 249.82214283958135
392.20631257499787 250.1592705268177
393.14831416714105 250.4948789301684
394.0907784365682 250.82918582637765
395.03362548485035 251.16241164102243
395.9767775932795 251.4947730412568
396.92016086126006 251.82647774380766
397.8637064170661 252.15772053107798
398.8073512448145 252.4886804063856
399.7510386789297 252.8195187758246
400.69471861993236 253.15037851793483
401.6383475243774 253.4813837908472
402.5818882183577 253.8126404267103
403.52530957910614 254.14423677181009
404.4685861236003 254.4762448449154
405.41169760395815 254.80872151419783
406.35462917148635 255.14170808894045
407.29737284195176 255.4752262620546
408.2399314770462 255.8092670071875
409.18232477632023 256.14377391217374
410.12459490314006 256.4786276236703
411.0668093530353 256.8136379674042
412.0090467411372 257.14858379058
412.9513741269337 257.4832763330395
413.8938291495626 257.8176092962985
414.8364130675313 258.1515786924814
415.7790937950148 258.48527473086244
416.72181494504514 258.8188565548359
417.66450683555684 259.15252105633925
418.60709665300624 259.4864738015603
419.5495163436497 259.82090634586103
420.49170783450626 260.15598125473593
421.4336257994018 260.49182429457306
422.3752384678903 260.82852235299026
423.3165270440495 261.16612539858124
424.25748425487774 261.504650918137
425.1981124497305 261.84408957098606
426.13842156206414 262.18441114429913
427.0784271434201 262.52557020840203
428.018148596169 262.8675111261693
428.9576076682744 263.21017225883355
429.89682722882 263.55348933835137
430.8358303141807 263.8973980554304
431.7746394179652 264.24183595498766
432.7132759898495 264.5867437483491
433.6517601063345 264.9320661529296
434.59011027805326 265.27775236213574
435.5283433523505 265.62375626138356
436.4664744481313 265.97003656277116
437.40451683493984 266.31655709686765
438.34248166711853 266.6632875016434
439.28037752419135 267.0102044387994
440.21820978182353 267.35729326971244
441.1559799145746 267.70454991561024
442.0936848805876 268.0519824942705
443.03131674187426 268.39961231563245
443.96886263411636 268.7474739259605
444.90630513369723 269.09561407012615
445.8436229987223 269.4440896358476
446.78079220318466 269.7929648029309
447.7177871491594 270.1423077164382
448.6545819325944 270.492187029529
449.5911515494973 270.8426686306073
450.5274729538292 271.19381280013033
451.463525908722 271.5456719560955
452.39929360267627 271.89828906139735
453.3347630281852 272.2516966928061
454.2699251397756 272.60591671630243
455.204774821339 272.96096047822573
456.13931069945363 273.31682940425964
457.07353484131914 273.6735158951107
458.00745237427014 274.031004414712
458.9410710598517 274.3892726800287
459.87440085020614 274.7482928778405
460.8074534488484 275.10803285083074
461.74024189237844 275.46845721129597
462.6727801360873 275.82952842867616
463.6050825431614 276.19120815130896
464.5371630837147 276.5534592602401
465.46903402919673 276.91624920079306
466.40070403356634 277.2795548613022
467.3321757004192 277.64336873383905
468.26344295715677 278.007705523813
469.19448869762647 278.3726080164782
470.12528316034576 278.73815099366567
471.0557833869957 279.10444230970313
471.98593382454663 279.4716209631183
472.91566769597995 279.8398531294341
473.84490833085283 280.20932821993557
474.7735693538927 280.5802577338417
475.70155253337066 280.9528798193465
476.6287421026703 281.3274722679918
477.5549943537588 281.7043764565509
478.4801212914921 282.0840343934891
479.403867356071 282.4670398871508
480.3258788646502 282.8542023569842
481.2456668368284 283.2466180628833
482.1625649341923 283.6457394467383
483.07568499289715 284.0534302099289
483.98387271840926 284.47199329385916
484.8856659485235 284.90416105077776
485.7792582580451 285.353040527212
486.6624719074949 285.8220113679105
487.5327458996196 286.31457931107286
488.3871464792665 286.8341942160736
489.21866234674985 287.3896952170839
490.02563574805777 287.9802830002131
490.8061361604922 288.6054382658789
491.5574383518622 289.2653966109604
492.2764590953186 289.9603852227228
492.9602114946165 290.69009931499073
493.60614807081987 291.45349039400764
494.2124058620869 292.24875858180854
494.777651977893 293.0736808984942
495.30167407943685 293.9253855639115
495.78540295363354 294.80060346607553
496.23057963555897 295.6960462179418
496.6393309594663 296.60869201736455
497.0138167998719 297.53592465016806
497.3560250631305 298.4755487795716
497.66771522197985 299.4257325748852
497.95046417984344 300.3849265212939
498.20575620564875 301.3517905146043
498.43507075310913 302.3251428857028
498.6399425830956 303.303931695037
498.8219869603106 304.2872220106226
498.9828944761581 305.2741914991803
499.1244052776935 306.26412821081834
499.24827304949014 307.25642694361517
499.35622715338417 308.2505828224654
499.4499385482235 309.2461822270842
499.5309924952614 310.2428919429341
499.60086905200615 311.24044758890955
499.66093105125253 312.2386422373857
499.71241854981037 313.23731587651525
499.75644844819425 314.23634609029676
499.7940179699424 315.2356401066081
499.8260108236644 316.23512820424145
499.85320506799223 317.23475837239135
499.87628190787376 318.23449206666254
499.89583484257906 319.23430088976045
499.9123787492886 320.23416402997054
499.92635861826284 321.2340663068274
499.9381577582045 322.2339966945528
499.94810536750543 323.2339472158633
499.9564834231975 324.2339121193388
499.96353287897887 325.2338872716167
499.96945919050967 326.23386971087837
499.97443720341545 327.23385732049536
499.97861544966753 328.23384859158637
499.9821199031863 329.2338424509703
499.9850572471627 330.23383813696614
499.9875177048371 331.23383511003556
499.9895774831668 332.2338329886899
499.99130087555005 333.23383150364816
499.9927420660121 334.23383046513266
499.99394667327647 335.2338297395931
499.9949524577471 336.23382923379177
499.99579194723475 337.2338288814204
499.9964934576649 338.23382863536193
499.9970814238763 339.2338284625098
499.9975766303889 340.233828339895
499.9979965106981 341.23382825174525
499.9983460643417 342.23382819065137
499.9986473985319 343.23382814525024
499.998917746089 344.23382810870635
499.9991684967468 345.2338280772684
499.99940549637233 346.233828049184
499.99964236010516 347.2338280211318
499.99977232802587 348.233828012686
499.99990123504847 349.23382800437753
