0.4711133612680886
160596
1059
0.0 100.0
0.0 101.0
0.0 102.0
0.0 103.0
0.0 104.0
0.0 105.0
0.0 106.0
0.0 107.0
0.0 108.0
0.0 109.0
0.0 110.0
0.0 111.0
0.0 112.0
0.0 113.0
0.0 114.0
0.0 115.0
0.0 116.0
0.0 117.0
0.0 118.0
0.0 119.0
0.0 120.0
0.0 121.0
0.0 122.0
0.0 123.0
0.0 124.0
0.0 125.0
0.0 126.0
0.0 127.0
0.0 128.0
0.0 129.0
0.0 130.0
0.0 131.0
0.0 132.0
0.0 133.0
0.0 134.0
0.0 135.0
0.0 136.0
0.0 137.0
0.0 138.0
0.0 139.0
0.0 140.0
0.0 141.0
0.0 142.0
0.0 143.0
0.0 144.0
0.0 145.0
0.0 146.0
0.0 147.0
0.0 148.0
0.0 149.0
0.0 150.0
0.0 151.0
0.0 152.0
0.0 153.0
0.0 154.0
0.0 155.0
0.0 156.0
0.0 157.0
0.0 158.0
0.0 159.0
0.0 160.0
0.0 161.0
0.0 162.0
0.0 163.0
0.0 164.0
0.0 165.0
0.0 166.0
0.0 167.0
0.0 168.0
0.0 169.0
0.0 170.0
0.0 171.0
0.0 172.0
0.0 173.0
0.0 174.0
0.0 175.0
0.0 176.0
0.0 177.0
0.0 178.0
0.0 179.0
0.0 180.0
0.0 181.0
0.0 182.0
0.0 183.0
0.0 184.0
0.0 185.0
0.0 186.0
0.0 187.0
0.0 188.0
0.0 189.0
0.0 190.0
0.0 191.0
0.0 192.0
0.0 193.0
0.0 194.0
0.0 195.0
0.0 196.0
0.0 197.0
0.0 198.0
0.0 199.0
0.0 200.0
0.0 201.0
0.0 202.0
0.0 203.0
0.0 204.0
0.0 205.0
0.0 206.0
0.0 207.0
0.0 208.0
0.0 209.0
0.0 210.0
0.0 211.0
0.0 212.0
0.0 213.0
0.0 214.0
0.0 215.0
0.0 216.0
0.0 217.0
0.0 218.0
0.0 219.0
0.0 220.0
0.0 221.0
0.0 222.0
0.0 223.0
0.0 224.0
0.0 225.0
0.0 226.0
0.0 227.0
0.0 228.0
0.0 229.0
0.0 230.0
0.0 231.0
0.0 232.0
0.0 233.0
0.0 234.0
0.0 235.0
0.0 236.0
0.0 237.0
0.0 238.0
0.0 239.0
0.0 240.0
0.0 241.0
0.0 242.0
0.0 243.0
0.0 244.0
0.0 245.0
0.0 246.0
0.0 247.0
0.0 248.0
0.0 249.0
0.0 250.0
0.0 251.0
0.0 252.0
0.0 253.0
0.0 254.0
0.0 255.0
0.0 256.0
0.0 257.0
0.0 258.0
0.0 259.0
0.0 260.0
0.0 261.0
0.0 262.0
0.0 263.0
0.0 264.0
0.0 265.0
0.0 266.0
0.0 267.0
0.0 268.0
0.0 269.0
0.0 270.0
0.0 271.0
0.0 272.0
0.0 273.0
0.0 274.0
0.0 275.0
0.0 276.0
0.0 277.0
0.0 278.0
0.0 279.0
0.0 280.0
0.0 281.0
0.0 282.0
0.0 283.0
0.0 284.0
0.0 285.0
0.0 286.0
0.0 287.0
0.0 288.0
0.0 289.0
0.0 290.0
0.0 291.0
0.0 292.0
0.0 293.0
0.0 294.0
0.0 295.0
0.0 296.0
0.0 297.0
0.0 298.0
0.0 299.0
0.0 300.0
0.0 301.0
0.0 302.0
0.0 303.0
0.0 304.0
0.0 305.0
0.0 306.0
0.0 307.0
0.0 308.0
0.0 309.0
0.0 310.0
0.0 311.0
0.0 312.0
0.0 313.0
0.0 314.0
0.0 315.0
0.0 316.0
0.0 317.0
0.0 318.0
0.0 319.0
0.0 320.0
0.0 321.0
0.0 322.0
0.0 323.0
0.0 324.0
0.0 325.0
0.0 326.0
0.0 327.0
0.0 328.0
0.0 329.0
0.0 330.0
0.0 331.0
0.0 332.0
0.0 333.0
0.0 334.0
0.0 335.0
0.0 336.0
0.0 337.0
0.0 338.0
0.0 339.0
0.0 340.0
0.0 341.0
0.0 342.0
0.0 343.0
0.0 344.0
0.0 345.0
0.0 346.0
0.0 347.0
0.0 348.0
0.0 349.0
0.0 350.0
0.0 351.0
0.0 352.0
0.0 353.0
0.0 354.0
0.0 355.0
0.0 356.0
0.0 357.0
0.0 358.0
0.0 359.0
0.0 360.0
0.0 361.0
0.0 362.0
0.0 363.0
0.0 364.0
0.0 365.0
0.0 366.0
0.0 367.0
0.0 368.0
0.0 369.0
0.0 370.0
0.0 371.0
0.0 372.0
0.0 373.0
0.0 374.0
0.0 375.0
0.0 376.0
0.0 377.0
0.0 378.0
0.0 379.0
0.0 380.0
0.0 381.0
0.0 382.0
0.0 383.0
0.0 384.0
0.0 385.0
0.0 386.0
0.0 387.0
0.0 388.0
0.0 389.0
0.0 390.0
0.0 391.0
0.0 392.0
0.0 393.0
0.0 394.0
0.0 395.0
0.0 396.0
0.0 397.0
0.0 398.0
0.0 399.0
0.0 400.0
0.0 401.0
0.0 402.0
0.06452894004942566 402.9979158360784
0.14166034023473512 403.9949367722204
0.23839561056983305 404.99024691859347
0.3621685442970102 405.9825574853399
0.5206346661308177 406.9699219004526
0.7213099326953858 407.949579716932
0.9710858915904027 408.9178833730018
1.2756805565828069 409.87036544110504
1.6391152664431572 410.8019851122524
2.0651393897778667 411.7066969151691
2.553978191128179 412.5790710472331
3.1022192592558877 413.4153913992623
3.704193162308994 414.21390715993516
4.353316677690521 414.9745901831312
5.042945175483174 415.69875351762994
5.766809794170017 416.38869555419046
6.519213686614254 417.04739759808797
7.2951083469127 417.67826008399146
8.090109324357641 418.28486823252024
8.900476378865415 418.8707907845426
9.723070242435831 419.4394201327267
10.55529463442127 419.99385909364526
11.395030909561568 420.5368535579021
12.240571282884735 421.07076504596034
13.090554827039139 421.5975742853124
13.94390877935139 422.11890626406785
14.799796403028534 422.6360681107235
15.65757177137674 423.15009283527974
16.516741309971586 423.66178385919034
17.376931632522187 424.1717570045522
18.23786305317204 424.6804780370817
19.099328092839805 425.188294918871
19.961174286074133 425.6954646529912
20.823290618786675 426.20217505240123
21.685597010834538 426.70856194622195
22.54803645969953 427.21472219460327
23.41056977751035 427.7207224670007
24.273173133995783 428.2266033318099
25.135838629379137 428.7323782254879
25.99857772039725 429.23802757121007
26.861426594368055 429.74348955859125
27.72445183081519 430.2486503659144
28.587754271798666 430.7533372940114
29.451470679668923 431.25731543517986
30.31577615311498 431.7602826792139
31.180892382787512 432.26185411894824
32.0471051827705 432.7615293986506
32.91478983106852 433.2586444266954
33.784437427964356 433.75231745331655
34.65667265440989 434.2414040609307
35.532254289533185 434.72447424241034
36.412054027389786 435.19981877142845
37.29701442244239 435.6654850673833
38.18811410690056 436.1192926834042
39.0862892226463 436.5589305587688
39.99235761413785 436.98206182674596
40.90696688400445 437.38640064936146
41.81629464824597 437.8024811910592
42.721387048547136 438.22769613307923
43.62316667925619 438.6598922663778
44.5224170264983 439.0973266191497
45.41978218631992 439.53861537941714
46.315776550156244 439.9826808024952
47.21080009587491 440.4286996951547
48.10515587458116 440.8760560867428
48.999067507594475 441.32429931576416
49.89269675045659 441.7731052608024
50.78616426482792 442.2222330831015
51.67957880024751 442.6714662830111
52.573078724279895 443.12052962570806
53.466884591842685 443.568983716012
54.36135407357369 444.0161127200498
55.25702194606139 444.46083629958366
56.15459279413815 444.90170654430744
57.054862104569445 445.33703994377913
57.95857473654527 445.7651794990731
58.866262192007 446.1848263544139
59.778108897324316 446.5953572131833
60.693880793192 446.9970558996872
61.61292111946838 447.39121941737733
62.532496220684834 447.7841336996613
63.44968443308876 448.18258794173596
64.36214115365452 448.5917611728916
65.26804837858968 449.01523738215286
66.19185494805666 449.3980969154149
67.12998394314815 449.74438290786713
68.0794321400554 450.05830665878375
69.03769804772685 450.3441850423573
70.00273967784565 450.6062816889166
70.9729279681687 450.8486340797033
71.9469897590647 451.07491626529566
72.9239460823548 451.288355583097
73.90305303795802 451.4917015186094
74.88374999174037 451.6872353643804
75.86561687994865 451.87680702323314
76.84834038976695 452.0618867445708
77.83168780423372 452.2436224385374
78.81548703213545 452.4228961933927
79.79961144739008 452.60037615085196
80.78396840306276 452.776561802421
81.76849053758434 452.95182208496396
82.75312920458444 453.1264264819541
83.7378495225268 453.30056980060715
84.72262666226337 453.47439150538605
85.70744308018452 453.64799053474087
86.69228647129486 453.82143647728856
87.67714826724414 453.994777882843
88.66202254372257 454.1680483636846
89.64690523264305 454.3412710211655
90.63179355908079 454.51446162266177
91.61668564232521 454.6876308588513
92.60158021558453 454.86078593259833
93.58647643064981 455.0339316676024
94.57137372282548 455.2070712756215
95.55627171822849 455.38020688331426
96.5411701706183 455.5533398913751
97.52606891864315 455.72647121765397
98.5109678570918 455.89960146065823
99.49586691768249 456.0727310088224
100.48076605630116 456.2458601131007
101.46566524457177 456.41898893491816
102.45056446431843 456.5921175776739
103.43546370394597 456.76524610733065
104.42036295608636 456.9383745658038
105.40526221607531 457.1115029796278
106.39016148097093 457.28463136553864
107.37506074384675 457.4577597629397
108.35995996079404 457.6308884216205
109.34485894267607 457.804018417542
110.32975711107456 457.97715304113103
111.3146530811664 458.1503001695995
112.29954409729612 458.3234754748453
113.28442542636643 458.4967058637749
114.26928987174611 458.67003221557104
115.25412757588091 458.8435104462354
116.23892622695044 459.01721023567586
117.2236716926916 459.19121129228824
118.20834900535004 459.3655976161091
119.19294354614681 459.5404506693659
120.1774422435187 459.71584255878224
121.1618346090614 459.8918302590947
122.14611347885507 460.0684516238208
123.1302753899352 460.2457235414476
124.11432058594204 460.4236422088658
125.09825269971084 460.6021851882698
126.08207819622362 460.7813147291372
127.06580567475164 460.9609817767249
128.04944512635842 461.1411301301526
129.03300722714712 461.3217003211923
130.0165027246869 461.50263292278476
130.9999419504729 461.68387113394726
131.98333446923434 461.8653626049427
132.96668885885254 462.0470605532488
133.95001260343932 462.22892427511715
134.93331207639523 462.4109191829708
135.9165925889532 462.5930165020718
136.89985848147475 462.77519274806394
137.88311323831118 462.9574290868072
138.86635961131554 463.139710654646
139.8495997413374 463.32202589458655
140.83283527078868 463.50436594401265
141.81606744341406 463.68672409358214
142.7992971896855 463.86909532499476
143.78252518343504 464.0514760046383
144.76575180712905 464.23386407019996
145.7489768916364 464.4162604330898
146.7321990607103 464.5986725112032
147.7154145760838 464.7811204498838
148.69861575649537 464.9636456230444
149.6817892661914 465.1463197860561
150.6649147278219 465.32925236022993
151.64796412772586 465.5125932376917
152.63090233487947 465.69652931603866
153.61368880451477 465.88127442450366
154.59628027274323 466.0670538812923
155.57863404755602 466.2540861274721
156.5607114057351 466.44256440885215
157.5424806175798 466.6326412740247
158.52391918358677 466.8244180743792
159.50501489133325 467.01794123124023
160.48576527490712 467.21320690953434
161.46617510084658 467.41017536691106
162.44625177023738 467.6087949080339
163.42599905005926 467.80903293559516
164.4054100939752 468.01090915275665
165.3844608979391 468.2145252701385
166.36310497717153 468.4200873439344
167.34126928225214 468.62792043144987
168.31885051174567 468.83847906875053
169.2957103381089 469.05235959530114
170.27166788138834 469.2703203112935
171.24648823173817 469.49331198051857
172.2198658793244 469.7225192124714
173.1914013018421 469.9594135407982
174.16057039760554 470.2058100988445
175.12669180916237 470.46389810346966
176.0889045509075 470.7361969092388
177.04617377512147 471.02539516713944
177.99734267678107 471.3340660606744
178.9412413048052 471.6643014010215
179.8768484790528 472.017344196581
180.80348381205204 472.3933055770942
181.72098930519954 472.7910286843487
182.6298552477222 473.2081170425205
183.53124702130467 473.6411215119175
184.42692346265102 474.08582783345696
185.31906396748354 474.53758586563475
186.21004185199206 474.9916325695284
186.5997872262694 475.19024872558043
186.59137762302413 475.5263034130741
187.10061132915993 475.44547114703715
186.59255469072164 475.4792668162578
186.59137762302413 475.5263034130741
187.10061132916005 475.4454711470372
188.09840622303162 475.37909833811796
189.09630100405286 475.3142446103103
190.0944467351394 475.2533750816957
191.09304086004204 475.20036778304814
192.09225243033765 475.1606659217896
193.0920636134652 475.1412340383748
194.0920226731139 475.15028274140406
195.09094234208442 475.19675310770134
196.08662399285515 475.28958656243844
197.07572074665103 475.43685370619573
198.0538454814136 475.64487294387743
199.01596640945098 475.9174959800142
199.95702583112575 476.25573726205585
200.87261452709316 476.6578533395966
201.75949581402995 477.11985072365997
202.61582891884547 477.6362745937482
203.44106129686787 478.201067938489
204.2355760891924 478.8083127365544
205.00023963854457 479.4527424505591
205.7359859593219 480.129999677514
206.44352766587355 480.83667126565797
207.12322976374367 481.5701595465125
207.77514306100494 482.3284530601693
208.3991711325435 483.109854983594
208.9953357644981 483.9127171956867
209.56410735335453 484.7352127152549
210.10677301689077 485.5751615098958
210.62581410584556 486.42991079944017
211.12524547390097 487.29626425421617
211.61083808484767 488.17044948412683
212.09013149836846 489.04810421336583
212.57216783733332 489.92425543770867
213.06694120150777 490.7932774846692
213.58462935750538 491.6488468700143
214.13473246793953 492.48394361165003
214.7252781720726 493.29094780701087
215.36225339438346 494.06183208247774
216.0493671025975 494.78838197889525
216.7881309170893 495.46234638922977
217.57811799944727 496.07546987573767
218.41720746526488 496.6194633208763
219.30168290587957 497.0860500705269
220.226189906664 497.4672151338532
221.18367886492962 497.75568505394773
222.1654912257164 497.94553891407776
223.1616787712457 498.0327763723876
224.16153275909917 498.01568827789185
225.15421899136305 497.89496527149413
226.12940371767792 497.67357252192414
227.07779189236823 497.3564607591219
227.99154026586353 496.9501801788148
228.86454689003557 496.4624718293355
229.69270659606713 495.90197963375584
230.47439011493304 495.27830433655913
231.2115078350671 494.6025399792093
231.91128171268105 493.8881755622559
232.58823833719572 493.152152649212
233.26530378162948 492.41622983807366
233.972598521814 491.70931106586056
234.74236871642535 491.07098994958125
235.5980846443129 490.5535440579563
236.5385275821265 490.2135924721142
237.53007387360194 490.08383904494826
238.5285546459831 490.13894028980786
239.5158142893365 490.29805784573944
240.50025711310175 490.4737630725744
241.48833261897184 490.6277331823344
242.47593299554967 490.78472202328606
243.4496423892365 491.0125158262001
244.3833881732917 491.3704527071709
245.27366790365465 491.8258668063212
246.1726731054184 492.2638047553524
247.1245123524148 492.570402289389
248.11570775977316 492.7028094811564
249.11569675224754 492.7075014881932
250.11492930244782 492.6683312109378
251.11469792104361 492.64682053286685
252.11465916258015 492.6556248173209
253.11463819045986 492.6621012207005
254.11370117352766 492.61882125000216
255.10744493882095 492.5071371914229
256.0973746043843 492.36557710793306
257.09136547689513 492.25611412165375
258.0912485309734 492.2408210458651
259.0834073553907 492.3658045132953
260.04110634903446 492.65357636315855
260.9680590833644 493.0287544919432
261.92029288755657 493.33412440230376
262.91697041660075 493.41557317822037
263.89489207921156 493.20660135764024
264.7874458021612 492.755660284274
265.5868192770741 492.1548258248713
266.31988013167006 491.47466276834814
267.01437383090376 490.75516398327295
267.688608001854 490.0166463580784
268.35273766157445 489.2690289458416
269.01194518231796 488.51706787996443
269.66876869126486 487.7630235323995
270.3244306002859 487.00796892440155
270.97951908042575 486.2524167533452
271.6343198027932 485.49661518283403
272.2889736721834 484.7406864088794
272.9435514406288 483.9846917362414
273.5980892634482 483.2286624785411
274.25260590540915 482.47261488387784
274.9071112301477 481.71655749194986
275.56161047384023 480.96049483581226
276.21610643667134 480.20442933955036
276.87060062415463 479.44836230644376
277.525093848855 478.6922944398991
278.17958655056054 477.9362261206222
278.8340789677908 477.18015755508856
279.48857123011146 476.4240888554571
280.1430634079928 475.66802008273066
280.7975555398051 474.9119512701244
281.4520476464603 474.1558824357409
282.1065397393661 473.3998135894552
282.7610318247507 472.64374473665885
283.41552390601777 471.88767588029805
284.0700159850287 471.1316070219842
284.72450806280233 470.37553816259936
285.37900013989685 469.6194693026266
286.03349221661836 468.863400442331
286.6879842931348 468.1073315818578
287.3424763695385 467.35126272128707
287.99696844588 466.5951938606625
288.6514605221873 465.83912500000827
289.30595259847564 465.08305613933766
289.96044467475366 464.32698727865807
290.61493675102594 463.57091841797353
291.2694288272952 462.8148495572864
291.9239209035627 462.05878069659764
292.5784129798292 461.3027118359081
293.2329050560951 460.54664297521805
293.88739713236066 459.7905741145278
294.5418892086261 459.0345052538373
295.1963812848915 458.2784363931468
295.8508733611568 457.5223675324563
296.5053654374221 456.76629867176575
297.1598575136874 456.0102298110752
297.81434958995266 455.2541609503846
298.46884166621794 454.498092089694
299.12333363971993 453.7420231400463
299.7799533092844 452.98780128306976
300.44365457151207 452.2398035327273
301.12027416733474 451.5034707801291
301.81400568221875 450.78323707829554
302.52618600031514 450.0812405010132
303.2556009410554 449.3971689811961
303.99952774664405 448.7289078735992
304.75476309602624 448.0734541627671
305.51830302075564 447.4276935388947
306.287662703067 446.78887769748667
307.06094891678777 446.1548205772922
307.8368020866085 445.52390706588267
308.6142892088995 444.8950082070256
309.39279287869624 444.267368154039
310.1719165993336 443.6404979697582
310.9514120725436 443.0140901096182
311.73112710238576 442.3879555615871
312.5109701001873 441.7619804033101
313.2908868198667 441.13609709919945
314.070845574613 440.51026617882667
314.85082807829315 439.88446485735733
315.630823890208 439.25868012328715
316.4108271051399 438.63290461665883
317.18952156509425 438.00550128702434
317.9638150277158 437.3726745858323
318.73996968219006 436.74213200016675
319.52460742320727 436.122177473309
320.3191965240849 435.5150299123598
321.1216662873071 434.9183371278266
321.9291847814133 434.32849487630807
322.73952556342783 433.7425359895216
323.55129870408035 433.1585630722428
324.36374775669475 432.57553088024486
325.17649812089445 431.9929187918933
325.989376825824 431.41048578194966
326.8023082084268 430.82812629917333
327.61526056293684 430.2457960927642
328.42822105734666 429.6634772500938
329.241184644434 429.08116272505595
330.0541493855194 428.4988498111068
330.93291379776576 428.0215940015358
331.90660430099723 427.7937194660631
332.9034377018382 427.87323783480826
333.85142749725907 428.1915385539056
334.7421141181002 428.64615635322133
335.59584006014995 429.1668789433508
336.4308990625083 429.71703934049003
337.2576668294458 430.2795827250864
338.0810288625719 430.84709921154865
338.90306434813084 431.416535477062
339.7246030072078 431.98668829135124
340.54596121134443 432.5571010370867
341.3672554849553 433.1276058277187
342.1885275751709 433.6981425520695
343.0097921021542 434.2686901633333
343.8310540891029 434.8392414307871
344.652315234053 435.4097939102273
345.47357610303845 435.9803467868946
346.29483688247194 436.550899792464
347.116097633099 437.12145283949764
347.93735837453147 437.6920058997661
348.75861911304946 438.2625589642298
349.5798798506493 438.83311203001506
350.4011405879615 439.40366509621435
351.222401325184 439.9742181625428
352.04366206237876 440.54477122891126
352.86492279956485 441.115324295292
353.6861835367483 441.68587736167666
354.50744427393096 442.2564304280624
355.32870501111336 442.8269834944486
356.1499657482957 443.39753656083485
356.9712264854779 443.9680896272212
357.79248722266016 444.5386426936075
358.61374795984244 445.1091957599939
359.43500869702467 445.6797488263802
360.25626943420696 446.25030189276646
361.07753017138924 446.82085495915277
361.8987909085715 447.3914080255391
362.7200516457538 447.9619610919254
363.5413123829361 448.53251415831164
364.3625731201183 449.10306722469795
365.1838338573006 449.6736202910843
366.0050945944829 450.2441733574706
366.8263553316652 450.8147264238569
367.64761606884747 451.3852794902432
368.4688768060297 451.9558325566296
369.2901375432119 452.5263856230159
370.1113982803942 453.09693868940224
370.9326590175765 453.6674917557885
371.7539197547588 454.2380448221748
372.57518049194107 454.80859788856105
373.3964412291233 455.37915095494736
374.2177019663056 455.9497040213337
375.03896270348787 456.52025708772
375.86022344067015 457.0908101541063
376.6814841778524 457.6613632204926
377.50274491503467 458.2319162868789
378.3240056522169 458.80246935326534
379.1452663893991 459.3730224196517
379.9665271265814 459.94357548603807
380.7877878637637 460.5141285524244
381.609048600946 461.08468161881063
382.43030933812827 461.6552346851969
383.2515700753105 462.2257877515832
384.0728308124928 462.7963408179694
384.89409154967495 463.36689388435576
385.71535228685724 463.937446950742
386.5366130240395 464.5080000171284
387.35787376122175 465.07855308351475
388.17913449840404 465.64910614990106
389.0003952355862 466.2196592162875
389.8216559727685 466.7902122826738
390.6429167099508 467.3607653490601
391.464177447133 467.93131841544647
392.2854381843153 468.50187148183267
393.1066989214976 469.07242454821903
393.92795965867987 469.64297761460523
394.74922039586215 470.2135306809916
395.57048113304444 470.7840837473779
396.3917418702267 471.3546368137642
397.213002607409 471.9251898801505
398.03426334459124 472.4957429465369
398.8555240817735 473.06629601292326
399.6767848189558 473.6368490793095
400.4980455561381 474.20740214569577
401.3193062933204 474.77795521208213
402.14056703050267 475.34850827846844
402.9618277676849 475.91906134485475
403.78308850486724 476.48961441124095
404.60434924204947 477.0601674776274
405.4256099792317 477.6307205440136
406.246870716414 478.2012736103999
407.0681314535962 478.7718266767862
407.8893921907785 479.34237974317256
408.7106529279608 479.9129328095588
409.5291535020996 480.48743851895995
410.34911586430013 481.05985595805015
411.17214148500375 481.62786020773973
411.17431478017704 481.62450839168605
411.88945476469786 482.12133636919754
412.01414766780067 481.1291409852555
412.13884057090314 480.13694560131717
412.26353347400607 479.1447502173752
412.3882263771089 478.1525548334332
412.51291928021175 477.16035944949124
412.6376121833147 476.16816406554926
412.76230508641754 475.1759686816073
412.8869979895205 474.1837732976653
413.01169089262334 473.19157791372334
413.13638379572626 472.19938252978136
413.26107669882913 471.2071871458394
413.38576960193194 470.21499176189735
413.5104625050348 469.2227963779554
413.6351554081377 468.2306009940134
413.7598483112406 467.2384056100715
413.8845412143435 466.2462102261295
414.0092341174464 465.25401484218753
414.1339270205494 464.26181945824555
414.2586199236522 463.2696240743036
414.38331282675506 462.2774286903616
414.508005729858 461.2852333064196
414.6326986329609 460.29303792247765
414.7573915360638 459.3008425385357
414.8820844391666 458.3086471545937
415.00677734226946 457.31645177065167
415.1314702453724 456.3242563867097
415.2561631484752 455.3320610027677
415.3808560515782 454.33986561882574
415.50554895468105 453.34767023488376
415.6302418577839 452.3554748509418
415.7549347608869 451.3632794669998
415.87962766398977 450.37108408305784
416.0043205670927 449.37888869911586
416.1290134701955 448.3866933151739
416.2537063732984 447.3944979312319
416.3783992764013 446.4023025472899
416.5030921795042 445.4101071633479
416.62778508260703 444.4179117794059
416.7524779857099 443.42571639546395
416.87717088881277 442.4335210115219
417.00186379191564 441.44132562757994
417.1265566950185 440.44913024363797
417.2512495981215 439.456934859696
417.37594250122436 438.464739475754
417.5006354043272 437.47254409181204
417.62532830743004 436.48034870787
417.750021210533 435.4881533239281
417.87471411363595 434.4959579399861
417.99940701673876 433.50376255604414
418.1240999198417 432.51156717210216
418.24879282294455 431.5193717881602
418.3734857260474 430.5271764042182
418.49817862915023 429.5349810202762
418.62287153225316 428.5427856363342
418.7475644353561 427.5505902523922
418.87225733845895 426.55839486845025
418.9969502415618 425.5661994845083
419.12164314466474 424.5740041005663
419.24633604776756 423.5818087166243
419.3710289508705 422.58961333268235
419.4957218539734 421.5974179487404
419.6204147570763 420.6052225647984
419.74510766017914 419.6130271808564
419.86980056328207 418.62083179691444
419.9944934663849 417.62863641297247
420.1191863694878 416.6364410290305
420.2438792725907 415.64424564508846
420.36857217569354 414.6520502611465
420.4932650787964 413.6598548772045
420.61795798189934 412.66765949326253
420.74265088500226 411.67546410932056
420.8673437881052 410.6832687253786
420.9920366912081 409.6910733414366
421.116729594311 408.69887795749463
421.24142249741385 407.70668257355265
421.3661154005168 406.7144871896107
421.4908083036196 405.7222918056687
421.6155012067225 404.7300964217267
421.74019410982544 403.73790103778475
421.8648870129283 402.7457056538428
421.98957991603123 401.7535102699008
422.1142728191341 400.7613148859588
422.238965722237 399.76911950201685
422.3636586253399 398.7769241180749
422.48835152844276 397.78472873413284
422.61304443154563 396.79253335019087
422.7377373346485 395.8003379662489
422.86243023775137 394.8081425823069
422.9871231408543 393.81594719836494
423.1118160439571 392.82375181442296
423.23650894706 391.83155643048093
423.36120185016284 390.83936104653895
423.48589475326577 389.847165662597
423.61058765636864 388.854970278655
423.7352805594715 387.862774894713
423.8599734625745 386.87057951077105
423.9846663656773 385.8783841268291
424.1093592687802 384.8861887428871
424.23405217188315 383.8939933589451
424.358745074986 382.90179797500315
424.48343797808894 381.9096025910612
424.60813088119176 380.9174072071192
424.7328237842946 379.9252118231772
424.8575166873975 378.93301643923525
424.9822095905004 377.94082105529327
425.10690249360334 376.9486256713513
425.2315953967062 375.9564302874093
425.3562882998091 374.96423490346734
425.480981202912 373.97203951952537
425.6056741060149 372.9798441355834
425.7303670091178 371.9876487516414
425.8550599122207 370.99545336769944
425.9797528153236 370.00325798375746
426.10444571842646 369.0110625998155
426.2291386215294 368.0188672158735
426.35383152463226 367.02667183193154
426.4785244277352 366.03447644798956
426.6033214644679 365.042294156461
426.7286084893166 364.0501736187215
426.8552662332087 363.0582271403709
426.98486233415406 362.06666027393186
427.1197507619964 361.07579948046276
427.26302473355906 360.0861164155007
427.4184108692211 359.09826260605115
427.589955831553 358.1130863142645
427.78154018724086 357.1316101634306
427.9963979699905 356.1549648167505
428.23679059085845 355.184289079013
428.5038832723614 354.2206182329833
428.7977934703058 353.26478519550017
429.1177488266217 352.31735257522325
429.46229452630917 351.37858302904755
429.82950708251104 350.44844597540026
430.21718999199476 349.5266531778073
430.6230402430177 348.6127135880397
431.0447823361033 347.70599775222354
431.4802698613141 346.80580298697225
431.9275559160941 345.9114120292813
432.38493437691625 345.0221398866973
432.85095501014376 344.1373660345711
433.324416644227 343.2565515926758
433.8043437671504 342.3792432337264
434.2899525579228 341.50506699158495
434.7806122779771 340.6337157196422
435.27580714634496 339.7649337893846
435.77510250634094 338.8985019435441
436.2781175620854 338.0342242950455
436.78450551285795 337.1719185236903
437.2939407530422 336.3114095254466
437.8061120364039 335.4525261943127
438.3207201263146 334.59510067929784
438.83747839994413 333.7389693303592
439.3561152754199 332.88397471552423
439.8763782017944 332.02996857535885
440.39803980129204 331.1768160827706
440.92090685887734 330.32440184069577
441.444831916034 329.4726374751091
441.96972567556753 328.6214697236037
442.4955671346469 327.77088712331533
443.0224080788527 326.92092323025383
443.5503695055199 326.0716548792884
444.0796297607943 325.22319534449207
444.61040721470243 324.3756841089189
445.1429427836687 323.5292764838435
445.67748795560533 322.6841365787631
446.214301648404 321.84043576732347
446.75365605685505 320.99835689804553
447.2958499343416 320.1581034843565
447.84122848749007 319.3199136289146
448.39021088423533 318.4840797171451
448.943327498584 317.6509758755194
449.5012686016678 316.82109532659103
450.0649439528705 315.99509889896774
450.63554842218144 315.1738738752365
451.2146227844627 314.35859914672557
451.8040928806375 313.5508089476543
452.40626722091525 312.75244432925547
453.02377542871056 311.9658798924129
453.65943873025424 311.193913463693
454.3160776879449 310.4397083992424
454.9962781553595 309.7066822577379
455.7021495131955 308.9983422079124
456.43511542600726 308.3180768400919
457.19577406197806 307.6689247473409
457.98385202056727 307.0533493001487
458.7982572188598 306.4730526751421
459.63721611659344 305.9288578865659
460.4984657787783 305.42067581349914
461.3794653437277 304.94755873860225
462.2775949643824 304.5078279294671
463.19032038548863 304.0992544285319
464.1153135692416 303.71927073149936
465.05053024133906 303.36519478451766
465.994251726856 303.0344535597307
466.9451006628799 302.72479842758815
467.9020389659902 302.43450704976163
468.8643530247534 302.1625665189344
469.83162662185777 301.9088308526499
470.80369759755325 301.6741437882206
471.7805908504237 301.46041598821284
472.7624191965314 301.2706448134274
473.7492460918394 301.1088650906657
474.740910963982 300.9800210711753
475.73682864079984 300.8897549036388
476.73578656810344 300.8441143572214
477.73577368619624 300.8491901476465
478.73388004214104 300.91070195320077
479.7263037396016 301.03356449720314
480.70848893033667 301.22148003967
481.67539443698536 301.47661479075754
482.62186154094024 301.79941507132014
483.5430215166056 302.18859921697896
484.43466993699 302.64132771666283
485.2935403081921 303.15352073249875
486.11742793234396 303.7202739263754
486.9051346108414 304.3363244021082
487.6562209770004 304.996528363449
488.37057145147725 305.69631647396153
489.04780446133 306.43208508593534
489.68659647228156 307.2014645545621
490.2840224560184 308.0033886120364
490.835038088368 308.8378835328756
491.33224104957293 309.7055177964735
491.76605726993785 310.6065191765769
492.1254954981841 311.5396880573671
492.3995623110195 312.50139871141135
492.5792707967948 313.4851186208065
492.65989278761305 314.48186336977506
492.6428154985817 315.4817175422419
492.53632083321855 316.47603081593843
492.3549775653288 317.4594506749972
492.1179417506991 318.4309515872885
491.84685513025005 319.39350654375255
491.5639548720081 320.35265587721767
491.29062821226336 321.3145771510612
491.0463145597284 322.2842734123642
490.8475711824094 323.26432497731975
490.70723935813277 324.25442950669793
490.6338215502758 325.25173077787406
490.63126128922846 326.25172750040036
490.6992477161282 327.24941374655066
490.83399848878275 328.2402932696356
491.02932247427736 329.2210320425463
491.277713051819 330.1896920040336
491.5712768593571 331.1456314848083
491.9024044867963 332.0892174609369
492.2641798186241 333.0214827715008
492.65057053361426 333.9438179683622
493.056451393685 334.8577439650536
493.47750283777754 335.76478072364034
493.9100293220225 336.66640195255343
494.3507577716971 337.5640424338417
494.7966812529608 338.459113519766
495.2449968640986 339.35298885380877
495.69306498004846 340.2469882740933
496.13830702480465 341.14239852731885
496.5780784130043 342.0405082790313
497.00992594137495 342.94245490286227
497.43182460164485 343.84909789790635
