9.06356520399728
278860
664
0.0 100.0
0.42811223340178967 100.90372557538875
0.5527348628788938 101.89592978835209
0.5891389439398298 102.89526694010925
0.590731945205403 103.89526567128195
0.5735789292181495 104.89511854748052
0.5462536334847097 105.8947451418712
0.5140040425669029 106.89422498853428
0.4799843465778219 107.89364615115032
0.44856579118984863 108.8931524664767
0.4196160385534838 109.89273333455208
0.40300937657670255 110.89259543443286
0.42443382529645585 111.89236590458941
0.40636139343960453 112.89220258485614
0.3810121332595817 113.89188124072928
0.35554428885207456 114.89155688257578
0.3312588042358006 115.89126194670067
0.3083581327217508 116.89099969193398
0.28684240394820104 117.89076820184783
0.2666637843977741 118.89056459277603
0.24775785389502403 119.8903858596992
0.23005805220753228 120.89022920593911
0.21350001929704476 121.89009211231485
0.19802136613963595 122.88997231078686
0.1835616488607529 123.8898677636099
0.17006338388840608 124.88977665788114
0.15747311924294533 125.8896973973581
0.1457417675349576 126.88962858268393
0.13482410982853132 127.88956898328298
0.12467781944027309 128.88951750835383
0.1152624368048485 129.88947318265636
0.10653860164436751 130.8894351292824
0.09846766766806478 131.88940255876435
0.09171273865582333 132.88937974397112
0.09029283595520132 133.88937873590876
0.10651654176308216 134.88924712293272
0.1666054029713908 135.88744015474506
0.31389843429354747 136.87653305378132
0.6086629081419688 137.83210299102132
1.1057789164573222 138.6997870777007
1.8235231507757752 139.396093916747
2.7732093184226687 139.7092970185518
3.7640948471046367 139.84400362213404
4.760544461058761 139.75981237050613
5.7297787396460755 139.51367234285658
6.66510976756917 139.15989859000834
7.570808727301614 138.7359771416956
8.453472398928001 138.2659719898185
9.319155953329695 137.76538035621036
10.172758530956608 137.24445556368394
11.018040412396408 136.71013492875622
11.857486786976448 136.1666923980279
12.692327191166427 135.61620034583103
13.522938370270001 135.05934752043805
14.349394927962138 134.4963470246588
15.172441547163617 133.92837320253227
15.992279014798862 133.35577689913745
16.813951849419606 132.78581746825986
17.62912131922205 132.2065949415035
18.437821198566525 131.618373465231
19.239747972903743 131.02095112835275
20.0342080772388 130.41363478358676
20.820031793111117 129.79518422972444
21.595411628338084 129.16368909029467
22.35747641567986 128.51618831045442
23.101398485481763 127.84792193088587
23.819002421080597 127.15147050285012
24.497452730417592 126.41682420852847
25.11989778741868 125.63416071058384
25.670843593393904 124.79961968769862
26.146811497056753 123.92015703659695
26.566843739968242 123.01264785487218
26.97405621005977 122.09931439758402
27.425207714884294 121.20686702115528
27.973088404953735 120.37031053803591
28.648436527176962 119.63281144392829
29.44948938162721 119.03421782186311
30.347338951705602 118.5939154831116
31.304231190339813 118.3034722982344
32.28990472148997 118.13480786810763
33.2866364280986 118.0540247941315
34.28635559616209 118.03032700928883
35.28630870013695 118.04001152533442
36.28601516058603 118.06423946243946
37.285711904752105 118.08886505286412
38.285594569813085 118.10418354203702
39.28559455153125 118.10399232576218
40.28555098709081 118.11332650933737
41.28546167645562 118.12669113780191
42.285360549145246 118.14091240335797
43.28527089673197 118.15430257844974
44.2852015623654 118.16607814323025
45.28515253863135 118.17597991402003
46.285120084714265 118.18403638849216
47.285099698279645 118.19042171962136
48.285087439282776 118.1953732692219
49.28508032558839 118.19914518361325
50.285076299086285 118.20198296232235
51.28507516278732 118.20349047571484
52.28506949236946 118.20012286475759
53.284979497573886 118.1867071466597
54.28457185855727 118.15815698267329
55.28341204513713 118.11000844507234
56.282850355849 118.07649631172612
57.282566776238134 118.0526828952485
58.28241267116215 118.03512765661131
59.282319052327395 118.02144449524307
60.28223094371873 118.00817010432681
61.28210127277463 117.99206653100755
62.28166150217267 117.96241273182858
63.277062043737416 117.86661209585674
64.26108516026943 117.68857135296173
65.25360901733812 117.56652057193389
66.2503701092453 117.48610088740332
67.24989209677993 117.4551849297953
68.24807735882978 117.51540272306671
69.24678968321012 117.566134302293
70.24607193532091 117.6040154402956
71.24571837115424 117.63060497443468
72.24555178046134 117.64885747106797
73.24546893311845 117.66172944924178
74.24541879779129 117.67174284730498
75.24537694634039 117.6808916805785
76.24532947102844 117.69063582599844
77.2452657294246 117.70192649226098
78.24517670904375 117.71526938689013
79.2450557442178 117.73082300445695
80.24489928651542 117.74851172757957
81.24470682950104 117.76813000959058
82.24447995869428 117.78943001295033
83.24422108315144 117.8121826846428
84.24393250756036 117.83620492238842
85.24363395645548 117.86063877343557
86.243347896044 117.88455611008501
87.24315690642712 117.9040994659061
88.24310938976613 117.91384785367723
89.24309583774595 117.90864171723118
90.24280030301298 117.88433159330793
91.2427892659855 117.87963330285777
92.24275038937813 117.88845099548878
93.24258671477102 117.90654304967943
94.24226218779886 117.93201751977352
95.24174640440657 117.96413139141917
96.24084283537667 118.00663223403225
97.239094608762 118.06573719941606
98.23574343332535 118.14753646895122
99.22975250104926 118.25683410516832
100.22613350428699 118.34183349567775
101.22360773100183 118.41286283496535
102.22151775564825 118.47748158387137
103.21928541199489 118.54426259875237
104.21525258128506 118.63398103440598
105.20847110533283 118.75024351110571
106.20336156267561 118.85120378987068
107.1991989161972 118.94235183061281
108.19219697799184 119.06048247554496
109.17495656899924 119.24537051269985
110.13733214954304 119.51709324265259
111.07157244849171 119.8737374124077
111.97603900308381 120.30028196063716
112.85443660580148 120.77821255344313
113.71286840600499 121.29114027193704
114.55739346613319 121.82665630607184
115.39287262145774 122.37617844485989
116.22275743446663 122.93411320550597
117.04931248099052 123.49696909742312
117.87394396011516 124.06263942865564
118.69749048882119 124.62988815281133
119.5204369775271 125.19800704593726
120.34305703532058 125.76659849901745
121.16550199393525 126.33544319667168
121.98785416939626 126.90442201834657
122.81015770489736 127.47347113353996
123.63243598325542 128.04255674479762
124.45470125748847 128.61166114540478
125.27695988733862 129.18077514596789
126.09921514569933 129.74989401764424
126.92146870403042 130.31901534549263
127.74372141005193 130.88813790473648
128.56597369101002 131.45726107809986
129.38822576100313 132.0263845562591
130.21047772675695 132.59550818502
131.0327296412172 133.16463188788825
131.8549815305334 133.7337556270838
132.67723340756766 134.30287938402392
133.49948527862242 134.87200314960302
134.32173714677504 135.44112691937502
135.14398901352314 136.01025069117622
135.96624087959336 136.5793744639568
136.78849274533724 137.1484982372089
137.61074461092437 137.71762201068748
138.43299647643641 138.28674578427453
139.25524834191253 138.85586955791348
140.0775002073715 139.4249933315772
140.89975207282228 139.99411710525274
141.7220039382692 140.56324087893387
142.5442558037143 141.13236465261767
143.36541270583143 141.70306715139037
144.1843129563822 142.27700301858107
145.00040825818542 142.85492036420646
145.81378271143012 143.43666085515486
146.6248904757419 144.0215575936251
147.43429657588342 144.60880691465803
148.2425185257687 145.19768489838953
149.04996262680248 145.78762898362623
149.85691834955182 146.3782409218074
150.66357836551987 146.96925667340662
151.47006457593807 147.56050957395362
152.2764511264451 148.15189838950675
153.0827817143527 148.7433635051345
153.88908143435032 149.33487069996124
154.69536438954356 149.92640074667472
155.50074916268755 150.5191531124969
156.3042987746095 151.11439089790719
157.105574678599 151.71268591350218
157.90465019861858 152.3139165791418
158.7018959891239 152.91757140561265
159.49777005377004 153.5230336036264
160.29269050796665 154.12974726879298
161.08495311129195 154.73992754327932
161.87262040435544 155.3560283754797
162.6530550581858 155.98126573129002
163.42457627626692 156.6174693229575
164.18487377436855 157.2670443489402
164.93118131263176 157.93264562472888
165.66233169317337 158.6148619548133
166.37738235670713 159.31393458950868
167.07627695382365 160.02915926897754
167.7603271653618 160.7585941928019
168.4319176964098 161.4995166979309
169.09385660649997 162.24907448710303
169.74880759225374 163.00474584838395
170.39897447471247 163.76453728355148
171.04601403311077 164.52699371500688
171.69108633913208 165.29111524984563
172.33496035542416 166.0562467752345
172.9781241030924 166.82197544368395
173.62087655448678 167.5880493867381
174.2633955861137 168.35431911339919
174.90578445272135 169.12069796492008
175.54810184508145 169.88713672142427
176.19038052293678 170.65360792112614
176.83263848437122 171.42009648005845
177.47488548043665 172.1865942269859
178.11712672910681 172.95309678960825
178.75936499194387 173.71960185400644
179.40160171605686 174.48610820766606
180.0438376530038 175.25261522087203
180.68607318995558 176.01912256922313
181.32830852490034 176.78563008683034
181.97054375840366 177.55213768943247
182.6127789412323 178.31864533449357
183.2550140988688 179.08515300066244
183.89724924403743 179.85166067727778
184.5394843830613 180.61816835904162
185.18171951906848 181.38467604333306
185.82395465360003 182.15118372886093
186.46618978741216 182.91769141499154
187.1084249208747 183.6841991014151
187.75066005416784 184.45070678798055
188.39289518737914 185.2172144746146
189.035130320551 185.9837221612817
189.67736545370389 186.75022984796465
190.3196005868477 187.51673753465525
190.96183571998716 188.2832452213495
191.60407085312454 189.04975290804543
192.24630598626095 189.81626059474223
192.88854111939685 190.58276828143946
193.53077625253255 191.34927596813685
194.17301138566813 192.11578365483433
194.81524651880363 192.88229134153187
195.45748165193913 193.6487990282294
196.09971678507463 194.41530671492694
196.7419519182101 195.1818144016245
197.38418705134558 195.94832208832207
198.02642218448108 196.71482977501964
198.66865731761658 197.48133746171717
199.31089245075208 198.24784514841474
199.95312758388758 199.0143528351123
200.59536271702305 199.78086052180987
201.23759785015855 200.54736820850744
201.87983298329402 201.313875895205
202.5220681164295 202.08038358190257
203.16430324956497 202.84689126860013
203.80653838270047 203.61339895529767
204.44877351583597 204.37990664199523
205.09100864897147 205.1464143286928
205.73324378210697 205.91292201539034
206.37547891524244 206.67942970208793
207.0177140483779 207.4459373887855
207.6599491815134 208.21244507548306
208.3021843146489 208.9789527621806
208.9444194477844 209.74546044887816
209.58665458091988 210.51196813557573
210.22888971405538 211.2784758222733
210.87034060626024 212.04563992003176
211.50855860142025 212.8154956147265
212.14489090920853 213.58691067425337
212.78957695141753 214.35135812632637
212.80536720045765 214.35350192414484
212.97928225822477 214.56106956056504
213.97811284617737 214.51272231079517
214.97694343413494 214.46437506102504
215.9757740220925 214.41602781125488
216.97460461005005 214.36768056148478
217.97343519800762 214.31933331171467
218.9722657859652 214.27098606194454
219.97109637392276 214.2226388121744
220.96992696188033 214.17429156240428
221.9687575498379 214.12594431263415
222.96758813779547 214.07759706286404
223.96641872575304 214.0292498130939
224.96524931371061 213.9809025633238
225.96407990166819 213.93255531355368
226.96291048962576 213.88420806378357
227.96174107758333 213.83586081401344
228.9605716655409 213.7875135642433
229.95940225349847 213.7391663144732
230.95823284145604 213.69081906470308
231.9570634294136 213.64247181493295
232.95589401737118 213.59412456516282
233.95472460532875 213.54577731539268
234.95355519328632 213.49743006562255
235.9523857812439 213.44908281585245
236.95121636920146 213.40073556608232
237.95004695715903 213.3523883163122
238.9488775451166 213.30404106654208
239.94770813307417 213.25569381677195
240.94653872103174 213.20734656700182
241.9453693089893 213.15899931723172
242.94419989694688 213.11065206746161
243.94303048490445 213.06230481769148
244.94186107286203 213.01395756792138
245.9406916608196 212.96561031815125
246.93952224877717 212.91726306838115
247.93835283673474 212.86891581861101
248.9371834246923 212.82056856884088
249.93601401264988 212.77222131907075
250.93484460060745 212.72387406930062
251.93367518856502 212.6755268195305
252.9325057765226 212.6271795697604
253.93133636448016 212.57883231999028
254.93016695243773 212.53048507022018
255.92899754039527 212.48213782045005
256.9278281283528 212.43379057067995
257.9266587163104 212.38544332090981
258.92548930426796 212.33709607113968
259.9243198922255 212.28874882136955
260.9231504801831 212.24040157159945
261.92198106814067 212.19205432182932
262.92081165609824 212.1437070720592
263.9196422440558 212.09535982228905
264.9184728320134 212.04701257251892
265.91730341997095 211.9986653227488
266.91613400792846 211.9503180729787
267.914964595886 211.90197082320856
268.9137951838435 211.85362357343843
269.91262577180106 211.80527632366835
270.91145635975863 211.75692907389825
271.9102869477162 211.70858182412815
272.9091175356738 211.66023457435801
273.90794812363134 211.61188732458788
274.9067787115889 211.56354007481775
275.9056092995465 211.51519282504762
276.90443988750405 211.4668455752775
277.9032704754616 211.4184983255074
278.9021010634192 211.37015107573728
279.90093165137677 211.32180382596715
280.89976223933434 211.27345657619702
281.8991854215878 211.23949626444414
282.8991835594985 211.24142607664166
283.8961774702765 211.3189060216053
284.88543037725094 211.46512054223402
285.8639038349115 211.67149324550104
286.8304707984621 211.92790756837064
287.7856418192281 212.2239621597705
288.7309668692151 212.55009181169925
289.66842195810716 212.89819805454812
290.59996368170283 213.2618325100118
291.5272867667643 213.63609431131152
292.45173988447857 214.01739004056685
293.374336613873 214.4031558696791
294.2958102036232 214.79159688629943
295.2166797366298 215.1814677664382
296.1373110645276 215.57190080563083
297.05796596183256 215.96227826408386
297.9788381486203 216.35214287596955
298.90007665006226 216.74114110663515
299.8217966078704 217.1289971616069
300.7440759408022 217.51552119972987
301.66693412413247 217.90066113982996
302.5902892123198 218.2846082470186
303.5138962201534 218.66794895067613
304.4372893432027 219.0518045749743
305.3597760912687 219.43783332991694
306.2806502369657 219.82769331476635
307.19958452466346 220.2221039825904
308.1170437629479 220.6199337779634
309.03450300123234 221.01776357333645
309.94354911012846 221.43445911195047
310.8502949074503 221.85613678392195
311.75620401948174 222.2796089562526
312.66231860716357 222.70264128833878
313.5692219658333 223.12397998586553
314.4771449268256 223.54311707191624
315.38636130698563 223.95944095310568
316.29691583204055 224.3728299429229
317.20867349938004 224.7835585102854
318.1214329880502 225.1920558980893
319.03499732612727 225.59875013236584
319.94920144398463 226.0040041649092
320.8639162365625 226.40810421222332
321.7790434724732 226.81126936708466
322.6945087235383 227.2136664024766
323.6102550787261 227.6154233102707
324.5262383247999 228.01663982652093
325.4424234842921 228.41739505546545
326.4127206595147 228.65931113958334
327.3362705701594 229.04278938218425
328.2545675081785 229.438681707981
329.1725273980473 229.8353549243597
330.090496587191 230.23200662016194
330.959870276739 230.72616184670684
331.8751599446268 231.1289581027196
332.7916227556099 231.5290779798626
333.7080249492467 231.92933667058352
334.6243220483506 232.3298358917735
335.5405004213957 232.73060663517245
336.45179138257345 233.1423696544877
337.364847515275 233.55020356496598
338.2789935429599 233.95558861657494
339.19376900755015 234.35955129973235
340.1088686779682 234.7627790185226
341.0240951698778 235.16571880125298
341.9393237584163 235.56865382172367
342.8544774993783 235.97175880854883
343.492067221262 236.7421349157512
343.6550587883746 237.72876237789188
344.0257030437361 238.6575372892496
344.71404733054294 239.3829214239123
345.5409137702433 239.94531976218974
346.41297538991125 240.43471585075423
347.2995329242847 240.89733420128272
348.225121289467 241.2758658092617
349.15306703607257 241.64858110456981
350.0622701978393 242.06493385240907
350.9631340191087 242.49903565559362
351.86075216131644 242.9398096008076
352.7571888339675 243.38298145452376
353.6532282577107 243.82695594827095
354.54916466012156 244.27113830140422
355.44510705312155 244.71530857103676
356.34109178467463 245.15939342872025
357.23712538651023 245.6033796721801
358.08847933990336 246.1279713667787
358.96537663496235 246.60864915274163
359.8556262979604 247.06412202518516
360.75123898831976 247.5089567235476
361.66348018561047 247.91861023319396
362.61572537258564 248.22394464639126
363.6089602876582 248.34006701064902
364.60101086720965 248.2142272410543
365.53911322760047 247.86786910064296
366.4067031497876 247.37058877032678
367.22724917809524 246.79900831629732
368.03447069377023 246.20875970373538
368.86163058845193 245.64679306003652
369.73519221753634 245.16007950958675
370.66474599609614 244.79139295875376
371.63947132387335 244.56798629952073
372.6366804384093 244.49332719500967
373.6350933648888 244.5496444058662
374.62239221667113 244.70851849837126
375.5949717816434 244.94108889588205
376.55427489510805 245.22346725287315
377.5035113398961 245.53803071528768
378.44585396443745 245.87268034993946
379.38378142667466 246.2195118300291
380.3190114963012 246.57355238825147
381.2526501969956 246.93176849141503
382.1853749912667 247.2923575347203
383.1175860935216 247.65427252588913
384.0495135045253 248.01691739434852
384.98128654767356 248.37995870888756
385.9129766499508 248.74321282561405
386.84462267469905 249.1065799740615
387.7762454986733 249.47000660193885
388.70785621315935 249.83346427025083
389.6394606540697 250.1969380185135
390.57106186617983 250.56042004227112
391.5026614262208 250.92390630023883
392.43426014532736 251.28739471347774
393.3658584383491 251.65088421874427
394.2974565163628 252.0143742750612
395.2290544862732 252.3778646084386
396.16065240200516 252.74135508067118
397.09225029066164 253.10484562229612
398.0238481658213 253.46833619851236
398.955446034268 253.83182679193345
399.8977902439183 254.16647196303046
400.8529839750841 254.4624532731525
401.7942592100117 254.80009351381102
402.7302107428898 255.1522223653741
403.6645491062508 255.50860954633328
404.59797230616766 255.86738681687427
405.5310611201697 256.2270328444963
406.4640358098875 256.58697482363453
407.3969583085714 256.94705205347475
408.3298399207022 257.30723519820543
409.26267764799854 257.66753198494195
410.1876060974554 258.0476732263053
411.10222251014136 258.4519958915683
412.0283601848944 258.8291815320731
412.9579945963994 259.1976647215755
413.88864566915976 259.5635726072106
414.82270615754453 259.92068744033634
415.75798505000785 260.27459900176456
416.6968951385391 260.618761529728
417.63818361953435 260.95636484065017
418.58053613029807 261.29098663530385
419.5154746076777 261.6457965048327
420.44810827683796 262.0066211702155
421.3799896725307 262.3693842669629
422.3115645888445 262.7329336794161
423.24295952489797 263.0969439445102
424.17421139257783 263.4613200674146
425.10533281316253 263.826029403912
425.9849016094689 264.30180112707774
426.89642034661017 264.71305967329954
427.8214911841811 265.0928542828923
428.75103809859826 265.4615581395274
429.6819537265246 265.8267924392345
430.61327331537143 266.1909954367925
431.5447099880866 266.55489889201294
432.47618028424006 266.9187162739284
433.40766018977524 267.28250905228464
434.33914283321644 267.6462948202412
435.2706262541257 268.010078597465
436.20210989440295 268.37386181298746
437.1335935956408 268.73764487241743
438.06507731316157 269.1014278901542
438.99656103455817 269.4652108979668
439.928044756522 269.82899390432686
440.8595284782697 270.1927769112403
441.7910121996901 270.55655991899187
442.72249592083017 270.9203429274612
443.6539796417587 271.284125936472
444.5854633625346 271.647908945874
445.5169470832017 272.0116919555545
446.448430803792 272.3754749654317
447.3799192399332 272.73924590068526
448.3114306591924 273.10295797883197
449.2430025675073 273.46651509901886
450.1746886703346 273.82977947354317
451.1065481665752 274.19259882152
452.0386328902997 274.55483916687
452.97097766598336 274.91640965689294
453.90359637081156 275.2772729986232
454.83648328189395 275.6374424186622
455.7696177222057 275.99697004806535
456.70296983234823 276.3559322166742
457.636505886545 276.7144157386312
458.5701923472202 277.07250733746014
459.50399847409705 277.4302867630946
460.4378976708124 277.7878231813437
461.3718678993923 278.145174006341
462.30589149942364 278.5023853087721
463.2399682016931 278.85945773038634
464.1741397963485 279.2162818211355
465.10850567724646 279.5725968511494
466.09035601117944 279.7622542310629
467.0861942884069 279.8533921792988
468.08473511035186 279.907394280272
469.083845582201 279.9495637602473
470.08382310274817 279.9428586576955
471.0832792358806 279.9098823337035
472.08237059610576 279.8672624566117
473.08168685647763 279.83028933453227
474.0811408459009 279.79724810232204
475.0811132114004 279.7898138412717
476.0810924640639 279.7962554437564
477.08012382832646 279.84025923018015
478.07642134840626 279.92623161808933
479.070844202956 280.0316981357582
480.0596303519269 280.181036515297
481.0410768267588 280.37277283694766
482.01452311125627 280.6016883916793
482.97944013564575 280.864243406949
483.93517095567364 281.15848582341687
484.88083209245394 281.4836396552925
485.8152261861744 281.8398806939449
486.7367666379019 282.2281630600522
487.6434280776266 282.6500220811912
488.53272950339556 283.10734360279855
489.40175375376623 283.60211309687406
490.2472065125993 284.13616331228604
491.06551703159823 284.7109396988014
491.85297950172264 285.3273023016137
492.60592841887217 285.98538126964365
493.3209345194736 286.6844994828972
493.99500186794467 287.423169375153
494.62574360389124 288.1991621989182
495.21151521462394 289.00963836763606
495.75149015733837 289.85131945999854
496.245671827293 290.72067811848245
496.69484579295624 291.61412243603695
497.1004843400432 292.5281560071476
497.4646199877566 293.4595019311008
497.78970538745193 294.4051865946673
498.078474664092 295.36258531247967
498.3338171772014 296.32943597364664
498.55867020746587 297.3038286638804
498.75593317030587 298.28417927641226
498.9284030781113 299.2691940635609
499.0787291787869 300.2578305303452
499.2093838161585 301.24925847312943
499.3226463280727 302.24282357084314
499.4205969707789 303.2380148447164
499.5051182372631 304.2344365202694
499.5779013891437 305.23178430955977
499.64045646680535 306.229825822854
499.6941244400525 307.22838465870075
499.7400904961943 308.22732766091997
499.77939773310516 309.2265548328516
499.81296073751804 310.22599143651126
499.8415786924478 311.2255818589622
499.865947781369 312.22528488861906
499.8866727488718 313.2250701034137
499.9042775450357 314.2249151269809
499.9192150293768 315.22480355653767
499.9318757444762 316.2247234064722
499.94259579279105 317.22466594510337
499.9516638654102 318.22462482928756
499.95932748073744 319.2245954633564
499.96579849586556 320.22457452611883
499.97125793821624 321.2245596232524
499.97586024429916 322.2245490325856
499.97973679471687 323.22454151873586
499.982998930707 324.2245361979561
499.9857407187119 325.2245324392484
499.98804157537 326.2245297922742
499.98996872509986 327.22452793531943
499.9915793845905 328.2245266382066
499.99292257584966 329.2245257361248
499.99404053571084 330.22452511120747
499.99496976212157 331.22452467947653
499.9957417809817 332.2245243814699
499.99638372583036 333.2245241754233
499.9969188075271 334.2245240322671
499.9973667266635 335.2245239319513
499.99774405806767 336.2245238607618
499.99806461928085 337.22452380938205
499.9983396469631 338.22452377156196
499.9985780679692 339.2245237431397
499.99878692849677 340.22452372132835
499.99897130374075 341.2245237043312
499.9991351690486 342.22452369090524
499.99928210761317 343.22452368010977
499.99941401708907 344.2245236714097
499.9995319219354 345.22452366445896
499.99964362577714 346.2245236582201
499.99975323862384 347.2245236522126
499.99992550668793 348.2245236373745
499.9999694320734 349.2245236364098
