2.873183291663943
197956
1677
0.0 100.0
0.0 101.0
0.0 102.0
0.0 103.0
0.0 104.0
0.0 105.0
0.0 106.0
0.0 107.0
0.0 108.0
0.0 109.0
0.0 110.0
0.0 111.0
0.0 112.0
0.0 113.0
0.0 114.0
0.0 115.0
0.0 116.0
0.0 117.0
0.0 118.0
0.0 119.0
0.0 120.0
0.0 121.0
0.0 122.0
0.0 123.0
0.0 124.0
0.0 125.0
0.0 126.0
0.0 127.0
0.0 128.0
0.0 129.0
0.0 130.0
0.0 131.0
0.0 132.0
0.0 133.0
0.0 134.0
0.0 135.0
0.0 136.0
0.0 137.0
0.0 138.0
0.0 139.0
0.0 140.0
0.0 141.0
0.0 142.0
0.0 143.0
0.0 144.0
0.0 145.0
0.0 146.0
0.0 147.0
0.0 148.0
0.0 149.0
0.0 150.0
0.0 151.0
0.0 152.0
0.0 153.0
0.0 154.0
0.0 155.0
0.0 156.0
0.0 157.0
0.0 158.0
0.0 159.0
0.0 160.0
0.0 161.0
0.0 162.0
0.0 163.0
0.0 164.0
0.0 165.0
0.0 166.0
0.0 167.0
0.0 168.0
0.0 169.0
0.0 170.0
0.0 171.0
0.0 172.0
0.0 173.0
0.0 174.0
0.0 175.0
0.0 176.0
0.0 177.0
0.0 178.0
0.0 179.0
0.0 180.0
0.0 181.0
0.0 182.0
0.0 183.0
0.0 184.0
0.0 185.0
0.0 186.0
0.0 187.0
0.0 188.0
0.0 189.0
0.0 189.99999999999997
0.0 190.99999999999997
0.0 191.99999999999997
0.0 192.99999999999997
0.0 193.99999999999997
0.0 195.0
0.0 196.0
0.0 197.0
0.0 198.0
0.0 199.0
0.0 199.99999999999997
0.0 200.99999999999997
0.0 201.99999999999997
0.0 202.99999999999997
0.0 203.99999999999997
0.0 204.99999999999994
0.0 205.99999999999994
0.0 206.99999999999994
0.0 207.99999999999994
0.0 208.99999999999991
0.0 209.99999999999991
0.0 210.99999999999991
0.0 211.99999999999991
0.0 212.99999999999991
0.0 213.99999999999991
0.0 214.99999999999991
0.0 215.99999999999991
0.0 216.99999999999991
0.0 217.99999999999991
0.0 218.99999999999991
0.0 219.99999999999991
0.0 220.99999999999991
0.0 221.99999999999991
0.0 222.99999999999991
0.0 223.99999999999991
0.0 224.99999999999991
0.0 225.99999999999991
0.0 226.99999999999991
0.0 227.99999999999991
0.0 228.99999999999991
0.0 229.99999999999991
0.0 230.99999999999991
0.0 231.99999999999991
0.0 232.99999999999991
0.0 233.99999999999991
0.0 234.99999999999991
0.0 235.99999999999991
0.0 236.99999999999991
0.0 237.99999999999991
0.0 238.99999999999991
0.0 239.99999999999991
0.0 240.99999999999991
0.0 241.99999999999991
0.0 242.99999999999991
0.0 243.99999999999991
0.0 244.99999999999991
0.0 245.99999999999991
0.0 246.99999999999991
0.0 247.99999999999991
0.0 248.99999999999991
0.0 249.99999999999991
0.0 250.99999999999991
0.0 251.99999999999991
0.0 252.99999999999991
0.0 253.99999999999991
0.0 254.99999999999991
0.0 255.99999999999991
0.0 256.99999999999994
0.0 257.99999999999994
0.0 258.99999999999994
0.0 259.99999999999994
0.0 260.99999999999994
0.0 261.99999999999994
0.0 262.99999999999994
0.0 263.99999999999994
0.0 264.99999999999994
0.0 265.99999999999994
0.0 266.99999999999994
0.0 267.99999999999994
0.0 268.99999999999994
0.0 269.99999999999994
0.0 270.99999999999994
0.0 271.99999999999994
0.0 272.99999999999994
0.0 273.99999999999994
0.0 274.99999999999994
0.0 275.99999999999994
0.0 276.99999999999994
0.0 277.99999999999994
0.0 278.99999999999994
0.0 279.99999999999994
0.0 280.99999999999994
0.0 281.99999999999994
0.0 282.99999999999994
0.0 283.99999999999994
0.0 284.99999999999994
0.0 285.99999999999994
0.4891345938367868 286.8722083174976
1.4761854029033017 287.03261623600895
2.374827580230692 286.5939338484798
3.23848735938 286.0898586696823
4.0655099969380855 285.5276900499902
4.858803588204033 284.9188507624468
5.6309215451127645 284.28337152547755
6.401222476168569 283.64569098193357
7.1849762801156505 283.0246193477411
7.985208335144798 282.4249288791627
8.793448175531157 281.8360754505302
9.595392557809303 281.2386767497177
10.376240641408035 280.6139557957389
11.124383885350586 279.95041854241913
11.834045215455218 279.24587557243495
12.507698183465187 278.50682775348724
13.158780103810416 277.74782028777986
13.814640648839903 276.9929382138944
14.517754202097645 276.2818606293614
15.317742517673457 275.68184505044513
16.240589018283902 275.29667711783515
17.23841965047169 275.23084377166685
18.200472026654342 275.50370862004667
19.046562875755598 276.03674733821555
19.771778947817317 276.72526868779255
20.42469803960485 277.482696347427
21.0919481391223 278.22753009041526
21.862491190119254 278.86491804649876
22.73860011761411 279.34703125640266
23.66573320125596 279.72176348775827
24.589972607650758 280.1035769496307
25.464309536603174 280.58889636472765
26.2468863802042 281.2114503654854
26.978795492194095 281.892852634183
27.786218899047856 282.4828250420672
28.727339521927178 282.82089600087795
29.727224674270342 282.8360512680707
30.697825124877095 282.59535485081034
31.619551961929343 282.20751514441395
32.50199706693686 281.7370997570718
33.35782306533389 281.219835936118
34.21459402509005 280.70413881326533
35.071393082640085 280.18848837451696
35.928018347181755 279.67254927331516
36.784461460448554 279.15630786298675
37.64075135276194 278.6398123447856
38.49691383154888 278.1231056485667
39.35296534276739 277.6062151281076
40.208915075724136 277.08915608442754
41.06476801319336 276.5719368374681
41.92052727851139 276.0545626210422
42.7761957111984 275.53703819330667
43.63177690921308 275.01936956029544
44.4866535649405 274.5005382741414
45.3397712455169 273.97881974553815
46.19027585436321 273.4528521511645
47.03787454795102 272.9222143701611
47.88279428438808 272.3873212602979
48.725551589727175 271.8490275446578
49.56673172002387 271.3082725276732
50.40685577101675 270.76587822557985
51.2463307653459 270.22247990584003
52.08544995972075 269.6785323186299
52.924414080355035 269.13434558203267
53.763356125827784 268.5901248140184
54.60236227481706 268.04600287735514
55.44136842380634 267.5018809406918
56.28061111063962 266.9581239061655
57.12003892768042 266.4146527109968
57.95965583584789 265.87147369122584
58.79945988060298 265.3285840464425
59.63944459038937 264.7859739771246
60.47960033366578 264.2436287669129
61.32037069007446 263.7022368499208
62.162312857531795 263.16266907229016
63.00568609895812 262.62534088984853
63.85040421523699 262.0901294325438
64.69619598566005 261.5566162826734
65.54276257093579 261.0243334474302
66.38985949714983 260.49289502428155
67.23731718979761 259.9620320860648
68.08503166106351 259.4315792840114
68.93294715861698 258.9014478767088
69.78104059626392 258.3716011809371
70.62931036432397 257.84203683112173
71.4777690668968 257.3127752417083
72.34314753071348 256.81165637919935
73.24433861398283 256.3782343776399
74.10066122581952 255.86179310851318
74.95479381663452 255.34173780635038
75.80894739894333 254.82171698193176
76.66375034599454 254.30276426567278
77.51920083402855 253.78487966219205
78.3751213496496 253.26777225464602
79.23133862608596 252.7511563668416
80.08772903167824 252.23482752471722
80.94421551794801 251.71865807692197
81.80075357790018 251.20257421566163
82.65731869683616 250.68653526652875
83.514776708625 250.1719813257032
84.37419482314579 249.66070791114544
85.23604409344951 249.15354340600246
86.10013665402201 248.6502104677168
86.96595356763129 248.14984952588767
87.83294337202373 247.651523649498
88.70066542380766 247.15447391270308
89.56881724896947 246.65817520379056
90.43721019113354 246.1622985074238
91.30677026111569 245.66847132642556
92.1786982237801 245.17883714877468
93.05351258961207 244.69437886849246
93.93097071641344 244.21472562320974
94.81045237011134 243.7387928329874
95.69130669080876 243.26540539577695
96.57301649847228 242.7936132645688
97.45643882003954 242.32503562771794
98.34281967651204 241.8620788508164
99.23266053907506 241.40580783561478
100.12561693612687 240.95566466620727
101.02093617888528 240.51023964047735
101.91905156070901 240.07047975038773
102.82079798437312 239.63821433723402
103.72636953730064 239.2140207935203
104.63523186238645 238.79692455278007
105.54653204190626 238.3851819355941
106.46101053970007 237.9805474374692
107.37988394225557 237.58599494403384
108.30347403385935 237.2026134855733
109.23113052635453 236.82917884345832
110.1635151345945 236.4677110823548
111.1015850812031 236.12126516266494
112.04529031312626 235.7904775642867
112.99531738808248 235.47831005020151
113.95215636451843 235.18769144588825
114.91654467640606 234.92320102282054
115.88836771291516 234.6874893648351
116.867623619488 234.48486194950792
117.85355649629972 234.31772020600332
118.8455412479725 234.1913625689225
119.84266807809132 234.11561242267055
120.84246382223176 234.09540178194212
121.8416257889645 234.13633299539563
122.83630615664542 234.23934253937173
123.82440857189854 234.39313986370135
124.80808068869001 234.57310976853822
125.7933297857675 234.74423608652577
126.78583130269118 234.8664684018282
127.78522812771324 234.9011957129223
128.78510526049934 234.91687115012377
129.7835622033006 234.97240252298616
130.77795071595588 235.07819234243598
131.76779795896547 235.22032761429463
132.75449024956325 235.382926272576
131.79829739850226 235.67566375152228
130.8297415938291 235.9244601607285
129.85326644395587 236.14009012543664
128.87207277411082 236.33311598447114
127.88811396291563 236.51151177441966
126.90253430258365 236.68072386955447
125.91600183019963 236.8442893944425
124.92890881644074 237.0044373953304
123.94148672873885 237.1625437542109
122.95387231065763 237.31944423603963
121.96614615365604 237.47563975061945
120.97835552030558 237.6314269922829
119.99052794731372 237.7869798322988
119.00267936161731 237.94239917388023
118.01481890577129 238.0977430497676
117.02695178873657 238.25304456000327
116.0390809569621 238.40832243907565
115.05120806572458 238.563587215371
114.06333403896562 238.71884476673335
113.07543862043309 238.87396614515177
112.0874877196836 239.02873377002288
111.09945120037744 239.18295386118277
110.1113136590561 239.33652534105897
109.12307534133006 239.48944697908976
109.96127864998297 240.03480485550057
110.95909115612345 240.10091236331678
111.95902006078987 240.08898820244042
112.95875937519091 240.06615613637214
113.95853094783205 240.04478319697046
114.95839149150024 240.0280831006971
115.95832943989377 240.0169431113568
116.95831481967805 240.01153568889347
117.95278692535491 240.11653678903355
118.93981347163802 240.27709393441313
119.92343438877403 240.45734345971763
120.90590745134456 240.64374807694395
121.88803315658421 240.831974268287
122.87005798791559 241.02072603820872
123.85205400662011 241.20962765082348
124.83404185246077 241.39857174472746
125.81602738693117 241.587527850982
126.79801226857569 241.77648734987426
127.77999696594182 241.96544780642208
128.76198161130355 242.1544085332247
129.74396624199102 242.34336933628603
130.725950868538 242.53233016086438
131.70793549391675 242.7212909915139
132.68992011896586 242.9102518238764
133.671904743922 243.09921265672213
134.65388936885188 243.2881734897043
135.63587399377437 243.4771343227249
136.61785861869478 243.66609515575632
137.5998432436146 243.85505598879084
138.58182786853425 244.0440168218262
139.56381249345387 244.23297765486183
140.54579711837346 244.42193848789753
141.52778174329305 244.61089932093324
142.50976636821264 244.79986015396898
143.49175099313223 244.98882098700466
144.47373561805182 245.17778182004042
145.4557202429714 245.36674265307613
146.437704867891 245.55570348611184
147.4196894928106 245.74466431914755
148.40167411773018 245.93362515218325
149.38365874264974 246.12258598521902
150.36564336756933 246.31154681825473
151.34762799248892 246.50050765129046
152.3296126174085 246.68946848432617
153.31159724232805 246.8784293173619
154.29358186724764 247.06739015039759
155.27556649216723 247.25635098343335
156.2575511170868 247.4453118164691
157.2322725890755 247.66873529787637
158.21361761530636 247.86099017945787
159.19559684765863 248.04997903423202
160.17764511535944 248.23860883014416
161.15970381413652 248.4271843114673
162.1475615844665 248.58254526408615
163.1301812243433 248.7681756584951
164.1122294503293 248.9568056715835
165.09422039969536 249.1457336350064
166.0762056530669 249.33469120209696
167.0581903404305 249.5236517106255
168.0401749715546 249.7126125114179
169.02215959709065 249.90157334124987
170.0041442220715 250.09053417396728
170.98612884699716 250.27949500697133
171.96811347191732 250.46845584000394
172.95009809683697 250.65741667303934
173.93208272175656 250.84637750607504
174.91406734667612 251.03533833911075
175.8960519715957 251.2242991721464
176.87803659651527 251.4132600051821
177.86002122143483 251.60222083821787
178.84200584635443 251.79118167125364
179.823990471274 251.98014250428935
180.80597509619358 252.16910333732505
181.78795972111314 252.35806417036082
182.76994434603273 252.54702500339656
183.75192897095232 252.73598583643226
184.7339135958719 252.92494666946794
185.71589822079147 253.1139075025037
186.69788284571106 253.30286833553942
187.67986747063065 253.49182916857515
188.66185209555024 253.68079000161086
189.64383672046984 253.8697508346466
190.6258213453894 254.0587116676823
191.607805970309 254.24767250071795
192.58979059522855 254.4366333337537
193.57177522014814 254.62559416678943
194.5537598450677 254.8145549998252
195.5357444699873 255.0035158328609
196.51772909490688 255.19247666589663
197.49971371982647 255.38143749893237
198.48169834474606 255.57039833196808
199.46368296966563 255.7593591650038
200.4456675945852 255.9483199980395
201.42765221950475 256.1372808310752
202.40963684442434 256.3262416641109
203.3916214693439 256.5152024971467
204.37360609426347 256.7041633301824
205.35559071918303 256.8931241632181
206.33757534410262 257.0820849962538
207.3195599690222 257.2710458292895
208.3015445939418 257.46000666232527
209.2835292188614 257.648967495361
210.26551384378095 257.8379283283967
211.2474984687005 258.02688916143245
212.2294830936201 258.21584999446816
213.2114677185397 258.40481082750387
214.19345234345928 258.5937716605396
215.17543696837885 258.78273249357534
216.15742159329844 258.97169332661105
217.13940621821803 259.1606541596467
218.1213908431376 259.34961499268246
217.13383282180718 259.1923599307417
216.1467156993888 259.03236059752913
215.1598570955705 258.8707744097849
214.17313944170144 258.70832973753244
213.18649536130616 258.5454387966519
212.19988862105734 258.38232184445013
211.21292776834326 258.2213613672829
210.22566363365473 258.06227168076083
211.19522534737268 258.3071187417853
212.1761805212805 258.50135299927746
213.15846284971792 258.68876011557643
214.14096712097415 258.8750001675612
215.12351929119822 259.0609873520336
216.1060835134255 259.2469108556551
217.08865099091693 259.43281715510744
218.07806839530198 259.28771994665755
218.89736723732082 258.7143532163125
219.43974510571556 257.8742185557517
219.77891815928118 256.93349455811216
220.01454456912262 255.96165084897717
220.20417386333563 254.97979509033627
220.3737694112913 253.9942813410087
220.53426137930893 253.00724419469566
220.69034436010352 252.0195002485708
220.8441690902947 251.03140209940668
220.99679266837458 250.04311770541167
221.14876324176726 249.05473268689778
221.3003746456832 248.066292510558
221.45186294861315 247.07783346028054
221.56224322180225 246.35760372705633
221.66656942033273 245.67538245142305
221.6669694029168 245.67426686540531
221.51548109997813 246.66272591568145
221.51573951541047 246.66170584482563
221.66656942033273 245.67538245142305
222.00407222910007 244.734057930319
222.34157503787424 243.79273340919488
222.6790778466485 242.8514088880708
223.01658065542279 241.9100843669467
223.35408346419706 240.9687598458226
223.6915862729714 240.02743532469856
224.02908908174567 239.08611080357446
224.36659189051994 238.14478628245035
224.70409469929427 237.20346176132628
225.04159750806855 236.2621372402022
225.37910031684288 235.32081271907813
225.7166031256172 234.37948819795406
226.05410593439152 233.43816367683
226.39160874316582 232.4968391557059
226.72911155194012 231.55551463458184
227.06661436071442 230.61419011345777
227.40411716948873 229.6728655923337
227.741619978263 228.73154107120962
228.07912278703728 227.79021655008555
228.41662559581158 226.84889202896147
228.7541284045859 225.90756750783743
229.09163121336024 224.96624298671335
229.42913402213455 224.02491846558928
229.76663683090885 223.08359394446524
230.09776648809571 222.16004469427276
230.83856078395345 222.83177664320695
231.57935507981333 223.50350859214305
232.3201493756732 224.17524054107912
233.06094367153304 224.84697249001522
233.80173796739288 225.51870443895132
234.54253226325272 226.19043638788742
235.2833265591126 226.8621683368235
236.02412085497244 227.53390028575961
236.7649151508323 228.2056322346957
237.50570944669215 228.8773641836318
238.24650374255202 229.5490961325679
238.9872980384119 230.220828081504
239.72809233427176 230.8925600304401
240.46888663013158 231.5642919793762
241.20968092599142 232.23602392831233
241.95047522185126 232.9077558772484
242.6912695177111 233.5794878261845
243.43206381357098 234.2512197751206
244.17285810943085 234.9229517240567
244.9136524052907 235.59468367299277
245.65444670115053 236.26641562192884
246.39524099701038 236.93814757086494
247.13603529287022 237.60987951980104
247.87682958873006 238.28161146873714
248.61762388458993 238.95334341767324
249.3584181804498 239.6250753666093
250.09921247630967 240.2968073155454
250.84000677216952 240.96853926448154
251.58080106802936 241.64027121341763
252.3215953636378 242.312003162631
253.06238965925047 242.9837351118397
253.80318395498983 243.65546706090873
254.54397825085275 244.32719900984142
255.28477254679137 244.99893095869066
256.02556684275936 245.6706629075075
256.7663611387188 246.34239485633373
257.5071554346641 247.01412680517558
258.2479497305929 247.68585875403568
258.98874402652166 248.3575907028958
259.72953832241825 249.0293226517914
260.47033261830177 249.7010546007014
261.21112691417727 250.37278654962023
261.9519212100488 251.04451849854345
262.69271550591594 251.7162504474715
263.4335098017803 252.38798239640266
264.17430409764467 253.0597143453338
264.9150983935053 253.73144629426903
265.65589268936566 254.40317824320454
266.39668698522587 255.07491019214024
267.1374812810861 255.7466421410759
267.878275576946 256.4183740900119
268.61906987280605 257.09010603894785
269.3598641686659 257.76183798788395
270.10065846452585 258.43356993682
270.8414527603857 259.1053018857561
271.5822470562456 259.7770338346922
272.3230413521054 260.44876578362835
273.0638356479653 261.12049773256444
273.80462994382515 261.79222968150054
274.545424239685 262.46396163043664
275.28621853554483 263.13569357937274
276.0270128314047 263.80742552830884
276.7678071272645 264.479157477245
277.5086014231245 265.150889426181
278.2493957189843 265.82262137511714
278.99019001484413 266.4943533240533
279.73098431070406 267.16608527298933
280.47177860656393 267.83781722192543
281.2125729024238 268.50954917086153
281.9533671982836 269.18128111979763
282.6941614941435 269.85301306873373
283.4349557900033 270.5247450176699
284.25806458068627 271.0926287370178
285.1266746644563 271.5881249755232
286.0353113431715 272.0057125544733
286.97261169526655 272.35423522226193
287.92824992898886 272.6487782008713
288.8949745337718 272.9045975482774
289.8682492942453 273.1342412736985
290.8453709075868 273.3469226145369
291.8247517469412 273.5489453150077
290.98990645135837 272.9984606808505
290.13706088291923 272.4762974531202
289.2713076532376 271.9758263297815
288.3972642575667 271.48997847038106
287.5181797122601 271.0133125892829
286.63612830134707 270.5421594204447
285.752369670301 270.07421638753203
284.8676452408356 269.608101933876
283.98238182444504 269.1430119602145
283.09682095961404 268.67848859731464
282.21579208829877 268.2054260983688
281.3463240706535 267.7114368613484
280.5020525693719 267.17552116637034
279.6828877838063 266.6019629268783
278.88314180294867 266.0016243839692
278.09660013551724 265.38408717424477
277.32125747080704 264.75254639782565
276.55409007758385 264.1110994469598
275.79257379447427 263.4629536681731
276.7481946322065 263.7575530817706
277.70950148828615 264.0330328967375
278.6854275069786 264.25113472167044
279.667470220446 264.4397934318476
280.6520825646386 264.61454620482573
281.637820823764 264.78283192761995
282.62406442464135 264.9481303236453
283.6105373289962 265.11205472382295
284.59711472002795 265.2753490945313
285.58373977713836 265.43835521920744
286.5703865768668 265.6012296880036
287.5570432890126 265.76404409884503
288.54370451738254 265.9268311389666
289.5303678022148 266.08960571426627
290.517032023001 266.25237461615006
291.5036966695982 266.4151409368529
292.4912046596345 266.57270987292344
293.4794180315719 266.7257926332986
294.4680604476316 266.87607960268593
295.4569350889363 267.02483088430915
296.4459283193995 267.1727916564683
297.43498005361323 267.3203608505734
298.42406000367157 267.4677408098372
299.41315335024495 267.6150308358547
300.4036879519053 267.75229409719435
301.39538193002835 267.8809139003134
302.3877594861659 268.004148579176
303.3804998247695 268.12442584265204
304.37528314547126 268.2264363560983
305.3715100147384 268.31322359565604
306.3685098674138 268.3906270436752
307.3682990666729 268.41115889807264
308.2138907231832 267.8773286343744
308.0169283309754 266.8969175899365
307.2109599959844 266.3049589402051
306.3635513642294 265.7740176903223
305.5054784559421 265.2604898098101
304.6422180538661 264.75573097808194
303.7762312835549 264.2556640689128
302.9087641721261 263.7581695356873
302.04046699368183 263.26212517284677
301.1716916280883 262.7669187874499
300.302635355384 262.27220554235413
299.433411926216 261.777786054282
298.5640882233763 261.2835428958255
297.6947040725464 260.7894060744028
296.8252833744617 260.29533355974337
295.9558405408786 259.80129999901
295.0863842865345 259.3072900580352
294.2169198901173 258.81329444736343
293.34745055225426 258.319307534059
292.4779782147486 257.825325900481
291.60850405610483 257.3313474723581
290.73902879172635 256.83737099049495
289.8695528559498 256.3433956903985
289.000076512491 255.84942110788884
288.1305999214776 255.35544696111626
287.2611231801414 254.8614730789369
286.39164634752376 254.36749935742807
285.52216945947686 253.87352573348429
284.65269253777103 253.37955216878572
283.78321559562625 252.88557864006327
282.91373864107004 252.39160513318703
282.04426167897714 251.89763163957664
281.17478471230766 251.4036581540218
280.30530774285904 250.9096846733586
279.4358307717229 250.4157111956659
278.56635379956197 249.92173771977687
277.69687682677875 249.42776424498322
276.8273998536177 248.93379077085464
275.95792288022716 248.43981729713
275.0884459066973 247.9458438236506
274.2189689330828 247.45187035032012
273.34949195941687 246.9578968770801
272.4800149857198 246.46392340389497
271.6105380120037 245.9699499307432
270.7410610382762 245.47597645761164
269.8715840645417 244.98200298449237
269.00210709080295 244.48802951138057
268.13263011706164 243.99405603827333
267.26315314331873 243.50008256516892
266.39367616957486 243.00610909206608
265.5241991958305 242.51213561896427
264.6547222220857 242.0181621458631
263.7852452483407 241.52418867276236
262.9157682745956 241.0302151996617
262.04629130085044 240.5362417265613
261.17681432710515 240.04226825346095
260.3072511972422 239.54844646052055
259.4376044091828 239.0547720090669
258.5678974744151 238.56120352585828
257.69815131614394 238.0677041639816
256.8283805635793 237.57424814974817
255.9585946534019 237.08081885343827
255.08879947488134 236.58740589513425
254.21899864986668 236.09400289068068
253.34919439079727 235.60060594003676
252.47938804491756 235.10721266822674
251.60958043140812 234.61382163113646
250.73977204801815 234.1204319512844
249.86996319708973 233.62704309566786
249.00015406224279 233.13365474057952
248.13034475498594 232.64026668943782
247.26053534303404 232.14687882286643
246.39072586750672 231.6534910683742
245.52091635337374 231.16010338194116
244.65110681579782 230.6667157368365
243.78129726398637 230.1733281168281
242.91148770353058 229.67994051205906
242.04167813782547 229.18655291654423
241.17186856893287 228.6931653266488
240.29896918083233 228.20526507223843
239.42310147493163 227.7227137674425
238.54511935108283 227.2440203475985
237.6657673432715 226.76784806117462
236.78556004968053 226.29325863829501
235.90482706596833 225.81964549299454
235.0096819259238 225.37387068633242
235.55116457334088 226.2145826123488
236.13816226199805 227.0241712199213
236.76811811357612 227.80080216513437
237.432845281299 228.54788836664736
238.12328889316365 229.27127458357114
238.83167311985085 229.97710160726803
239.55207274726243 230.6706608165827
240.28027625096394 231.3560217851218
241.0134252631109 232.03608981553347
241.7496445253488 232.7128328967023
242.48773636240594 233.38753315612843
243.2269527270543 234.061001170392
243.9668352182211 234.73373729939416
244.70710753253695 235.40604444695208
245.44760551842603 236.0781030254214
246.18823288823023 236.7500190165222
246.9289337952968 237.421853941389
247.66967617208718 238.09364314287035
248.41044176958988 238.76540673935088
249.1512202859273 239.43715608972866
249.89200594758756 240.10889756044384
250.63279554011365 240.7806346962381
251.3735872844988 241.4523694589613
252.11438020153315 242.1241029284801
252.8551737549256 242.79583569621755
253.5959676523102 243.46756808459682
254.3367617349752 244.13930026864676
255.07755591710105 244.81103234301008
255.81835015245179 245.48276435867638
256.55914441620166 246.1544963430238
257.29993869506285 246.82622831070623
258.0407329819442 247.4979602695439
258.78152727307184 248.16969222369875
259.52232156644254 248.84142417537987
260.26311586099564 249.51315612575706
261.0039101561707 250.18488807544833
261.7447044516724 250.8566200247795
262.4854987473452 251.52835197392193
263.2262930431075 252.20008392296563
263.9670873389166 252.87181587195778
264.70788163475004 253.54354782092304
265.4486759305962 254.21527976987423
266.189470226449 254.88701171881817
266.93026452230515 255.5587436677584
267.6710588181631 256.2304756166966
268.41185311402194 256.9022075656338
269.1526474098813 257.5739395145704
269.8934417057409 258.2456714635068
270.63423600160064 258.91740341244304
271.3750302974604 259.58913536137925
272.1244869497648 260.2511887778923
272.90490387485545 260.87644826245213
273.7571722775299 261.39955300320946
274.72480966426326 261.6518977828184
275.63734082580595 261.24289059557896
275.0119716697224 260.46256155048366
275.67149551585356 261.21424519164157
276.3912246556751 261.90850016302585
277.1689286280073 262.53713084269293
277.99847797088654 263.09556426551836
278.8714376108329 263.5833567080846
279.7789126310438 264.00346275147507
280.71282225356344 264.3609719359237
281.66644295296686 264.66198283550915
282.6344628335446 264.9128563311325
283.6128224870298 265.11976787849585
284.5984953755055 265.28843606436374
285.58926846156095 265.42396721188373
286.58354597331606 265.5307952494868
287.5801898345654 265.6126549699488
288.57838788163775 265.67266045987157
289.57755565313045 265.71344972819475
290.577270864299 265.73731385521035
291.57723073391753 265.746272602472
292.5772220524306 265.74210572132637
293.57709816802594 265.726365535113
294.5767607479953 265.7003900426438
295.5761457321163 265.6653236268947
296.57521305497175 265.62214395109305
297.573939470736 265.571690542341
298.57231367873 265.5146910615331
299.5703330098919 265.4517830761331
300.56800110857495 265.38353086100284
301.5653262345003 265.31043781620406
302.56231996230554 265.23295551682514
303.5589961568276 265.1514904121915
304.5553701588868 265.066408992242
305.5514581435406 264.97804199145367
306.5472766237948 264.88668798560684
307.5428420766109 264.79261658102945
308.5381706697268 264.6960712977377
309.5332780694605 264.5972721935144
310.52817931186684 264.49641825031784
311.52288872224244 264.3936895351975
312.5174198706982 264.289249146691
313.51178553149515 264.1832447475947
314.5059975841592 264.07580921186525
315.5000671982193 263.9670636261965
316.49400621687363 263.8571307958114
317.4878306609007 263.7461669528073
318.4815664553833 263.6344119942408
319.47526099645347 263.52229081404994
320.46898975715783 263.4104733281681
321.4628541238025 263.2998676288846
322.45697324270566 263.1915755357699
323.45147326077534 263.0868391330277
324.4464757086459 262.9869886010732
325.44208579800727 262.893390791474
326.4383814642715 262.8073969231862
327.43540435100874 262.730290741059
328.43315397856503 262.6632409035398
329.4315859174412 262.60726176964243
330.43061408918874 262.56318556228774
331.4301166267635 262.53164705595543
332.42994424842635 262.5130802317799
333.42992990982685 262.5077251413617
334.4298985662911 262.51564259606624
335.429676114546 262.5367341584892
336.4290968941154 262.57076510565446
337.4280094364601 262.6173884125548
338.42628040676004 262.6761682548167
339.4237965538805 262.74660642794686
340.4204637741421 262.82818125283814
341.4149113515784 262.9334144022307
342.4038313147795 263.0818640784926
343.3821581307368 263.28893083386095
344.3446977620616 263.5600718638235
345.2882313029988 263.8913488734796
346.21246525833067 264.27317553023835
347.1195178300093 264.69419290780274
348.0127353957174 265.143817618323
348.89563266242357 265.6133838186002
349.7712701963267 266.0963526677199
350.64202866318544 266.5880636523377
351.50962415443405 267.08533426635495
352.3752278100699 267.58606404512784
353.2396066375938 268.08890521540764
354.10324711993013 268.59301345504457
354.9664499809833 269.0978706830503
355.82939722389506 269.60316471225605
356.69219705672356 270.108710406008
357.55491283938846 270.6143995183497
358.4175811820162 271.12016955564724
359.280222992052 271.6259848456279
360.1428500854204 272.1318252332867
361.0054690775871 272.6376794359511
361.8680836410864 273.1435411906222
362.73069579900493 273.6494070473581
363.5928054904508 274.15612874604
364.4536550359205 274.6649883141573
365.3126375824812 275.1769931820093
366.1694932443585 275.69254955594806
367.0242904964655 276.21151165262785
367.87730785938004 276.73339418593036
368.7289087801456 277.2575848685557
369.57945218065856 277.78348973052584
370.4292449470406 278.31060665702773
371.27852628397164 278.8385471941535
372.1274707445059 279.36702926852143
372.9761995009009 279.89585768877527
373.82479342328304 280.4249024457629
374.6733047878212 280.95407960347995
375.5217665031433 281.48333636312765
376.3701988270247 282.0126402378472
377.21861399256306 282.5419716150434
378.0670192649053 283.0713188487774
377.07172508993267 282.9744193892044
376.07959072887 282.84924187685147
375.08910956530286 282.71159354006994
374.0994087691896 282.5684421021705
373.1100624553524 282.4228609519595
372.120874637473 282.2762067295215
371.13175720717277 282.12907852326487
370.14267094347736 281.98174094160623
369.15359846199124 281.83431086880273
368.16453207165966 281.6868399377132
367.17546837268134 281.5393509572322
366.18640586273455 281.3918540033052
365.19734387807233 281.2443535270482
364.20828212546274 281.0968514947747
363.21922047536503 280.9493487751186
362.2301588705529 280.8018457518059
361.24109728574604 280.6543425943505
360.2520357097767 280.5068393776364
359.26297413771135 280.3593361347444
358.27391256737064 280.21183288028806
357.28485099779186 280.06432962072313
356.2957894285496 279.91682635890135
355.30672785945603 279.76932309608264
354.3176662904282 279.6218198328236
353.3286047214293 279.47431656936993
352.33954315244324 279.3268133058303
351.35048158346285 279.1793100422527
350.36142001448496 279.0318067786584
349.37235844550816 278.8843035150566
348.38329687653186 278.73680025145154
347.3942353075558 278.5892969878451
346.40517373857983 278.44179372423804
345.4161121696039 278.29429046063063
344.4270506006279 278.14678719702306
343.437989031652 277.9992839334155
342.4489274626761 277.8517806698079
341.4598658937002 277.7042774062003
340.4708043247243 277.5567741425927
339.4817427557484 277.4092708789851
338.49268118677253 277.2617676153775
337.50361961779663 277.11426435176986
336.51455804882073 276.96676108816223
335.52549647984483 276.8192578245546
334.53643491086893 276.67175456094697
333.54737334189304 276.5242512973394
332.55831177291714 276.37674803373176
331.56925020394124 276.2292447701241
330.58018863496534 276.08174150651655
329.59112706598944 275.9342382429089
328.60206549701354 275.78673497930134
327.61300392803764 275.63923171569365
326.62394235906174 275.4917284520861
325.63488079008584 275.3442251884785
324.64581922110995 275.1967219248709
323.65675765213405 275.04921866126324
322.66769608315815 274.90171539765566
321.67863451418225 274.754212134048
320.68957294520635 274.60670887044034
319.70051137623045 274.4592056068327
318.71144980725455 274.31170234322514
317.72238823827865 274.16419907961756
316.73332666930276 274.0166958160099
315.74426510032686 273.8691925524023
314.75520353135096 273.72168928879466
313.76614196237506 273.57418602518703
312.77708039339916 273.4266827615794
311.78801882442326 273.2791794979718
310.79895725544736 273.1316762343642
309.80989568647146 272.98417297075656
308.82083411749556 272.8366697071489
307.83177254851967 272.68916644354135
306.84271097954377 272.5416631799337
305.85364941056787 272.3941599163261
304.86458784159197 272.24665665271846
303.87552627261607 272.0991533891109
302.8864647036402 271.95165012550325
301.8974031346643 271.8041468618957
300.9083415656884 271.65664359828804
299.9192799967125 271.50914033468047
298.9302184277366 271.3616370710728
297.9411568587607 271.21413380746515
296.9520952897848 271.0666305438575
295.9630337208089 270.91912728024994
294.9739721518329 270.7716240166423
293.98491058285697 270.62412075303473
292.99584901388107 270.4766174894271
292.006995673578 270.32772467102586
291.01823494171856 270.1782180988198
290.02951524165167 270.0284404145686
289.04081369135645 269.87854296814623
288.05212016347673 269.72859261660034
287.0634301804598 269.57861889396224
286.07474176358807 269.42863484699825
285.0860540386069 269.2786462391923
284.0973666192802 269.1286556166018
283.1086793349799 268.9786641039656
282.1199921070422 268.8286722198092
281.2434074649806 268.3474245026181
280.4462274061161 267.74368287431264
279.6836860721819 267.0967433763364
278.93469006466535 266.43416886677215
278.19082599376316 265.765837927775
277.4488858602397 265.09537179271126
276.7076642926894 264.42411134564304
275.9667107305943 263.7525550793343
275.2258570761861 263.0808885975518
274.4850406585258 262.4091810456179
273.7442381184503 261.73745818861676
273.00344075020917 261.0657296279562
272.26264530936453 260.3939989417256
271.52185058680345 259.7222674633613
270.781056131925 259.0505356897929
270.0402617768038 258.378803806211
269.299467458859 257.70707188163044
268.5586731547687 257.03533994177087
267.8178788558416 256.3636079962173
267.07708455883875 255.69187604854176
266.3362902625529 255.0201441000754
265.59549596653426 254.3484121513144
264.8547016706152 253.67668020244355
264.11390737473334 253.00494825353175
263.37311307886523 252.3332163046047
262.63231878300235 251.66148435567194
261.89152448714134 250.98975240673713
261.150730191281 250.3180204578015
260.40993589542103 249.64628850886555
259.6691415995611 248.9745565599295
258.92834730370123 248.3028246109934
258.1875530078413 247.6310926620573
257.44675871198143 246.9593607131212
256.70596441612156 246.28762876418511
255.9651701202617 245.61589681524902
255.22437582440182 244.94416486631292
254.48358152854195 244.27243291737682
253.74278723268208 243.6007009684407
253.0019929368222 242.92896901950456
252.26119864096233 242.25723707056846
251.52040434510246 241.58550512163234
250.7796100492426 240.9137731726962
250.03881575338272 240.2420412237601
249.29802145752285 239.570309274824
248.55722716166298 238.8985773258879
247.8164328658031 238.22684537695181
247.0756385699433 237.55511342801572
246.33484427408342 236.88338147907962
245.59404997822355 236.21164953014352
244.85325568236368 235.53991758120742
244.1124613865038 234.86818563227132
243.371667090644 234.19645368333522
242.63087279478412 233.52472173439912
241.89007849892425 232.852989785463
241.14928420306438 232.18125783652687
240.4084899072045 231.50952588759077
239.66769561134464 230.83779393865467
238.92690131548477 230.16606198971857
238.18610701962493 229.49433004078247
237.44531272376506 228.82259809184637
236.70451842790519 228.15086614291027
235.96372413204534 227.47913419397418
235.22292983618547 226.80740224503808
234.4821355403256 226.13567029610198
233.74134124446573 225.46393834716588
233.00054694860586 224.79220639822978
232.25975265274602 224.12047444929368
231.51895835688617 223.44874250035758
230.7781640610263 222.77701055142148
230.09776648809571 222.16004469427276
229.76026367932144 223.10136921539683
229.7602636793209 223.1013692153983
229.42276087054657 224.04269373652235
229.08525806177227 224.98401825764643
228.747755252998 225.9253427787705
228.41025244422366 226.86666729989457
228.07274963544938 227.80799182101865
227.73524682667508 228.74931634214272
227.39774401790078 229.69064086326676
227.06024120912645 230.6319653843908
226.72273840035214 231.57328990551488
226.38523559157784 232.51461442663896
226.04773278280356 233.45593894776303
225.71022997402923 234.39726346888708
225.3727271652549 235.33858799001112
225.03522435648063 236.2799125111352
224.69772154770635 237.2212370322593
224.36021873893202 238.16256155338334
224.02271593015774 239.1038860745074
223.68521312138344 240.04521059563146
223.34771031260914 240.98653511675553
223.0102075038348 241.92785963787958
222.6727046950605 242.86918415900362
222.33520188628623 243.8105086801277
221.99769907751192 244.75183320125177
221.66656942033273 245.67538245142305
221.51540533768488 246.66389113632027
221.51540533768477 246.66389113632107
221.36424125503683 247.65239982121827
221.21307717238892 248.64090850611547
221.06191308974104 249.6294171910127
220.91074900709316 250.61792587590992
220.75958492444528 251.60643456080712
220.6084208417974 252.59494324570431
220.45725675914952 253.5834519306015
220.30609267650163 254.5719606154987
220.15492859385375 255.56046930039594
220.00376451120584 256.54897798529316
219.85260042855793 257.53748667019033
219.70143634591008 258.52599535508756
218.84273309818266 259.0384685078891
217.8427342701125 259.0399994743291
216.85002935301577 258.9194302097049
215.86049381071405 258.7751408805027
214.87052944494286 258.6338236681638
213.88048287591747 258.4930835134067
212.89042038970342 258.35245537471576
211.90035481533187 258.2118489792555
210.91028864158488 258.07124680430064
209.918457538244 257.94368872950474
208.92630375972075 257.818665212669
207.93056474724693 257.72644905878207
208.87040209523843 258.0680713053063
209.8254987946502 258.36436557587655
210.78848002011256 258.633934044743
211.7555099284202 258.8885968736728
212.72461605888577 259.1352409652178
213.6947827807607 259.37767968276603
214.6654875635821 259.61795499279117
215.64995805429123 259.7935051364053
216.64995473973448 259.7960798407576
217.61269094468568 259.5256376109263
218.43709021353897 258.9596289135425
219.0590691612366 258.1765949496425
219.49925628741335 257.2786888888832
219.81605290531746 256.3301953976644
220.05984205288365 255.36036713888404
220.2628092873492 254.3811816091026
220.44329511511074 253.39760402396902
220.61132603409538 252.4118222985018
220.77234633898394 251.42487120477242
220.9293458016761 250.43727251668378
221.08401866511937 249.44930677572194
221.23739073325788 248.461138263415
221.39012368799553 247.47287076696622
221.53958821407934 246.5057518288533
221.66656942033273 245.67538245142305
221.66894077413374 245.66876854059606
221.51620781939482 246.65703603704463
221.51682661000595 246.65459699707478
221.66656942033273 245.67538245142305
222.0040722291073 244.7340579302991
222.00407222910897 244.73405793029445
222.34157503788316 243.79273340917035
222.67907784665738 242.85140888804625
223.01658065543165 241.91008436692215
223.35408346420593 240.96875984579805
223.6915862729802 240.02743532467397
224.02908908175448 239.0861108035499
224.3665918905288 238.14478628242586
224.70409469930308 237.20346176130178
225.0415975080774 236.2621372401777
225.3791003168517 235.3208127190536
225.71660312562597 234.3794881979295
226.05410593440027 233.43816367680543
226.39160874317457 232.49683915568136
226.7291115519489 231.5555146345573
227.0666143607232 230.61419011343324
227.4041171694975 229.67286559230917
227.74161997827179 228.73154107118506
228.0791227870461 227.790216550061
228.4166255958204 226.84889202893692
228.7541284045947 225.90756750781284
229.09163121336903 224.96624298668877
229.42913402214336 224.02491846556472
229.76663683091766 223.08359394444068
230.09776648809571 222.16004469427276
230.8385607839542 222.83177664320766
231.57935507981406 223.50350859214376
232.32014937567394 224.17524054107983
233.0609436715338 224.84697249001596
233.80173796739368 225.51870443895206
234.54253226325352 226.19043638788818
235.2833265591134 226.86216833682425
236.02412085497326 227.53390028576035
236.76491515083313 228.20563223469645
237.50570944669298 228.87736418363258
238.24650374255285 229.54909613256868
238.98729803841272 230.22082808150478
239.72809233427256 230.89256003044088
240.46888663013246 231.56429197937697
241.20968092599233 232.23602392831307
241.95047522185217 232.90775587724917
242.69126951771204 233.57948782618524
243.4320638135719 234.25121977512137
244.17285810943176 234.9229517240575
244.9136524052916 235.5946836729936
245.65444670115147 236.26641562192967
246.39524099701134 236.93814757086577
247.13603529287118 237.60987951980186
247.87682958873106 238.28161146873796
248.6176238845909 238.95334341767406
249.35841818045077 239.6250753666102
250.09921247631064 240.2968073155463
250.8400067721705 240.96853926448236
251.58080106803035 241.6402712134185
252.3215953638902 242.31200316235459
253.06238965975007 242.98373511129068
253.80318395560994 243.65546706022675
254.5439782514698 244.32719900916285
255.2847725473297 244.99893095809892
256.0255668430021 245.67066290724182
256.76636113859615 246.34239485647103
257.5071554342474 247.0141268056372
258.24794973001264 247.68585875467764
258.9887440258836 248.35759070360146
259.72953832182424 249.0293226524485
260.4703326177971 249.70105460126
261.21112691377476 250.3727865500662
261.95192120974116 251.04451849888477
262.69271550568953 251.71625044772327
263.4335098016186 252.38798239658306
264.1743040975278 253.05971434546473
264.91509839342507 253.7314462943595
265.65589268931194 254.4031782432658
266.39668698519876 255.07491019217213
267.13748128106926 255.74664214109652
267.8782755769346 256.41837409002653
268.61906987279997 257.0901060389566
269.3598641686624 257.76183798788986
270.1006584645239 258.43356993682414
270.8414527603854 259.1053018857585
271.58224705624576 259.777033834694
272.3230413521059 260.4487657836298
273.06383564796596 261.1204977325657
273.80462994382594 261.7922296815017
274.5454242396859 262.46396163043767
275.28621853554574 263.1356935793737
276.0270128314056 263.8074255283098
276.7678071272655 264.4791574772459
277.5086014231254 265.1508894261819
278.2493957189853 265.822621375118
278.99019001484515 266.4943533240541
279.73098431070497 267.16608527299024
280.47177860656484 267.83781722192634
281.21257290242477 268.5095491708624
281.9533671982846 269.18128111979854
282.6941614941444 269.8530130687347
283.4349557900043 270.52474501767074
284.1757500858642 271.19647696660684
284.91654438172407 271.86820891554294
285.65733867758394 272.53994086447904
286.3981329734438 273.21167281341513
287.1389272693036 273.88340476235123
287.8797215651635 274.55513671128733
288.62051586102336 275.22686866022343
289.3613101568832 275.8986006091595
290.1170916449827 276.55342451086597
290.9082744337418 277.1650042642681
291.7569030059295 277.69399343851137
292.6439119365241 278.1557457065571
293.55812803221517 278.5609727174774
294.49143979323696 278.92003978187955
295.4378049333113 279.2431388714049
296.3928939874844 279.5394577850753
297.3537250240238 279.81659262449944
298.3182878441738 280.0804459284095
299.28524818429685 280.3353727818974
300.25373196658217 280.58444940354275
301.2231735348233 280.8297717338884
302.1932111852785 281.07272637306886
303.1636163355406 281.3142089694288
304.13424614907376 281.5547869507166
304.02134090445736 280.56118119100194
303.5128494344014 279.7001141640637
302.87782420459234 278.9276227676676
302.2011353953178 278.19135362163297
301.5090145058424 277.46957202422846
300.81060878005815 276.7538699617809
300.10946412744585 276.04085090445267
299.4070708197935 275.3290618617123
298.70409195879927 274.61785111868653
298.0008338184528 273.90691653095257
297.2974411570304 273.1961150369635
296.5939833341486 272.4853780311545
295.8904938463159 271.77467236738863
295.1869889433037 271.0639819626147
294.4834765282591 270.3532989940006
293.77996045042005 269.6426196512433
293.0764425860702 268.9319420769942
292.37292385020305 268.2212653654833
291.66940468913947 267.5105890748865
290.9658853206192 266.7999129896573
290.2565537907067 266.0950379789838
289.5416937399592 265.3957704280097
288.82319318456035 264.7002440432538
288.1026183112025 264.0068669078612
287.3809417600395 263.31463648704636
286.65870153752445 262.6229941943968
285.9361788060799 261.93164702940237
285.2135161202607 261.2404461595212
284.49078455759206 260.5493173087831
283.7680192250321 259.85822377383323
283.04523737058 259.1671475183629
282.322447442577 258.4760797069454
281.59965357207057 257.78501601902786
280.8768577770921 257.09395434395
280.15150267900367 256.40557945940145
279.4237036069798 255.71978903167496
278.6942897095323 255.03571639941248
277.9639536907448 254.35262833798726
277.23312732836126 253.67006491379487
276.50204992208546 252.98777038352722
275.77084665428396 252.30561073860792
275.03958102576274 251.62351794393595
274.3082847052766 250.9414580553313
273.5730924060928 250.26359945413128
272.83419443661273 249.58978212673588
272.0928537577104 248.91865322868085
271.3501201791466 248.24906616841622
270.6066465133076 247.58030095684794
269.8579415644292 246.9173975705804
269.1044349468309 246.2599572483947
268.3477989108156 245.60612094701418
267.5893876173775 244.9543446740604
266.82246043172466 244.31261054538516
266.0479022269292 243.68010790714243
265.26251187516607 243.06110710313857
264.4688113003684 242.45279846637118
263.66309766325656 241.86049319459647
262.84444504392627 241.28620416556697
262.0138715199079 240.72929517731149
261.1731973925424 240.1877538477915
260.32442338312126 239.6589980620726
259.4694236842695 239.1403695679042
258.60980589037297 238.62943195095232
257.7473294813492 238.12333468374229
256.88234737767016 237.6215319731927
256.0155243066258 237.12291612556515
255.14749891610944 236.6263963158708
254.27873506195198 236.13116973569822
253.40953185847874 235.63671469115747
252.54007167096813 235.14271167261003
251.67046259653014 234.64897079152456
250.80076775757337 234.15538099514308
249.93102370140528 233.66187792852625
249.0612514775172 233.16842450767197
248.1914631662944 232.67499944379676
247.3216656825802 232.18159054914196
246.45186297632807 231.68819086106294
245.5820573000716 231.1947964087715
244.71224993654275 230.7014049309864
243.8424416153248 230.20801514152987
242.97232299374429 229.71517278906936
242.10135591059992 229.22383142089544
241.22904503271775 228.7348797542366
240.35511761546456 228.24882330754215
239.47954893306968 227.7657296495324
238.60249507975604 227.2853375821669
237.7227442399364 226.8099025604903
237.667998096722 227.80840286584987
238.02006064759223 228.74437934005996
238.58771724895288 229.56764477898696
239.25035657634265 230.31658344256118
239.95461001829403 231.02653209528165
240.6777505002158 231.71723307501594
241.40977391617827 232.39851254665925
242.14610535758624 233.07513356938466
242.884582168059 233.74941244373412
243.6241522298972 234.42249202568019
244.36429056659637 235.09494666545015
245.10472931023395 235.76707051335347
245.8453290975037 236.43901690637597
246.5860162093328 237.1108670402379
247.32675110709022 237.78266448831602
248.0675123434147 238.45443289391358
248.8082881784602 239.12618520110175
249.54907213999707 239.7979285466808
250.28986063999298 240.4696668873119
251.03065168084683 241.14140242589139
251.77144414681214 241.8131363928523
252.5122374131788 242.48486947712445
253.2530311295345 243.15660206514434
253.99382509906155 243.82833437396408
254.73461921110328 244.50006652561703
255.47541340340013 245.1717985887637
256.2162076409041 245.84353060205538
256.95700190387805 246.5152625872585
257.697796181204 247.18699455663403
258.43859046661794 247.85872651709002
259.17938475659014 248.53045847251911
259.92017904913143 249.202190425115
260.66097334312076 249.87392237611394
261.4017676379263 250.5456543262128
262.1425619331918 251.2173862758043
262.8833562287167 251.88911822510983
263.62415052438774 252.56085017425414
264.36494482014115 253.23258212330765
265.105739115941 253.90431407230994
265.84653341176704 254.57604602128333
266.5873277076078 255.24777797024046
267.32812200345694 255.9195099191884
268.06891629931073 256.5912418681312
268.8097105951672 257.2629738170711
269.5505048910252 257.9347057660093
270.291299186884 258.60643771494665
271.0320934827432 259.27816966388343
271.7781311536356 259.9440734058833
272.54570447280975 260.5850345589121
273.3680186746204 261.15406826046285
274.29062322152936 261.5398153926917
275.24199795443207 261.2317794895988
276.14429781532436 261.6628884793377
276.9258044915065 262.28678535790243
277.7324189076435 262.8778633423342
278.58576693894224 263.3992050129097
279.4791525677429 263.84849569637913
280.40313870411956 264.2309216627881
281.378153708557 264.4530606758449
282.3599059849879 264.6432249935358
283.3427454301022 264.82768806606634
284.3257731457679 265.01114517340466
285.3173966286192 265.14030735152966
286.3103323955432 265.2589604710125
287.3053511593789 265.35864828177597
288.3007262292569 265.4547132091193
289.297933386368 265.5293984540231
290.2963924539957 265.5848916092053
291.2950467387713 265.63675315082594
292.29471484434094 265.66251511322736
293.29469184839115 265.6692968070206
294.2946541693636 265.66061598704505
295.2944156966947 265.63877821086476
296.29386779656477 265.6056798715506
297.2929539295519 265.562937633977
298.29165100090376 265.51190666619095
299.289955783871 265.4537039144974
300.28787608371283 265.3892440419907
301.28542550448185 265.3192786711032
302.2826205477584 265.2444318564443
303.2794790602281 265.16522891384284
304.2760194008757 265.0821184484257
305.27225997217846 264.99548863779205
306.2682189325275 264.90567912103324
307.2639140030559 264.81298971211635
308.2593623300549 264.7176868880505
309.25458038589875 264.62000873633576
310.2495839002006 264.52016883185416
311.24438781213945 264.4183593195716
312.239006224787 264.31475327137656
313.23345239971525 264.2095068692027
314.2277390185903 264.10276362807707
315.221879159826 263.99466469383714
316.215888478026 263.8853693356022
317.2097896265939 263.77509464732145
318.2036182218043 263.66416798983016
319.1974280087616 263.55307295237225
320.19129310940843 263.44247384877576
321.1853065114279 263.3332156380743
322.1795750602186 263.2263042126533
323.1742117390872 263.1228736705038
324.16932618721324 263.0241455836656
325.1650144992118 262.931383601423
326.1613494546302 262.84584614406435
327.1583723516394 262.7687400947593
328.15608746015977 262.7011785507407
329.1544597458103 262.6441454091043
330.1534160247991 262.59846879945803
331.1528492162735 262.56480434076167
332.1526249756423 262.5436281518079
333.1525897834093 262.53523868057624
334.1525795357901 262.53976583568726
335.1524277999015 262.55718561620955
336.1519731012959 262.5873384014943
337.1510648140064 262.6299500148536
338.14956726110375 262.6846570814965
339.14720247038315 262.75338836408434
340.1432199799762 262.84254620492857
341.13602259726736 262.9623083153802
342.12294702968404 263.12349195195367
343.10051225067417 263.3341248997815
344.0652263921128 263.59742439713847
345.0145731601655 263.9116547489313
345.94763704143725 264.271365456954
346.86511898338085 264.66914288995827
347.7688872822391 265.0971649244131
348.66137693798987 265.5482327844718
349.5450820240484 266.0162769286231
350.4222375848817 266.4964832614627
351.29467893686694 266.9852020838403
352.16382268978435 267.47976162197966
353.03071310492277 267.97826037638254
353.89609323374543 268.479376363594
354.76047728286005 268.9822085579055
355.62421322145053 269.4861532258872
356.48753226154963 269.99081175895924
357.3505857303532 270.49592433055705
358.21347142751733 271.0013234536563
359.07190091354335 271.5142550451197
359.9253291052414 272.0354654840164
360.7748049695753 272.5630929623704
361.62155676183716 273.0950811222963
362.46654882401833 273.6298599689711
363.3104410667028 274.1663726740741
364.1536578002138 274.7039464274579
364.9964634889636 275.24216438610557
365.839020315452 275.780771844407
366.6814268823366 276.31961428526495
367.52374285927607 276.8585983249104
368.36600426469715 277.397667638578
369.20823281068135 277.9367882895731
370.0504415756186 278.47593984179457
370.8926384341415 279.0151099925765
371.7348281265913 279.5542913367745
372.57701350619305 280.09347941748945
373.4191962901959 280.63267155238134
374.26137751210973 281.171866127146
375.10355779393 281.7110621702631
375.94573750998705 282.2502590970553
376.7879168855594 282.78945655565514
377.63009605622335 283.32865433430396
378.4722751035706 283.86785230556245
379.3144540767042 284.407050392736
380.156633005175 284.9462485496688
380.99881190676723 285.48544674858357
381.8409907921835 286.02464497276367
382.68316966786495 286.56384321214875
383.52534853768776 287.10304146068444
384.3675274039848 287.642239714727
385.20970626816 288.18143797208376
386.05188513105827 288.720636231435
386.89406399318796 289.25983449198657
387.7362428548552 289.79903275326046
388.5784217162442 290.3382310149691
389.4206005774656 290.8774292769394
390.2627794385862 291.4166275390672
391.10495829964617 291.9558258012897
391.9471371606697 292.4950240635692
392.78931602167114 293.034222325883
393.63149488265935 293.57342058821746
394.4736737436396 294.1126188505644
395.3158526046151 294.6518171129188
396.15803146558767 295.1910153752777
397.00021032655854 295.7302136376393
397.8423891875284 296.2694119000025
398.6845680484977 296.8086101623667
399.5267469094665 297.34780842473145
400.3689257704351 297.88700668709663
401.2111046314036 298.426204949462
402.053283492372 298.96540321182755
402.8954623533403 299.5046014741931
403.73764121430867 300.0437997365587
404.579820075277 300.5829979989244
405.42199893624525 301.12219626129007
406.26417779721356 301.66139452365576
407.10635665818177 302.2005927860215
407.94853551915 302.7397910483872
408.7907143801183 303.2789893107529
409.63289324108655 303.81818757311856
410.47507210205487 304.3573858354842
411.3172509630231 304.8965840978499
412.15942982399133 305.4357823602156
413.0016086849596 305.97498062258137
413.8693639788543 306.47197232263045
414.7158745992775 307.0043441565123
415.55863001884023 307.54264082452875
416.4007122241989 308.0819900244153
417.2426486731969 308.62156672503227
418.08453132026693 309.16122736706797
418.92637792924427 309.7009442252013
419.7681935827626 310.24070936439745
420.6099812036266 310.78051822071603
421.4517433573589 311.3203667888757
422.2934825529321 311.86025115300913
423.1352012822575 312.40016742494646
423.97802009630027 312.93836482989707
424.82207374458545 313.47462357231205
425.66709219190545 314.0093607261445
426.5127686053597 314.5430567105094
427.3588665520769 315.0760841624862
428.20522640796435 315.6086956478507
429.05174672019655 316.1410520707276
429.8983650444 316.67325260917426
430.7450437113172 317.2053571430652
431.5917603585233 317.73740123836563
432.438501932872 318.26940566153286
433.28526098226604 318.8013822702942
434.13203339202846 319.333337612466
434.9788170132266 319.86527510773254
435.8256108356269 320.39719636350696
436.655823707216 320.9546428522822
437.5002029124138 321.49038883484246
438.3470010129996 322.0223032798843
439.1942203163685 322.55354658760615
440.04151333278935 323.08467232067164
440.88881932558786 323.61577735224995
441.7361276439649 324.14687867366524
442.583436403613 324.6779792910849
443.4307452613577 325.2090797520031
444.27805414887234 325.74018016542664
445.1253630491887 326.27128055842655
445.9726719563155 326.8023809405613
446.81998086738474 327.3334813164063
447.66728978079925 327.8645816885097
448.51459869562046 328.39568205836883
449.36190761128734 328.92678242687884
450.20921652746307 329.45788279457696
451.056525443945 329.98898316178656
451.9038343606112 330.5200835287023
452.7511432773882 331.05118389544106
453.59845219423204 331.5822842620734
454.44813815066493 332.1095733435465
455.3004595946204 332.63259165696746
456.15482590051596 333.15226291396596
457.01058153746635 333.6696431318209
457.8672260423513 334.1855502865014
458.7244226895013 334.70053951756836
459.5819571846663 335.2149659842303
460.43969678868893 335.7290503855605
461.2975604023262 336.2429278226963
462.1554988293524 336.7566803462248
463.00178680370846 337.28940603967345
463.857906485353 337.80618364242036
464.71589514900484 338.31985226424274
465.5742391403204 338.83292691044204
466.44289405048085 339.32834455955657
467.30282611132156 339.8387530731396
468.1612055791459 340.3517683645468
469.01931331751325 340.8652380416983
469.881843388852 341.371243848025
470.749282724511 341.86878680994056
471.6205065666115 342.35967276100826
472.49428692888677 342.845993517816
473.36969614233493 343.3293760878472
474.2461143613883 343.81092681758537
475.12314887571034 344.291354190544
476.000557122668 344.77109867271196
476.8781911699455 345.2504299559173
477.7634351466612 345.7155569296445
478.6568487008197 346.16479208103607
479.55643545713826 346.60153418784085
480.4601330784487 347.02970542605965
481.37454581224756 347.43448851892094
482.29907284482607 347.81560499197275
483.2308412101888 348.17865831217404
484.1771158744302 348.5020222863808
485.13584539632893 348.78634200753953
486.11008747034407 349.01184673303027
487.0974505061322 349.1703214488663
488.092868387387 349.26594174837504
489.09187806934915 349.3104350663653
490.0918486935389 349.31809997064255
491.0917779533389 349.306205627624
492.0916590392873 349.2907844096876
493.0916275320595 349.2828463077113
494.0916158178454 349.28768658569334
495.0908855102634 349.32589760262374
496.08799761173975 349.4018413784675
497.0845494172941 349.48481425865384
498.07113404299366 349.6480649135782
499.05511134022845 349.82635871191854
