2.8922594377831343
181346
2667
0.0 100.0
0.0 101.0
0.0 102.00000000000001
0.0 103.00000000000001
0.0 104.00000000000001
0.0 105.00000000000001
0.0 106.00000000000003
0.0 107.00000000000004
0.0 108.00000000000004
0.0 109.00000000000004
0.0 110.00000000000004
0.0 111.00000000000004
0.0 112.00000000000004
0.0 113.00000000000004
0.0 114.00000000000004
0.0 115.00000000000006
0.0 116.00000000000006
0.0 117.00000000000006
0.0 118.00000000000006
0.0 119.00000000000007
0.0 120.00000000000009
0.0 121.00000000000009
0.0 122.00000000000009
0.0 123.00000000000009
0.0 124.00000000000009
0.0 125.00000000000009
0.702705213251403 125.71148111940474
1.4374350811757235 126.38984092155985
2.208114303584223 127.0270642231958
3.013527253173576 127.61977830319877
3.849626237328951 128.1683569107787
4.711334657826861 128.67576069283297
5.593667434739685 129.1463867341708
6.492261326953548 129.58516802009345
7.4035243478456145 129.99699286970144
8.324593590375958 130.38639170183194
9.25322284618169 130.7574007384627
10.187661305525861 131.11352538756535
11.126547384763285 131.45775340823505
12.068823267907696 131.7925909211341
13.013668383691659 132.12010841254363
13.960448031844027 132.44199084114837
14.908673504254253 132.7595887842658
15.857970806820658 133.07396854083441
16.808055872975523 133.3859595135716
17.758714782128365 133.6961975487129
18.709787933858735 134.00516333979283
19.661157415646763 134.31321546058146
20.612736983139218 134.62061800892948
21.564464186577894 134.92756316727997
22.516294253741037 135.23418919886277
23.46819539693695 135.54059450818738
24.420145259454337 135.8468484212287
25.37212826007996 136.15299930971318
26.324133634268954 136.45908061838014
27.276154007192652 136.7651152725261
28.228184366628064 137.07111885863787
29.18022133202257 137.37710189170087
30.132262639905534 137.6830714131969
31.084306785278866 137.98903210554212
32.03635277409415 138.2949870616725
32.988399953944594 138.60093831161078
33.94044789924163 138.90688717965196
34.89249633396824 139.212834524688
35.84454508010683 139.51878090066904
36.796594023456024 139.82472666296636
37.74864309112796 140.13067203839307
38.70069223683099 140.43661717100042
39.65274143130361 140.74256215184505
40.60478467601682 141.04852564671978
41.55678363212449 141.3546269168411
42.50860764382055 141.66127174519931
43.45994185637589 141.9694327680781
44.41018338473505 142.28094687334726
45.35835292366792 142.59871176354096
46.30304267809362 142.92667710909308
47.24241108487244 143.26958671284578
48.174231158342394 143.63250729737968
49.09600132918228 144.02024400205153
50.005124400876284 144.4367716007934
50.89914395932866 144.8847995341911
51.77600323383702 145.3655466742852
52.634273674973315 145.87874434562804
53.47330195672244 146.4228321532704
54.29324570463588 146.99527625557005
55.09499941102136 147.59293083331303
55.8798522278674 148.21261305501127
56.64961576153546 148.85094220383252
57.40644799294797 149.5045513940182
58.15257049480008 150.17036008443154
58.890050699351214 150.84572883400114
59.62069003472872 151.52849245458964
60.34599355912012 152.2169216793509
61.06718523941415 152.90965724237236
61.78524243878129 153.60564133589537
62.50093491610541 154.30405688404824
63.214861744339004 155.00427719504208
63.927483866968544 155.70582527631592
64.63915189553624 156.40834119579003
65.35012942096746 157.11155592710026
66.06061228928564 157.8152704244828
66.77074431475218 158.51933896262864
67.48062989279256 159.2236559836428
68.19034396019234 159.92814582922955
68.8999397302462 160.6327548294003
69.60945460152706 161.33744529154046
70.31891460003087 162.0421909978225
71.0283376683784 162.74697387935151
71.73773606669425 163.4517815924669
72.44711810172058 164.1566057750698
73.15648935661466 164.86144080735042
73.8658535554466 165.56628294103393
74.5752131643077 166.27112969410615
75.28455522352672 166.9759941087441
75.99378194544016 167.68097457437696
76.70253926079073 168.38642695968514
77.4099322065463 169.09324746044558
78.11417793637631 169.80320376333765
78.81229364951412 170.5191887150441
79.49991898086256 171.24525441709034
80.17133759306309 171.98633271740061
80.81972082390759 172.74764683519933
81.43758669829931 173.53393034721148
82.01744278268541 174.34864926892647
82.55254318823646 175.1934377371119
83.03763956555673 176.06789843074586
83.46957252088399 176.96980414760446
83.8475682255987 177.89561149647204
84.17318120246526 178.8411146372897
84.44992493012938 179.8020583969336
84.68270809030851 180.77458705992353
84.87721686697897 181.75548783767744
85.03935759273475 182.7422554825926
85.17482499438313 183.73303728656896
85.28881450383943 184.72651923997017
85.384995011966 185.7218831482251
85.46790395045934 186.71844027549776
85.54116581031838 187.7157530147576
85.60740351183244 188.71355688671747
85.6684912902462 189.71168928441253
85.72578893166767 190.71004642506287
85.7803009371263 191.70855954028013
85.83277732642006 192.70718170534894
85.88377906044119 193.70588027004544
85.93372348325096 194.70463226860676
85.98291811578582 195.7034214796667
86.03158688832971 196.70223645281192
86.0798908113647 197.70106913700855
86.12794419894522 198.69991390569987
86.1758272260723 199.6987668556946
86.22359547673035 200.69762530123586
86.27128706974769 201.69648740981515
86.3189278822398 202.69535194166372
86.36653531503941 203.69421806499668
86.41412096582181 204.6930852262547
86.46169250048695 205.69195305989916
86.50925494671225 206.69082132634327
86.55681157777266 207.68968986966723
86.60436451001746 208.68855858908682
86.65191510283442 209.68742741987631
86.69946422397743 210.68629632072293
86.74701242410134 211.68516526541237
86.79456005067274 212.6840342374039
86.84210732176746 213.68290322631657
86.88965437355029 214.6817722256687
86.93720129062277 215.68064123143319
86.984748125301 216.6795102411197
87.0322949097894 217.67837925319526
87.0798416638256 218.67724826672037
87.12738839945561 219.6761172811216
87.17493512400137 220.67498629605046
87.22248184189596 221.67385531129594
87.27002855581328 222.67272432673073
87.31757526736018 223.67159334227836
87.36512197749896 224.670462357893
87.41266868680387 225.66933137354732
87.46021539561649 226.6682003892251
87.50776210413932 227.66706940491667
87.55530881249206 228.66593842061633
87.60285552074527 229.66480743632073
87.65040222894037 230.6636764520279
87.69794893710164 231.66254546773666
87.7454956452433 232.66141448344638
87.79304235337094 233.66028349915678
87.84058906148037 234.65915251486803
87.88813576955745 235.6580215305808
87.93568247758103 236.65689054629615
87.98322918552807 237.65575956201513
88.0307758933788 238.6546285777387
88.0783226011203 239.65349759346745
88.12586930874795 240.65236660920164
88.17341601626485 241.65123562494108
88.22096272367997 242.65010464068536
88.26850943100604 243.6489736564339
88.31605613825732 244.647842672186
88.36360284544804 245.64671168794095
88.41114955259124 246.64558070369816
88.4586962596982 247.64444971945713
88.50624296677813 248.6433187352174
88.55378967383841 249.6421877509786
88.60133638088465 250.64105676674046
88.64888308792106 251.6399257825028
88.69642979495069 252.63879479826545
88.74397650197571 253.63766381402834
88.79152320899763 254.63653282979135
88.83906991601752 255.63540184555447
88.88661662303608 256.63427086131765
88.93416333005376 257.63313987708085
88.98171003707091 258.63200889284406
89.02925674408769 259.6308779086073
89.07680345110425 260.6297469243706
89.1243501581207 261.62861594013384
89.17189686513704 262.6274849558971
89.21944357215332 263.62635397166036
89.26699027916959 264.6252229874236
89.31453698618583 265.6240920031869
89.36208369320205 266.62296101895015
89.40963040021828 267.6218300347134
89.45717710723449 268.6206990504767
89.50472381425071 269.61956806624
89.55227052126693 270.6184370820033
89.59981722828314 271.6173060977666
89.64736393529935 272.61617511352983
89.69491064231556 273.6150441292931
89.74245734933177 274.61391314505636
89.79000405634798 275.6127821608196
89.83755076336419 276.6116511765829
89.8850974703804 277.61052019234614
89.93264417739661 278.6093892081094
89.98019088441282 279.60825822387267
90.02773759142903 280.60712723963593
90.07528429844524 281.6059962553992
90.12283100546145 282.60486527116245
90.17037771247766 283.6037342869257
90.21792441949387 284.602603302689
90.26547112651005 285.6014723184523
90.31301783352598 286.6003413342156
90.36056454054138 287.59921034997893
90.40811124755581 288.5980793657423
90.45565795456884 289.59694838150574
90.50320466158007 290.59581739726923
90.55075136858925 291.59468641303283
90.59829807559629 292.59355542879655
90.64584478260126 293.5924244445604
90.69339148960431 294.59129346032427
90.7409381966057 295.59016247608827
90.78848490360566 296.5890314918523
90.83603161060451 297.5879005076165
90.88357831760246 298.58676952338067
90.93112502459971 299.58563853914484
90.97867173159646 300.584507554909
91.02621843859285 301.58337657067324
91.07376514558896 302.58224558643747
91.12131185258491 303.58111460220175
91.16885855958073 304.57998361796604
91.21640526657646 305.5788526337303
91.26395197357212 306.5777216494946
91.31149868056774 307.5765906652589
91.35904538756333 308.5754596810232
91.40659209455892 309.57432869678746
91.4541388015545 310.57319771255175
91.50168550855007 311.57206672831603
91.54923221554563 312.5709357440803
91.59677892254119 313.5698047598446
91.64432562953675 314.5686737756089
91.69187233653231 315.56754279137317
91.73941904352787 316.56641180713746
91.78696575052344 317.56528082290174
91.834512457519 318.564149838666
91.88205916451453 319.5630188544303
91.92960587151003 320.5618878701946
91.97715257850544 321.5607568859589
92.02469928550076 322.55962590172317
92.07224599249592 323.55849491748745
92.11979269949093 324.55736393325174
92.16733940648578 325.5562329490161
92.21488611348046 326.55510196478036
92.262432820475 327.55397098054465
92.30997952746941 328.552839996309
92.35752623446372 329.5517090120733
92.40507294145795 330.5505780278376
92.4526196484521 331.54944704360196
92.5001663554462 332.5483160593663
92.54771306244024 333.54718507513064
92.59525976943425 334.546054090895
92.64280647642825 335.5449231066593
92.69035318342225 336.54379212242367
92.73789989041622 337.542661138188
92.78544659741019 338.54153015395235
92.83299330440416 339.5403991697167
92.8805400113981 340.53926818548103
92.92808671839197 341.5381372012454
92.97563342538575 342.5370062170098
93.0231801323794 343.5358752327742
93.07072683937285 344.5347442485386
93.11827354636611 345.53361326430297
93.16582025335914 346.53248228006737
93.21336696035198 347.53135129583177
93.26091366734462 348.53022031159617
93.3084603743371 349.52908932736057
93.35600708132942 350.52795834312496
93.40355378832164 351.52682735888936
93.45110049531378 352.5256963746538
93.49864720230585 353.5245653904183
93.54619390929784 354.5234344061827
93.59374061628978 355.52230342194713
93.6412873232816 356.5211724377116
93.68883403027326 357.52004145347604
93.73638073726465 358.5189104692405
93.78392744425577 359.517779485005
93.83147415124654 360.5166485007695
93.87902085823697 361.51551751653403
93.92656756522706 362.5143865322986
93.97411427221681 363.51325554806317
94.02166097920627 364.51212456382774
94.06920768619537 365.5109935795923
94.11675439318411 366.50986259535694
94.1643011001724 367.50873161112156
94.21184780716021 368.5076006268862
94.2593945141475 369.50646964265087
94.30694122113424 370.50533865841555
94.35448792812036 371.5042076741803
94.40203463510579 372.50307668994503
94.44958134209048 373.50194570570983
94.49712804907436 374.5008147214746
94.54467475605736 375.4996837372395
94.59222146303938 376.49855275300445
94.63976817002029 377.4974217687694
94.68731487699989 378.49629078453444
94.734861583978 379.4951598002996
94.78240829095435 380.49402881606477
94.8299549979287 381.4928978318301
94.87750170490071 382.4917668475955
94.92504841187008 383.49063586336104
94.97259511883647 384.4895048791267
95.02014182579953 385.4883738948925
95.06768853275892 386.4872429106585
95.11523523971431 387.48611192642466
95.1627819466654 388.48498094219104
95.21032865361208 389.48384995795766
95.25787536055428 390.48271897372445
95.30542206749209 391.48158798949146
95.35296877442573 392.4804570052587
95.40051548135548 393.47932602102605
95.44806218828171 394.47819503679364
95.49560889520484 395.4770640525614
95.54315560212524 396.47593306832925
95.59070230904334 397.4748020840972
95.63824901595949 398.4736710998652
95.68579572287406 399.47254011563336
95.73334242978737 400.4714091314015
95.78088913669968 401.4702781471698
95.8284358436112 402.46914716293804
95.87598255052214 403.4680161787063
95.92352925743262 404.4668851944746
95.97107596434277 405.46575421024295
96.01862267125267 406.46462322601127
96.06616937816241 407.46349224177965
96.11371608507201 408.462361257548
96.16126279198151 409.4612302733164
96.20880949889096 410.4600992890848
96.25635620580034 411.4589683048531
96.30390291270972 412.4578373206215
96.35144961961906 413.45670633638986
96.39899632652839 414.45557535215823
96.44654303343773 415.4544443679266
96.49408974034705 416.453313383695
96.54163644725635 417.45218239946337
96.58918315416565 418.45105141523175
96.63672986107497 419.4499204310001
96.68427656798428 420.4487894467685
96.7318232748936 421.4476584625369
96.77936998180292 422.44652747830526
96.82691668871223 423.44539649407363
96.87446339562152 424.444265509842
96.7795636233665 425.4397523421135
95.8841263929668 425.88494012992237
95.19140893476208 425.1637310596117
94.76999963953983 424.2568605033026
94.44894524261888 423.3097997480088
94.17330444743165 422.34853903830066
93.92009060135057 421.3811287074933
93.67908567091325 420.41060481623407
93.44535127828559 419.43830433094
93.21623527087351 418.4649052066608
92.99016415206141 417.4907944073987
92.76613407626391 416.51621217631805
92.54347730877886 415.54131527720864
92.32174151495423 414.566208494473
92.10061911826679 413.5909624303009
91.87990181608686 412.6156246054841
91.65944963846582 411.6402268213046
91.43916941588142 410.6647901890531
91.21899974321501 409.6893285981958
90.99890054636414 408.71385110304504
90.77884591916987 407.7383635526117
90.55881926493215 406.76286969234144
90.3388100413862 405.78737190067056
90.11881160572665 404.8118716760128
89.89881980385387 403.8363699553025
89.67883205648104 402.8608673202441
89.45884677288096 401.88536412957825
89.23886297822612 400.9098606031422
89.01888007870859 399.93435687484595
88.79889771467101 398.9588530257954
88.57891566945067 397.9833491048496
88.35893381319491 397.0078451412911
88.13895206845797 396.03234115258454
87.9189703892643 395.05683714909753
87.69898874844112 394.08133313695777
87.47900712999642 393.10582911977156
87.25902552455624 392.13032509965274
87.03904392664703 391.15482107783566
86.81906233308459 390.1793170550383
86.59908074202308 389.20381303167704
86.37909915239598 388.22830900799227
86.15911756358923 387.2528049841225
85.93913597525032 386.2773009601473
85.71915438717744 385.3017969361121
85.49917279925548 384.32629291204285
85.27919121141889 383.3507888879543
85.05920962363048 382.3752848638549
84.8392280358692 381.39978083974944
84.61924644812316 380.42427681564044
84.39926486038564 379.44877279152956
84.17928327265292 378.4732687674176
83.95930168492283 377.4977647433051
83.73932009719427 376.52226071919216
83.5193385094665 375.54675669507907
83.29935692173922 374.5712526709659
83.07937533401218 373.5957486468527
82.85939374628529 372.62024462273945
82.63941215855847 371.6447405986262
82.41943059117996 370.66923656992424
82.19944921493824 369.6937324981199
81.97946877591204 368.718228214969
81.75949153044373 367.7427232116624
81.53952278015623 366.7672162927239
81.31957282189323 365.7917051365293
81.09965882665739 364.8161858723938
80.87980600154226 363.8406528205248
80.66004747239145 362.8650985222587
80.44042263377122 361.88951411778055
80.22097412521492 360.9138900343896
80.00174395392315 359.93821686575404
79.78276947839196 358.9624862784166
79.5640799562501 357.98669178524426
79.34569705046209 357.0108286255443
79.12765078614312 356.03489019171946
79.66041610313096 356.8811532223517
80.10965590938186 357.77456443589205
80.4906078773977 358.69915926502796
80.82207668838296 359.6426254421345
81.1199173773646 360.5972410317762
81.39575073015673 361.5584465048606
81.65752828733073 362.5235747401538
81.91048130178055 363.49105330450584
82.15796538098056 364.459945264707
82.40209480734245 365.42968792293357
82.64418383105593 366.39994196420184
82.88504070422928 367.37050260972853
83.12515816968443 368.3412464496695
83.36483442383539 369.3120993186441
83.60424878254338 370.2830168047594
83.84350846153299 371.25397241960997
84.08267722931788 372.22495043198523
84.32179282297105 373.1959415405294
84.56087746507671 374.16694027065694
84.79994417827785 375.1379434151622
85.03900055664796 376.1089491041057
85.27805100680524 377.0799562525241
85.51709807308566 378.0509642340066
85.7561432172308 379.0219726886869
85.99518727482658 379.9929814108558
86.23423072114613 380.96399028350925
86.47327382518489 381.93499924042544
86.71231673844656 382.90600824430715
86.95135954585214 383.8770172742485
87.19040868657919 384.84802474503215
87.42949227888852 385.8190237336457
87.66867518886002 386.78999826244524
87.90806115251371 387.76092274993414
88.14777753210561 388.73176571218676
88.38794917282755 389.70249615004934
88.62867271525556 390.67308987356137
88.87000034849999 391.64353357282096
89.111936137235 392.6138258350436
89.35444285599496 393.58397556130046
89.59745470831768 394.5539988804174
89.84089128510705 395.52391569802654
90.08466952378396 396.4937466989476
90.3287121561752 397.4635112031317
90.57295250365442 398.433225930597
90.81734936707844 399.4029012232329
91.0619181185768 400.37253317701254
91.30676010583784 401.34209617201293
91.55206504755913 402.31154214037167
91.79807781358306 403.2808087285471
92.04504309583592 404.2498330571177
92.29315135608896 405.21856536854034
92.54250447790648 406.1869779978673
92.79314153762175 407.1550591227207
93.04513375448936 408.12278838374266
93.29869018543187 409.0901089801985
93.55427874675344 410.056894627238
94.04561587876837 410.9278641001264
95.00856069496388 411.1975626002376
95.62488420286859 410.4100695313132
95.78853562368666 409.4235513041809
95.86015000978561 408.42611891063046
95.89248005909845 407.42664166330997
95.90016085359291 406.42667116104707
95.8908474143903 405.42671453206253
95.8695598453964 404.4269411380345
95.83984435241987 403.42738274080244
95.80425605966867 402.4280162047312
95.76462970939717 401.4288016370011
95.72226596681313 400.42969938331817
95.67807227430575 399.43067640182943
95.63267141919162 398.4317075522876
95.58648412552337 397.43277475479636
95.53979043503868 396.43386550002447
95.49277420498014 395.434971374448
95.44555461964661 394.43608684120056
95.39820803635197 393.4372083195322
95.35078284442702 392.43833352699266
95.30330940043451 391.4394610265625
95.2558065696061 390.4405899232347
95.20828597313023 389.4417196649376
95.16075471109137 388.44284991410467
95.11321708799638 387.44398046598326
95.06567569463509 386.4451111973013
95.01813207973089 385.4462420343566
94.97058716313308 384.44737293337005
94.92304148786079 383.4485038684957
94.87549537263625 382.449634824563
94.82794900351398 381.45076579271586
94.78040248854322 380.4518967678111
94.7328558901652 379.4530277468766
94.68530924429615 378.4541587282027
94.63776257150303 377.45528971081035
94.5902158835127 376.4564206941414
94.54266918698342 375.45755167787894
94.49512248567984 374.4586826618437
94.44757578172145 373.45981364593484
94.40002907629602 372.4609446300958
94.35248237006594 371.4620756142951
94.30493566339842 370.4632065985152
94.2573889564958 369.46433758274657
94.20984224946854 368.4654685669838
94.16229554237646 367.46659955122414
94.1147488352514 366.46773053546605
94.06720212811025 365.46886151970875
94.01965542096153 364.4699925039518
93.97210871380962 363.47112348819496
93.92456200665654 362.4722544724382
93.87701529950326 361.4733854566814
93.82946859235008 360.4745164409246
93.78192188519718 359.47564742516784
93.7343751780445 358.47677840941105
93.686828470892 357.4779093936542
93.63928176373963 356.47904037789743
93.5917350565874 355.4801713621406
93.54418834943523 354.48130234638376
93.49664164228311 353.482433330627
93.44909493513103 352.48356431487014
93.40154822797898 351.4846952991133
93.3540015208269 350.48582628335646
93.30645481367488 349.4869572675997
93.25890810652282 348.48808825184284
93.21136139937079 347.489219236086
93.16381469221872 346.49035022032916
93.1162679850667 345.4914812045724
93.06872127791466 344.49261218881554
93.0211745707626 343.49374317305876
92.9736278636106 342.494874157302
92.92608115645857 341.49600514154514
92.8785344493065 340.49713612578836
92.83098774215449 339.4982671100316
92.78344103500244 338.4993980942748
92.73589432785043 337.500529078518
92.68834762069838 336.5016600627612
92.64080091354631 335.50279104700434
92.59325420639429 334.5039220312475
92.54570749924223 333.5050530154907
92.49816079209019 332.50618399973393
92.45061408493818 331.50731498397715
92.40306737778634 330.5084459682203
92.35552067063524 329.5095769524635
92.30797396348605 328.5107079367065
92.26042725634088 327.51183892094934
92.21288054920292 326.5129699051919
92.16533384207601 325.5141008894339
92.11778713496439 324.51523187367513
92.07024042787206 323.51636285791545
92.02269372080228 322.51749384215475
91.97514701375707 321.51862482639285
91.92760030673722 320.51975581062976
91.88005359974221 319.5208867948655
91.8325068927705 318.52201777910005
91.78496018581971 317.52314876333367
91.73741347888715 316.52427974756637
91.68986677196988 315.5254107317984
91.64232006506509 314.5265417160298
91.59477335817024 313.5276727002607
91.54722665128311 312.5288036844913
91.49967994440183 311.5299346687216
91.45213323752492 310.53106565295167
91.40458653065116 309.5321966371816
91.35703982377966 308.5333276214114
91.30949311690979 307.5344586056412
91.26194641004099 306.5355895898709
91.21439970317303 305.53672057410057
91.16685299630555 304.5378515583302
91.11930628943838 303.53898254255984
91.07175958257145 302.54011352678947
91.02421287570465 301.54124451101904
90.97666616883795 300.5423754952486
90.92911946197137 299.5435064794782
90.88157275510474 298.5446374637078
90.8340260482382 297.54576844793735
90.78647934137163 296.5468994321669
90.73893263450513 295.5480304163965
90.69138592763855 294.5491614006261
90.64383922077204 293.5502923848557
90.59629251390551 292.5514233690853
90.54874580703896 291.5525543533149
90.50119910017244 290.5536853375445
90.45365239330589 289.55481632177407
90.4061056864394 288.55594730600365
90.358558979573 287.5570782902332
90.31101227270705 286.5582092744628
90.26346556584231 285.5593402586923
90.21591885898012 284.5604712429217
90.16837215212243 283.5616022271509
90.12082544527175 282.5627332113798
90.07327873843069 281.5638641956082
90.02573203160179 280.56499517983593
89.97818532478709 279.566126164063
89.9306386179879 278.5672571482894
89.88309191120467 277.56838813251505
89.83554520443715 276.5695191167399
89.78799849768428 275.57065010096414
89.74045179094462 274.5717810851877
89.69290508421645 273.5729120694107
89.64535837749791 272.57404305363326
89.59781167078725 271.57517403785545
89.55026496408287 270.5763050220773
89.50271825738326 269.57743600629897
89.45517155068742 268.5785669905204
89.4076248439943 267.57969797474175
89.3600781373032 266.580828958963
89.3125314306135 265.5819599431842
89.26498472392484 264.58309092740535
89.21743801723686 263.58422191162646
89.16989131054933 262.5853528958475
89.12234460386219 261.58648388006856
89.07479789717524 260.58761486428955
89.02725119048841 259.5887458485106
88.97970448380168 258.58987683273165
88.93215777711504 257.5910078169527
88.8846110704284 256.5921388011737
88.83706436374182 255.5932697853947
88.78951765705526 254.59440076961573
88.74197095036877 253.59553175383675
88.69442424368259 252.59666273805774
88.64687753699717 251.5977937222787
88.59933083031338 250.5989247064996
88.55178412363254 249.60005569072032
88.5042374169562 248.60118667494086
88.45669071028611 247.60231765916112
88.40914400362387 246.603448643381
88.36159729697074 245.60457962760046
88.31405059032765 244.6057106118194
88.26650388369487 243.60684159603787
88.21895717707223 242.60797258025582
88.17141047045905 241.60910356447334
88.1238637638544 240.61023454869047
88.07631705725711 239.61136553290723
88.02877035066606 238.6124965171237
87.98122364408017 237.61362750133995
87.93367693749828 236.61475848555602
87.8861302309195 235.6158894697719
87.83858352434312 234.6170204539877
87.79103681776851 233.61815143820337
87.74349011119519 232.61928242241902
87.6959434046228 231.6204134066346
87.6483966980511 230.62154439085018
87.60084999147978 229.62267537506574
87.55330328490881 228.62380635928128
87.50575657833805 227.62493734349678
87.45820987176768 226.62606832771226
87.41066316519783 225.6271993119277
87.36311645862912 224.62833029614313
87.31556975206225 223.62946128035847
87.26802304549825 222.63059226457366
87.2204763389382 221.63172324878863
87.17292963238306 220.63285423300337
87.1253829258337 219.63398521721786
87.07783621929065 218.63511620143203
87.03028951275408 217.6362471856459
86.98274280622387 216.6373781698595
86.93519609969958 215.63850915407278
86.8876493931807 214.63964013828584
86.84010268666644 213.64077112249868
86.79255598015611 212.64190210671129
86.745009273649 211.64303309092375
86.69746256714438 210.6441640751361
86.64991586064178 209.64529505934837
86.60236915414067 208.64642604356055
86.55482244764067 207.64755702777268
86.50727574114164 206.64868801198477
86.45972903464352 205.6498189961968
86.41218232814647 204.65094998040883
86.3646356216509 203.65208096462075
86.31708891515747 202.6532119488326
86.2695422086667 201.6543429330443
86.22199550217933 200.65547391725582
86.1744487956958 199.65660490146718
86.12690208921653 198.65773588567833
86.07935538274158 197.6588668698893
86.03180867627087 196.65999785410003
85.98426196980411 195.6611288383106
85.93671526334093 194.66225982252098
85.88916855688085 193.66339080673123
85.84162185042337 192.66452179094134
85.7940751439681 191.66565277515136
85.74652843751477 190.6667837593613
85.69898173106323 189.66791474357115
85.65143502461353 188.66904572778088
85.60388831816589 187.67017671199054
85.55634161172057 186.67130769620007
85.50879490527795 185.67243868040947
85.46124819883825 184.67356966461875
85.41370149240166 183.67470064882787
85.3661547859682 182.67583163303686
85.31860807953777 181.6769626172457
85.27106137311014 180.67809360145438
85.22351466668515 179.67922458566295
85.17596796026254 178.6803555698714
85.12842125384213 177.68148655407975
85.08087454742397 176.68261753828799
85.0333278410081 175.6837485224961
84.98578113459466 174.68487950670414
84.9382344281839 173.68601049091205
84.89068772177593 172.6871414751198
84.84314101537085 171.68827245932744
84.79559430896866 170.68940344353493
84.74804760256936 169.69053442774228
84.70050089617287 168.6916654119495
84.6529541897793 167.69279639615655
84.60540748338863 166.6939273803635
84.55786077700095 165.6950583645703
84.51031407061643 164.69618934877693
84.46276736423513 163.69732033298342
84.4152206578571 162.69845131718978
84.36767395148244 161.69958230139596
84.32012724511132 160.70071328560198
84.27258053874388 159.7018442698078
84.2250338323803 158.70297525401344
84.17748712602088 157.70410623821888
84.12994041966584 156.7052372224241
84.08239371331553 155.70636820662912
84.03484700697041 154.70749919083391
83.9873003006309 153.70863017503842
83.93975359429763 152.70976115924265
83.89220688797154 151.71089214344653
83.8446601816537 150.71202312764999
83.89220689173197 151.71089214326753
83.93975360117263 152.7097611589154
83.98730030999917 153.7086301745925
84.03484701829812 154.70749919029473
84.08239372617848 155.70636820601686
84.12994043374572 156.70523722175392
84.17748714108927 157.7041062375016
84.22503384827881 158.70297525325662
84.27258055536547 159.70184426901653
84.32012726238509 160.70071328477965
84.36767396936199 161.69958230054482
84.41522067631217 162.69845131631126
84.46276738324592 163.69732033207848
84.51031409016969 164.69618934784614
84.55786079708744 165.69505836361412
84.60540750400168 166.69392737938227
84.6529542109138 167.69279639515054
84.70050091782473 168.69166541091883
84.74804762473495 169.69053442668718
84.79559433164478 170.68940344245556
84.84314103855436 171.68827245822393
84.89068774546382 172.6871414739923
84.93823445237322 173.6860104897607
84.98578115928258 174.68487950552907
85.03332786619191 175.68374852129745
85.08087457310123 176.68261753706582
85.12842128001054 177.6814865528342
85.17596798691986 178.68035556860258
85.22351469382917 179.67922458437096
85.27106140073849 180.67809360013933
85.31860810764779 181.6769626159077
85.36615481455709 182.6758316316761
85.41370152146641 183.67470064744447
85.46124822837572 184.67356966321285
85.50879493528502 185.67243867898122
85.55634164219433 186.6713076947496
85.60388834910363 187.67017671051798
85.65143505601293 188.66904572628636
85.69898176292223 189.66791474205473
85.74652846983153 190.6667837578231
85.79407517674083 191.6656527735915
85.84162188365013 192.66452178935987
85.88916859055944 193.66339080512824
85.93671529746874 194.66225982089662
85.98426200437804 195.661128836665
86.03180871128735 196.65999785243338
86.07935541819666 197.65886686820176
86.12690212510596 198.65773588397013
86.17444883201527 199.6566048997385
86.22199553892459 200.6554739155069
86.26954224583389 201.65434293127527
86.31708895274319 202.65321194704364
86.36463565965249 203.65208096281202
86.4121823665618 204.6509499785804
86.4597290734711 205.64981899434878
86.50727578038038 206.64868801011716
86.55482248728968 207.64755702588553
86.60236919419899 208.6464260416539
86.6499159011083 209.6452950574223
86.69746260801762 210.64416407319067
86.74500931492692 211.64303308895904
86.79255602183622 212.64190210472742
86.84010272874552 213.6407711204958
86.88764943565484 214.63964013626418
86.93519614256414 215.63850915203255
86.98274284947344 216.63737816780093
87.03028955638274 217.6362471835693
87.07783626329204 218.6351161993377
87.12538297020134 219.63398521510607
87.17292967711064 220.63285423087444
87.22047638401995 221.63172324664282
87.26802309092925 222.6305922624112
87.31556979783855 223.62946127817958
87.36311650474784 224.62833029394795
87.41066321165715 225.62719930971633
87.45820991856645 226.6260683254847
87.50575662547575 227.6249373412531
87.55330333238506 228.62380635702146
87.60085003929437 229.62267537278984
87.64839674620369 230.62154438855822
87.69594345311299 231.6204134043266
87.74349016002229 232.61928242009498
87.79103686693159 233.61815143586335
87.83858357384089 234.61702045163173
87.8861302807502 235.6158894674001
87.93367698765951 236.6147584831685
87.98122369456883 237.61362749893686
88.02877040147813 238.61249651470524
88.07631710838743 239.61136553047362
88.12386381529673 240.610234546242
88.17141052220605 241.60910356201038
88.21895722911535 242.60797257777875
88.26650393602465 243.60684159354713
88.31405064293395 244.6057106093155
88.36159734984324 245.6045796250839
88.40914405675254 246.60344864085226
88.45669076366184 247.60231765662064
88.50423747057114 248.60118667238902
88.55178417748044 249.6000556881574
88.59933088438974 250.59892470392577
88.64687759129905 251.59779371969415
88.69442429820835 252.59666273546253
88.74197100511765 253.5955317512309
88.78951771202694 254.59440076699929
88.83706441893622 255.59326978276766
88.88461112584552 256.59213879853604
88.93215783275483 257.5910078143044
88.97970453966414 258.5898768300728
89.02725124657346 259.5887458458412
89.07479795348277 260.58761486160955
89.12234466039209 261.58648387737793
89.16989136730139 262.5853528931463
89.21743807421069 263.5842219089147
89.26498478112 264.58309092468306
89.31253148802931 265.58195994045144
89.36007819493861 266.5808289562198
89.40762490184792 267.5796979719882
89.45517160875723 268.57856698775663
89.50271831566653 269.577436003525
89.55026502257583 270.5763050192934
89.59781172948514 271.57517403506176
89.64535843639445 272.57404305083014
89.69290514330376 273.5729120665985
89.74045185021306 274.5717810823669
89.78799855712238 275.5706500981353
89.83554526403168 276.56951911390365
89.88309197094098 277.56838812967203
89.9306386778503 278.5672571454404
89.97818538475961 279.5661261612088
90.02573209166891 280.56499517697716
90.07327879857822 281.56386419274554
90.12082550548752 282.5627332085139
90.16837221239682 283.5616022242823
90.21591891930612 284.5604712400507
90.26346562621542 285.55934025581905
90.31101233312472 286.55820927158743
90.35855904003402 287.5570782873558
90.40610574694333 288.5559473031242
90.45365245385263 289.55481631889256
90.50119916076193 290.55368533466094
90.54874586767123 291.5525543504293
90.59629257458054 292.5514233661977
90.64383928148985 293.5502923819661
90.69138598839915 294.54916139773445
90.73893269530845 295.54803041350283
90.78647940221776 296.5468994292712
90.83402610912707 297.5457684450396
90.88157281603637 298.54463746080796
90.92911952294567 299.54350647657634
90.97666622985497 300.5423754923447
91.02421293676427 301.5412445081131
91.07175964367357 302.5401135238815
91.11930635058287 303.53898253964985
91.16685305749219 304.53785155541823
91.21439976440149 305.5367205711866
91.2619464713108 306.535589586955
91.3094931782201 307.53445860272336
91.3570398851294 308.53332761849174
91.4045865920387 309.5321966342601
91.452133298948 310.5310656500285
91.4996800058573 311.5299346657969
91.5472267127666 312.52880368156525
91.5947734196759 313.5276726973336
91.6423201265852 314.526541713102
91.6898668334945 315.5254107288704
91.73741354040381 316.52427974463876
91.78496024731311 317.52314876040714
91.83250695422242 318.5220177761755
91.88005366113173 319.5208867919439
91.92760036804103 320.5197558077123
91.97514707495031 321.51862482348065
92.02269378185962 322.517493839249
92.07024048876893 323.5163628550174
92.11778719567823 324.5152318707858
92.16533390258755 325.51410088655416
92.21288060949686 326.51296990232254
92.26042731640618 327.5118389180909
92.30797402331548 328.5107079338593
92.35552073022478 329.5095769496277
92.40306743713408 330.50844596539605
92.45061414404339 331.5073149811644
92.49816085095267 332.5061839969328
92.54570755786197 333.5050530127012
92.59325426477128 334.50392202846956
92.64080097168058 335.50279104423794
92.68834767858988 336.5016600600063
92.7358943854992 337.5005290757747
92.78344109240851 338.49939809154307
92.83098779931781 339.49826710731145
92.87853450622711 340.4971361230798
92.92608121313641 341.4960051388482
92.97362792004573 342.4948741546166
93.02117462695503 343.49374317038496
93.06872133386433 344.49261218615334
93.11626804077365 345.4914812019217
93.16381474768295 346.4903502176901
93.21136145459225 347.48921923345847
93.25890816150155 348.48808824922685
93.30645486841084 349.4869572649952
93.35400157532014 350.4858262807636
93.40154828222944 351.484695296532
93.44909498913876 352.48356431230036
93.49664169604806 353.48243332806874
93.54418840295736 354.4813023438371
93.59173510986668 355.4801713596055
93.63928181677598 356.47904037537387
93.68682852368529 357.47790939114225
93.7343752305946 358.4767784069106
93.7819219375039 359.475647422679
93.8294686444132 360.4745164384474
93.8770153513225 361.47338545421576
93.9245620582318 362.47225446998414
93.9721087651411 363.4711234857525
94.01965547205042 364.4699925015209
94.06720217895972 365.46886151728927
94.11474888586902 366.46773053305765
94.16229559277834 367.466599548826
94.20984229968765 368.4654685645944
94.25738900659695 369.4643375803628
94.30493571350625 370.46320659613116
94.35248242041555 371.46207561189954
94.40002912732486 372.4609446276679
94.44757583423416 373.4598136434363
94.49512254114346 374.45868265920467
94.54266924805277 375.45755167497305
94.59021595496209 376.4564206907414
94.63776266187139 377.4552897065098
94.68530936878068 378.4541587222782
94.73285607568998 379.45302773804656
94.78040278259928 380.45189675381494
94.8279494895086 381.4507657695833
94.8754961964179 382.4496347853517
94.9230429033272 383.44850380112007
94.97058961023652 384.44737281688845
95.01813631714582 385.4462418326568
95.06568302405512 386.4451108484252
95.11322973096442 387.4439798641936
95.16077643787372 388.44284887996196
95.20832314478302 389.44171789573033
95.25586985169232 390.4405869114987
95.30341655860161 391.4394559272671
95.35096326551091 392.43832494303547
95.39850997242021 393.43719395880385
95.4460566793295 394.4360629745722
95.4936033862388 395.4349319903406
95.5411500931481 396.433801006109
95.5886968000574 397.43267002187736
95.63624350696672 398.43153903764573
95.68379021387602 399.4304080534141
95.73133692078534 400.4292770691825
95.77888362769465 401.42814608495087
95.82643033460397 402.42701510071925
95.87397704151329 403.4258841164876
95.92152374842257 404.424753132256
95.96907045533187 405.4236221480244
96.01661716224118 406.42249116379276
96.06416386915049 407.42136017956113
96.1117105760598 408.4202291953295
96.15925728296911 409.4190982110979
96.20680398987841 410.41796722686627
96.25435069678772 411.41683624263464
96.30189740369703 412.415705258403
96.34944411060634 413.4145742741714
96.39699081751564 414.4134432899398
96.44453752442493 415.41231230570816
96.49208423133423 416.41118132147653
96.53963093824353 417.4100503372449
96.58717764515283 418.4089193530133
96.63472435206215 419.40778836878167
96.68227105897145 420.40665738455004
96.72981776588075 421.4055264003184
96.77736447279005 422.4043954160868
96.82491117969936 423.4032644318552
96.87245788660867 424.40213344762356
96.92000459351797 425.40100246339193
96.96755130042727 426.3998714791603
97.01509800733659 427.3987404949287
97.0626447142459 428.39760951069707
97.1101914211552 429.39647852646544
97.15773812806451 430.3953475422338
97.20528483497381 431.3942165580022
97.25283154188311 432.3930855737706
97.30037824879241 433.39195458953895
97.3479249557017 434.39082360530733
97.395471662611 435.3896926210757
97.4430183695203 436.3885616368441
97.39547166261102 435.3896926210757
97.3479249557017 434.39082360530733
97.30037824879238 433.39195458953895
97.25283154188308 432.3930855737706
97.20528483497375 431.3942165580022
97.15773812806445 430.3953475422338
97.11019142115515 429.3964785264654
97.06264471424585 428.397609510697
97.01509800733653 427.39874049492863
96.96755130042725 426.39987147916025
96.92000459351796 425.4010024633919
96.87245788660866 424.4021334476235
96.82491117969934 423.4032644318551
96.77736447279004 422.40439541608674
96.72981776588074 421.40552640031837
96.68227105897145 420.40665738455
96.63472435206215 419.4077883687816
96.58717764515285 418.40891935301323
96.53963093824355 417.41005033724485
96.49208423133426 416.4111813214764
96.44453752442494 415.41231230570804
96.39699081751563 414.41344328993966
96.34944411060631 413.4145742741713
96.30189740369703 412.41570525840297
96.2543506967877 411.4168362426346
96.20680398987838 410.41796722686615
96.15925728296908 409.41909821109783
96.11171057605978 408.42022919532945
96.06416386915048 407.4213601795611
96.01661716224115 406.4224911637927
95.96907045533185 405.4236221480243
95.92152374842253 404.42475313225594
95.87397704151321 403.42588411648757
95.82643033460393 402.4270151007192
95.77888362769461 401.4281460849508
95.73133692078534 400.42927706918243
95.68379021387605 399.43040805341406
95.63624350696674 398.4315390376457
95.58869680005742 397.4326700218773
95.54115009314813 396.4338010061089
95.49360338623883 395.43493199034054
95.4460566793295 394.43606297457217
95.39850997242019 393.4371939588038
95.35096326551091 392.4383249430354
95.3034165586016 391.43945592726703
95.25586985169228 390.44058691149866
95.20832314478298 389.4417178957303
95.1607764378737 388.4428488799619
95.11322973096439 387.4439798641935
95.06568302405509 386.44511084842514
95.01813631714577 385.44624183265677
94.97058961023649 384.4473728168884
94.92304290332716 383.44850380112007
94.87549619641788 382.4496347853517
94.82794948950861 381.4507657695833
94.7804027825993 380.45189675381494
94.73285607568998 379.45302773804656
94.68530936878068 378.4541587222782
94.63776266187136 377.4552897065098
94.59021595496205 376.45642069074137
94.54266924805273 375.45755167497293
94.49512254114345 374.45868265920456
94.44757583423414 373.4598136434362
94.40002912732483 372.4609446276678
94.35248242041551 371.4620756118994
94.30493571350624 370.46320659613104
94.25738900659692 369.46433758036267
94.20984229968765 368.4654685645943
94.16229559277832 367.46659954882585
94.114748885869 366.4677305330575
94.06720217895972 365.46886151728916
94.0196554720504 364.4699925015208
93.97210876514109 363.47112348575246
93.92456205823179 362.4722544699841
93.87701535132248 361.4733854542157
93.8294686444132 360.4745164384473
93.78192193750387 359.47564742267895
93.73437523059458 358.47677840691057
93.68682852368526 357.4779093911422
93.63928181677595 356.4790403753738
93.59173510986668 355.48017135960544
93.54418840295735 354.4813023438371
93.49664169604802 353.48243332806874
93.4490949891387 352.48356431230036
93.40154828222941 351.484695296532
93.35400157532011 350.4858262807636
93.30645486841078 349.4869572649952
93.25890816150148 348.48808824922685
93.21136145459221 347.4892192334585
93.16381474768293 346.4903502176902
93.1162680407736 345.49148120192183
93.06872133386429 344.49261218615345
93.02117462695502 343.4937431703851
92.9736279200457 342.4948741546167
92.92608121313641 341.4960051388483
92.87853450622707 340.49713612307994
92.83098779931778 339.4982671073116
92.78344109240851 338.4993980915433
92.7358943854992 337.5005290757749
92.6883476785899 336.50166006000654
92.64080097168059 335.50279104423817
92.5932542647713 334.5039220284698
92.545707557862 333.5050530127014
92.4981608509527 332.50618399693303
92.4506141440434 331.50731498116465
92.40306743713408 330.5084459653963
92.3555207302248 329.50957694962796
92.30797402331547 328.5107079338596
92.26042731640617 327.51183891809126
92.21288060949688 326.5129699023229
92.16533390258756 325.5141008865545
92.11778719567829 324.5152318707862
92.07024048876897 323.5163628550178
92.02269378185967 322.5174938392494
91.97514707495037 321.51862482348105
91.92760036804107 320.51975580771267
91.88005366113177 319.5208867919443
91.83250695422247 318.5220177761759
91.78496024731314 317.52314876040754
91.73741354040385 316.5242797446392
91.68986683349453 315.52541072887084
91.64232012658528 314.52654171310246
91.59477341967593 313.5276726973341
91.5472267127666 312.5288036815657
91.49968000585731 311.5299346657973
91.45213329894803 310.53106565002895
91.4045865920387 309.5321966342606
91.3570398851294 308.5333276184922
91.30949317822007 307.5344586027238
91.26194647131078 306.53558958695544
91.2143997644015 305.53672057118706
91.16685305749218 304.5378515554186
91.1193063505829 303.5389825396503
91.07175964367357 302.54011352388187
91.02421293676429 301.5412445081135
90.97666622985498 300.5423754923451
90.92911952294565 299.54350647657674
90.88157281603635 298.54463746080836
90.83402610912707 297.54576844504
90.78647940221778 296.5468994292716
90.73893269530846 295.5480304135032
90.69138598839913 294.5491613977348
90.64383928148983 293.5502923819664
90.59629257458054 292.55142336619804
90.54874586767122 291.55255435042966
90.50119916076193 290.55368533466134
90.4536524538526 289.55481631889296
90.40610574694328 288.5559473031246
90.35855904003401 287.55707828735626
90.31101233312471 286.55820927158794
90.26346562621539 285.55934025581956
90.21591891930609 284.5604712400512
90.16837221239678 283.5616022242828
90.12082550548749 282.56273320851443
90.07327879857817 281.56386419274605
90.0257320916689 280.5649951769777
89.97818538475957 279.5661261612093
89.93063867785027 278.567257145441
89.883091970941 277.5683881296726
89.83554526403167 276.5695191139042
89.78799855712235 275.57065009813584
89.74045185021305 274.57178108236747
89.69290514330378 273.5729120665991
89.64535843639443 272.5740430508307
89.5978117294851 271.57517403506233
89.55026502257583 270.57630501929395
89.50271831566653 269.5774360035256
89.45517160875721 268.5785669877572
89.40762490184792 267.5796979719888
89.36007819493864 266.58082895622044
89.31253148802934 265.58195994045207
89.26498478112002 264.5830909246837
89.21743807421073 263.5842219089153
89.16989136730142 262.58535289314693
89.12234466039212 261.58648387737856
89.0747979534828 260.5876148616102
89.02725124657353 259.5887458458418
88.97970453966418 258.5898768300734
88.93215783275488 257.59100781430504
88.88461112584555 256.59213879853667
88.83706441893624 255.5932697827683
88.78951771202695 254.5944007669999
88.74197100511765 253.59553175123156
88.6944242982083 252.59666273546318
88.64687759129902 251.5977937196948
88.59933088438973 250.59892470392646
88.55178417748043 249.60005568815808
88.50423747057114 248.6011866723897
88.45669076366181 247.60231765662132
88.40914405675252 246.60344864085295
88.36159734984321 245.60457962508457
88.40914405675252 246.60344864085295
88.45669076366184 247.60231765662132
88.50423747057116 248.6011866723897
88.55178417748047 249.60005568815808
88.59933088438979 250.59892470392646
88.64687759129909 251.59779371969483
88.69442429820839 252.5966627354632
88.7419710051177 253.5955317512316
88.78951771202699 254.59440076699997
88.83706441893631 255.59326978276835
88.88461112584561 256.5921387985367
88.93215783275491 257.5910078143051
88.97970453966421 258.5898768300735
89.02725124657351 259.58874584584186
89.0747979534828 260.58761486161023
89.12234466039212 261.5864838773786
89.16989136730143 262.585352893147
89.21743807421075 263.58422190891537
89.26498478112006 264.58309092468375
89.31253148802935 265.5819599404521
89.36007819493867 266.5808289562205
89.40762490184797 267.5796979719889
89.45517160875727 268.57856698775726
89.50271831566656 269.57743600352563
89.55026502257587 270.576305019294
89.59781172948516 271.5751740350624
89.64535843639447 272.57404305083077
89.69290514330379 273.57291206659914
89.74045185021308 274.5717810823675
89.78799855712239 275.5706500981359
89.8355452640317 276.5695191139043
89.883091970941 277.56838812967266
89.93063867785031 278.56725714544103
89.97818538475963 279.5661261612094
90.02573209166891 280.5649951769778
90.07327879857823 281.56386419274617
90.12082550548755 282.56273320851454
90.16837221239683 283.56160222428286
90.21591891930615 284.56047124005124
90.26346562621545 285.5593402558196
90.31101233312475 286.558209271588
90.35855904003405 287.5570782873564
90.40610574694337 288.55594730312475
90.45365245385267 289.55481631889313
90.50119916076197 290.5536853346615
90.54874586767129 291.5525543504299
90.59629257458059 292.55142336619826
90.6438392814899 293.55029238196664
90.6913859883992 294.549161397735
90.7389326953085 295.5480304135034
90.78647940221781 296.5468994292718
90.8340261091271 297.54576844504015
90.8815728160364 298.54463746080853
90.9291195229457 299.5435064765769
90.97666622985498 300.5423754923453
91.02421293676429 301.54124450811366
91.07175964367359 302.54011352388204
91.11930635058289 303.5389825396504
91.16685305749219 304.5378515554188
91.21439976440149 305.5367205711872
91.16685305749218 304.5378515554188
91.11930635058286 303.5389825396504
91.07175964367359 302.54011352388204
91.02421293676427 301.54124450811366
90.97666622985494 300.5423754923453
90.92911952294565 299.5435064765769
90.88157281603632 298.5446374608085
90.83402610912704 297.54576844504015
90.78647940221774 296.5468994292718
90.73893269530842 295.5480304135034
90.69138598839913 294.5491613977351
90.64383928148982 293.5502923819667
90.59629257458053 292.5514233661983
90.5487458676712 291.55255435042994
90.50119916076191 290.55368533466157
90.45365245385258 289.5548163188932
90.40610574694328 288.5559473031248
90.35855904003398 287.5570782873565
90.3110123331247 286.5582092715881
90.2634656262154 285.55934025581973
90.21591891930609 284.56047124005136
90.16837221239676 283.561602224283
90.12082550548747 282.5627332085146
90.07327879857814 281.5638641927462
90.02573209166887 280.56499517697785
89.97818538475954 279.56612616120947
89.93063867785027 278.5672571454411
89.88309197094095 277.5683881296727
89.83554526403167 276.56951911390433
89.78799855712236 275.57065009813596
89.74045185021305 274.5717810823676
89.69290514330373 273.5729120665992
89.64535843639445 272.5740430508308
89.59781172948513 271.57517403506245
89.55026502257581 270.57630501929407
89.50271831566653 269.5774360035257
89.45517160875721 268.5785669877573
89.40762490184791 267.57969797198894
89.3600781949386 266.58082895622056
89.31253148802931 265.5819599404522
89.26498478112002 264.5830909246838
89.21743807421069 263.5842219089154
89.16989136730136 262.58535289314705
89.1223446603921 261.58648387737867
89.07479795348279 260.5876148616103
89.02725124657347 259.5887458458419
88.97970453966413 258.58987683007354
88.93215783275481 257.59100781430516
88.88461112584554 256.5921387985368
88.83706441893622 255.5932697827684
88.7895177120269 254.59440076700002
88.7419710051176 253.59553175123165
88.69442429820833 252.59666273546327
88.64687759129902 251.5977937196949
88.59933088438969 250.5989247039265
88.5517841774804 249.60005568815814
88.50423747057113 248.60118667238976
88.45669076366183 247.60231765662138
88.40914405675251 246.603448640853
88.3615973498432 245.6045796250846
88.3140506429339 244.60571060931625
88.2665039360246 243.60684159354787
88.21895722911528 242.6079725777795
88.171410522206 241.60910356201114
88.12386381529669 240.61023454624276
88.07631710838737 239.6113655304744
88.02877040147811 238.612496514706
87.98122369456877 237.61362749893763
87.93367698765947 236.61475848316925
87.88613028075015 235.6158894674009
87.83858357384086 234.61702045163253
87.79103686693156 233.61815143586415
87.74349016002226 232.6192824200958
87.69594345311295 231.62041340432742
87.64839674620366 230.62154438855904
87.60085003929434 229.62267537279067
87.55330333238506 228.6238063570223
87.50575662547574 227.6249373412539
87.45820991856644 226.62606832548553
87.41066321165714 225.62719930971716
87.36311650474784 224.62833029394878
87.3155697978385 223.6294612781804
87.26802309092922 222.63059226241202
87.2204763840199 221.63172324664365
87.17292967711062 220.63285423087527
87.12538297020133 219.6339852151069
87.07783626329203 218.6351161993385
87.03028955638274 217.63624718357013
86.98274284947342 216.63737816780176
86.9351961425641 215.63850915203335
86.88764943565478 214.63964013626497
86.8401027287455 213.6407711204966
86.7925560218362 212.64190210472822
86.74500931492692 211.64303308895987
86.69746260801762 210.64416407319152
86.64991590110829 209.64529505742314
86.60236919419899 208.64642604165476
86.5548224872897 207.64755702588639
86.50727578038037 206.648688010118
86.45972907347107 205.64981899434963
86.41218236656177 204.65094997858125
86.45972907347107 205.64981899434963
86.50727578038038 206.648688010118
86.5548224872897 207.64755702588639
86.602369194199 208.64642604165476
86.6499159011083 209.64529505742314
86.69746260801762 210.64416407319152
86.74500931492693 211.6430330889599
86.79255602183623 212.64190210472827
86.84010272874553 213.64077112049665
86.88764943565482 214.63964013626503
86.93519614256412 215.6385091520334
86.98274284947342 216.63737816780178
87.03028955638274 217.63624718357016
87.07783626329206 218.63511619933854
87.12538297020136 219.63398521510692
87.17292967711066 220.6328542308753
87.22047638401997 221.63172324664367
87.26802309092926 222.63059226241205
87.31556979783856 223.62946127818043
87.36311650474786 224.6283302939488
87.41066321165715 225.62719930971718
87.45820991856647 226.62606832548556
87.50575662547578 227.62493734125394
87.55330333238508 228.62380635702232
87.60085003929439 229.6226753727907
87.6483967462037 230.62154438855907
87.695943453113 231.62041340432745
87.7434901600223 232.61928242009583
87.79103686693159 233.6181514358642
87.8385835738409 234.61702045163258
87.88613028075022 235.61588946740096
87.93367698765954 236.61475848316934
87.98122369456884 237.61362749893772
88.02877040147814 238.6124965147061
88.07631710838743 239.61136553047447
88.12386381529673 240.61023454624285
88.17141052220603 241.60910356201123
88.21895722911532 242.6079725777796
88.26650393602463 243.60684159354798
88.31405064293395 244.60571060931636
88.36159734984325 245.60457962508474
88.40914405675255 246.60344864085312
88.45669076366185 247.6023176566215
88.50423747057116 248.60118667238987
88.55178417748046 249.60005568815825
88.59933088438976 250.59892470392663
88.64687759129906 251.597793719695
88.69442429820836 252.59666273546338
88.74197100511766 253.59553175123173
88.78951771202696 254.59440076700008
88.83706441893628 255.59326978276846
88.8846111258456 256.59213879853684
88.93215783275491 257.5910078143052
88.97970453966423 258.5898768300736
89.02725124657354 259.58874584584197
89.07479795348283 260.58761486161035
89.12234466039213 261.5864838773787
89.16989136730143 262.5853528931471
89.21743807421075 263.5842219089155
89.26498478112005 264.58309092468386
89.31253148802935 265.58195994045224
89.36007819493867 266.5808289562206
89.40762490184797 267.579697971989
89.45517160875727 268.57856698775737
89.50271831566656 269.57743600352575
89.55026502257587 270.5763050192941
89.59781172948516 271.5751740350625
89.64535843639447 272.5740430508309
89.69290514330378 273.57291206659926
89.74045185021308 274.57178108236764
89.78799855712236 275.570650098136
89.83554526403168 276.5695191139044
89.88309197094097 277.56838812967277
89.93063867785028 278.56725714544115
89.97818538475958 279.5661261612095
90.02573209166889 280.5649951769779
90.0732787985782 281.5638641927463
90.12082550548752 282.56273320851466
90.16837221239683 283.56160222428304
90.21591891930612 284.5604712400514
90.26346562621544 285.5593402558198
90.31101233312475 286.55820927158817
90.35855904003404 287.5570782873565
90.40610574694334 288.55594730312487
90.45365245385264 289.55481631889324
90.50119916076194 290.5536853346616
90.54874586767126 291.55255435043
90.59629257458056 292.5514233661984
90.64383928148987 293.55029238196676
90.69138598839919 294.54916139773513
90.7389326953085 295.5480304135035
90.78647940221781 296.5468994292719
90.8340261091271 297.54576844504027
90.8815728160364 298.54463746080864
90.9291195229457 299.543506476577
90.976666229855 300.5423754923454
91.0242129367643 301.5412445081138
91.0717596436736 302.54011352388216
91.11930635058292 303.53898253965053
91.16685305749222 304.5378515554189
91.21439976440152 305.5367205711873
91.26194647131084 306.53558958695567
91.30949317822014 307.53445860272404
91.35703988512944 308.5333276184924
91.40458659203875 309.5321966342608
91.45213329894807 310.5310656500292
91.49968000585737 311.52993466579755
91.54722671276667 312.52880368156593
91.59477341967599 313.5276726973343
91.64232012658529 314.5265417131027
91.68986683349458 315.52541072887107
91.73741354040388 316.52427974463944
91.7849602473132 317.5231487604078
91.8325069542225 318.5220177761762
91.8800536611318 319.5208867919446
91.9276003680411 320.51975580771295
91.9751470749504 321.51862482348133
92.02269378185969 322.5174938392497
92.07024048876899 323.5163628550181
92.11778719567828 324.51523187078647
92.16533390258758 325.51410088655484
92.21288060949688 326.5129699023232
92.26042731640618 327.5118389180916
92.3079740233155 328.51070793386
92.3555207302248 329.50957694962835
92.4030674371341 330.50844596539673
92.45061414404339 331.5073149811651
92.4981608509527 332.5061839969335
92.545707557862 333.50505301270186
92.5932542647713 334.50392202847024
92.64080097168062 335.5027910442386
92.68834767858993 336.501660060007
92.73589438549924 337.5005290757754
92.78344109240854 338.49939809154375
92.83098779931785 339.49826710731213
92.87853450622715 340.4971361230805
92.92608121313646 341.4960051388489
92.97362792004577 342.49487415461726
93.02117462695507 343.49374317038564
93.06872133386437 344.492612186154
93.11626804077368 345.4914812019224
93.16381474768298 346.4903502176908
93.21136145459229 347.48921923345915
93.2589081615016 348.48808824922753
93.30645486841088 349.4869572649959
93.35400157532018 350.4858262807643
93.40154828222948 351.48469529653266
93.44909498913879 352.48356431230104
93.4966416960481 353.4824333280694
93.54418840295742 354.4813023438378
93.59173510986672 355.4801713596062
93.63928181677602 356.47904037537455
93.68682852368532 357.47790939114293
93.73437523059462 358.4767784069113
93.78192193750391 359.4756474226797
93.82946864441321 360.47451643844806
93.87701535132251 361.47338545421644
93.92456205823181 362.4722544699848
93.97210876514112 363.4711234857532
94.01965547205043 364.4699925015216
94.06720217895975 365.46886151728995
94.11474888586905 366.46773053305833
94.16229559277835 367.4665995488267
94.20984229968765 368.4654685645951
94.25738900659697 369.46433758036346
94.30493571350625 370.46320659613184
94.35248242041555 371.4620756119002
94.40002912732486 372.4609446276686
94.44757583423416 373.459813643437
94.49512254114346 374.45868265920535
94.54266924805277 375.45755167497373
94.59021595496206 376.4564206907421
94.63776266187136 377.4552897065105
94.68530936878066 378.45415872227886
94.73285607568997 379.45302773804724
94.78040278259928 380.4518967538156
94.8279494895086 381.450765769584
94.87549619641791 382.4496347853524
94.92304290332723 383.44850380112075
94.97058961023653 384.44737281688913
95.01813631714582 385.4462418326575
95.06568302405512 386.4451108484259
95.11322973096443 387.44397986419426
95.16077643787372 388.44284887996264
95.20832314478304 389.441717895731
95.25586985169232 390.4405869114994
95.30341655860164 391.4394559272678
95.35096326551094 392.43832494303615
95.39850997242026 393.4371939588045
95.44605667932954 394.4360629745729
95.49360338623885 395.4349319903413
95.54115009314815 396.43380100610966
95.58869680005745 397.43267002187804
95.63624350696676 398.4315390376464
95.68379021387605 399.4304080534148
95.73133692078537 400.4292770691832
95.77888362769468 401.42814608495155
95.73133692078537 400.4292770691832
95.68379021387608 399.4304080534148
95.63624350696679 398.4315390376465
95.58869680005746 397.4326700218781
95.54104123159952 396.43380619392406
95.49278184950685 395.43497135670617
95.44272007668542 394.43622523335847
95.3888156554326 393.4376791335867
95.32835578568847 392.439508504811
95.25838595944775 391.44195939653815
95.17623664574121 390.44533936349774
95.07996615525087 389.4499841542077
94.96860601690854 388.45620403789
94.84218509313385 387.46422734963977
94.70157851382335 386.47416180137816
94.54825946182231 385.485985061977
94.384029722665 384.49956294504307
94.2107831187409 383.5146844681594
94.03032925254178 382.5311010186373
93.8442829510048 381.5485600405176
93.65401100558636 380.5668286175782
93.46062171544838 379.5857065138317
93.26498207459221 378.6050306596752
93.06774975068186 377.6246738825757
92.86941040963013 376.6445404703347
92.67031429135032 375.66456050335273
92.4707086792176 374.68468418482826
92.27076486787959 373.70487681993063
92.0705994815372 372.7251146967036
91.87046164179723 371.7453469461095
91.67113314986307 370.7654142176515
91.47431627594861 369.78497395014784
91.28272216460805 368.8034997036698
91.09975647601672 367.8203804042975
90.92892666086247 366.8350798540824
90.77320551948955 365.8472787981356
90.63455744276938 364.85693708396735
90.51373055278697 363.864263490757
90.4103100092754 362.8696257721983
90.32295643418985 361.8734484019876
90.2497293881088 360.8761331059441
90.18840887762276 359.8780149791707
90.13675919594839 358.8793497147388
90.09271211023204 357.88032025859656
90.05447081299845 356.8810517245248
90.02054960831586 355.8816272141825
89.98976882199128 354.88210105484836
89.96122321119336 353.8825085638281
89.93423822958088 352.882872724751
89.90832397080283 351.88320855554616
89.88313261261887 350.88352590816606
89.85842216418654 349.8838312579162
89.83402984553838 348.88412879478483
89.80985536816033 347.8844210401667
89.78584977716386 346.8847092158889
89.76200447557572 345.8849935555173
89.73833787659176 344.88527364869714
89.7148806992127 343.8855488061383
89.6916627238053 342.8858183796643
89.66870347869754 341.88608197787426
89.64600782973285 340.8863395572888
89.6235659342244 339.8865914083403
89.60135613460521 338.8868380763624
89.57934919008859 337.88708025849195
89.55751255059077 336.8873187063329
89.53581387464976 335.88755415031864
89.51422346486918 334.8877872503837
89.4927156333975 333.8880185705455
89.47126919678256 332.88824857181754
89.44986736340849 331.88847761728437
89.42849726230365 330.8887059839706
89.40714912419656 329.8889338814396
89.38581520224982 328.88916147545194
89.36448876077843 327.88938890986805
89.34316348171589 326.88961631948916
89.32183340723324 325.8898438314087
89.30049327038417 324.8900715580588
89.27913893939527 323.8902995877836
89.25776773701988 322.89052797801014
89.23637851786891 321.89075675352717
89.21497150816758 320.8909859098156
89.19354798652829 319.89121541979273
89.17210990463643 318.8914452418794
89.15065952991925 317.8916753276369
89.12919915991398 316.8919056278964
89.10773092640207 315.89213609697947
89.08625668455572 314.89236669509864
89.06477797001892 313.89259738929763
89.04329571048966 312.8928281596624
89.02180959770145 311.89305901283035
89.00031749601837 310.89328999472406
88.97881536816806 309.8935211922012
88.95729788216347 308.8937527201058
88.93575947227043 307.89398469856314
88.9141954423844 306.8942172292909
88.89260276158879 305.8944503784021
88.87098039259672 304.8946841691516
88.84932918205593 303.89491858408576
88.82765145435071 302.895153573635
88.80595047842445 301.89538906754177
88.78422994705592 300.895624986112
88.76249355417355 299.89586124941
88.74074437027042 298.8960977908862
88.7189839265231 297.89633457737614
88.69721142889566 296.8965716262987
88.67542363023753 295.89680900855905
88.6536155249968 294.8970468335665
88.63178158799691 293.8972852223836
88.60991707331846 292.8975242794588
88.58801896433955 291.89776407179744
88.56608638778238 290.8980046196863
88.54412052222695 289.8982458984188
88.52212416189299 288.89848784762245
88.50010112936597 287.89873038401527
88.47805531135894 286.89897342259496
88.45598931740295 285.89921690628177
88.43390331656393 284.8994608317481
88.41179469559592 283.8997052571806
88.38965873552391 282.89995028756465
88.36748997582005 281.9001960447163
88.34528369149984 280.90044263465126
88.32303699484864 279.90069012303246
88.30074933264522 278.90093852382716
88.27842240502672 277.9011878007451
88.25605925523362 276.90143788725106
88.23366264081682 275.90168872287904
88.21123344625593 274.90194028890613
88.18876997387103 273.90219262453854
88.16626840941474 272.9024458167932
88.14372412835333 271.9026999713948
88.1211332066973 270.90295517883084
88.098493579756 269.90321148803207
88.07580557502216 268.9034688939404
88.05307131798234 267.9037273505619
88.03029306637036 266.90398680859437
88.00747139452224 265.904247256864
87.98460428614854 264.90450874337427
87.96168755729407 263.9047713660903
87.9387162664498 262.90503524100683
87.91568638794533 261.9053004638304
87.89259610037352 260.90556708006255
87.86944575625866 259.9058350851922
87.84623638455395 258.9061044589408
87.82296775407035 257.9063752101762
87.79963729262386 256.90664740243614
87.776240446033 255.90692114611915
87.75277215318094 254.90719656443147
87.72922803537786 253.90747376559327
87.70560440946188 252.90775284238592
87.68189755672202 251.908033889313
87.65810326517129 250.90831701354784
87.6342172396631 249.90860232535653
87.61023623028373 248.90888991111473
87.58615853801076 247.90917982077113
87.56198314293331 246.90947208834487
87.53770819852488 245.909766768226
87.51333020824876 244.9100639555911
87.48884456425691 243.91036377391748
87.46424633104581 242.9106663562341
87.4395302292608 241.91097184573974
87.41469014277797 240.9112804082934
87.38971915192715 239.9115922321025
87.36460978837378 238.91190752187535
87.33935397410903 237.91222650082622
87.31394296729825 236.9125494125958
87.2883680193291 235.91287650507238
87.26262095371295 234.91320801571598
87.23669391242414 233.9135441779535
87.21057880771805 232.9138852354605
87.18426662470917 231.91423146088385
87.15774676889882 230.91458317411107
87.13100719360182 229.91494074048146
87.10403485262282 228.91530456025282
87.07681598570845 227.91567506224672
87.04933669779294 226.91605268917993
87.02158328053915 225.9164378894542
86.99354193850638 224.91683112520286
86.96519775130817 223.9172329023893
86.9365336795737 222.91764380131247
86.90753000260035 221.91806449644363
86.87816464636624 220.9184957515075
86.84841398398784 219.91893840043252
86.81825397495493 218.9193933169795
86.78766102840234 217.9198613907154
86.75661264868074 216.92034350787557
86.72508962293024 215.9208404819434
86.69308212084869 214.92135285330036
86.6606012714627 213.92188049529182
86.75991457940938 214.9169367082088
86.84873956644708 215.91298395692633
86.92751110089435 216.90987665193458
86.99766685082713 217.90741270178506
87.06099709742327 218.9054053269412
87.11922847008117 219.9037084408492
87.17382113790731 220.90221714918357
87.22591082162151 221.90085956008477
87.27633002629258 222.89958770317492
87.32566224659536 223.89837012795022
87.37430224091159 224.8971865029426
87.42250950950796 225.89602385669667
87.47045060604808 226.89487402126719
87.51823028474743 227.89373192022148
87.56591329424364 228.8925944385919
87.61353905496657 229.8914596882205
87.66113125052298 230.89032653766645
87.70870394376965 231.88919431613226
87.75626539799711 232.8880626298112
87.80382042331443 233.88693124958414
87.85137179610373 234.88580004324317
87.89892110663251 235.88466893507444
87.9464692594377 236.88353788201636
87.99401676573976 237.88240685973287
88.04156391277854 238.88127585455072
88.08911086107732 239.8801448588288
88.13665769989825 240.8790138683181
88.18420447864884 241.8778828806668
88.23175122455967 242.87675189457866
88.279297952579 243.8756209093422
88.32684467088217 244.8744899245682
88.37439138392483 245.87335894004462
88.42193809412743 246.87222795565623
88.46948480280088 247.87109697134065
88.51703151065307 248.86996598706412
88.56457821806525 249.86883500280857
88.61212492524221 250.86770401856418
88.65967163229371 251.86657303432577
88.7072183392784 252.86544205009056
88.75476504622762 253.86431106585704
88.802311753158 254.86318008162442
88.84985846007842 255.8620490973923
88.8974051669936 256.8609181131604
88.94495187390599 257.8597871289286
88.99249858081691 258.85865614469685
89.04004528772705 259.8575251604652
89.0875919946368 260.8563941762335
89.13513870154634 261.85526319200187
89.18268540845577 262.85413220777025
89.23023211536514 263.8530012235386
89.27777882227448 264.851870239307
89.3253255291838 265.8507392550754
89.37287223609312 266.84960827084376
89.42041894300243 267.84847728661214
89.46796564991175 268.8473463023805
89.51551235682106 269.8462153181489
89.56305906373036 270.84508433391727
89.61060577063967 271.84395334968565
89.65815247754898 272.842822365454
89.70569918445827 273.8416913812224
89.75324589136758 274.8405603969908
89.80079259827687 275.83942941275916
89.84833930518616 276.83829842852754
89.89588601209547 277.8371674442959
89.94343271900479 278.8360364600643
89.9909794259141 279.83490547583267
90.03852613282339 280.83377449160105
90.08607283973271 281.8326435073694
90.133619546642 282.8315125231378
90.18116625355131 283.8303815389062
90.22871296046063 284.82925055467456
90.27625966736991 285.82811957044294
90.32380637427923 286.8269885862113
90.37135308118852 287.8258576019797
90.41889978809783 288.82472661774807
90.46644649500713 289.82359563351645
90.51399320191643 290.8224646492848
90.56153990882575 291.8213336650532
90.60908661573504 292.8202026808216
90.65663332264435 293.81907169658996
90.70418002955364 294.81794071235834
90.75172673646296 295.8168097281267
90.79927344337224 296.8156787438951
90.84682015028156 297.81454775966347
90.89436685719087 298.81341677543185
90.94191356410016 299.8122857912002
90.98946027100946 300.8111548069686
91.03700697791876 301.810023822737
91.08455368482808 302.80889283850536
91.13210039173737 303.80776185427374
91.17964709864667 304.8066308700421
91.22719380555597 305.8054998858105
91.27474051246529 306.80436890157887
91.3222872193746 307.80323791734725
91.36983392628392 308.8021069331156
91.4173806331932 309.800975948884
91.46492734010249 310.7998449646524
91.5124740470118 311.79871398042076
91.56002075392112 312.79758299618913
91.60756746083044 313.7964520119575
91.65511416773973 314.7953210277259
91.70266087464904 315.79419004349427
91.75020758155833 316.79305905926265
91.79775428846764 317.791928075031
91.84530099537693 318.7907970907994
91.89284770228625 319.7896661065678
91.94039440919553 320.78853512233616
91.98794111610485 321.78740413810453
92.03548782301414 322.7862731538729
92.08303452992345 323.7851421696413
92.13058123683277 324.78401118540967
92.17812794374207 325.78288020117805
92.22567465065137 326.7817492169464
92.27322135756069 327.7806182327148
92.32076806446997 328.7794872484832
92.36831477137929 329.77835626425156
92.41586147828858 330.77722528001993
92.46340818519789 331.7760942957883
92.51095489210721 332.7749633115567
92.5585015990165 333.77383232732507
92.60604830592581 334.77270134309344
92.6535950128351 335.7715703588618
92.70114171974441 336.7704393746302
92.7486884266537 337.7693083903986
92.79623513356302 338.76817740616696
92.84378184047233 339.76704642193533
92.89132854738162 340.7659154377037
92.93887525429093 341.7647844534721
92.98642196120025 342.76365346924047
93.03396866810957 343.76252248500884
93.08151537501885 344.7613915007772
93.12906208192814 345.7602605165456
93.17660878883746 346.759129532314
93.22415549574674 347.75799854808236
93.27170220265603 348.75686756385073
93.31924890956535 349.7557365796191
93.36679561647466 350.7546055953875
93.41434232338395 351.75347461115587
93.46188903029326 352.75234362692424
93.50943573720258 353.7512126426926
93.5569824441119 354.750081658461
93.60452915102121 355.7489506742294
93.65207585793053 356.74781968999775
93.69962256483984 357.74668870576613
93.74716927174913 358.7455577215345
93.79471597865845 359.7444267373029
93.84226268556773 360.74329575307127
93.88980939247703 361.74216476883964
93.93735609938634 362.741033784608
93.98490280629562 363.7399028003764
94.03244951320491 364.7387718161448
94.0799962201142 365.73764083191315
94.12754292702351 366.73650984768153
94.17508963393283 367.7353788634499
94.22263634084213 368.7342478792183
94.27018304775143 369.73311689498667
94.31772975466075 370.73198591075504
94.36527646157003 371.7308549265234
94.41282316847935 372.7297239422918
94.46036987538866 373.7285929580602
94.50791658229795 374.72746197382855
94.55546328920727 375.72633098959693
94.60300999611655 376.7252000053653
94.65055670302587 377.7240690211337
94.69810340993516 378.72293803690206
94.74565011684447 379.72180705267044
94.79319682375379 380.7206760684388
94.84074353066308 381.7195450842072
94.88829023757239 382.7184140999756
94.93583694448171 383.71728311574395
94.98338365139102 384.71615213151233
95.03093035830031 385.7150211472807
95.07847706520963 386.7138901630491
95.12602377211891 387.71275917881746
95.17357047902823 388.71162819458584
95.22111718593752 389.7104972103542
95.26866389284683 390.7093662261226
95.31621059975615 391.708235241891
95.36375730666546 392.70710425765935
95.41130401357476 393.70597327342773
95.45885072048407 394.7048422891961
95.50639742739337 395.7037113049645
95.55394413430267 396.70258032073286
95.60149084121196 397.70144933650124
95.64903754812124 398.7003183522696
95.69658425503056 399.699187368038
95.74413096193986 400.6980563838064
95.79167766884916 401.69692539957475
95.83922437575846 402.69579441534313
95.88677108266776 403.6946634311115
95.93431778957708 404.6935324468799
95.9818644964864 405.69240146264826
96.02941120339568 406.69127047841664
96.076957910305 407.690139494185
96.12450461721431 408.6890085099534
96.1720513241236 409.6878775257218
96.21959803103292 410.68674654149015
96.26714473794223 411.68561555725853
96.31469144485152 412.6844845730269
96.36223815176083 413.6833535887953
96.40978485867015 414.68222260456366
96.45733156557944 415.68109162033204
96.50487827248875 416.6799606361004
96.55242497939804 417.6788296518688
96.59997168630736 418.6776986676372
96.64751839321667 419.67656768340555
96.69506510012597 420.67543669917393
96.74261180703527 421.6743057149423
96.79015851394456 422.6731747307107
96.83770522085388 423.67204374647906
96.88525192776316 424.67091276224744
96.93279863467248 425.6697817780158
96.9803453415818 426.6686507937842
97.02789204849111 427.6675198095526
97.0754387554004 428.66638882532095
97.12298546230971 429.6652578410893
97.170532169219 430.6641268568577
97.21807887612829 431.6629958726261
97.2656255830376 432.66186488839446
97.31317228994692 433.66073390416284
97.36071899685624 434.6596029199312
97.40826570376555 435.6584719356996
97.45581241067487 436.657340951468
97.50335911758415 437.65620996723635
97.55090582449347 438.6550789830047
97.59845253140276 439.6539479987731
97.64599923831207 440.6528170145415
97.69354594522136 441.65168603030986
97.74109265213065 442.65055504607824
97.78863935903993 443.6494240618466
97.83618606594922 444.648293077615
97.88373277285854 445.6471620933834
97.93127947976785 446.64603110915175
97.97882618667717 447.6449001249201
98.02637289358648 448.6437691406885
98.0739196004958 449.6426381564569
98.12146630740509 450.64150717222526
98.1690130143144 451.64037618799364
98.2165597212237 452.639245203762
98.264106428133 453.6381142195304
98.31165313504232 454.63698323529877
98.35919984195164 455.63585225106715
98.40674654886092 456.6347212668355
98.45429325577024 457.6335902826039
98.50183996267953 458.6324592983723
98.54938666958884 459.63132831414066
98.59693337649813 460.63019732990904
98.64448008340744 461.6290663456774
98.69202679031673 462.6279353614458
98.73957349722602 463.62680437721417
98.78712020413533 464.62567339298255
98.83466691104465 465.6245424087509
98.88221361795394 466.6234114245193
98.92976032486325 467.6222804402877
98.97730703177257 468.62114945605606
99.02485373868186 469.62001847182444
99.07240044559117 470.6188874875928
99.11994715250049 471.6177565033612
99.1674938594098 472.61662551912957
99.21504056631909 473.61549453489795
99.26258727322838 474.6143635506663
99.31013398013769 475.6132325664347
99.35768068704698 476.6121015822031
99.4052273939563 477.61097059797146
99.45277410086561 478.60983961373984
99.5003208077749 479.6087086295082
99.54786751468421 480.6075776452766
99.59541422159351 481.60644666104497
99.64296092850282 482.60531567681335
99.69050763541213 483.6041846925817
99.73805434232143 484.6030537083501
99.78560104923073 485.6019227241185
99.83314775614002 486.60079173988686
99.84051958981236 486.75566043055653
100.69910238404341 486.2429854989962
101.55768517820479 485.73031056747743
102.41626797243558 485.2176356359167
103.2748507666665 484.7049607043561
104.13343356089752 484.1922857727957
104.9920163551285 483.6796108412353
105.85059914935947 483.1669359096748
106.70918194359042 482.6542609781143
107.56776473782142 482.1415860465538
108.42634753205242 481.62891111499334
109.2849303262834 481.11623618343293
110.14351312051437 480.60356125187246
111.00209591474533 480.09088632031194
111.86067870897632 479.57821138875147
112.71926150320735 479.0655364571911
113.57784429743832 478.55286152563065
114.4364270916693 478.04018659407024
115.29500988590027 477.52751166250977
116.15359268013124 477.0148367309493
117.01217547436222 476.50216179938883
117.87075826859319 475.98948686782836
118.72934106282418 475.4768119362679
119.58792385705515 474.9641370047074
120.44650665128614 474.451462073147
121.30508944551708 473.9387871415865
122.16367223974807 473.426112210026
123.02225503397908 472.9134372784656
123.88083782821002 472.4007623469051
124.73942062244102 471.88808741534467
125.598003416672 471.3754124837842
126.45658621090294 470.86273755222373
127.31516900513392 470.3500626206633
128.1737517993649 469.83738768910285
129.03233459359592 469.32471275754244
129.8909173878269 468.812037825982
130.7495001820579 468.2993628944215
131.60808297628887 467.78668796286104
132.46666577051988 467.2740130313006
133.3252485647508 466.7613380997401
134.18383135898176 466.24866316817963
135.04241415321277 465.7359882366192
135.9009969474438 465.2233133050588
136.75957974167477 464.71063837349834
137.61816253590575 464.1979634419379
138.47674533013674 463.6852885103774
139.33532812436775 463.172613578817
140.19391091859873 462.6599386472565
141.0524937128297 462.147263715696
141.9110765070607 461.63458878413553
142.76965930129168 461.1219138525751
143.62824209552264 460.6092389210146
144.48682488975365 460.0965639894542
145.3454076839846 459.5838890578937
146.2039904782156 459.07121412633325
147.06257327244657 458.55853919477283
147.92115606667753 458.0458642632123
148.7797388609085 457.53318933165184
149.63832165513952 457.02051440009143
150.49690444937048 456.5078394685309
151.35548724360146 455.99516453697044
152.21407003783247 455.48248960541
153.07265283206348 454.96981467384956
153.93123562629444 454.45713974228903
154.78981842052545 453.9444648107286
155.64840121475643 453.43178987916815
156.50698400898744 452.91911494760774
157.3655668032184 452.4064400160472
158.22414959744938 451.89376508448674
159.0827323916804 451.38109015292633
159.94131518591132 450.8684152213658
160.79989798014233 450.3557402898054
161.65848077437332 449.8430653582449
162.51706356860427 449.3303904266844
163.37564636283528 448.817715495124
164.2342291570663 448.3050405635636
165.09281195129725 447.79236563200305
165.95139474552818 447.27969070044253
166.8099775397592 446.7670157688821
167.66856033399026 446.25434083732176
168.52714312822124 445.7416659057613
169.38572592245222 445.2289909742008
170.24430871668324 444.71631604264036
171.10289151091425 444.20364111107995
171.9614743051452 443.6909661795195
172.82005709937619 443.178291247959
173.69007870136588 442.68527764564027
174.5929099815125 442.2552826694036
175.54528028315337 441.9503387261083
176.53896631544345 441.8381421609577
177.53058600979662 441.9673334213855
178.45797150260262 442.3414405554166
179.27534867845262 442.91754345629414
179.9731381365196 443.6338463756031
180.56886403542242 444.4370341826423
181.08886621641662 445.29119911505364
181.5569593432682 446.174878256255
181.99085171592074 447.0758429664151
182.40240575272398 447.98722832661736
182.79905211836214 448.9051998188904
183.18522973178017 449.82762426072554
183.56351585596903 450.75331298175774
183.93541290130622 451.6815869648411
184.3018518507007 452.6120290621081
184.66345797098495 453.54436001931856
185.020643684747 454.4783934051695
185.37362188336297 455.4140249519345
185.72242050635154 456.35122264751493
186.0669341346564 457.29000396385663
186.40697338521727 458.2304152079823
186.7422817976381 459.17252362454576
187.07253759811255 460.11641509407656
187.39737391622572 461.06218534441996
187.71643078801847 462.0099209154322
188.0294444168638 462.95966954962813
188.33635101213153 463.9114091893307
188.63736099678562 464.8650301775323
188.93296992297746 465.82033921797716
189.22395291445494 466.77706744410557
189.5113719266704 467.73487238845337
189.7965640266241 468.69334276677705
190.0811300909398 469.6519991989987
190.36692571727255 470.6102897916527
190.65607080707107 471.56757507674035
190.9509457141845 472.52311094166373
191.25418150850655 473.47602649565675
191.56862058950628 474.42530414963375
191.89728317896515 475.3697515554167
192.24339564377806 476.3079445855023
192.61040719516524 477.23816096954874
193.0019692820223 478.1583126592913
193.42190626478117 479.06586592522746
193.8741734264801 479.95774843679993
194.3627515545498 480.8302685871529
194.8914304613477 481.67909048455357
195.4634818885221 482.4993082389748
196.08127809891343 483.28564648834725
196.7459461852683 484.03278525389305
197.45714835819348 484.73577278523805
198.21304828970045 485.3904599575179
199.01047505069224 485.99387570213696
199.8452463404353 486.5444725544897
200.7125783097056 487.04220265713735
201.60750014057277 487.48842560212944
202.52520653516993 487.88568492966687
203.46131021475065 488.2374091129062
204.4119866421062 488.5475934620769
205.37402524069336 488.82050688209955
206.34481225241393 489.0604497458705
207.3222717524848 489.27157275674614
208.30478700334132 489.45775487681766
209.29111787393725 489.6225317371758
210.2803238519649 489.76906341646173
211.2716973387951 489.9001306114808
212.264708660803 490.01814973859206
213.25896232492462 490.12519949982806
214.25416311544015 490.2230534039773
215.25009031834733 490.3132144072408
216.24657839735764 490.39694915743667
217.2435026488098 490.4753203056135
218.24076862142985 490.5492160419869
219.2383043414657 490.6193764813568
220.23605460696632 490.68641682513163
221.23397679802446 490.7508474125393
222.2320377934478 490.81309088138994
223.23021169366527 490.87349671657716
224.22847813113964 490.93235349029277
225.22682100938368 490.9898991022836
226.22522755523946 491.04632931752644
227.22368760068807 491.1018048764936
228.222193033393 491.15645742317434
229.22073737185812 491.2103944616473
230.21931543323552 491.26370351656027
231.21792307067477 491.3164556392471
232.21655696353855 491.36870837146006
233.215214448449 491.42050825401157
234.21389338017545 491.471892992268
235.21259201042338 491.52289344266734
236.21130887457588 491.573535571941
237.21004268348662 491.6238424197714
238.20879222622318 491.67383592818493
239.20755629488568 491.72353839440854
240.2063336414299 491.772973321637
241.20512297000045 491.8221655683183
242.2039229602826 491.8711408622161
243.20273231136983 491.91992487784336
244.2015497934189 491.96854213355755
245.20037429575112 492.0170149459453
246.19920486366703 492.0653626097648
247.19804072041978 492.1136008856979
248.1968812742994 492.161741803071
249.19572611302067 492.2097937349763
250.1945749885645 492.25776168078147
251.1934277956114 492.3056476897461
252.19228454616493 492.35345137029145
253.19114534226662 492.4011704441621
254.19001034810327 492.44880131771
255.18887976241746 492.4963396511644
256.1877537919657 492.5437809105718
257.18663262678285 492.5911208868528
258.18551641815264 492.6383561632751
259.1843631667537 492.6863683784822
260.1829495095184 492.73952208055334
261.1806879061231 492.8067388339747
262.17697935661073 492.8927815308482
263.1713178235246 492.9990407102888
264.1652615426297 493.1089310340277
265.1602175379433 493.20924338316524
266.1558580711661 493.302516790972
267.1519615195099 493.3907093087821
268.1483712397873 493.4753713979169
269.14497169792014 493.5577578461324
270.1416740798147 493.6389019274062
271.13840726880784 493.71966670908506
272.1351120141901 493.8007817541285
273.13173712831406 493.8828694017822
274.12823709980444 493.96646250448543
275.12457082715264 494.0520142651243
276.1207013641874 494.1399002889658
277.1165966665639 494.2304129770511
278.11223134624606 494.3237488469737
279.1075894359094 494.41998955219634
280.10266808545975 494.5190778017974
281.0974818462313 494.6207910328918
282.09206675499 494.7247182154256
283.08648396424053 494.8302379479236
284.0808208437437 494.93651198078146
285.07518642238415 495.0425171505375
286.06969729802415 495.1471504064067
287.06445735741625 495.24938750455715
288.059598706794 495.3478440673579
289.0551965532359 495.4415720149526
290.0512287665233 495.5305654422035
291.04800564897414 495.6107891706855
292.04515108244874 495.68629403477223
293.04229651592334 495.761798898859
294.04149865718153 495.8017373628384
295.04124620443974 495.82420604662894
296.04122053645864 495.83137091252496
297.0412035825077 495.8255478880175
298.0410697767554 495.80918959958
299.0407702797072 495.7847170762518
300.04030978869264 495.754372884431
301.03972286186377 495.7201163642528
302.03905469284183 495.68356651344544
303.0383484638147 495.6459904666223
304.03763911392303 495.6083315154141
305.0369520455292 495.5712685321985
306.0363048807892 495.5352975625471
307.03571056634263 495.50082618770415
308.0351805175905 495.4682713639059
309.03472676804716 495.4381500558661
310.03436219304797 495.4111497395069
311.03409802873017 495.38816585705086
312.0339383593132 495.3702965162762
313.0338721526052 495.35878960389203
314.0338647540966 495.35494292189543
315.0338521493543 495.35996381084277
316.0337420640603 495.37480154885327
317.03342520009926 495.3999735078402
318.03279704986795 495.435412270373
319.0317864668807 495.4803582901812
320.03038355461604 495.53330974310313
321.02865437722573 495.59209209356806
322.0267235936614 495.65420359977645
323.0247133908057 495.7175783959962
324.0226616283679 495.78160429034006
325.02047133228064 495.84775408079827
326.0179547753143 495.91865387539406
327.0148352319373 495.9975801397368
328.0106581491593 496.08888576681113
329.006661503943 496.17820159552946
329.9946660832052 496.3326261769826
330.97705791177646 496.5194584417455
331.9549600453201 496.7285216312619
332.92974588482946 496.95166411285635
333.9028136569126 497.182183333168
334.85464785376814 497.40767233118027
334.83367978369074 497.84468050908333
335.5921974470632 497.5823974244018
334.61912967498 497.35187820409016
334.8557000219881 497.3857434595674
334.83367978369074 497.84468050908333
335.7787739254001 497.5178823094211
336.7238680671114 497.1910841097582
337.66896220882273 496.8642859100953
338.6140563505341 496.5374877104324
339.5591504922454 496.2106895107695
340.5042446339567 495.88389131110654
341.4493387756681 495.55709311144363
342.3944329173794 495.2302949117806
343.33952705909076 494.90349671211777
344.2846212008021 494.57669851245487
345.2297153425135 494.24990031279197
346.1748094842248 493.923102113129
347.11990362593616 493.5963039134662
348.0649977676474 493.2695057138032
349.0100919093588 492.9427075141403
349.95518605107014 492.6159093144775
350.9002801927815 492.2891111148146
351.8453743344928 491.96231291515164
352.7904684762042 491.63551471548885
353.73556261791555 491.30871651582595
354.68065675962686 490.981918316163
355.6257509013382 490.6551201165001
356.57084504304953 490.3283219168372
357.5159391847609 490.0015237171743
358.46103332647226 489.67472551751143
359.4061274681836 489.34792731784853
360.35122160989494 489.0211291181856
361.2963157516063 488.6943309185227
362.24140989331767 488.3675327188599
363.186504035029 488.0407345191969
364.1315981767403 487.71393631953407
365.0766923184516 487.38713811987105
366.021787277993 487.0603422853666
366.96688739726187 486.73356137319763
367.9120055532379 486.40683263059236
368.8571705533723 486.0802394241093
369.8024361473468 485.75393748288286
370.74788976211886 485.42818072959227
371.69365871999395 485.1033406484448
372.63991244656887 484.7799154098763
373.58686042440456 484.45852852888567
374.5347466463837 484.1399195048733
375.48384171539567 483.8249297431712
376.43443361330907 483.514486441389
377.38681781660216 483.2095859177461
378.341287131134 482.9112768035421
379.2981214766357 482.62064295267766
380.25757786426277 482.3387858253213
381.2198809021563 482.06680629803856
382.1852142522956 481.8057861396047
383.1537134929934 481.55676963258577
384.125460797192 481.320745954149
385.1004817271477 481.0986329510442
386.07874429571547 480.891262878615
387.06016028108024 480.69937055549985
388.0445886292066 480.52358424373136
389.0318406530489 480.36441941903894
390.0216866487136 480.2222754607902
391.0138635003463 480.0974351824976
392.00808283425334 479.99006704902484
393.00403929925665 479.9002298639727
394.00141858687493 479.8278796281058
394.9999048604892 479.77287816081775
395.9991873381728 479.735002973763
396.99896586476086 479.7139578371891
397.9989554024924 479.7093835145725
398.99888945073076 479.72086825112507
399.9985224630303 479.7479577457844
400.99763136248936 479.7901644635172
401.9960162705955 479.8469762164028
402.9935005713227 479.917863943145
403.98993044074376 480.0022885564139
404.9851739881454 480.0997066315105
405.979120177196 480.20957461261384
406.97167771938774 480.3313511515625
407.96277414678553 480.4644972052005
408.9523552645844 480.6084736313814
409.94038514385477 480.7627362570206
410.92684673299266 480.9267287359807
411.91174304295447 481.09987393118854
412.8950987080359 481.2815649765161
413.8769615647595 481.4711575148362
414.85740375986467 481.6679647861889
415.8365218311012 481.8712571927813
416.814435232108 482.08026767130184
417.7912829098249 482.2942036770119
418.7672177808248 482.51226588732453
419.7423992571091 482.7336729520535
420.7169842870462 482.95769085183485
421.69111763961337 483.1836647693924
422.66492231437894 483.411050906623
423.63849097409235 483.63944544426323
424.6118791734605 483.8686078611879
425.5851009326999 484.09847610027924
426.5581269375531 484.3291715572772
427.53088540469076 484.5609925326268
428.50326548551925 484.79439557118457
429.4751230162813 485.02996496627037
430.4462884458829 485.26837156925535
431.4165768399146 485.5103228709823
432.3857999037252 485.75650705523816
433.353779920933 486.00753431727617
434.3203653177391 486.26387914496166
435.2854472280976 486.5258274343221
436.2489759915876 486.79343222113926
437.21097605746047 487.06648143512945
438.17095112192584 487.3465669142331
439.13016174612926 487.6292592884055
440.08871323481617 487.9141786516226
441.046875965204 488.2004026584699
442.00502400422516 488.48667584149604
442.96358929287453 488.77154877351416
443.9230226645417 489.0534842365753
444.88375914126607 489.3309467066343
445.84618789543254 489.60248103807976
446.81062837131026 489.866781186564
447.7773140477566 490.122747596379
448.74638465718954 490.36953121401456
449.71788672135995 490.60656230757115
450.6917813181478 490.83356299996535
451.66795727626857 491.0505434110325
452.64624763316226 491.2577823494797
453.62644721034246 491.45579444228173
454.6083294972781 491.6452863276013
455.5916615716019 491.82710500542623
456.57621638533453 492.00218161367496
457.56178229423875 492.1714737848047
458.54817011635487 492.3359093782177
459.53521823616757 492.4963338438524
460.5227963240295 492.6534628366418
461.51080814848115 492.8078410564261
462.4991937702638 492.95980770623254
463.4879311717732 493.1094684922001
464.4770371374185 493.25667375272064
465.4665669891571 493.4010021023894
466.45661261463533 493.541748894436
467.4472981161874 493.6779187773561
468.43877235891483 493.80822160160824
469.43119768290944 493.9310710065482
470.424734039639 494.0445853574322
471.41951790278233 494.146590580973
472.41563538574167 494.2346244389075
473.41308895957616 494.30594321655235
474.41175723783846 494.35753459172906
475.4113479393083 494.38614279920444
476.4113455859348 494.38831230178926
477.41095745839993 494.3604536509487
478.40906315789334 494.2989311945702
479.4041741635839 494.2001684163914
480.3944097141954 494.06076413272285
481.3774942549434 493.87761177608405
482.3507798841256 493.6480141192418
483.3112950333193 493.36978642800767
484.25581826314345 493.0413418081362
485.180973383852 492.6617525529843
486.0833384460993 492.2307800545167
486.9595563618757 491.74886495403484
487.8064591057914 491.21711713565855
488.62124654554987 490.63735733366127
489.4017320674301 490.01218347773374
490.1466288411316 489.34500374443166
490.8558553344422 488.6400230488191
491.5307514691798 487.90211031189403
492.1740748245487 487.13651573221307
492.7898326106613 486.3485802343189
493.39229203592004 485.55043072394074
493.9844615342149 484.74461729312117
494.56190569774026 483.9281871136137
495.06564126895717 483.0643292119361
495.5010358462887 482.16408948717924
495.8737456709294 481.2361415432641
496.1895660896346 480.28732255993333
496.4541813018676 479.32296848105216
496.67298045460257 478.34719856413403
496.85095994656166 477.3631643673492
496.99268794642774 476.3732587283846
497.10230500794006 475.3792848354551
497.1835439680823 474.38259018243696
497.2397612439786 473.38417162397025
497.27396597120963 472.38475677685466
497.28883565611886 471.3848673367311
497.2867473547191 470.38486951723485
497.2698947826757 469.38501153191123
497.24015860473764 468.38545374982874
497.19949825397873 467.3862807238337
497.1490032093028 466.3875564122926
497.0891742794713 465.3893477671912
497.02474954645055 464.39142519816335
496.949264919371 463.39427823252856
496.8644342687313 462.39788284880177
496.7714908820909 461.40221145377234
496.6713942443082 460.4072337338687
496.56491866747194 459.41291841590487
496.45270059631537 458.41923481208227
496.3352723659265 457.4261534404375
496.2130903757981 456.43364572697214
496.0865590010958 455.44168312121735
495.9560498880087 454.45023601148273
495.82191630045713 453.4592727524814
495.684502633137 452.46875900495763
495.544149626444 451.47865747808663
495.40119608307657 450.4889280784836
495.2559718130559 449.4995293159026
495.10876837376213 448.51042307921205
494.9597317274215 447.52159140594927
494.80838556606255 446.53311058193606
494.6526305878172 445.5453148607711
494.4890327443236 444.5587877473048
494.313086067531 443.5743880485413
494.11936937757343 442.59333053543014
493.8962848541821 441.61853143026883
493.64677316426435 440.65015964392103
493.35950435915515 439.692309638121
493.1080752902991 438.72443391090485
492.8869225729206 437.7491947219896
492.6902737718103 436.76872072997253
492.5129484746621 435.7845684353599
492.350487839253 434.79785340965975
492.1992074234887 433.80936252158534
492.05616881529454 432.81964541222237
491.91909755137124 431.8290842234983
491.78627713191065 430.83794410415373
491.6564401774574 429.84640874661056
491.5286687985963 428.8546050993376
491.4023096889787 427.8626205352356
491.276905305342 426.87051482485754
491.1521401649818 425.878328521913
491.0278001774622 424.8860888495033
490.9037425757347 423.8938138314495
490.77987409890966 422.901515186661
490.65613538625814 421.90920035204886
490.5324899286082 420.916873893265
490.40891630448243 419.92453848654986
490.28540275972284 418.93219560011346
490.1619434540474 417.93984596422797
490.0385359012023 416.94748989108643
489.9151792846146 415.9551274849343
489.79187344333513 414.9627587684249
489.6686183901581 413.9703837426074
489.5454142450892 412.97800239522235
489.42226145625926 411.98561467330944
489.29916116128345 410.99322043845274
489.17611553853703 410.0008194233772
489.0531280218831 409.0084112055821
488.93020330121743 408.0159952076008
488.80734709132577 407.0235707259948
488.68456571498814 406.0311369833073
488.5618656074249 405.03869318963234
488.439252890436 404.04623859539004
488.31673316035227 403.0537725175112
488.194311572712 402.0612943288947
488.0719932061597 401.06880341346823
487.9497835882938 400.07629910148717
487.82768920693616 399.08378060692854
487.7057178315832 398.0912469885586
487.5838785256267 397.09869714924366
487.46218133230917 396.1061298753833
487.34063675007474 395.11354390201404
487.21925522749353 394.12093797518514
487.0980469380486 393.1283108797612
486.97702200607404 392.13566141200306
486.8561911763545 391.14298829834013
486.73556673013104 390.15029008489694
486.6151633573461 389.15756503342396
486.4949987638563 388.1648110505705
486.3750939766241 387.1720256548284
486.2554734785281 386.17920596503814
486.1361653438115 385.18634868980143
486.0172014388021 384.19345011023506
485.8986175787425 383.2005060694486
485.7804534512356 382.2075119914348
485.66275224521655 381.2144629362005
485.5455601917413 380.2213536659778
485.4289264119541 379.22817867565004
485.3129033983686 378.2349321502
485.19754820620426 377.24160784281554
485.08292423804136 376.24819889081107
484.96910347315844 375.2546975906199
484.856169006714 374.26109515187045
484.74421778075555 373.26738144913395
484.6333634870649 372.2735447796704
484.5237397631663 371.2795716215023
484.41550377439194 370.28544639260303
484.3088401083238 369.2911512340405
484.20396486248 368.29666584812014
484.10112992210827 367.3019674139007
484.00062765501036 366.3070305845953
483.90279651965625 365.3118275555829
483.8080283774412 364.31632818379956
483.71677846223974 363.3205001600044
483.6295788965133 362.3243092968978
483.54705626545007 361.32772010602605
483.4699533196157 360.3306969690108
483.39915510262506 359.3332063111743
483.3357213214948 358.3352202614665
483.2809295019373 357.33672246151417
483.2363371900328 356.3377171934004
483.2038755663408 355.33824421078043
483.1860107382198 354.3384037995566
483.18601245531454 353.3384037995581
483.20832767386855 352.338652815052
483.25900296186535 351.3399376328372
483.34607586475386 350.34373569066753
483.4798785810959 349.352727702254
483.67317870274655 348.37158802668796
483.9409705974406 347.40811124900404
484.29958708323363 346.4746262645948
484.76474134474074 345.58939662602535
485.3482775117159 344.7773094744018
486.0539684794817 344.06878970896565
486.8736652373473 343.49599199149065
487.7859561840926 343.08644928494266
488.75911354823324 342.85630857881085
489.75787031715856 342.8064596417522
490.75099219132954 342.92354483741394
491.71624585521175 343.184859521965
492.64145516805263 343.5643166703133
493.5225450963767 344.03726543942673
494.3605691383446 344.582898745855
495.15929264073014 345.18459698146563
