7.7057002019093375
200346
1056
0.0 100.0
0.0 101.0
0.0 102.0
0.0 103.0
0.0 104.0
0.0 105.0
0.0 106.0
0.0 107.0
0.0 108.0
0.0 109.0
0.0 110.0
0.0 111.0
0.0 112.0
0.0 113.0
0.0 114.0
0.0 115.0
0.0 116.0
0.0 117.0
0.0 118.0
0.0 119.0
0.0 120.0
0.0 121.0
0.0 122.0
0.0 123.0
0.0 124.0
0.0 125.0
0.0 126.0
0.8286288357599383 126.55979840348748
1.657257671519876 127.11959680697495
2.485886507279813 127.67939521046243
3.314515343039745 128.2391936139499
4.143144178799674 128.7989920174374
4.971773014559613 129.3587904209249
5.800401850319558 129.91858882441235
6.629030686079496 130.47838722789982
7.457659521839436 131.0381856313873
8.286288357599377 131.59798403487477
9.114917193359306 132.15778243836226
9.943546029119243 132.71758084184975
10.77217486487918 133.27737924533722
11.600803700639108 133.8371776488247
12.429432536399055 134.39697605231217
13.258061372159002 134.95677445579963
14.086690207918949 135.5165728592871
14.915319043678888 136.07637126277456
15.743947879438828 136.63616966626205
16.57257671519876 137.19596806974954
17.40120555095869 137.75576647323703
18.22983438671863 138.31556487672452
19.058463222478572 138.87536328021199
19.88709205823851 139.43516168369945
20.715720893998437 139.99496008718694
21.544349729758377 140.55475849067443
22.372978565518324 141.1145568941619
23.20160740127826 141.67435529764936
24.03023623703819 142.23415370113685
24.85954260539721 142.79294789169288
25.690422445955903 143.34939976791685
26.52320669669521 143.90299744829548
27.35756809972503 144.45421523568456
28.193427118845353 145.0031594042074
29.093415470667225 145.43907334822038
30.043166003953747 145.75208121477004
31.019270862313526 145.96938125040379
32.0074143700697 146.1229143350446
33.000838462891714 146.2374070064291
33.99662084964105 146.32915360440313
34.993502762578736 146.40806147256404
35.99092042399715 146.47988075055142
36.98860786062807 146.54784970514703
37.98643383325485 146.61375363789327
38.98433160993875 146.67856125541874
39.98226670419453 146.74279168164117
40.98022091387029 146.80672442278706
41.52734603290104 147.6437752600279
41.25412899235957 148.60572767504527
40.78698964724705 149.48991138460332
40.27515179542171 150.34899346068153
39.74819696225843 151.19888675033962
39.34610992524485 151.84738839243474
39.0394791387145 152.32826138534517
39.045992930093696 152.33142877737455
39.57294776325735 151.4815354877167
39.039887711018295 152.3276128959406
39.0394791387145 152.32826138534517
39.93879456425324 152.76556192889396
39.94286947525496 152.76754339251102
40.842184900791516 153.2048439360643
41.741500326329174 153.64214447961533
42.64081575186684 154.07944502316633
43.54013117740451 154.51674556671733
44.43944660294217 154.95404611026837
45.338762028479834 155.39134665381937
46.23807745401751 155.82864719737034
47.13739287955516 156.2659477409214
48.03670830509282 156.70324828447244
48.93602373063049 157.14054882802347
49.835339156168175 157.57784937157444
50.73465458170584 158.01514991512542
51.63397000724349 158.45245045867645
52.53328543278115 158.88975100222748
53.43260085831881 159.32705154577852
54.331916283856465 159.76435208932952
55.23123170939414 160.2016526328805
56.13054713493179 160.63895317643153
57.029862560469454 161.07625371998253
57.92917798600711 161.51355426353356
58.82849341154478 161.95085480708457
59.67259330804767 162.36130628280722
60.52949411430944 161.84582494635757
60.529494114309635 161.84582494635745
61.38639492057142 161.3303436099078
62.243295726833196 160.81486227345815
63.10019653309497 160.2993809370085
63.957097339356764 159.78389960055887
64.81399814561856 159.26841826410924
65.67089895188033 158.75293692765956
66.52779975814212 158.23745559120994
67.3847005644039 157.72197425476028
68.24160137066568 157.20649291831063
69.09850217692747 156.691011581861
69.95540298318924 156.17553024541135
70.81230378945102 155.6600489089617
71.66920459571281 155.14456757251207
72.5261054019746 154.62908623606245
73.38300620823637 154.11360489961277
74.23990701449816 153.59812356316314
75.09680782075993 153.0826422267135
75.95370862702171 152.56716089026384
76.81060943328349 152.0516795538142
77.66751023954527 151.53619821736459
78.52441104580703 151.0207168809149
79.38131185206882 150.50523554446528
80.23821265833061 149.98975420801565
81.19748540998094 149.7072727255408
82.19457473376778 149.63103047747398
83.1932487100805 149.68251143546576
84.18528755955322 149.80844364396236
85.17197860281038 149.9710498712603
86.15251163975648 150.16740404986948
87.1274968142817 150.3896739521415
88.09771451389597 150.63190858086995
89.06383654742766 150.8899942571959
90.02643208610405 151.16093673987496
90.9860019541608 151.44240728596736
91.94299705715652 151.73251135840036
92.89782400255406 152.0296737792123
93.85084533735944 152.33257695748182
94.80237899299549 152.64012159195283
95.75269888702941 152.95139654919058
96.70203709785173 153.26565275274538
97.65058732844778 153.582279441507
98.59850915772839 153.90078251146605
99.54593259659846 154.22076505392675
100.49296257643431 154.54191021937703
101.43968312464298 154.86396643123987
102.38616109198357 155.1867348580397
103.33244937868281 155.51005896548583
104.27858966156612 155.833815919242
105.22461465740642 156.15790958972224
106.17054997441028 156.48226491347197
107.11641560955283 156.80682338317564
108.06222714853308 157.1315394633623
109.00799672046304 157.456377756689
109.95373375304293 157.78131077318164
110.89944556717143 158.1063171802228
111.84513784341591 158.43138043353133
112.79081498689165 158.75648770860772
113.73648041201588 159.08162906821087
114.68213676432539 159.40679681466906
115.62778609301782 159.73198498656893
116.57342998501068 160.0571889679969
117.51906966900737 160.38240518538254
118.46470609622367 160.70763087243938
119.41034000297466 161.032863887988
120.35597195917725 161.3581025748142
121.30160240592498 161.68334565034957
122.24723168458956 162.00859212201726
123.19286005935543 162.33384122168962
124.13848773466606 162.65909235494917
125.0841148687297 162.9843450618135
126.02974158397323 163.3095989863367
126.97536797513331 163.63485385308206
127.92099411551852 163.9601094489143
128.86662006185557 164.2853656089085
129.8122458580397 164.61062220544605
130.7578715380369 164.9358791397761
131.70349712812998 165.26113633548601
132.64912264865634 165.58639373344838
133.59474811535287 165.91165128791096
134.54037354039662 166.23690896347117
135.48599893321 166.56216673273502
136.431624301084 166.88742457450542
137.3772496496603 167.21268247238027
138.3228749833043 167.5379404136679
139.2685003053939 167.86319838854774
140.21412561854294 168.18845638942062
141.15975092477385 168.51371441040652
142.10537622565164 168.8389724469556
143.05100152238725 169.16423049554726
143.99662681591775 169.48948855345725
144.94225210696817 169.8147466185776
145.8878773960995 170.1400046892772
146.8335026837459 170.46526276429398
147.7791279702433 170.79052084265132
148.72475325585162 171.11577892359355
149.67037854077196 171.44103700653588
150.61600382515996 171.76629509102588
151.56162910913605 172.09155317671343
152.5072543927934 172.41681126332765
153.45287967620413 172.74206935065888
154.39850495942403 173.06732743854496
155.34413024249625 173.39258552686036
156.2897555254542 173.71784361550795
157.23538080832375 174.04310170441258
158.18100609112489 174.3683597935161
159.12663137387307 174.69361788277354
160.0722566565803 175.01887597215008
161.0178819392558 175.34413406161877
161.9635072219068 175.66939215115877
162.90913250453883 175.9946502407539
163.85475778715616 176.3199083303918
164.80038306976215 176.6451664200627
165.74600835235935 176.97042450975914
166.69163363494974 177.29568259947536
167.63725891753487 177.62094068920692
168.58288420011593 177.94619877895025
169.52850948269383 178.2714568687028
170.4741347652693 178.59671495846248
171.41976004784289 178.9219730482276
172.365385330415 179.247231137997
173.31101061298597 179.57248922776967
174.25663589555606 179.89774731754488
175.20226117812547 180.22300540732203
176.1478864606944 180.54826349710072
177.09351174326292 180.87352158688057
178.0391370258311 181.19877967666136
178.98476230839907 181.5240377664428
179.94772662577094 181.7936666288974
180.9371268315815 181.93888106599633
181.93633883506044 181.899190108542
182.9039816628216 181.6468661939354
183.78959410284702 181.18244116653892
184.59586885300004 180.5908999361368
185.339080862792 179.92184395305242
186.03317413901806 179.20195887618405
186.68942633027103 178.44741725276248
187.3170522303079 177.66890217288096
187.92335612663857 176.8736691345241
188.51389925347686 176.06666305316907
189.09279479763086 175.25126134299265
189.6630435522751 174.42978927540503
190.22683097482772 173.60386933850347
190.78575729850462 172.77465201795292
191.34100417084582 171.94296643387963
191.89345195199385 171.10941892527282
192.44376184080355 170.27445843143
192.99243378747732 169.43842069607757
193.53984785495032 168.60155879663859
194.08629417886294 167.7640646682518
194.6319949576719 166.926084561085
195.17712077750494 166.0877303158215
195.72180284447995 165.24908769472725
196.26614221833967 164.41022260064716
196.81021682270966 163.57118575707017
197.35408679100854 162.73201625239153
197.8977985570466 161.89274423720707
198.44138799324065 161.05339298483517
198.9848828229798 160.213980470009
199.52830447785374 159.37452058114349
200.0716695291614 158.53502405284962
200.61499079227383 157.6954991842186
201.1582781791991 156.855952392665
201.7015393571088 156.0163886413178
202.2447802571948 155.17681176903403
202.78800546799596 154.33722474534318
203.33121853949882 153.49762986747146
203.8744222182964 152.6580289126478
204.4176186294612 151.8184232558674
204.96080941722266 150.97881396096227
205.5039958537887 150.13920185103848
206.04717892353136 149.29958756296037
206.5903593881169 148.4599715894983
207.13353783689547 147.6203543119352
207.67671472588785 146.78073602529264
208.2198904079503 145.94111695784835
208.76306515611418 145.1014972862368
209.30623918164503 144.26187714713305
209.84941264801543 143.42225664629285
210.39258568171738 142.58263586554773
210.93575838062787 141.74301486821722
211.47893082048236 140.90339370329667
212.02210305988362 140.06377240869784
212.5652751441774 139.22415101375609
213.10844710845166 138.38452954117068
213.65161897985664 137.54490800850584
214.19479077940088 136.70528642935255
214.73796252334046 135.86566481422722
215.281134224254 135.0260431712673
215.8243058918747 134.18642150676945
216.36747753373385 133.34679982560584
216.9106491556592 132.50717813154657
217.45382076216003 131.6675564275088
217.99699235672568 130.82793471574988
218.54016394205604 129.9883129980164
219.08333552024033 129.14869127565996
219.626507092895 128.30906954972627
220.169678661271 127.46944782102463
220.71285022633623 126.62982609018115
221.25602178883963 125.7902043576804
221.79919334936073 124.9505826238972
222.34236490834797 124.11096088912171
222.88553646614832 123.27133915357842
223.42870802303025 122.43171741744099
223.97187957920153 121.59209568084381
224.51505113482295 120.75247394389092
225.0582226900189 119.91285220666276
225.60139424488563 119.0732304692216
226.14456579949754 118.23360873161565
226.68773735391235 117.39398699388217
227.23090890817463 116.55436525605
227.77408046231886 115.71474351814146
228.3172520163718 114.87512178017388
228.86042357035404 114.03550004216055
229.40359512428162 113.19587830411186
229.94676667816688 112.3562565660358
230.4899382320194 111.51663482793855
231.03310978584662 110.67701308982492
231.5762813396554 109.83739135169938
232.11945289351496 108.99776961360669
232.6621691348014 108.15785349788801
233.20544948135682 107.31830215041329
233.7488943736232 106.47885730465534
233.8941511672425 106.25448300571483
234.4803821064325 107.06462812031683
235.066612511924 107.87477249737395
235.65132511942033 108.68601300834146
236.23640659609353 109.49698752437381
236.8216816427597 110.30782235326927
237.4582206538826 111.07906685880477
238.11447216195185 111.8336090764154
238.7759194971724 112.58360069152164
239.43644854992553 113.33440117798196
240.09385687740703 114.0879357100095
240.747700662506 114.84456527901105
241.3982569079278 115.60402335655232
242.0460373127407 116.36585046760864
242.69177572571817 117.12940917655334
243.33616260572944 117.89410882273434
243.9797217780921 118.65950518519492
244.6228035394623 119.42530270947465
245.26562351409706 120.19131999401237
245.90854097194648 120.95725546282969
246.55187317997883 121.72284260359699
247.19580497828517 122.48792550049767
247.84039554955103 123.25245345645163
248.48584900887946 124.0162530583375
249.13233728420315 124.77917697975366
249.77991810527723 125.54117375151655
250.42854494995825 126.30228032510475
251.0781073769632 127.06258858720864
251.72879898765572 127.82193068914582
252.38082856384912 128.5801242210155
253.0342753176248 129.33709670398963
253.68933235689843 130.09267613416097
254.34611929395624 130.8467523367494
255.00461270233612 131.59933883086174
255.6646733003784 132.35055118892836
256.3264590796406 133.10024418100332
256.9901275014069 133.84827106952417
257.6556918670897 134.59461152476786
258.32334761311586 135.33908167514207
258.993221193027 136.0815568511157
259.6655287296097 136.82182881212336
260.3403570931449 137.55980352698046
261.0176054900933 138.29555797571382
261.697405393256 139.02895561114764
262.37983835459073 139.75990379897212
263.0651219315552 140.48818013330055
263.7533414574094 141.2136826379365
264.4446865663728 141.93620733669246
265.13920328292625 142.65568390366863
265.83705526486557 143.37192590976946
266.5382660879141 144.084879892604
267.2429929623343 144.7943585973372
267.95125225120546 145.50031098930688
268.66320663541416 146.20253670430594
269.3788727368991 146.90097927974455
270.0984254091906 147.59541714723028
270.8221188550671 148.2855387281096
271.54997102156074 148.9712728046513
272.2820645118728 149.65247697481078
273.0185318635829 150.32895006360675
273.7592881007037 151.0007239818014
274.5043459037982 151.66772388438608
275.25376758269596 152.32981688933185
276.00759568939776 152.98688856392022
276.7658226727868 153.63887923997382
277.5282304854274 154.2859760852949
278.29467507432 154.92828651815213
279.06506948030443 155.56585412964753
279.8393268823581 156.19872495008812
280.6173321245178 156.82698273410043
281.3989374200604 157.45075605990056
282.1839688316545 158.07021201701986
282.97214376075516 158.68566329952498
283.7632580114499 159.29733170834442
284.5571501782091 159.90539028081787
285.3536632619091 160.51001157344217
286.15263116722224 161.11138523954298
286.95387943396486 161.70971726696746
287.7572304960288 162.30522299412775
288.5625089374642 162.89811980788153
289.3695453732202 163.48862145170847
290.17817890403893 164.07693413458688
290.98825847761253 164.66325408519302
291.79964350520305 165.2477661355409
292.61220399933654 165.8306430036473
293.42582041137825 166.4120450453158
294.24038328321126 166.9921203230438
295.0557927849967 167.57100489219215
295.87195818499 168.14882323722264
296.68879728172686 168.7256888108549
297.506235819383 169.30170464150066
298.3242069011274 169.87696398251984
299.14265041129664 170.45155098260062
299.96151245437807 171.02554136091763
300.7807448166411 171.59900307421756
301.60030445455914 172.17199696589154
302.42015301279264 172.74457738955485
303.24025637338616 173.3167928017409
304.06058423692093 173.88868632007137
304.8811097356359 174.4602962447214
305.70180907795515 175.03165654218418
306.52266122341933 175.60279729128794
307.3436475866953 176.17374509215497
308.1647517691081 176.7445234393479
308.98595931599607 177.31515306084881
309.80725749810773 177.8856522247922
310.628635115233 178.456037016039
311.4500823202763 179.0263215847646
312.27159046202496 179.59651836925275
313.0931519449369 180.16663829505393
313.91476010435656 180.73669095259976
314.7364090956656 181.3066847552686
315.5580937959771 181.87662707978393
316.3798097170871 182.44652439070433
317.201552928501 183.01638235063393
318.0233199894559 183.58620591765228
318.8451078889567 184.15599943133432
319.66691399293643 184.7257666886085
320.48873599773987 185.2955110105819
321.31057188920903 185.86523530135165
322.13241990672464 186.4349420997187
322.954278511626 187.0046336246246
323.77614635949453 187.57431181504435
324.59802227584277 188.14397836498986
325.4199052348019 188.71363475420412
326.24179434044737 189.28328227506353
327.06368881044324 189.8529220561447
327.88558796172305 190.42255508286055
328.7074911979587 190.99218221552317
329.52939799859695 191.5618042051484
330.3513079092714 192.13142170728048
331.17301681219556 192.70132913735588
331.99391949806466 193.2723972421673
332.8129777229949 193.8461076431312
333.62740128006334 194.42637850203428
334.43198464615614 195.02021821694632
335.2192064765254 195.63688813658732
335.9796857358912 196.28625035913683
336.7028170600777 196.97696092658185
337.37648127136055 197.71599849696415
337.99006855729255 198.505625397812
338.5360252011275 199.34343882755184
339.01022017672375 200.22385868484682
339.411731866243 201.13971258322766
339.74237873736797 202.08346713109233
340.00611253264816 203.048062634517
340.2083375947482 204.02740170974002
340.35475718763 205.01662428470496
340.45169181837883 206.01191503486874
340.5056152477793 207.010460108344
340.52259615835067 208.01031592228728
340.508002802596 209.0102094336013
340.46641310681036 210.00934420789577
340.4016730165917 211.00724636778847
340.3170128665917 212.00365625282674
340.2151641416375 212.99845615090936
340.0984552008905 213.99162231180577
339.96888409539054 214.98319244478654
339.82817327967655 215.9732431840626
339.6778116205049 216.96187424338208
339.51908781101787 217.9491972666637
339.3531178737014 218.93532807944015
339.1808683881129 219.92038143571813
339.0034632514351 220.90451934144087
338.8221854776147 221.88795127539396
338.63832832854047 222.87090424921027
338.4530572335143 223.85359169766363
338.2673344944258 224.83619388786346
338.0819002737938 225.81885056739023
337.8977314612025 226.80174519473778
337.716041996814 227.78510115192225
337.53806608140184 228.76913599558034
338.2062351778512 229.51314544347065
338.87979732762943 230.25227603435846
339.5533896801183 230.99137910069533
340.2269822023073 231.73048201237347
340.9005747254498 232.46958492318254
341.57416724859775 233.20868783398674
342.24775977174573 233.94779074479092
342.92135229489367 234.68689365559513
343.5949448180416 235.42599656639936
344.26853734118953 236.16509947720357
344.94212986433746 236.90420238800775
345.6157223874854 237.64330529881192
346.2893149106333 238.3824082096161
346.96290743378125 239.12151112042028
347.6364999569292 239.8606140312245
348.3100924800771 240.59971694202866
348.98368500322505 241.33881985283284
349.657277526373 242.07792276363708
350.3308700495209 242.81702567444123
351.00446257266884 243.5561285852454
351.6780550958168 244.29523149604958
352.3516476189647 245.03433440685376
353.02524014211264 245.77343731765797
353.6988326652605 246.51254022846217
354.3724251884085 247.25164313926632
355.0460177115564 247.99074605007056
355.71961023470436 248.72984896087465
356.3932027578523 249.46895187167888
357.0667952810002 250.20805478248306
357.7403878041481 250.94715769328727
358.4139803272961 251.6862606040914
359.087572850444 252.42536351489562
359.76116537359195 253.1644664256998
360.4347578967398 253.903569336504
361.10835041988776 254.64267224730818
361.78194294303574 255.38177515811233
362.4555354661836 256.12087806891657
363.12912798933155 256.85998097972066
363.81918962191986 257.58373158816914
364.5093428031854 258.307394898272
365.1994964986842 259.0310577179535
365.8896501970716 259.75472053488016
366.5798038954753 260.4783833517913
367.269957593879 261.20204616870245
367.9601112922827 261.9257089856135
368.6502649906864 262.64937180252457
369.34041868909014 263.3730346194356
370.03057238749386 264.0966974363467
370.7207260858976 264.8203602532577
371.4108797843013 265.5440230701688
372.101033482705 266.2676858870799
372.7911871811088 266.9913487039909
373.4813408795125 267.71501152090207
374.1714945779163 268.4386743378131
374.86164827631995 269.1623371547242
375.55180197472373 269.8859999716352
376.24195567312745 270.6096627885463
376.93210937153117 271.3333256054574
377.6222630699349 272.05698842236853
378.3124167683386 272.7806512392796
379.0025704667424 273.50431405619065
379.69840407595456 274.22251708339866
380.39426946944053 274.9406893149341
381.0901350414618 275.6588613734797
381.7860006144858 276.3770334310536
382.48186618751544 277.095205488622
383.1777317605451 277.8133775461904
383.8735973335748 278.53154960375883
384.56946290660454 279.24972166132727
385.26532847963426 279.9678937188957
385.961194052664 280.6860657764641
386.65705962569365 281.4042378340325
387.3529251987233 282.1224098916009
388.048790771753 282.84058194916935
388.7446563447827 283.55875400673773
389.44880798965266 284.26880362544534
390.15300591141414 284.9788073486657
390.85720409309687 285.68881081409023
391.5614022762395 286.3988142780667
392.2656004593903 287.108817742035
392.9697986425412 287.81882120600324
393.67399682569203 288.5288246699716
394.37819500884297 289.2388281339398
395.09362011264017 289.9375175648437
395.809107762933 290.6361429453435
396.52459576447825 291.3347679661127
397.2400837679962 292.0333929848615
397.95557177152534 292.732018003599
398.6854296442499 293.4156169252058
399.4153673290825 294.0991306238697
400.14530546202474 294.7826438439883
400.87524359748295 295.46615706141995
401.62607322895525 296.126652984574
402.37701811634867 296.7870178656039
403.1447444134812 297.4277957777476
403.9125634500951 298.0684625608831
404.69882818549024 298.6863523292674
405.48519450223074 299.3041128135135
406.2920911960041 299.8948053947922
407.1067872586996 300.47469359559335
407.9266234610196 301.04729171064923
408.7493014008304 301.6157994127507
409.5728943297062 302.1829807660283
410.39584612360335 302.75109197426264
409.64316707331477 302.09270436254997
408.8904880230262 301.4343167508373
408.13780897273773 300.7759291391247
407.3851299224491 300.117541527412
406.6324508721605 299.4591539156993
405.879771821872 298.8007663039867
405.12625282852434 298.14334016618534
404.3727338351767 297.48591402838406
403.61921484182903 296.8284878905828
402.8656958484814 296.17106175278144
402.1121768551337 295.51363561498016
401.35865786178607 294.8562094771788
400.60424630905777 294.19980776396494
399.8498347563295 293.5434060507511
399.09542320360123 292.88700433753723
398.34101165087293 292.23060262432335
397.58660009814463 291.57420091110953
396.8321885454164 290.91779919789565
396.0767618838502 290.262565988271
395.32133522228406 289.6073327786463
394.56590856071796 288.9520995690217
393.8104818991518 288.296866359397
393.0550552375857 287.64163314977236
392.29962857601953 286.98639994014775
391.5430168610395 286.33253549490314
390.78640514605956 285.67867104965853
390.02979343107955 285.0248066044139
389.27318171609954 284.3709421591694
388.5165700011195 283.7170777139248
387.7588189786149 283.06453393156744
387.0010679561103 282.4119901492101
386.2433169336057 281.7594463668527
385.48556591110116 281.1069025844954
384.7267529121613 280.4555940303984
383.96793991322147 279.8042854763014
383.2091269142816 279.1529769222044
382.4503139153418 278.5016683681074
381.69030986316847 277.8517500342529
380.93030581099515 277.20183170039843
380.1703017588219 276.551913366544
379.41029770664863 275.9019950326895
378.6489297945198 275.2536749710066
377.88756188239097 274.6053549093237
377.1261939702621 273.9570348476407
376.3648260581332 273.3087147859578
375.60185180317796 272.6622859141741
374.8388775482227 272.01585704239045
374.07590329326746 271.3694281706068
373.31292903831223 270.7229992988231
372.5479790926975 270.0789095685028
371.78302914708274 269.4348198381826
371.018079201468 268.7907301078624
370.2513491155963 268.14876050155755
369.4846190297246 267.5067908952527
368.7178889438529 266.86482128894784
367.9490451066326 266.22538469790203
367.18020126941224 265.5859481068562
366.40955762922874 264.948681773331
365.63891398904525 264.3114154398057
364.86827034886164 263.67414910628054
364.0947753904178 263.04034665341226
363.32128043197383 262.40654420054386
362.5453126613641 261.7757716432975
361.76934489075444 261.14499908605126
360.99061317884855 260.51764199405966
360.2118814669427 259.89028490206806
359.4299197305197 259.26695846851146
358.64795799409677 258.64363203495486
357.86210521476517 258.0252184118701
357.07371157350343 257.4100473247586
356.28273068091255 256.7982064732652
355.4917497883216 256.1863656217719
354.69622151157216 255.58044915814676
353.89760868658004 254.9786040320902
353.0960692490435 254.38066212013425
352.3051145566515 253.76878739882028
351.52747158439036 253.14008126103187
350.7554956264213 252.50442953223867
349.9900322098312 251.8609501169795
349.2312793512542 251.20957150234648
348.4790639772396 250.5506541850023
347.7330301202484 249.8847461701663
346.9927548590836 249.21244226737568
346.25781094920063 248.53431436695726
345.52779491333314 247.8508843505135
344.8023359456926 247.1626189320375
344.0829337076158 246.46802522356467
343.3662397761841 245.77063737691907
342.652112624273 245.07062136931404
341.9403838435513 244.36816699877284
341.2308883397978 243.66345703704843
340.52346954138375 242.95666241083063
339.8179813331833 242.24794075313272
339.1142884341636 241.53743649285747
338.4122660103001 240.82528165267678
337.7117989634943 240.11159690691073
337.0127811261027 239.39649267464216
336.31511446967204 238.68007014812247
335.61870837203713 237.96242222108796
334.9234789554021 237.24363431200402
334.2291774949791 236.52395001868197
333.53568915417577 235.80348216987136
332.8429457261916 235.082298044294
332.1508948179388 234.36044934796868
331.45949064741643 233.6379811666733
330.76869135176537 232.9149346030773
330.07845812577534 232.1913476395826
329.3887548529553 231.46725552150554
328.69923982704154 230.7429841434716
328.0098420329843 230.0186011773901
327.32054454845047 229.29412275961957
326.63133964533864 228.56955626748336
325.9417939268489 227.8453141103892
325.2518682682233 227.1214338816427
324.56157975642816 226.39789965958843
323.8701260498182 225.67547888772805
323.17749089824997 224.9541907713612
322.48182967243883 224.23582076996712
321.7606783429635 223.5430432010491
321.0275201398608 222.8629850791042
320.26557876210916 222.21533908253676
319.4636114535118 221.6179711591084
319.11257922944014 222.55433453817835
319.5613582085649 223.4479773235774
320.0554253696148 224.317401063978
320.573510836116 225.17272991851303
321.105151668499 226.01969982668163
321.64593122297777 226.86086418247532
322.1909551144218 227.6992846961528
322.7409896618843 228.5344265982256
323.2974148624279 229.3653243032411
323.8560645627713 230.1947280121225
324.4185425307776 231.02154028556038
324.98260969918994 231.84726919356785
325.54849892917497 232.67175047254693
326.1162288625238 233.49496534290563
326.6862974873734 234.3165624235736
327.257294062003 235.1375148654125
327.82934836495997 235.95773061414474
328.4024734231203 236.77719853158186
328.9766119253514 237.5959567255902
329.55167475640064 238.414065972785
330.1278992265603 239.23135745077138
330.7046167693013 240.04830106932462
331.28189344768793 240.8648496818339
331.85973798105715 241.6809965407112
332.4381283674585 242.49675665307177
333.0170289368325 243.31215479556317
333.59640013826754 244.12721860346275
334.17620341929535 244.941975104087
334.76796456028734 245.7480884658494
335.3796924252561 246.53915674306748
336.02550744382336 247.3026506603929
336.68753049533797 248.0521341353697
337.3678577886926 248.7850425702486
338.06663246784154 249.50038441005688
338.78304093868644 250.19806549974015
339.5158601439879 250.87848890640794
340.26374208224684 251.54232066704162
341.0253538670512 252.19035422269062
341.79944084091784 252.82343348857285
342.5848502595465 253.44241009970563
343.3805357820222 254.04812005448804
344.1855532801637 254.64137112080493
344.99905318386413 255.22293617020117
345.820271814537 255.79354984041575
346.65165624446115 256.3492475367217
347.48739234791964 256.8983788191816
348.32786299372526 257.4402358976987
349.1730387999255 257.974724304134
350.02270291981193 258.50204857190255
350.8765656268971 259.02254686916126
351.7343200618732 259.53660652453095
352.59566764979337 260.0446225998515
353.4603284514144 260.5469787465642
354.3279090954327 261.04427526387036
355.19806264664163 261.53705594258906
356.07051418578055 262.02575657882164
356.9450467425221 262.51072338923154
357.82148330915146 262.9922407250305
358.6996736164892 263.4705521132475
359.5792680009845 263.9462765279713
360.4599852722847 264.4199188909769
361.34163887486596 264.8918160461447
362.2241078905184 265.3621865771236
363.1070203066231 265.83172429178353
363.99010871077627 266.3009309311762
364.87297353872054 266.77055811903796
365.75536863055277 267.24106731332677
366.637183186504 267.7126636331942
367.5178978853297 268.18631077957247
368.39691225316 268.6631060617931
369.2739125665986 269.1435958642121
370.1483540494736 269.62872687025833
371.01966120588554 270.1194649258291
371.8873171374862 270.6166300738013
372.75088898143366 271.12085588664826
373.6100325460782 271.63259052035
374.46465361663917 272.15184269969365
375.314488555866 272.6788916310742
376.159361022446 273.2138594013324
376.99919767090427 273.7566986076415
377.83400493132945 274.3072409202219
378.6638478088999 274.8652380515278
379.4888341030012 275.430390787118
380.3091025719513 276.00236949200666
381.124813784569 276.5808288402843
381.9361429227488 277.1654184651842
382.7432741008708 277.7557906031645
383.54639591318795 278.3516054691928
384.34569799024166 278.9525349073282
385.14136838351993 279.558264735932
385.9335916236033 280.1684961165343
386.7175842354082 280.78926627096774
387.4999911340718 281.4120338399079
388.2796119411899 282.03828570386406
389.0561017821413 282.66841547375213
388.21675375849213 282.1248210521507
387.41541156986364 281.5266148195485
386.6237734239746 280.91562460197264
385.83450145393664 280.30158082722016
385.0458009168858 279.68680325536525
384.2572381783089 279.0718489421613
383.4687087114585 278.4568519666334
382.6801873076239 277.8418446531039
381.89166787301417 277.2268348147739
381.10336152603014 276.6115518690451
380.31556901213 275.9956111616366
379.52850175841945 275.37874396512143
378.74221819952413 274.76087815039233
377.95665357898775 274.14209852325394
377.1716792499706 273.5225702327101
376.3871523923071 272.9024753935083
375.6029450142694 272.28197657140527
374.81895540058235 271.6612026305613
374.0351088644554 271.04024803656773
373.2513535830339 270.4191782668607
372.46765509988 269.7980368276519
371.6839912563581 269.1768516858814
370.90034817852575 268.5556403477964
370.1167173679267 267.9344135352071
369.3332363300113 267.3129978424321
368.55010394039385 266.69114282690833
367.7674600681411 266.06867309332677
366.9853425935821 265.44554208303316
366.20370729079366 264.8218063590003
365.422467499056 264.19757532179875
364.6415273296117 263.5729694846916
363.86110994413986 262.94771057475646
363.0815853323835 262.32133897604996
362.3032119073946 261.69353740606863
361.526857790185 261.0632404247244
362.4526331956044 261.4413143576006
363.3351834671626 261.911532411457
364.18762973190735 262.43434725987163
365.02175334612275 262.98592481217787
365.84544571666066 263.55296174106144
366.6633521152048 264.12831304524053
367.4780181080535 264.70824348942836
368.29077237485933 265.2908501335622
369.1022809628938 265.8751906263798
369.9128613585611 266.46081800121794
370.7226475830812 267.047543039526
371.53167410789 267.63531517407796
372.339916450445 268.22416516830503
373.1473102952649 268.8141780320181
373.9537639961997 269.4054752738927
374.7591652464903 269.9982052512267
375.56338272390326 270.5925403831376
376.366262527158 271.1886813241286
377.16762048751235 271.7868664287382
377.9672384017502 272.387375538769
378.764866479053 272.9905251473225
379.56022963173865 273.59665834666896
380.35303644211285 274.20613136610814
381.14299162982945 274.81929594548274
381.9298125028546 275.4364773724327
382.7132480273359 276.05795044423934
383.49309762997973 276.6839173740818
384.26922655699445 277.31449162716456
385.0415754268064 277.9496901971411
385.81016295136567 278.5894348470537
386.5750821149295 279.23356113374973
387.3364910620395 279.88183300207413
388.0946004501311 280.53396040963145
388.8496591079356 281.189617654901
389.6019396237358 281.8484605994237
390.35172510070197 282.51014159396
391.09929787656586 283.17432149789204
391.8449305957174 283.8406786454718
392.5888796917844 284.5089149378573
393.3313811058729 285.1787594347942
394.0726479263688 285.8499699091104
394.8128695746746 286.5223328404053
395.55221215680115 287.1956622889329
396.2908196330831 287.86979802895894
397.02881551036705 288.54460324908683
397.7663048201211 289.21996205594326
398.5033762035523 289.8957769534758
399.24010397608606 290.57196641596204
399.976550086223 291.24846262945044
400.7127659173989 291.9252094432044
401.44879390667546 292.6021605485299
402.18466906589765 293.279277783608
402.9204206026159 293.95652934412055
403.65607377841275 294.6338877462534
404.3916519093067 295.3113276427391
405.12717817844924 295.9888238474527
405.8626768622253 296.6663499990983
406.5981737020254 297.3438781524943
407.333695398327 298.021379321696
408.06926843704343 298.6988247473308
408.80491759342056 299.3761875147765
409.5406644730427 300.0534441346233
410.2765263701268 300.7305757823992
411.0125155990743 301.40756902821
411.74863933155575 302.08441602013477
412.4848998771591 302.76111418696246
413.2212952915344 303.4376655846308
413.9578201791188 304.1140760295301
414.69446656783185 304.79035415130846
415.4312247588439 305.4665104704955
416.168084085548 306.1425565729538
416.9050335452463 306.81850442142326
417.6420622909656 307.49436581844446
418.3791599879152 308.1701520162553
419.1163170496902 308.84587345758695
419.8535247745631 309.5215396254448
420.5907754035301 310.1971589784002
421.32806212055885 310.87273894916086
422.06537901285174 311.5482859870046
422.80272100571614 312.2238056281393
423.54008378338244 312.89930258158336
424.27746370414985 313.57478082138766
425.0148577157283 314.2502436787591
425.7522632746283 314.92569392985337
426.48967827190523 315.6011338766962
427.2271009664277 316.27656541993593
427.96452992604895 316.95199012300196
428.70196397652944 317.62740926782385
429.43940215773347 318.30282390262414
430.17684368644325 318.978234882498
430.9142941773601 319.65363607693473
431.65175503976195 320.3290259468806
432.38922456352225 321.0044063593333
433.12670020538906 321.6797800911686
433.8641797534235 322.3551495576319
434.60166163281247 323.0305164783297
435.3391448383402 323.7058819509182
436.0766287715668 324.3812466288756
436.8141130931262 325.0566108827816
437.55159761736024 325.7319749153709
438.28908224547183 326.40733883452793
439.0265669260287 327.08270269641565
439.76405163273023 327.75806652975393
440.5015363523247 328.43343034901335
441.2390210782181 329.1087941613945
441.97650580716385 329.7841579704425
442.7139905375782 330.45952177788683
443.4514752686947 331.1348855845645
444.188960000145 331.8102493908775
444.92644473175324 332.48561319701815
445.6639222692447 333.16098485891666
446.40139014947 333.8363670659936
447.13884957467275 334.51175850521946
447.87630289317644 335.18715661228515
448.613752262965 335.86255903084646
449.351179338474 336.5379857909813
450.0885783162812 337.2134432267453
450.82595313475554 337.8889270363809
451.5632545460496 338.56449097036773
452.30042956206626 339.2401928245615
453.03743624049577 339.9160782852354
453.77424427554195 340.5921802889977
454.51083174233196 341.26852258677883
455.2471819521321 341.94512318427144
455.9832815864564 342.6219963838795
456.7191200141762 343.29915353572153
457.4546893189271 343.97660301568914
458.1899846123772 344.6543498942729
458.92500436952577 345.33239558344235
459.6597506571662 346.01073760101053
460.3942292073781 346.689369503649
461.128449328478 347.3682809955035
461.8624236673858 348.04745819611077
462.5961678546298 348.7268840328918
463.32970008121566 349.406538704442
464.0630406717561 350.08640014493255
464.7962117228527 350.76644441542805
465.52923686365284 351.4466459612621
466.26214116660304 352.126977705867
466.99495120105496 352.80741098944935
467.72769520169356 353.4879153829165
468.46040333842717 354.168458391377
469.1931081264182 354.84900500525066
469.92584507876575 355.52951698799933
470.6586537421484 356.20995174818677
471.3915792453879 356.8902606535387
472.12467443821095 357.5703866994007
472.8580026310884 358.2502615125325
473.59164090328443 358.9298017141168
474.32568396166425 359.60890464331413
475.0602486567484 360.2874433000876
475.7954795887803 360.9652599984534
476.5315568988964 361.64215747483547
477.26870841502506 362.31788496596573
478.0072296647045 362.9921151668408
478.7475164704773 363.66440635761955
479.4901153659539 364.33414278371333
480.23579603921297 365.0004462682667
480.9856471392303 365.66205289444486
481.7411980783702 366.31714279542405
482.5045597080234 366.96311417433583
483.2785598047592 367.5962996528908
484.06682898633346 368.2116302123304
484.87396270282 368.80199887995315
485.70536316135315 369.35767259496123
486.566500946054 369.866044226507
487.46172855770516 370.3116533863515
488.392965067521 370.6760687575776
489.35798707818935 370.93823763240016
490.34954173568894 371.0679271122778
491.34922840590343 371.0428959038454
492.3316530655742 370.8562363526008
493.27118706916286 370.5137807261313
494.14617339909364 370.029633101502
494.941156648948 369.4230017204715
495.6480094563706 368.7156410567088
496.2657501298073 367.9292591772241
496.7989801510595 367.0832888796158
497.25570008018485 366.1936783432912
497.6452964624247 365.27269264364895
497.9772367823708 364.32939225459245
498.2604655705566 363.3703398819126
498.5021218982764 362.3999779807268
498.70962090273554 361.4217427517822
498.89027969745337 360.4381969216903
499.05003387172815 359.4510400933181
499.19184647793315 358.46114657140714
499.31894767748724 357.4692568169122
499.4352425873002 356.47604208990117
499.54439986636135 355.4820175990419
499.6492310041935 354.4875275626208
499.74263595513116 353.49189936136275
499.82345469303334 352.4951705458849
499.8940330530183 351.4976643077581
499.96461141300324 350.5001580696313
