0.12240811855292259
139346
1414
0.0 100.0
0.0 99.0
0.0 98.0
0.0 97.0
0.0 96.0
0.0 95.0
0.0 94.0
0.0 93.0
0.0 92.0
0.0 91.0
0.0 90.0
0.0 89.0
0.0 88.0
0.0 87.0
0.0 86.0
0.0 85.0
0.0 84.0
0.0 83.0
0.0 82.0
0.0 81.0
0.0 80.0
0.0 79.0
0.0 78.0
0.0 77.0
0.0 76.0
0.0 75.0
0.0 74.0
0.0 73.0
0.0 72.0
0.0 71.0
0.0 70.0
0.0 69.0
0.0 68.0
0.0 67.0
0.0 66.0
0.0 65.0
0.0 64.0
0.0 63.0
0.0 62.0
0.0 61.0
0.0 60.0
0.0 59.0
0.0 58.0
0.0 57.0
0.0 56.0
0.0 55.0
0.0 54.0
0.0 53.0
0.0 52.0
0.0 51.0
0.0 50.0
0.0 49.0
0.0 48.0
0.0 47.0
0.0 46.0
0.0 45.0
0.0 44.0
0.0 43.0
0.0 42.0
0.0 41.0
0.0 40.0
0.0 39.0
0.0 38.0
0.0 37.0
0.0 36.0
0.0 35.0
0.0 34.0
0.0 33.0
0.0 32.0
0.1089067443781119 31.00594802901007
1.0999255081476766 30.8722251444441
2.099653714067371 30.848911751542385
3.0909605695473084 30.98048195439424
4.030180438205957 31.323798190999543
4.934789907855073 31.750039563253743
5.796991035562458 32.25660566494247
6.615147040771265 32.8316019702704
7.392292781416514 33.4609226339999
8.133872433247017 34.13178746389558
8.84580567632843 34.83403461226685
9.533525403346934 35.56001090462742
10.202209456130543 36.303557565942555
10.857970161649535 37.05852637132277
11.509222008021961 37.81738804026942
12.167097191256946 38.57051501713556
12.8442737197853 39.3063356129402
13.552799399588125 40.012020642581575
14.302198463680496 40.67413924429692
15.098677998179376 41.278804731260124
15.945151296569993 41.81123590532087
16.841208113679606 42.25517529365152
17.782419266289267 42.59299413001679
18.759221536710214 42.807137363625706
19.75634775605857 42.88289554924317
20.753800979275972 42.811571868090184
20.357463365414734 41.89346702884862
19.65294753307301 41.18377875785927
18.83953856482471 40.6020865279187
17.99619056297615 40.06471873229076
17.14401163534408 39.54146824227679
16.290004893709792 39.021206303208416
15.434287059025552 38.50376356492396
14.569922460171334 38.00089793650261
13.682440420080919 37.54005563319598
13.914061357099994 38.512861750330536
14.583999883089586 39.25527832570779
15.452290562341556 39.75133406483813
16.408344113657943 40.044526164007465
17.39573232218013 40.202843963611116
18.395406369456353 40.17731360516521
19.38453428553627 40.03025591025808
20.338248040324046 39.72953997465006
21.258749264096927 39.33880029528203
22.13062617349395 38.849075214384285
22.971099686875394 38.307222583769416
23.785068532933735 37.72631405599034
24.573960138164555 37.111781684836195
25.35407436663333 36.48614457712873
26.133948161956933 35.860207788493035
26.921018910260727 35.2433450507916
27.72245175443213 34.6452602772993
28.544310667481085 34.075569196939085
29.399568571054306 33.55736661263876
30.277219110868955 33.07806552776303
31.176260950974857 32.640202798429975
32.09573306391322 32.24704757014392
33.03280639701215 31.89791497585507
33.98301383804509 31.58629690993841
34.94101896782507 31.29954584836195
35.899461461592026 31.01426005106076
36.85358299670367 30.714840452109406
37.7988929909878 30.388667162727
38.73062724117476 30.025526298834546
39.64386639441805 29.618102380803858
40.533895968590045 29.16219958732787
41.39666061506019 28.6565938468529
42.229208189618596 28.10264029636611
43.03003359906397 27.503742422278513
43.7897718591006 26.853513403980713
44.52432438052898 26.174961568626035
45.237779113970376 25.474260246142578
45.93351199449031 24.75595964126783
46.61751698496865 24.02648231262716
47.29928880319575 23.294917422906966
47.991390617376226 22.573117534566656
48.7077136411444 21.87534871495688
49.460907292134934 21.217549867202063
50.26018875173108 20.616593006565747
51.12842259908554 20.120437802715113
52.03827811829243 19.705512587563334
52.98478815342166 19.38283821083091
53.9622514392525 19.17173272806746
54.961204944247655 19.125995490963504
55.95952427805458 19.183948124616254
56.94087110923829 19.37619379277471
57.90322153353196 19.64800560425793
58.84254208095451 19.991046285795566
59.74420448238226 20.42348693357459
60.61956729661608 20.906953523378522
61.46954324291498 21.43377502133897
62.2941788704751 21.999439304954727
63.09520752802804 22.598065306544132
63.870767238201346 23.22933952267838
64.63221095904842 23.877570546297697
65.38159736375043 24.53970347588798
66.11949990170993 25.214610761722795
66.84699374909064 25.90072496651905
67.56631428039071 26.595403290097806
68.28152642608651 27.29431071361626
68.99593141232072 27.994043173663464
69.713712531211 28.690311990547155
70.43943917888704 29.378295153751687
71.17773577407333 30.052771348688427
71.93241718916038 30.70886277655669
72.70592477539091 31.342649818112307
73.49922636783687 31.95147868029175
74.31204875997932 32.53399027574014
75.14325241793757 33.08995833147429
75.99120531864152 33.620029909836845
76.85408124716665 34.125445710907485
77.7300618205107 34.60779209590877
78.61757609386748 35.06857231964669
79.51622836110042 35.50723403737128
80.42745951030426 35.91912940359995
81.3533427009817 36.29693929921011
82.29564958547806 36.6316895575084
83.26076368129725 36.893519238887535
84.23852547117248 37.103237817606725
85.2263003218396 37.259125098645114
86.22145368248383 37.35746018291567
87.22067845585026 37.39682834633227
88.22050943426737 37.37844317302651
89.21784843150607 37.30553964370918
90.21026364760911 37.18260861082013
91.19606695338773 37.014704345490344
92.17177092893228 36.79561132390688
93.14043722725988 36.54724545973816
94.10215258689519 36.27319515953485
95.05653010060935 35.97459247817251
96.00339903723709 35.652972800836906
96.94287236555571 35.3103507563361
97.87526346717674 34.94889974496948
98.80099419444497 34.57071642884958
99.72052939549016 34.177708777475246
100.6343383974357 33.77156458145209
101.54287515586881 33.353759652596715
102.44656917568334 32.92558081314822
103.34582198939864 32.48815153083496
104.2397043376011 32.03984990517197
105.12996018632198 31.584389123305666
106.01699578614762 31.122688089473183
106.90131070771608 30.655797181989044
107.78430136146756 30.186406613924962
108.66578030874106 29.71418329227132
109.56702088600252 29.280864215957543
110.50273075872123 28.92809370401424
111.44168297007306 28.58404611312382
112.32288349484045 28.111303439833506
113.18364843556432 27.602300771057948
114.0381738949608 27.082891260899324
114.89085857857611 26.560465351963074
115.74300522811727 26.03716229667315
116.59499503434843 25.513603923539648
116.9450162756199 25.298511500717222
117.72003052145533 24.82212412649099
117.72008372127881 24.822222878482712
118.19436097304214 25.702598416795674
118.66863822480545 26.58297395510864
119.14291547656876 27.463349493421603
119.61719272833206 28.343725031734568
120.09146998009537 29.224100570047533
120.56574723185868 30.104476108360494
121.040024483622 30.984851646673455
121.51430173538532 31.865227184986416
121.98857898714863 32.745602723299385
122.46285623891194 33.625978261612346
122.93713349067525 34.50635379992531
123.41141074243855 35.38672933823827
123.88568799420186 36.26710487655123
124.35996524596517 37.14748041486419
124.8342424977285 38.02785595317715
125.30851974949181 38.90823149149011
125.78279700125512 39.78860702980308
126.25707425301842 40.66898256811605
126.73135150478173 41.54935810642901
127.20562875654505 42.42973364474197
127.67990600830835 43.31010918305494
128.42364323695685 43.97858127276567
129.2028196052682 44.60538601673715
130.0065623996651 45.200362924234426
130.83372943674195 45.76231905488301
131.68200774088854 46.291869731130504
132.54853183921182 46.79100497034432
133.43634977591609 47.25119983262137
134.33355818569697 47.69280720282535
135.23989238822344 48.11536881174253
136.15508410247077 48.51838757826961
137.07849125878002 48.9022094427808
138.00930602605308 49.26770071357449
138.94668913260406 49.61600074451452
139.8898378823978 49.948371675497484
140.8380175311262 50.26610639776952
141.79057307245284 50.57047121289754
142.74693039260646 50.86267093259037
143.70659172494675 51.143829477206836
144.66912832175097 51.41498127936302
145.63416717229356 51.677088160126246
146.6013825202087 51.9310457761912
147.57049170225892 52.17767787723629
148.54125184309692 52.41772943203278
149.51345576150177 52.651865164116174
150.4869271691581 52.880673858172166
151.46151579980307 53.10467609257524
152.4370929817265 53.324333011679364
153.4135478843206 53.54005464527211
154.39077298467586 53.75225997799399
155.3686627192323 53.961381155900675
156.34733880842074 54.16679077702586
157.32636921600252 54.37050494204705
158.3057362883901 54.57259437156529
159.2854243901768 54.773121734330665
160.26539995753504 54.97223950697006
161.24561588000424 55.17017067009963
162.2260189993837 55.367172506413404
163.2065574608361 55.563499594744485
164.18717838980436 55.75941435597876
165.16782756964014 55.955187658774065
166.14845298344025 56.15107997054084
167.12900928696908 56.347317927139244
168.10945027771476 56.54413119819989
169.08972580016825 56.74176697451216
170.06978547994095 56.94047033151419
171.04957274214217 57.14051262911201
172.0290246805806 57.34219034302509
173.00806768343847 57.545843966992415
173.98662116051963 57.75183690981415
174.96459501292523 57.96056434933985
175.94189440868638 58.172427255590314
176.91841601109743 58.38784675337211
177.89405229829083 58.60724099922075
178.86868564024567 58.831048614707655
179.84218368126653 59.05974396693097
180.81440131869738 59.29382272604497
181.78518779458602 59.53376775773293
182.75439573063338 59.78001149207522
183.72189453997535 60.03288706211279
184.68757395709272 60.29262397392136
185.6513445092561 60.55935665430143
186.61313868497376 60.83313021685922
187.5729126519269 61.113904026818375
188.53064736281607 61.401556983622356
189.4863483090034 61.69589641600719
190.4400438220119 61.99667019888651
191.39178223735988 62.303580590940804
192.34162838762543 62.61629818050949
193.2896598711746 62.934474713584365
194.23596344184938 63.257754085224725
195.180631744963 63.58578121381693
196.12376051854216 63.91820882465434
197.06544629810668 64.2547023499501
198.00578460931763 64.59494323589549
198.94486860133287 64.93863096616923
199.88278805892486 65.28548409224759
200.81962872787562 65.63524052321044
201.75547189144382 65.98765728388267
202.69039414256815 66.34250990730904
203.62446730475696 66.6995915893911
204.55775891693153 67.05871102167593
205.49033291025637 67.41968989498308
206.42225001277703 67.7823612531429
207.3535677520862 68.14656898019993
208.28434019226552 68.51216802916299
209.21461761181777 68.87902484410749
210.14444627578322 69.24701758271542
211.0738683692354 69.61603597277606
212.0029220915793 69.98598080785146
212.93164187481605 70.35676317558854
213.86005867850847 70.72830353493269
214.78820031891482 71.1005307442334
215.71609180065477 71.47338111383824
216.64375563075916 71.84679752793394
217.57121210441872 72.22072865724388
218.4984795584596 72.59512826818994
219.42557459277836 72.96995462444238
220.3525122622563 73.34516997181348
221.27930624266153 73.72074009560487
222.2059689742441 74.09663393952351
223.13251178649756 74.47282327624306
224.0589457696485 74.84928054455263
224.98528279954036 75.22597631974948
225.91153598847805 75.60287820351066
226.8377194021441 75.97995151766837
227.76384731073497 76.3571611370169
228.6899333382067 76.73447356686998
229.61598976984428 77.11185862940255
230.54202712959315 77.489290488616
231.46805402567347 77.86674801965212
232.39407720440522 78.24421467043274
233.32010173635106 78.62167800141269
234.24613240915795 78.99912626676941
235.17217538019597 79.37654435826889
236.09823896729833 79.75391186169638
237.02433332489562 80.13120384521375
237.95046940263657 80.50839340698155
238.87665773029138 80.88545465096718
239.80290741907774 81.26236513639199
240.7292273755611 81.63910289428289
241.65562828736938 82.01564153851578
242.5821235482387 82.39194797160803
243.50872863768734 82.76798388506292
244.43546181473172 83.14370401836058
245.3623450998884 83.5190536895969
246.28940391221087 83.89396962483465
247.21666820390556 84.26837706780017
248.1441734604031 84.64218717891201
249.07196258969225 85.01529216624522
250.0000881273266 85.38755952499557
250.928611690272 85.75883299974853
251.85760242177355 86.12893598647547
252.78713469047463 86.49767676458858
253.71728456660162 86.86485684022036
254.64812519727852 87.23028223654778
255.5797218826167 87.59377586216854
256.51212782519747 87.95518858778843
257.44311135155544 88.32024977943999
258.3720297978568 88.69053415680564
259.2950791561539 89.07521569021635
258.30669102287806 88.92326537597049
257.332037433982 88.69954594978664
256.368651656049 88.43142686639942
255.4125142945406 88.13850819863
254.46050236209146 87.83244728888421
253.51068714985678 87.5196357440084
252.56199761355134 87.20342669337168
251.61387166835976 86.88553175466615
250.66602377786455 86.5668087142631
249.7183117455495 86.24768193098531
248.7706656551279 85.92835938666897
247.82305142179302 85.60894231639699
246.87545252697447 85.28947974497635
245.92786099899183 84.96999532267142
244.98027300262655 84.65050042577259
244.03268669693742 84.33100051455125
243.0851011997637 84.01149820541087
242.13751608892758 83.69199475046597
241.18993116258423 83.37249074835194
240.2423463243028 83.05298648506405
239.29476152803988 82.73348209715763
238.3471767518206 82.41397764980607
237.39959198516044 82.09447317410408
236.45200722305844 81.77496868488343
235.50442246312974 81.45546418921731
234.55683770423713 81.13595969047837
233.60925294583842 80.81645519027462
232.66166818767513 80.4969506893726
231.71408342962405 80.17744618813774
230.76649867162652 79.85794168674423
229.81891391365446 79.53843718527507
228.87132915569455 79.21893268376989
227.92374439774045 78.89942818224753
226.9761596397891 78.579923680717
226.02857488183906 78.26041917918256
225.08099012388965 77.94091467764628
224.13340536594052 77.6214101761091
223.18582060799156 77.30190567457147
222.23823585004266 76.98240117303365
221.2906510920938 76.66289667149573
220.34306633414496 76.34339216995777
219.39548157619612 76.0238876684198
218.44789681824727 75.7043831668818
217.50031206029843 75.38487866534379
216.55272730234958 75.06537416380581
215.60514254440074 74.74586966226781
214.6575577864519 74.4263651607298
213.70997302850304 74.10686065919181
212.7623882705542 73.78735615765382
211.81480351260535 73.46785165611581
210.8672187546565 73.14834715457782
209.91963399670766 72.82884265303983
208.9720492387588 72.50933815150182
208.02446448081 72.1898336499638
207.07687972286118 71.87032914842581
206.12929496491233 71.5508246468878
205.1817102069635 71.23132014534983
204.23412544901467 70.91181564381182
203.28654069106585 70.59231114227381
202.338955933117 70.27280664073581
201.39137117516816 69.9533021391978
200.44378641721931 69.6337976376598
199.49620165927047 69.3142931361218
198.54861690132162 68.99478863458381
197.60103214337278 68.67528413304584
196.65344738542393 68.35577963150783
195.70586262747508 68.03627512996982
194.75827786952624 67.71677062843182
193.8106931115774 67.39726612689381
192.86310835362855 67.07776162535582
191.9155235956797 66.75825712381783
190.96793883773086 66.43875262227984
190.020354079782 66.11924812074184
189.07276932183316 65.79974361920384
188.12518456388435 65.48023911766583
187.17759980593553 65.16073461612783
186.23001504798668 64.84123011458982
185.28243029003784 64.52172561305183
184.334845532089 64.20222111151382
183.38726077414015 63.88271660997582
182.4396760161913 63.56321210843781
181.49209125824245 63.24370760689981
180.801137406636 63.01073333827486
181.03205901182764 63.983705697725895
181.26298061701914 64.95667805717612
180.48844434464527 65.58920755275494
179.5527425543623 65.94199950229644
178.55699623767933 66.03413675215928
177.56548874508155 65.90408717652574
176.58183043185213 65.72404184108319
175.6058785146613 65.50605593481504
174.63595700374447 65.26263805818957
173.6701777226038 65.00327271717535
172.70702779615158 64.73430762803717
171.74546581101407 64.45971966628639
170.7848320445941 64.18190180002546
169.82472895813 63.902255481683696
168.86492455010531 63.62158574990562
167.90528631344853 63.34034838619614
166.94573970976072 63.058798540962265
165.98624327811768 62.77707776135189
165.02677415586942 62.49526398693305
164.06731982375587 62.21339986259563
163.1078734662741 61.93150859434677
162.1484313916148 61.64960274947403
161.18899492990025 61.36767780213404
160.22956812626887 61.085719988846904
159.27015444820424 60.80371751661927
158.31075518004877 60.5216660244006
157.3513694995808 60.23956831772256
156.39200200988165 59.95740875345383
155.43266050536403 59.67516085229268
156.41696627653133 59.85163223480759
157.38835950310397 60.08910896918123
158.35918774899136 60.32888494167896
159.3299362439191 60.56898358723016
160.30075815151946 60.80878522134307
161.2717325940607 61.04796848148426
162.24297325050654 61.28606843374525
163.2146908668102 61.522214308502974
164.18718691094614 61.75513370258591
165.1607902304917 61.983380446636794
166.13577612210221 62.20564720339639
167.1123568741532 62.420798393780046
168.09074435077133 62.62757833864119
169.07119968203295 62.82432015778671
170.05409408389983 63.00849017374688
171.03993904031708 63.17614971539799
172.02927101354442 63.32182828880571
173.0223598466586 63.439193400929994
174.01889025542152 63.5224228693337
175.0178556966612 63.5678986563944
176.01782794070925 63.575349235802335
177.0174587024349 63.54817681942517
178.01595823583295 63.493416598426435
179.01330718036698 63.42064927858527
180.01001494444884 63.33957133448877
180.8627200055393 63.27020739877428
180.801137406636 63.01073333827486
181.43308170107383 63.223810896878916
180.43637393699197 63.304888840975416
180.87295258898277 63.313321687920094
180.801137406636 63.01073333827486
181.7487221645839 63.33023783981256
182.69630692253276 63.649742341350546
183.6438916804816 63.96924684288852
184.59147643843045 64.28875134442652
185.5390611963793 64.60825584596452
186.48664595432814 64.92776034750253
187.43423071227699 65.24726484904053
188.38181547022583 65.56676935057854
189.32940022817468 65.88627385211653
190.27698498612352 66.20577835365452
191.22456974407237 66.52528285519251
192.17215450202121 66.84478735673052
193.11973925997006 67.16429185826851
194.0673240179189 67.48379635980652
195.01490877586775 67.80330086134452
195.96249353381657 68.12280536288253
196.91007829176542 68.44230986442052
197.85766304971426 68.76181436595851
198.80524780766245 69.08131886749848
199.75283256560874 69.40082336904409
200.70041732355224 69.720327870598
201.6480020814934 70.03983237215881
202.5955868394337 70.35933687372207
203.5431715973748 70.67884137528304
204.49075635531787 70.99834587683813
205.43834111326356 71.31785037838539
206.38592587121198 71.63735487992463
207.33351062916273 71.95685938145695
208.2810953871152 72.2763638829842
209.22868014506867 72.59586838450845
210.17626490302257 72.91537288603134
211.12384966097648 73.23487738755432
212.07143441892998 73.5543818890785
213.01901917688286 73.87388639060455
213.966603934835 74.19339089213273
214.91418869278647 74.51289539366294
215.8617734507373 74.83239989519501
216.80935820868763 75.15190439672861
217.75694296663755 75.47140889826343
218.7045277245872 75.79091339979904
219.6521124825366 76.1104179013354
220.5996972404858 76.42992240287231
221.54728199843487 76.74942690440963
222.49486675638386 77.06893140594723
223.4424515143328 77.38843590748496
224.3900362722817 77.7079404090228
225.3376210302306 78.02744491056069
226.28520578817944 78.34694941209862
227.23279054612829 78.66645391363659
228.18037530407713 78.98595841517457
229.12796006202598 79.30546291671254
230.0755448199748 79.62496741825053
231.0231295779236 79.94447191978853
231.97071433587246 80.2639764213265
232.9182990938213 80.5834809228645
233.86588385177015 80.90298542440249
234.813468609719 81.2224899259405
235.76105336766784 81.5419944274785
236.7086381256167 81.8614989290165
237.6562228835655 82.18100343055451
238.60380764151435 82.50050793209252
239.5513923994632 82.82001243363051
240.498977157412 83.1395169351685
241.44656191536086 83.4590214367065
242.3941466733097 83.77852593824448
243.34173143125852 84.09803043978248
244.28931618920734 84.41753494132047
245.2369009471562 84.73703944285847
246.18448570510503 85.05654394439648
247.13207046305385 85.37604844593446
248.07965522100267 85.69555294747246
249.0272399789515 86.01505744901047
249.97482473690036 86.33456195054848
250.9224094948492 86.65406645208647
251.86999425279805 86.97357095362447
252.8175790107469 87.29307545516247
253.76516376869574 87.61257995670044
254.71274852664456 87.93208445823845
255.6603332845934 88.25158895977646
256.6079180425422 88.57109346131446
257.55550280049107 88.89059796285247
258.5030875584399 89.21010246439047
259.45067231638876 89.52960696592848
260.3982570743376 89.84911146746647
261.34584183228645 90.16861596900446
262.2934265902353 90.48812047054247
263.24101134818414 90.80762497208045
264.188596106133 91.12712947361844
265.13618086408184 91.44663397515643
266.0837656220307 91.76613847669445
267.03135037997953 92.08564297823246
267.9789351379284 92.40514747977048
268.92651989587716 92.72465198130851
269.874104653826 93.04415648284652
270.82168941177486 93.36366098438452
271.7692741697237 93.68316548592252
272.71685892767255 94.00266998746051
273.6644436856214 94.32217448899848
274.61202844357024 94.64167899053646
275.5596132015191 94.96118349207444
276.50719795946793 95.28068799361245
277.4547827174168 95.60019249515045
278.4023674753656 95.91969699668846
279.34995223331447 96.23920149822646
280.2975369912633 96.55870599976448
281.2451217492121 96.8782105013025
282.19270650716095 97.19771500284048
283.1402912651098 97.51721950437847
284.0878760230586 97.8367240059165
285.0354607810074 98.1562285074545
285.9830455389562 98.4757330089925
286.93063029690506 98.79523751053048
285.9830455389549 98.47573300899651
285.03546078100544 98.15622850746051
284.0878760230563 97.83672400592341
283.1402912651073 97.51721950438596
282.19270650715833 97.19771500284835
281.2451217492094 96.87821050131063
280.2975369912605 96.55870599977284
279.34995223331157 96.23920149823502
278.40236747536267 95.91969699669713
277.4547827174138 95.60019249515919
276.5071979594649 95.28068799362126
275.5596132015161 94.96118349208331
274.6120284435672 94.64167899054533
273.6644436856184 94.32217448900737
272.71685892766953 94.00266998746937
271.7692741697207 93.6831654859314
270.82168941177184 93.36366098439342
269.874104653823 93.04415648285544
268.92651989587415 92.72465198131746
267.9789351379253 92.40514747977952
267.03135037997646 92.08564297824155
266.0837656220276 91.76613847670359
265.13618086407877 91.44663397516558
264.1885961061299 91.12712947362766
263.2410113481811 90.80762497208967
262.29342659023223 90.4881204705517
261.3458418322833 90.16861596901377
260.3982570743345 89.84911146747578
259.45067231638563 89.5296069659378
258.5030875584368 89.21010246439982
257.55550280048794 88.89059796286185
256.6079180425391 88.57109346132385
255.66033328459025 88.25158895978589
254.7127485266414 87.9320844582479
253.76516376869256 87.61257995670994
252.8175790107437 87.29307545517196
251.86999425279487 86.97357095363398
250.92240949484602 86.65406645209602
249.97482473689718 86.33456195055804
249.02723997894833 86.01505744902005
248.07965522099948 85.69555294748207
247.13207046305064 85.3760484459441
246.18448570510185 85.05654394440609
245.236900947153 84.73703944286807
244.28931618920421 84.41753494133
243.3417314312554 84.09803043979191
242.39414667330658 83.7785259382538
241.4465619153578 83.45902143671564
240.498977157409 83.13951693517745
239.55139239946024 82.82001243363923
238.60380764151148 82.50050793210102
237.65622288356272 82.18100343056275
236.708638125614 81.86149892902449
235.76105336766523 81.54199442748623
234.81346860971647 81.22248992594795
233.86588385176773 80.90298542440968
232.91829909381897 80.58348092287142
231.9707143358702 80.26397642133311
231.02312957792148 79.94447191979481
230.07554481997275 79.62496741825655
229.127960062024 79.30546291671826
228.18037530407523 78.98595841517997
227.2327905461265 78.66645391364167
226.28520578817773 78.34694941210338
225.337621030229 78.02744491056508
224.39003627228027 77.70794040902679
223.44245151433154 77.38843590748849
224.39003627228092 77.7079404090248
225.33762103023008 78.02744491056183
226.2852057881791 78.34694941209925
227.23279054612806 78.66645391363691
228.18037530407696 78.98595841517474
229.1279600620258 79.30546291671263
230.0755448199747 79.62496741825055
231.02312957792356 79.94447191978851
231.9707143358724 80.26397642132649
232.91829909382125 80.58348092286448
233.8658838517701 80.90298542440247
234.81346860971894 81.2224899259405
235.76105336766778 81.5419944274785
236.70863812561663 81.8614989290165
237.65622288356548 82.18100343055451
238.60380764151432 82.50050793209252
239.55139239946314 82.82001243363052
240.49897715741199 83.13951693516852
241.44656191536083 83.45902143670651
242.39414667330965 83.77852593824451
243.3417314312585 84.0980304397825
244.28931618920734 84.4175349413205
245.2369009471562 84.7370394428585
246.18448570510503 85.0565439443965
247.13207046305388 85.37604844593449
248.0796552210027 85.69555294747249
249.02723997895154 86.01505744901048
249.97482473690036 86.33456195054848
250.92240949484918 86.65406645208648
251.869994252798 86.97357095362447
252.81757901074684 87.29307545516247
253.7651637686957 87.61257995670047
254.71274852664453 87.93208445823848
255.66033328459338 88.2515889597765
254.71274852664453 87.93208445823849
253.7651637686957 87.6125799567005
252.81757901074684 87.2930754551625
251.869994252798 86.9735709536245
250.92240949484915 86.6540664520865
249.9748247369003 86.33456195054848
249.02723997895146 86.01505744901048
248.07965522100264 85.69555294747248
247.13207046305382 85.37604844593449
246.184485705105 85.05654394439648
245.23690094715616 84.73703944285849
244.2893161892073 84.4175349413205
243.3417314312585 84.09803043978249
242.39414667330965 83.77852593824448
241.4465619153608 83.4590214367065
240.49897715741196 83.1395169351685
239.5513923994631 82.82001243363051
238.6038076415143 82.50050793209252
237.65622288356545 82.18100343055451
236.70863812561663 81.8614989290165
235.76105336766778 81.54199442747853
234.81346860971894 81.22248992594054
233.86588385177015 80.90298542440252
232.9182990938213 80.58348092286452
231.97071433587246 80.26397642132653
231.0231295779236 79.94447191978854
230.07554481997477 79.62496741825055
229.12796006202592 79.30546291671254
228.1803753040771 78.98595841517454
227.23279054612829 78.66645391363653
226.28520578817944 78.34694941209854
225.3376210302306 78.02744491056055
224.39003627228178 77.70794040902253
223.44245151433293 77.38843590748453
222.49486675638408 77.06893140594654
221.54728199843524 76.74942690440855
220.5996972404864 76.42992240287056
219.65211248253758 76.11041790133255
218.70452772458873 75.79091339979456
217.75694296663988 75.47140889825656
216.80935820869107 75.15190439671856
215.86177345074225 74.83239989518057
214.9141886927934 74.51289539364257
213.96660393484456 74.19339089210457
214.91418869275043 74.51289539377007
215.86177345067 74.8323998953949
216.80935820859764 75.15190439699576
217.75694296652995 75.47140889858281
218.70452772446487 75.79091340016203
219.65211248240126 76.11041790173688
220.59969724033851 76.4299224033093
221.54728199827622 76.74942690488042
222.49486675621412 77.06893140645083
223.44245151415214 77.38843590802082
224.39003627209024 77.70794040959065
225.3376210300284 78.02744491116034
226.28520578796656 78.34694941272998
227.23279054590475 78.66645391429958
228.18037530384294 78.98595841586918
229.1279600617811 79.30546291743877
230.07554481971928 79.62496741900834
231.02312957765747 79.94447192057791
231.97071433559566 80.26397642214748
232.91829909353385 80.58348092371705
233.86588385147203 80.90298542528662
234.81346860941022 81.22248992685618
235.76105336734844 81.54199442842577
236.70863812528663 81.86149892999535
237.6562228832248 82.18100343156493
238.603807641163 82.50050793313451
239.5513923991012 82.8200124347041
240.49897715703938 83.13951693627365
241.44656191497756 83.45902143784323
242.39414667291575 83.7785259394128
243.34173143085394 84.09803044098237
244.2893161887921 84.41753494255195
245.23690094673032 84.73703944412154
246.18448570466853 85.05654394569109
247.1320704626067 85.37604844726067
248.0796552205449 85.69555294883024
249.02723997848312 86.01505745039981
249.9748247364213 86.33456195196936
250.9224094943595 86.65406645353895
251.86999425229766 86.97357095510853
252.81757901023587 87.29307545667811
253.76516376817406 87.6125799582477
254.71274852611225 87.93208445981728
255.66033328405047 88.25158896138686
256.6079180419887 88.57109346295641
257.5555027999269 88.89059796452597
258.50308755786506 89.21010246609552
259.4506723158033 89.52960696766507
260.39825707374143 89.84911146923466
261.34584183167965 90.16861597080424
262.29342658961787 90.48812047237382
263.2410113475561 90.80762497394343
264.1885961054943 91.12712947551302
265.1361808634325 91.44663397708257
266.08376562137073 91.76613847865212
267.03135037930895 92.0856429802217
267.9789351372471 92.40514748179129
268.92651989518527 92.72465198336086
269.8741046531234 93.04415648493043
270.8216894110616 93.36366098649998
271.7692741689998 93.68316548806956
272.716858926938 94.00266998963916
273.66444368487623 94.32217449120876
274.61202844281445 94.64167899277834
275.55961320075266 94.96118349434792
276.5071979586909 95.2806879959175
277.4547827166291 95.60019249748706
278.4023674745673 95.91969699905661
279.34995223250553 96.2392015006262
280.29753699044375 96.55870600219579
281.24512174838196 96.87821050376539
282.1927065063247 97.1977150053215
283.14029126427874 97.51721950684413
284.0878760222489 97.83672400831888
285.0354607802362 98.1562285097429
285.983045538238 98.47573301112361
286.93063029625 98.79523751247427
287.87821505426723 99.11474201380952
288.82579981228525 99.43424651514226
289.77338457030083 99.75375101648238
290.7209693283117 100.07325551783642
291.66855408631665 100.39276001920794
292.61613884431523 100.71226452059838
293.5637236023075 101.03176902200761
294.5113083602938 101.35127352343449
295.45889311827466 101.67077802487742
296.40647787625073 101.9902825263346
297.3540626342226 102.30978702780425
298.30164739219083 102.62929152928464
299.249232150156 102.94879603077416
300.19681690811854 103.26830053227147
301.14440166607886 103.58780503377534
302.0919864240373 103.90730953528475
303.0395711819942 104.22681403679883
303.98715593994973 104.5463185383168
304.9347406979042 104.86582303983803
305.88232545585777 105.18532754136203
306.82991021381054 105.5048320428883
307.7774949717627 105.82433654441648
308.72507972971425 106.14384104594629
309.67266448766543 106.46334554747743
310.6202492456162 106.78285004900971
311.56783400356665 107.10235455054291
312.51541876151686 107.42185905207687
313.46300351946684 107.7413635536115
314.41058827741665 108.06086805514671
315.3581730353663 108.38037255668237
316.30575779331576 108.69987705821842
317.2533425512652 109.01938155975478
318.2009273092145 109.33888606129142
319.1485120671637 109.65839056282829
320.09609682511285 109.97789506436536
321.0436815830619 110.29739956590257
321.99126634101094 110.61690406743989
322.93885109895996 110.9364085689773
323.886435856909 111.25591307051481
324.83402061485793 111.5754175720524
325.7816053728069 111.89492207359007
326.72919013075585 112.21442657512779
327.6767748887048 112.53393107666557
328.6243596466537 112.85343557820337
329.5719444046026 113.17294007974121
330.5195291625515 113.49244458127909
331.4671139205004 113.811949082817
332.4146986784493 114.13145358435493
333.3622834363982 114.45095808589286
334.309868194347 114.77046258743079
335.2574529522959 115.08996708896872
336.2050377102447 115.40947159050668
337.15262246819356 115.72897609204463
338.1002072261424 116.04848059358258
339.04779198409125 116.36798509512055
339.9953767420401 116.68748959665854
340.94296149998894 117.00699409819651
341.8905462579378 117.3264985997345
342.83813101588663 117.6460031012725
343.7857157738355 117.96550760281049
344.73330053178427 118.28501210434848
345.6808852897331 118.60451660588646
346.62847004768196 118.92402110742444
347.5760548056308 119.24352560896244
348.52363956357965 119.56303011050043
349.47122432152844 119.88253461203843
350.4188090794772 120.2020391135764
351.3663938374261 120.5215436151144
352.3139785953749 120.8410481166524
353.2615633533237 121.16055261819041
354.20914811127255 121.48005711972841
355.1567328692214 121.7995616212664
356.1043176271702 122.1190661228044
357.05190238511904 122.43857062434238
357.9994871430679 122.75807512588038
358.9470719010167 123.07757962741839
359.8946575675337 123.39708143431724
360.8422488352271 123.71656662863964
361.7898588119838 124.03599632661917
362.73751867792566 124.35527798672987
363.6853113183762 124.67416528768084
364.63341612650737 124.99212326100202
365.58214746126254 125.3082068804031
366.53197538526337 125.6209798248664
367.48352169941097 125.9284852915366
368.43752747191024 126.22827352685948
369.3947929001216 126.51748434953282
370.356096437774 126.79297574412985
371.32210552999027 127.05148383637362
372.2932939028411 127.28979695904901
373.26987934585367 127.50492685584625
374.25179184057936 127.69426214759494
375.2386760187778 127.8556920668214
376.2299257613811 127.98769186905207
377.2247435910674 128.08936529595528
378.22221430879756 128.16044389520152
379.22138149785593 128.20124742824913
380.22131690423896 128.21261330091954
381.2211756392561 128.1958052668299
382.22023371878225 128.15241225202897
383.21790777306853 128.08424714802482
384.2137592270104 127.99325329283717
385.20748662853305 127.88142372848549
386.19891017761137 127.7507357553094
387.1879521550311 127.60310118313282
388.174616193909 127.44033117857072
389.158967479821 127.26411385273877
390.1411151980485 127.07600255701078
391.1211979176338 126.87741287255992
392.09937209057546 126.66962623345648
393.07580344348503 126.45379803081552
394.05066077212365 126.23096807591813
395.024111537722 126.00207157757006
395.99631869583686 125.76794929817277
396.96743831683375 125.52935616810649
397.9376177206501 125.28696820551218
398.9069754777773 125.04131491589975
399.87563815019826 124.79293491054842
400.84373278728276 124.54235004738175
401.8113732179901 124.29001694043671
402.77865439483946 124.03631017089171
403.7456532998098 123.78152964222815
404.7124324626375 123.52591655507845
405.67904375116694 123.26966937580133
406.6455316147224 123.01295706678604
407.61193565208424 122.75592937066997
408.57829253684713 122.49872444989396
409.5446373173288 122.24147405584985
410.511004096801 121.98430631383584
411.47742613550315 121.72734631089615
412.44393547723547 121.47071487801207
413.41056227305 121.21452620220202
414.37733403067807 120.95888510876696
415.3442750252409 120.70388488713228
416.31140604261327 120.44960630911936
417.27874450812647 120.19611805862519
418.2463049271878 119.94347832409028
419.2140994788399 119.69173697708405
420.1821385823624 119.44093766677534
421.15043129505113 119.19111928763976
422.1189854709537 118.94231653777206
423.08780771883755 118.69455969729077
424.0569033195224 118.44787423616023
425.02627632587644 118.20228112845525
425.99593001585674 117.95779856975687
426.9658677152772 117.71444520684007
427.9360938304446 117.47224428725625
428.9066148164611 117.23122765774386
429.8774397989902 116.99143847263034
430.8485806906615 116.75293193493386
431.82005185138405 116.51577421550574
432.79186951641486 116.28004041238457
433.76405125650547 116.04581260823986
434.73661563241353 115.81317870117883
435.70958203768794 115.5822320099113
436.68298615249273 115.3531372057775
437.65685959687283 115.12604578292925
438.6312223480925 114.90106305240144
439.60608748840133 114.67826727548771
440.5814679823877 114.45773861079567
441.55738050334173 114.23957639719035
442.53384585645244 114.0239020728622
443.5108870936868 113.81085179536028
444.48852642720993 113.6005631043937
445.4667816897407 113.3931585689301
446.4456628117652 113.18872826554032
447.42516863575514 112.98731242512608
448.405284298998 112.78888539403914
449.38597934599704 112.59334198506932
450.367206647423 112.40048716159784
451.3489020956476 112.21002969407533
452.3309849489058 112.02158004738875
453.3133586245227 111.83465235694437
454.2959117002795 111.64866995637658
455.27851885395756 111.46297347945634
456.2610414563517 111.27683015890827
457.2433275244427 111.08944264482525
458.2252107325822 110.8999555329318
459.20650821174416 110.70745811115613
460.1870169890735 110.51098282624716
461.16650920303454 110.30950081020173
462.1447267753144 110.10191858243901
463.12137704842627 109.88708319422153
464.09613187308946 109.66380526921378
465.06863348856507 109.43090913807941
466.03851082358597 109.18731530602949
467.0054086973183 108.9321516295941
467.96902911787794 108.66487707958899
468.9291788110106 108.38539082451159
469.88581208354884 108.09409581619042
470.8390557885668 107.7918931708617
471.7892054287824 107.48009890985276
472.73668813484016 107.1602919028601
473.68199697508135 106.83411526886881
474.62560836893505 106.50306008103843
475.56789765849487 106.16826029791295
476.50906644620846 105.83032345021246
477.44909028459756 105.48921469444667
478.3876889180874 105.14420367257779
479.32431608935747 104.79387590884996
480.25816447039216 104.43620678628159
481.18818488838315 104.06869893314122
482.11312886784765 103.68859548031236
483.03164045984914 103.29320142957454
483.94244440946716 102.88036227765186
484.84469015224545 102.44914003838483
485.7384874891668 102.00066894621474
486.62557909727116 101.53907553331689
487.50994151567295 101.07227459831512
488.3979813816961 100.61250813982384
489.2980263670406 100.17671114080223
490.2189646802193 99.78700275839353
491.16882008383425 99.47431327628156
492.14880058273707 99.27521977621163
493.14773029624416 99.22896583073128
494.13819314050386 99.36674592414488
495.08103920291944 99.69997452824035
495.9376271638066 100.21597556047112
496.68105221326357 100.88479481545698
497.30189062982794 101.668733372053
497.8066981429754 102.53196530767048
498.2114289535705 103.44640118347318
498.53465604948985 104.39272261114115
498.7934392255945 105.35865804778543
499.00179825335135 106.33671045719518
499.1706715628428 107.32234822298007
499.30843159334336 108.31281385791975
499.42147721313324 109.3064036565018
499.514731548041 110.302045976324
499.5920174788412 111.2990549456419
499.6563310991779 112.29698468176524
499.71004054770395 113.29554128764147
499.75503227570573 114.29452864712677
499.7928201166052 115.29381443161495
499.8246274966742 116.29330844889228
499.85144986633907 117.29294866441262
499.87410237606025 118.29269206339225
499.8932564754302 119.29250860680276
499.90946817697636 120.29237718853386
499.92320003879735 121.29228290207436
499.9348384026272 122.29221517402449
499.9447070323642 123.29216647791239
499.95307800381875 124.29213144071704
499.96018047756644 125.29210621783227
499.9662078255543 126.29208805320542
499.9713234640854 127.29207496824102
499.97566565962666 128.29206554086554
499.97935151084806 129.29205874809287
499.98248026395504 130.29205385353288
499.98513608400935 131.29205032683657
499.9873903791879 132.29204778590997
499.98930375540795 133.292045955404
499.9909276637583 134.29204463686398
499.99230579152857 135.29204368724544
499.99347523846075 136.29204300344213
499.99446751255925 137.29204251113805
499.9953093739361 138.2920421567727
499.9960235504188 139.29204190174866
499.99662934476817 140.29204171825523
499.9971431501609 141.29204158625723
499.99757888794954 142.29204149132352
499.9979483795157 143.2920414230615
499.99826166220055 144.2920413739885
499.9985272577544 145.29204133871798
499.99875240046185 146.29204131337337
499.9989432310051 147.29204129516523
499.99910496121186 148.2920412820869
499.9992420140585 149.29204127269514
499.99935814263733 150.2920412659522
499.9994565312444 151.29204126111205
499.9995398812659 152.29204125763843
499.9996104841441 153.29204125514605
499.99967028335954 154.29204125335806
499.9997209270766 155.29204125207568
499.99976381285535 156.2920412511561
499.99980012561883 157.29204125049677
499.99983086989107 158.29204125002414
499.999856897165 159.29204124968544
499.99987892913543 160.29204124944275
499.9998975774173 161.2920412492689
499.99991336027927 162.29204124914435
499.99992671684385 163.29204124905513
499.99993801913433 164.29204124899127
499.99994758229514 165.29204124894554
499.9999556732606 166.29204124891282
499.99996251810705 167.2920412488894
499.999968308288 168.29204124887264
499.99997320592047 169.29204124886064
499.99997734826695 170.29204124885206
499.99998085153527 171.29204124884592
499.9999838140986 172.29204124884154
499.99998631922523 173.29204124883842
499.9999884373915 174.29204124883614
499.9999902282416 175.29204124883455
499.9999917422481 176.2920412488334
499.9999930221187 177.29204124883262
499.99999410398766 178.29204124883205
499.9999950184251 179.29204124883165
499.9999957912918 180.29204124883137
499.9999964444628 181.29204124883114
499.9999969964401 182.292041248831
499.99999746287176 183.2920412488309
499.99999785699123 184.29204124883083
499.99999818998884 185.29204124883077
499.99999847132676 186.29204124883074
499.999998709005 187.2920412488307
499.9999989097872 188.29204124883069
499.9999990793913 189.29204124883069
499.9999992226502 190.29204124883066
499.99999934364973 191.29204124883066
499.99999944584283 192.29204124883066
499.99999953214774 193.29204124883066
499.9999996050308 194.29204124883069
499.99999966657595 195.29204124883069
499.9999997185445 196.29204124883069
499.99999976242407 197.29204124883069
499.9999997994721 198.29204124883069
499.99999983075054 199.29204124883069
499.99999985715647 200.29204124883069
499.99999987944807 201.29204124883069
499.9999998982653 202.29204124883069
499.99999991414893 203.29204124883069
499.99999992755585 204.29204124883069
499.99999993887167 205.29204124883069
499.99999994842204 206.29204124883069
499.9999999564821 207.29204124883069
499.99999996328415 208.29204124883069
499.9999999690241 209.29204124883069
499.99999997386783 210.29204124883069
499.999999977955 211.29204124883069
499.99999998140356 212.29204124883069
499.9999999843133 213.29204124883069
499.99999998676833 214.29204124883069
499.9999999888395 215.29204124883069
499.9999999905868 216.29204124883069
499.9999999920608 217.29204124883069
499.9999999933042 218.29204124883069
499.99999999435306 219.29204124883069
499.99999999523783 220.29204124883069
499.9999999959841 221.29204124883069
499.99999999661355 222.29204124883069
499.9999999971444 223.29204124883069
499.9999999975921 224.29204124883069
499.99999999796967 225.29204124883069
499.9999999982881 226.29204124883069
499.99999999855663 227.29204124883069
499.9999999987831 228.29204124883069
499.9999999989741 229.29204124883069
499.9999999991352 230.29204124883069
499.9999999992709 231.29204124883069
499.9999999993853 232.29204124883069
499.9999999994818 233.29204124883069
499.9999999995632 234.29204124883069
499.9999999996318 235.29204124883069
499.99999999968975 236.29204124883069
499.99999999973846 237.29204124883069
499.99999999977956 238.29204124883069
499.9999999998142 239.29204124883069
499.99999999984334 240.29204124883069
499.9999999998679 241.29204124883069
499.9999999998887 242.29204124883069
499.99999999990615 243.29204124883069
499.99999999992093 244.29204124883069
499.9999999999334 245.29204124883069
499.99999999994384 246.2920412488307
499.9999999999526 247.29204124883069
499.99999999996004 248.29204124883069
499.26510713180824 248.97022446326434
498.26888436340784 248.883390162895
497.3185401573851 248.5721894397612
496.38888223807396 248.20376556287192
495.46714291911223 247.8159555218984
494.5454036001504 247.42814548092485
493.6300597399899 247.02547239060647
492.7157060207415 246.62055600899595
491.80208151776304 246.21399695109986
490.8891549457451 245.8058731045735
489.9769240298119 245.39619670054725
489.06469311387883 244.98652029652106
488.15374292655923 244.57400392566737
487.2435104271717 244.15990635617584
486.3339911775562 243.7442445530488
485.42518803237294 243.327019382062
484.51710300712875 242.90823353353397
483.60973582939863 242.4878946169701
482.7023686516685 242.06755570040625
481.7963065154345 241.6444110380472
480.8909752065264 241.21970499722508
479.9863409816621 240.7935161667706
479.0823782587535 240.36590489985667
478.17905020837213 239.93695451415442
477.2763061519654 239.50677644797452
476.37408457608234 239.07550364798465
475.4718630001993 238.64423084799478
474.57046927105824 238.21123044953626
473.66945101513505 237.7774492806353
472.7687313510093 237.34304844424432
471.868267681544 236.90811720833102
470.9680311164972 236.47271609791363
470.06800207721676 236.0368861672618
469.1681817178494 235.6006255560808
468.26861328585585 235.16384570746067
467.36904485386225 234.72706585884055
466.47013695335744 234.28892822474603
465.5718303818512 233.84955901373013
464.67426044323975 233.40868691742446
463.7775149263076 232.96614033472147
462.881638597936 232.5218368300499
461.98665209439173 232.07574361280297
461.0925658237138 231.62784882539722
460.1993870037958 231.17814715134006
459.30712234556415 230.72663438333595
458.4157787424547 230.27330604626025
457.5253633032489 229.8181573391061
456.6358834597984 229.36118293271633
455.74734700300854 228.90237691166243
454.85881054621865 228.4435708906085
453.9721216667374 227.98120433580124
453.08640735086124 227.51697362736837
453.4423467674633 228.45148265980677
453.7982861840654 229.3859916922452
454.1542256006675 230.3205007246836
454.5101650172695 231.25500975712202
454.8661044338716 232.18951878956042
455.22204385047365 233.12402782199882
455.57798326707575 234.05853685443725
455.93392268367785 234.99304588687568
456.2898621002799 235.92755491931405
456.645801516882 236.8620639517525
457.00174093348403 237.7965729841909
457.3576803500862 238.73108201662933
457.7136197666882 239.6655910490677
458.0695591832903 240.60010008150613
458.42549859989236 241.53460911394453
458.78143801649446 242.46911814638295
459.1373774330965 243.40362717882135
459.4933168496986 244.33813621125978
459.84925626630064 245.27264524369815
460.20519568290274 246.2071542761366
460.5611350995048 247.141663308575
460.91707451610694 248.0761723410134
461.273013932709 249.01068137345183
461.628953349311 249.94519040589023
461.98489276591306 250.8796994383286
462.3408321825152 251.81420847076706
462.69677159911726 252.74871750320546
463.05271101571935 253.68322653564388
463.4086504323214 254.61773556808228
463.76458984892344 255.55224460052068
464.1205292655256 256.4867536329591
464.47646868212763 257.42126266539753
464.83240809872973 258.3557716978359
465.18834751533177 259.2902807302744
465.5442869319338 260.22478976271276
465.90022634853597 261.15929879515113
466.256165765138 262.09380782758956
466.6121051817401 263.028316860028
466.9680445983422 263.9628258924664
467.32398401494424 264.8973349249048
467.67992343154634 265.8318439573432
468.0358628481484 266.7663529897816
468.3918022647505 267.70086202222
468.7477416813525 268.63537105465844
469.1036810979547 269.56988008709686
469.4596205145567 270.50438911953523
469.81555993115876 271.4388981519737
470.1714993477608 272.3734071844121
470.52743876436296 273.30791621685046
470.883378180965 274.2424252492889
471.23931759756704 275.1769342817273
471.59525701416914 276.11144331416574
471.95119643077123 277.04595234660417
472.3071358473733 277.9804613790425
472.6630752639753 278.91497041148097
473.01901468057747 279.8494794439194
473.3749540971795 280.78398847635776
473.7308935137816 281.7184975087962
474.0868329303837 282.6530065412346
474.4427723469857 283.587515573673
474.7987117635878 284.5220246061114
475.15465118018994 285.45653363854984
475.510590596792 286.3910426709882
475.866530013394 287.32555170342664
476.22246942999607 288.26006073586507
476.5784088465982 289.1945697683035
476.93434826320026 290.12907880074187
477.2902876798023 291.0635878331803
477.64622709640446 291.9980968656187
478.0021665130065 292.93260589805715
478.35810592960854 293.8671149304955
478.7140453462107 294.80162396293395
479.0699847628127 295.7361329953724
479.4259241794148 296.6706420278108
479.7818635960169 297.60515106024917
480.1378030126189 298.5396600926876
480.4937424292211 299.474169125126
480.8496818458231 300.4086781575644
481.20562126242515 301.3431871900028
481.56156067902725 302.27769622244125
481.9175000956293 303.2122052548796
482.27343951223145 304.14671428731805
482.6293789288335 305.0812233197565
482.98531834543553 306.01573235219485
483.34125776203757 306.9502413846333
483.6971971786397 307.8847504170717
484.05313659524177 308.8192594495101
484.4090760118438 309.7537684819485
484.76501542844596 310.6882775143869
485.120954845048 311.6227865468253
485.47689426165005 312.5572955792637
485.8328336782522 313.49180461170215
486.18877309485424 314.4263136441406
486.5447125114563 315.360822676579
486.90065192805844 316.29533170901743
487.2565913446605 317.22984074145586
487.61253076126246 318.1643497738942
487.9684701778646 319.0988588063326
488.32440959446666 320.033367838771
488.68034901106876 320.96787687120946
489.03628842767085 321.9023859036479
489.39222784427284 322.83689493608625
489.74816726087494 323.7714039685246
490.10410667747703 324.7059130009631
490.46004609407913 325.6404220334015
490.81598551068123 326.5749310658399
491.17192492728327 327.50944009827833
491.5278643438853 328.4439491307167
491.8838037604874 329.37845816315513
492.2397431770895 330.31296719559356
492.59568259369155 331.2474762280319
492.9516220102937 332.1819852604704
493.3075614268958 333.1164942929088
493.6635008434978 334.05100332534715
494.0194402600999 334.9855123577856
494.375379676702 335.920021390224
494.731319093304 336.85453042266244
495.0872585099062 337.78903945510086
495.4431979265082 338.72354848753923
495.7991373431102 339.6580575199776
496.15507675971236 340.59256655241603
496.5110161763144 341.52707558485446
496.86695559291644 342.4615846172929
497.2228950095186 343.3960936497313
497.57883442612064 344.33060268216974
497.9347738427227 345.26511171460805
498.2907132593248 346.1996207470465
498.6466526759268 347.1341297794849
499.0025920925289 348.06863881192334
499.46144436332435 348.95715138560246
499.9202966341197 349.8456639592816
