0.3568175181490429
152314
781
0.0 100.0
0.0 99.0
0.0 98.0
0.0 97.0
0.0 96.0
0.0 95.0
0.0 94.0
0.0 93.0
0.0 92.0
0.0 91.0
0.0 90.0
0.0 89.0
0.0 88.0
0.0 87.0
0.0 86.0
0.0 85.0
0.0 84.0
0.0 83.0
0.0 82.0
0.0 81.0
0.0 80.0
0.0 79.0
0.0 78.0
0.0 77.0
0.0 76.0
0.0 75.0
0.0 74.0
0.0 73.0
0.0 72.0
0.0 71.0
0.0 70.0
0.0 69.0
0.0 68.0
0.0 67.0
0.0 66.0
0.0 65.0
0.0 64.0
0.0 63.0
0.0 62.0
0.0 61.0
0.0 60.0
0.0 59.0
0.0 58.0
0.0 57.0
0.0 56.0
0.0 55.0
0.0 54.0
0.0 53.0
0.0 52.0
0.0 51.0
0.0 50.0
0.0 49.0
0.0 48.0
0.0 47.0
0.0 46.0
0.0 45.0
0.0 44.0
0.0 43.0
0.0 42.0
0.0 41.0
0.0 40.0
0.0 39.0
0.0 38.0
0.0 37.0
0.0 36.0
0.0 35.0
0.0 34.0
0.0 33.0
0.0 32.0
0.0 31.0
0.0 30.0
0.0 29.0
0.0 28.0
0.0 27.0
0.0 26.0
0.49876309241531736 26.86673835593235
1.0077112758979605 27.727535513530885
1.5180711688531237 28.58749643105144
2.030030740310473 29.446505975348366
2.5435439335564354 30.30458767330162
3.058940911763374 31.161539220855595
3.57495842807365 32.01811725166246
4.091466753084523 32.874399419054996
4.608237296581562 33.730523361818996
5.125011724145025 34.58664496008437
5.641539758722492 35.44291523838179
6.157598755650277 36.29946827917371
6.6730029272653955 37.15641550034998
7.187606809393504 38.0138435407701
7.7013055057716056 38.87181419839158
8.21403304306818 39.73036557862331
8.725759533053992 40.58951399388508
9.236487542033087 41.449256339500465
9.746247947577213 42.30957275160678
10.255095517178185 43.170429389445616
10.763104418819456 44.0317812083055
11.270363847114195 44.893574613018075
11.776973915189956 45.75574990779535
12.283041924125254 46.61824348477565
12.788679082742929 47.480989718511296
13.293997714712205 48.34392255493873
13.799108959614323 49.20697680020575
14.304120950934841 50.070089126975844
14.809137436880668 50.93319882389909
15.314256798861027 51.79624831851255
15.819571416474265 52.659183505665325
16.325167325863703 53.521953913368705
16.83112411934244 54.3845127363673
17.337515037347636 55.24681676521203
17.844407208318373 56.10882623558261
18.35186199738886 56.97050461934852
18.859935430372733 57.831818375593
19.36867866502368 58.69273667670925
19.878138486732247 59.55323112181897
20.388357810490124 60.413275447225544
20.89937617503033 61.27284524142649
21.411230218514778 62.13191767036867
21.923954128023098 62.990471217107896
22.43758005747265 63.8484854387832
22.95213851056169 64.7059407427814
23.467658686968427 65.56281818309452
23.984168791433653 66.41909927711991
24.501696306549427 67.27476584249342
25.02026823108546 68.12979985297662
25.539911286494114 68.98418331194897
26.060652094813253 69.83789814170837
26.5825173315008 70.690926086583
27.105533856764918 71.54324862781996
27.62972882870212 72.3948469083465
28.15512980105465 73.24570166578222
28.68176480770761 74.09579317248466
29.209662435245967 74.9451011818896
29.738851884069636 75.7936048809114
30.26936301780585 76.64128284864557
30.801226400127895 77.48811302202448
31.334473317629683 78.33407266939238
31.86913578712783 79.17913837317532
32.405246545650876 80.02328602293562
32.94283902139145 80.86649082013919
33.48194728399268 81.70872729595527
34.02260597266557 82.54996934338425
34.564850200751586 83.39019026499201
35.108715435435265 84.22936283753145
35.65423735138239 85.06745939474987
36.20145165716154 85.90445192969307
36.750393893456675 86.74031221778628
37.301099202365776 87.57501196184958
37.85360206758223 88.40852295993398
38.4079360260419 89.240817296391
38.9641333527442 90.07186755586345
39.52222472194504 90.90164705887827
40.082238849765716 91.73013011642456
40.64420212541501 92.55729229932555
41.20813824059351 93.38311071641091
41.77406782911271 94.20756429353851
42.34200813115865 95.03063404350627
42.91197269878322 95.85230331496075
43.4839711609273 96.6725580066906
44.05800906738804 97.4913867323385
44.63408783147312 98.30878091972315
45.21220479051141 99.12473482875987
45.79235340182656 99.93924547251422
46.37452358920247 100.75231242727914
46.95870225131248 101.56393751975432
47.544873939148154 102.37412438238533
48.133021704332464 103.18287787159494
48.72312811455464 103.99020334785263
49.315176426481734 104.79610582107398
49.90915190067311 105.6005889694737
50.50504323754112 106.40365404444935
51.102844108540694 107.20529867808207
51.70255475276586 108.00551561317096
52.304183606153934 108.80429137818325
52.9077489286357 109.60160493099511
53.5132803938165 110.39742629579752
54.120820606021155 111.19171521713176
54.73042651058402 111.98441985387996
55.342170664835706 112.77547553443532
55.95614233899887 113.56480359254884
56.572448417817036 114.35231030186108
57.19121407489418 115.13788592624226
57.812583192196314 115.92140390310252
58.43671849686835 116.70272017802705
59.063801386534934 117.48167271155359
59.69403141286781 118.25808118259731
60.32762539190731 119.03174691773418
60.96481610910523 119.8024530808838
61.60585058813271 120.56996516332808
62.25098789606059 121.33403181874472
62.900496464421316 122.09438609119013
63.554650916598554 122.85074708482789
64.2137284073747 123.60282212174388
64.87800450030767 124.35030942756097
65.5477486324178 125.09290137304924
66.22321924240092 125.83028828305582
66.90465866665132 126.56216280172504
67.59228793470645 127.28822477546693
68.28630161990628 128.00818658331184
68.98686291956838 128.72177880959782
69.69409914943645 129.42875611840057
70.40809783762926 130.12890315528563
71.12890359258473 130.8220402727617
71.85651589729812 131.50802885432097
72.59088794930724 132.18677600107588
73.33192662427366 132.85823834715643
74.0794935934646 133.5224247867761
74.83340757541959 134.17939792763713
75.59344765330545 134.82927413123844
76.3593575454654 135.472222058439
77.13085068039938 136.10845970488074
77.90761590091637 136.73824998123882
78.68932360642242 137.36189496290103
79.47563213710123 137.97972899772085
80.26619420800913 138.59211091453568
81.06066321307041 139.19941561565116
81.8586992365198 139.80202536107277
82.65997463040199 140.4003210598363
83.46417903950156 140.99467387457247
84.27102377820336 141.58543742086593
85.08024548646738 142.17294080543002
85.89160901400913 142.7574826997156
86.70490950291 143.339326591798
87.51997365941003 143.91869730281894
88.33666022570617 144.49577879830412
89.15485968218675 145.07071327232256
89.9744932294382 145.64360143612072
90.79551111707659 146.21450390430402
91.61789040231 146.7834435418922
92.44163223435334 147.35040861501568
93.26675877065426 147.91535657641748
94.09330983673757 148.4782183135755
94.92133944297137 149.03890269110025
95.75091226862189 149.59730122883315
96.58210021642837 150.15329277141382
97.4149791301119 150.70674802266848
98.2496257534748 151.25753383776262
99.08611499395019 151.80551718656886
99.92451753658531 152.35056872220832
100.76489783743563 152.89256590849504
101.60731250906883 153.43139567847544
102.45180909604683 153.96695661299412
103.29842522541244 154.4991606429469
104.14718810670763 155.0279342914351
104.99811434805935 155.55321948233527
105.85121004938635 156.07497394985558
106.7064711306635 156.5931712895367
107.56388385218347 157.107800695008
108.42342548455889 157.61886642680125
109.28506508845712 158.12638705987354
110.1487643673872 158.63039455542855
111.01447856091968 159.13093320040653
111.88215735019476 159.62805845488688
112.7517457521952 160.1218357438607
113.62318498380517 160.6123392256129
114.49641328097577 161.09965056451296
115.37136666225368 161.58385773152966
116.24797962942364 162.06505385141162
117.12618580103124 162.54333611132762
118.00591847708091 163.01880474193376
118.88711113526094 163.49156207838624
119.76969786066346 163.96171170578504
120.65361371218648 164.4293576909344
121.53879502967372 164.89460390013076
122.42517968641852 165.35755340092692
123.31270729197857 165.81830794444096
124.2013193503658 166.2769675237466
125.0909593786333 166.73363000316021
125.98157299071721 167.18839081278531
126.87310795113677 167.64134270244875
127.76551420284159 168.09257554912347
128.65874387314165 168.54217621204072
129.55275126128373 168.99022842992093
130.4474928108626 169.436812755057
131.34292706988697 169.88200651935009
132.23901464097014 170.32588382779267
133.13571812378646 170.76851557530415
134.0330020516345 171.20996948323295
134.93083282367536 171.65031015223428
135.82917863417276 172.08959912860604
136.72800939984813 172.52789498151304
137.62729668627745 172.96525338884805
138.52701363409625 173.40172722976826
139.42713488563828 173.83736668220848
140.3276365125132 174.272219323911
141.22849594452154 174.7063302357315
142.1296919002117 175.13974210618238
143.03120431929727 175.57249533636607
143.93301429707546 176.0046281446319
144.83510402091184 176.43617667046516
145.73745670878924 176.86717507728406
146.64005654985215 177.29765565398085
147.54288864681922 177.72764891519088
148.44593896008496 178.15718370040702
149.3491942532906 178.58628727216558
150.25264204011745 179.01498541360974
151.156270532045 179.44330252577865
152.06006858682827 179.8712617249671
152.96402565748025 180.298884940448
153.86813174160469 180.7261930127438
154.77237733100293 181.1532057924751
155.67675336158266 181.5799422396094
156.581251163714 182.00642052269018
157.48586241330855 182.43265811735654
158.39057908402896 182.8586719031905
159.2953934011631 183.28447825766295
160.20029779780617 183.71009314572024
161.10528487407922 184.1355322033757
162.01034736016234 184.56081081356552
162.91547808393142 184.98594417251218
163.82066994395177 185.41094734491554
164.7259158885011 185.83583530647363
165.63120890116835 186.2606229725091
166.53654199340892 186.6853252118417
167.4419082042396 187.1099568454797
168.34730060703575 187.53453263018605
169.2527123231625 187.959067227481
170.1581365419425 188.38357515914623
171.0635665462455 188.8080707507698
171.96899574279522 189.23256806529054
172.87441769612974 189.6570808288441
173.77982616503672 190.08162235146762
174.68521514021302 190.50620544537173
175.59057888187425 190.9308423435391
176.49591195606007 191.35554462135877
177.40120926844222 191.78032312386767
178.30646609453572 192.2051879009569
179.21167810533424 192.63014815263475
180.11684138752372 193.05521218613552
181.0219524575711 193.48038738635037
181.9270082691221 193.9056802007474
182.83200621327256 194.331096139663
183.73694411139297 194.75663979258871
184.64182020028784 195.18231486085833
185.54663310955874 195.6081242069473
186.45138183112107 196.03406992042656
187.3560656809016 196.46015340044693
188.26068425283236 196.88637545444922
189.1652373653576 197.31273641258318
190.06972500079934 197.73923625705328
190.97414723808362 198.1658747652844
191.87850417951677 198.59265166541104
192.78279587251512 199.01956680214693
193.68702222742215 199.44662031061108
194.5911829327781 199.8738127952011
195.4952773696197 200.3011455101576
196.399304526556 200.7286205381086
197.30326291746803 201.1562409626673
198.2071505036872 201.58401103113744
199.11096462240252 202.01193630359845
200.0147019228125 202.44002378513431
200.91835831116606 202.86828203874748
201.82192890532986 203.29672127756962
202.72540799888083 203.72535343632154
203.6287890339712 204.15419222355868
204.53206458136415 204.58325315802136
205.43522632511207 205.01255359434796
206.3382650483677 205.4421127454562
207.24117061579162 205.87195171101766
208.1439319469622 206.30209352361334
209.04653697410896 206.73256322634444
209.9489725763778 207.16338799786723
210.85122448170318 207.594597343008
211.75327712621367 208.02622336925253
212.65511345995742 208.4583011714359
213.5567146866453 208.8908693487616
214.4580599241378 209.32397067968725
215.35912577164373 209.7576529809844
216.25988576917274 210.19197017711136
217.16030973483115 210.62698360456847
218.06036296621784 211.06276357275232
218.96000529359884 211.499391197605
219.85918997482636 211.93696051673714
220.75786242517415 212.3755808844652
221.65595877937753 212.81537963226538
222.5534042881054 213.25650496464172
223.4501115566886 213.69912904269228
224.34597863995106 214.14345118835553
225.24088701317157 214.58970112229366
226.13469944526395 215.0381421287116
227.0272578059731 215.48907402238086
227.91838084408192 215.94283577809824
228.8078619782666 216.3998076721241
229.69546714640677 216.86041278009708
230.58093276304322 217.3251176775908
231.46396383854758 217.79443219866772
232.34423231770174 218.26890812493548
233.22137569996914 218.74913670274452
234.09499600880036 219.23574491886677
234.9646591826086 219.7293905044054
235.8298949650238 220.23075568152524
236.6901973757964 220.7405397162094
237.54502584509805 221.2594503906721
238.39380709158644 221.78819455906512
239.23593781706688 222.32746799731495
240.07078827666425 222.87794479983256
240.8977067622672 223.4402666099806
241.71602500838145 224.0150319952262
242.52506449394576 224.60278628980672
243.3241435725032 225.20401222588387
244.11258531861313 225.81912165760406
244.88972593350263 226.4484486510575
245.6549235111521 227.09224416763038
246.4075669309235 227.7506725104854
247.1470846178816 228.42380963669086
247.87295289991422 229.1116433645198
248.58470369343704 229.81407543092882
249.28193126744642 230.53092528273947
249.96429786818737 231.2619354209682
250.63153803166938 232.00677806491154
251.28346146554293 232.76506286389312
251.919954441553 233.5363453617432
252.54097970069893 234.32013591253002
253.14657493125458 235.11590875494693
253.73684993133946 235.9231109751339
254.31198260999844 236.74117112080688
254.87221401194108 237.56950727013114
255.41784257045498 238.4075344034234
255.94921780074316 239.25467097130144
256.4667336430694 240.11034459654726
256.9708216532341 240.9739968865391
257.4619442190291 241.8450873671248
257.94058795753233 242.72309657641114
258.4072574214665 243.6075283778698
258.86246921519506 244.49791156664332
259.3067465938371 245.39380085155915
259.7406145936428 246.29477729894532
260.16459571905636 247.2004483238175
260.5792061923292 248.11044731032928
260.9849527553801 249.02443293744403
261.3823300008431 249.94208827840174
261.77181819973157 250.86311973439368
262.15388158658646 251.78725585446742
262.5289670589989 252.7142460854759
262.8975032465943 253.64385948815075
263.25989990452064 254.57588344831692
263.6165475878028 255.51012240597683
263.9678175652359 256.4463966195244
264.3140619344812 257.3845409776943
264.6556139034154 258.3244038679699
264.9927882063534 259.2658461070044
265.3258816273371 260.2087399360739
265.655173606133 261.1529680826045
265.9809269058227 262.09842288731033
266.3033883238431 263.04500549537386
266.62278943102353 263.99262510931817
266.9393473255577 264.94119830069985
267.25326539096505 265.8906483774342
267.5647340489536 266.8409048034008
267.8739314997244 267.7919026669299
268.1810244436884 268.74358219480024
268.4861687798262 269.6958883084649
268.7895102770343 270.6487702193392
269.0911852157888 271.6021810601248
269.39132099833296 272.55607754928735
269.69003672636893 273.51041968595734
269.9874437459115 274.4651704726692
270.283646159544 275.42029566349925
270.5787413068119 276.3757635353081
270.87282021388694 277.3315446799294
271.1659680139517 278.2876118152903
271.45826433998 279.24393961358453
271.7497836917412 280.2005045447569
272.0405957789353 281.1572847336936
272.330765842388 282.1142598296474
272.6203549552034 283.0714108865547
272.9094203057083 284.02872025302804
273.19801546392466 284.9861714709259
273.48619063319745 285.9437491815137
273.77399288847795 286.9014390383335
274.0614664026334 287.85922762599733
274.3486526620191 288.81710238420953
274.63559067241033 289.7750515364054
274.9223171562511 290.73306402247454
275.2088667420293 291.69112943511107
275.49527214644 292.6492379594048
275.7815643498413 293.607380315358
276.06777276535144 294.56554770307855
276.353925401782 295.523731750464
276.6400490204506 296.48192446325197
276.9261692857825 297.4401181773653
277.2123109094936 298.3983055135267
277.498497788056 299.35647933415567
277.78475313308945 300.3146327025888
278.0710995942957 301.272758844678
278.3575593745636 302.230851112828
278.6441543369174 303.1889029525285
278.9309061030524 304.14690787141905
279.21783614329684 305.104859410906
279.5049658579427 306.06275112032165
279.7923166499936 307.0205765335926
280.07990998947076 307.97832914835715
280.3677674694858 308.93600240745934
280.65591085432595 309.89358968273655
280.9443621197885 310.8510842610257
281.2331434859502 311.80847933232997
281.52227744245545 312.7657679801241
281.8117867662646 313.72294317382045
282.10169453162587 314.67999776347733
282.39202411183135 315.63692447689783
282.6827991721103 316.5937159193344
282.9740436528167 317.5503645760826
283.26578174190337 318.50686281830576
283.55803783556655 319.4632029124756
283.850836485907 320.41937703383576
284.14420233451045 321.37537728429237
284.4381600310111 322.33119571509815
284.7327341359775 323.2868243546246
285.02794900785733 324.24225524140866
285.3238286742245 325.1974804625113
285.62039668819205 326.15249219704197
285.91767597155683 327.1072827644871
286.21568864701294 328.06184467723426
286.5144558625784 329.0161706964244
286.8139976121862 329.9702538899887
287.1143325571605 330.924087691459
287.4154778539911 331.8776659578833
287.71744899438585 332.8309830249542
288.02025966398867 333.7840337572736
288.3239216263543 334.73681359155444
288.62844463874444 335.68931857050455
288.9338364060261 336.6415453651688
289.2401025784019 337.59349128362123
289.54724679789024 338.54515426411115
289.8552707974129 339.49653285106695
290.16417455508906 340.4476261527433
290.4739565049293 341.398433779739
290.78461380366036 342.34895576409554
291.0961426519902 343.29919245916597
291.4085386673663 344.24914442088675
291.7217973043292 345.19881227143674
292.035914318054 346.1481965464743
292.3508862667584 347.09729752715515
292.6667110494584 348.0461150578914
292.98338847717696 348.99464835028215
293.30092087822067 349.9428957727872
293.6193137415231 350.89085462453033
293.9385764062441 351.83852089010867
294.25872281064505 352.7858889705026
294.57977231847343 353.7329513831889
294.9017506463498 354.6796984224649
295.22469092052097 355.62611776890617
295.5486348953617 356.5721940349462
295.8736343686679 357.5179082319163
296.1997528295989 358.4632371426347
296.5270673736856 359.4081525828881
296.8556709152844 360.35262053493767
297.1856747210428 361.29660013651016
297.51721127831354 362.24004250952134
297.85043750013574 363.18288941389665
298.18553825367815 364.1250717131229
298.52273018233166 365.0665076393818
298.86226577346247 366.00710084707333
299.2044376047886 366.9467382440765
299.5495826830413 367.8852875901197
299.8980867696602 368.8225948511659
300.250388570371 369.7584812979188
300.6069836492398 370.69274033572714
300.96842791381175 371.6251340527845
301.3353405068689 372.555389474191
301.7084059328507 373.483194511867
302.0883752437584 374.40819360525484
302.476066111108 375.3299830559288
302.87236161786507 376.2481060712836
303.2782076178277 377.1620475487942
303.6946085299928 378.0712286530568
304.1226214620933 378.97500126270745
304.5633485904118 379.87264239276124
305.01792776135096 380.76334872896206
305.4875213227722 381.6462314431839
305.9733032380422 382.5203114914613
306.47644458095857 383.38451562767466
306.9980975531087 384.23767339540984
307.5393782049058 385.078515387695
308.10134807646153 385.9056730893841
308.68499500481073 386.71768064047495
309.29121337170966 387.5129788811585
309.9207840951333 388.2899220606819
310.574354703282 389.0467876102772
311.2524198789987 389.7817893908739
311.9553029312266 390.49309482097465
312.6831387423507 391.1788462570251
313.4358588549046 391.8371869227574
314.21317948971836 392.4662915489467
315.0145934123904 393.0644016763876
315.83936665856055 393.62986528476745
316.68654115564595 394.16118004222113
317.55494420131566 394.6570390446317
318.4432055435128 395.11637746884423
319.34978243400735 395.53841815600765
320.2729925016811 395.92271383767206
321.2110536477476 396.26918358561613
322.1621294688107 396.5781411597087
323.1243780553481 396.8503132701589
324.09600149297455 397.0868463449179
325.07529310206644 397.2893011407669
326.0606794488608 397.45963536384386
327.0507544649538 397.60017526034494
328.0443035907525 397.71357779393475
329.0403166387865 397.8027854625845
330.0379889560286 397.8709759854513
331.0367113461964 397.9215090179897
332.03605000228924 397.95787177968987
333.0357183310531 397.9836250797975
334.03554298960444 398.0023507881334
335.03542669225897 398.0176014001184
336.0353103943721 398.0328520475962
337.0351373418001 398.051455144029
338.0348212145059 398.07659782988424
339.0342202148689 398.11126248152334
340.0331184779717 398.1581907243029
341.0312156360894 398.219851594856
342.0281247808745 398.2984146717042
343.0233784695319 398.39572908591845
344.01644185823005 398.51330929695484
345.0067315639052 398.6523283562018
345.9936384994352 398.81361908936015
346.97655273215395 398.99768323882665
347.9548884001308 399.20470816670786
348.9281068811666 399.4345902846952
349.89573672045736 399.68696400383845
350.85738924051066 399.96123472899006
351.81276922659106 400.25661428514957
352.7616805465756 400.5721571614836
353.704026976514 400.9067960802937
354.63980882663463 401.25937561598005
355.5691161775262 401.6286828696035
356.49211963926734 402.0134745140214
357.4090595470957 402.41249983330795
358.3202344246331 402.8245196660158
359.22598940343124 403.2483214102104
360.1267051106843 403.68273045098596
361.0227873491549 404.1266185246009
361.91465771562866 404.5789096359506
362.8027451536798 405.0385841973262
363.687478325665 405.5046820565673
364.5692786246851 405.9763050337938
365.4485536202652 406.4526195119988
366.32569070859176 406.9328595855891
367.2010506872193 407.41633130949566
368.07496090966123 407.9024186711001
368.94770767421767 408.3905918831431
369.8195276584946 408.88041829628895
370.6905985592846 409.3715755886068
371.56102955689823 409.8638660297016
372.43085262242755 410.35722982516415
373.3000158464627 410.8517551430042
374.16837979272293 411.3476826143501
375.0357174042368 411.84540288483686
375.90171736909406 412.34544694376285
376.7659902452475 412.8484701992346
377.6280762142602 413.3552322558563
378.4874531823946 413.8665748285413
379.34354409644345 414.38340008613136
380.19572269533506 414.9066511115399
381.0433175606406 415.4372950074886
381.88561422512 415.97630922715905
382.72185613408556 416.52466993845184
383.55124551064085 417.08334091680786
384.3976540176062 417.6158750841031
385.258410362561 418.12489228874375
386.13118726529694 418.61301161641956
387.0139674848756 419.08279782728647
387.90501103077565 419.5367156605006
388.8028251222522 419.97709033863964
389.70613785316806 420.406072984169
390.6138762642032 420.82560960608816
391.52514937641706 421.23741212545417
392.43923635210547 421.6429303135503
393.35557916896664 422.04332492138974
394.27377820267975 422.43944426513394
395.19358831096605 422.8318080818836
396.11491278099936 423.2206026560714
397.03779299985956 423.6056897911936
397.96239283387604 423.9866296118172
398.8889780971836 424.3627143759611
399.8178926989018 424.7330083979419
400.74953370957974 425.0963884018263
401.6854052881059 425.44872969731546
402.6268215226554 425.78597659993534
403.5743964170704 426.1055103531987
404.5281721268807 426.4060297292393
405.47422013030825 426.7300562331102
406.41290197791517 427.07484078753987
407.3447788478963 427.43761550991474
408.2706420557316 427.8154743729533
409.1914984113365 428.20537637646464
410.1085249803317 428.60420249365984
411.0230087165783 429.0088251526156
411.9362827472081 429.41617088412295
412.8496667522095 429.8232699622448
413.7644154405041 430.2272932750168
414.681676865063 430.62557895014976
415.6024610027689 431.0156514712906
416.5276183064177 431.39523540602073
417.45782753997133 431.7622650803137
418.39359196353564 432.1148908643843
419.3352427591109 432.45148227721677
420.2829484555864 432.77062787544395
421.2367290236924 433.0711318319959
422.1964732798262 433.3520071830296
423.16195827097465 433.6124658781563
424.1328694131401 433.85190596255944
425.10882031588415 434.06989641059124
426.0893714315706 434.2661602878742
427.0740469005825 434.44055702157686
428.0623492025354 434.5930645950108
429.0537714488654 434.7237624507013
430.0478073481066 434.8328157909517
431.0439590303332 434.9204618176553
432.0417430253473 434.9869982685203
433.0406947487198 435.0327744017249
434.0403718632846 435.058184372511
435.040356856863 435.06366274981787
436.04025911795645 435.0496817534214
437.03971670960675 435.0167496643203
438.0383979482913 434.96540978216655
439.03600280063307 434.8962392784518
440.0322640265099 434.80984732388157
441.02694793222946 434.7068719496291
442.01985455903105 434.5879752278347
443.01081712447734 434.4538365164791
443.99970055788924 434.3051436951205
444.98639902261004 434.14258250750936
445.97083239087704 433.9668243115623
446.9529417222062 433.77851270460144
447.9326838830662 433.578249632036
448.9100255241903 433.36658169274233
449.8849366939889 433.14398741832827
450.8573844069533 432.9108663220064
451.82732650294815 432.6675304832628
452.7947061284094 432.4141993556008
453.7594471476443 432.15099835673186
454.7214507566381 431.877961626084
455.680593527401 431.5950391185079
456.6367270603631 431.30210795399074
457.5896793652216 430.9989876731371
458.53925802379683 430.6854587730681
459.48525510699733 430.3612836374142
460.42745371743956 430.026228748656
461.36563590802166 429.6800869030574
462.29959158857696 429.3226980577382
463.2291278882774 428.9539674412453
464.15407830821255 428.5738796610394
465.07431089881135 428.1825077417609
465.98973465372546 427.7800163145989
466.9003033445286 427.36665852849944
467.8060161390647 426.9427666392003
468.70691454763414 426.50873662014976
469.6030755085791 426.06500749998946
470.49460072914195 425.61203644009674
471.3816027020114 425.1502708067656
472.2641880847143 424.6801186587973
473.1424393254259 424.20191916257363
474.0163955235238 423.71591446732236
474.88603351977207 423.22222452871586
475.75125012843597 422.7208262637686
476.61184627444345 422.21153825735456
477.46751361451015 421.6940120230986
478.3178240365102 421.16773055255453
479.162222277361 420.6320145729086
480.00002179804596 420.08603658512874
480.8304040134858 419.52884238533727
481.6524209882938 418.95937939871965
482.4650017569685 418.3765307954101
483.26696247902817 417.779154029647
484.05702066202934 417.1661221646734
484.83381364645606 416.5363661330664
485.5959214222582 415.88891595115126
486.341893629564 415.22293887502383
487.0702803014373 414.5377725767886
487.7796655712229 413.83295164987794
488.4687032331585 413.10822611532416
489.136152742117 412.363571058945
489.78091398015937 411.59918702855316
490.4020589176223 410.815491318048
490.9988581913129 410.0131007479872
491.570800679113 409.1928070258066
492.1176044449817 408.35554622914174
492.63922292579997 407.5023673730577
493.13584986880596 406.63440327271684
493.6078833603988 405.7528226565423
