0.09325615699267237
171674
860
0.0 100.0
0.0 101.0
0.0 102.0
0.0 103.0
0.0 104.0
0.0 105.0
0.0 106.0
0.0 107.0
0.0 108.0
0.0 109.0
0.0 110.0
0.0 111.0
0.0 112.0
0.0 113.0
0.0 114.0
0.0 115.0
0.0 116.0
0.0 117.0
0.0 118.0
0.0 119.0
0.0 120.0
0.0 121.0
0.0 122.0
0.0 123.0
0.0 124.0
0.0 125.0
0.0 126.0
0.0 127.0
0.0 128.0
0.0 129.0
0.0 130.0
0.0 131.0
0.0 132.0
0.0 133.0
0.0 134.0
0.0 135.0
0.0 136.0
0.0 137.0
0.0 138.0
0.0 139.0
0.0 140.0
0.0 141.0
0.0 142.0
0.0 143.0
0.0 144.0
0.0 145.0
0.0 146.0
0.0 147.0
0.0 148.0
0.0 149.0
0.0 150.0
0.0 151.0
0.0 152.0
0.0 153.0
0.0 154.0
0.0 155.0
0.0 156.0
0.0 157.0
0.0 158.0
0.0 159.0
0.0 160.0
0.0 161.0
0.0 162.0
0.0 163.0
0.0 164.0
0.0 165.0
0.0 166.0
0.0 167.0
0.0 168.0
0.0 169.0
0.0 170.0
0.0 171.0
0.0 172.0
0.0 173.0
0.0 174.0
0.0 175.0
0.0 176.0
0.0 177.0
0.0 178.0
0.0 179.0
0.0 180.0
0.0 181.0
0.0 182.0
0.0 183.0
0.0 184.0
0.0 185.0
0.0 186.0
0.0 187.0
0.0 188.0
0.0 189.0
0.0 190.0
0.0 191.0
0.0 192.0
0.0 193.0
0.0 194.0
0.0 195.0
0.0 196.0
0.8004641920593424 196.5993805779559
1.6009283841186766 197.19876115591185
2.4013925761780106 197.7981417338678
3.201856768237363 198.3975223118237
4.002320960296705 198.99690288977962
4.802785152356039 199.59628346773556
5.6032493444153735 200.1956640456915
6.403713536474708 200.79504462364744
7.193205089368834 201.40880604953605
7.831996108624334 202.1781863415364
8.452044158432843 202.9627501795564
9.058917838310194 203.75754847892054
9.648326501257412 204.5653835041842
10.216741108861227 205.38812576872556
10.761137144315606 206.22695409238992
11.278885619777277 207.08248697671235
11.767733550832858 207.95485599284183
12.22583163165163 208.84375764564157
12.65177955183784 209.74850532830732
13.044668616447932 210.66809120407413
13.404108072502995 211.6012596119357
13.730227156936841 212.54658830755855
14.023650112547225 213.50257103183804
14.285446168209468 214.46769424948423
14.517060157070897 215.4405020209189
14.72023151473542 216.41964521750702
14.896909728863832 217.40391388441276
15.049173222710724 218.39225382008345
15.179156736235447 219.38376997537887
15.288990132233458 220.3777199867595
15.380749661689148 221.37350118197963
15.456421314843269 222.37063397198756
15.517875012134116 223.36874390736006
15.56684797742161 224.36754401182088
15.604935556081836 225.36681841675266
15.633587861803925 226.36640785516065
15.65411085288185 227.3661972363991
15.667670680149296 228.36610529771497
15.83495870729297 227.38019723101993
15.859281803274156 226.3804930812827
15.838400699009227 227.38027504725562
15.817499308135151 228.38005658932343
15.796587853689253 229.37983792095196
15.775671406988316 230.3796191481499
15.754752483754382 231.3794003235332
15.733832331962649 232.37918147320994
15.71291157069938 233.3789626101335
15.691990507078302 234.37874374073007
15.671069293452696 235.3785248681877
15.650148005403363 236.37830599408795
15.629226680426084 237.37808711921542
15.60830533712338 238.37786824395943
15.587383984724976 239.37764936851312
15.566462627810704 240.37743049297228
15.545541268653455 241.37721161738455
15.524619908381474 242.37699274177348
15.503698547555015 243.3767738661508
15.482777186452417 244.37655499052235
15.461855825212064 245.37633611489102
15.440934463902833 246.37611723925824
15.420013102559054 247.37589836362474
15.39909174119787 248.37567948799088
15.378170379827868 249.37546061235682
15.357249018453366 250.37524173672267
15.336327657076545 251.37502286108847
15.315406295698516 252.37480398545424
15.294484934319852 253.37458510981998
15.273563572940846 254.37436623418574
15.252642211561653 255.37414735855148
15.23172085018236 256.3739284829172
15.210799488803003 257.373709607283
15.189878127423611 258.3734907316487
15.168956766044198 259.3732718560144
15.148035404664775 260.3730529803801
15.127114043285342 261.37283410474583
15.106192681905906 262.3726152291116
15.085271320526466 263.37239635347737
15.064349959147023 264.3721774778431
15.04342859776758 265.3719586022088
15.022507236388135 266.37173972657456
15.00158587500869 267.37152085094027
14.980664513629247 268.371301975306
14.959743152249803 269.37108309967175
14.93882179087036 270.3708642240375
14.917900429490917 271.3706453484033
14.89697906811147 272.37042647276905
14.876057706732027 273.3702075971348
14.85513634535258 274.3699887215006
14.834214983973133 275.36976984586636
14.813293622593687 276.3695509702321
14.79237226121424 277.3693320945979
14.771450899834793 278.36911321896366
14.750529538455346 279.36889434332943
14.7296081770759 280.3686754676952
14.708686815696453 281.36845659206097
14.687765454317006 282.36823771642673
14.66684409293756 283.3680188407925
14.645922731558112 284.36779996515827
14.625001370178666 285.36758108952404
14.604080008799219 286.3673622138898
14.583158647419772 287.3671433382556
14.562237286040325 288.36692446262134
14.541315924660877 289.3667055869871
14.520394563281428 290.3664867113529
14.499473201901981 291.36626783571865
14.478551840522535 292.3660489600844
14.457630479143088 293.3658300844502
14.436709117763641 294.36561120881595
14.415787756384194 295.3653923331817
14.394866395004748 296.3651734575475
14.373945033625297 297.36495458191325
14.353023672245847 298.364735706279
14.332102310866398 299.3645168306448
14.311180949486948 300.36429795501056
14.2902595881075 301.3640790793763
14.269338226728049 302.3638602037421
14.248416865348599 303.36364132810786
14.227495503969148 304.3634224524736
14.206574142589698 305.3632035768394
14.185652781210248 306.36298470120516
14.164731419830797 307.36276582557093
14.143810058451347 308.3625469499367
14.122888697071897 309.36232807430247
14.101967335692446 310.36210919866824
14.081045974312996 311.361890323034
14.06012461293354 312.3616714473998
14.039203251554085 313.3614525717655
14.01828189017463 314.3612336961312
13.997360528795177 315.3610148204969
13.992092635537034 315.61275466424524
14.677469029102483 316.3409436501152
15.362845422840362 317.0691326358235
16.048221816566453 317.7973216215429
16.733598210276 318.52551060727785
17.418974603965374 319.2536995930318
18.104350997632096 319.98188857880706
18.78972739127488 320.71007756460483
19.4751037848936 321.4382665504253
20.160480178489117 322.16645553626756
20.845856572063123 322.8946445221301
21.53123296561798 323.6228335080106
22.21660935915653 324.3510224939065
22.90198575268186 325.07921147981483
23.58736214619716 325.8074004657326
24.272738539705518 326.53558945165685
24.958114933209757 327.2637784375851
25.643491326712393 327.9919674235148
26.328867720215477 328.72015640944403
27.014244113720604 329.44834539537135
27.699620507228943 330.1765343812957
28.384996900741314 330.9047233672162
29.070373294258218 331.6329123531325
29.75574968777995 332.36110133904424
30.441126081306628 333.08929032495126
31.12650247483871 333.8174793108533
31.811878868375697 334.5456682967506
32.497255261916976 335.2738572826439
33.18263165546133 336.00204626853434
33.868008049009106 336.7302352544216
34.55338444256016 337.4584242403057
35.238760836114054 338.18661322618715
35.924137229670336 338.9148022120663
36.60951362322873 339.6429911979435
37.294890016788784 340.3711801838191
37.9802664103501 341.09936916969355
38.66564280391226 341.8275581555672
39.35101919747524 342.55574714144007
40.036395591038826 343.28393612731236
40.72177198460292 344.0121251131842
41.40714837816701 344.7403140990561
42.092524771731924 345.4685030849272
42.77790116529714 346.196692070798
43.463277558862444 346.9248810566687
44.14865395242784 347.65307004253935
44.83403034599333 348.3812590284099
45.51940673955886 349.10944801428036
46.20478313312443 349.83763700015083
46.89015952669003 350.56582598602125
47.57553592025565 351.29401497189167
48.260912313821294 352.02220395776203
48.94628870738694 352.7503929436324
49.63166510095258 353.4785819295028
50.317041494518236 354.20677091537317
51.0024178880839 354.93495990124353
51.68779428164956 355.66314888711383
52.373170675215206 356.3913378729842
53.05854706878086 357.11952685885456
53.743923462346515 357.8477158447249
54.42929985591218 358.5759048305953
55.11467624947784 359.30409381646564
55.8000526430435 360.032282802336
56.48542903660916 360.76047178820636
57.17080543017482 361.4886607740767
57.856181823740485 362.2168497599471
58.54155821730615 362.94503874581744
59.226934610871815 363.6732277316878
59.91231100443749 364.40141671755816
60.597687398003174 365.1296057034285
61.28306379156885 365.8577946892989
61.96844018513453 366.5859836751692
62.6538165787002 367.31417266103955
63.33919297226589 368.0423616469099
64.02456936583158 368.77055063278027
64.70994575939727 369.49873961865063
65.39532215296295 370.22692860452094
66.08069854652862 370.9551175903913
66.7660749400943 371.68330657626166
67.45145133366 372.411495562132
68.13682772722571 373.1396845480023
68.82220412079138 373.8678735338727
69.5075805143571 374.596062519743
70.19295690792282 375.3242515056133
70.8783333014885 376.05244049148365
71.56370969505417 376.780629477354
72.24908608861985 377.5088184632244
72.93446248218552 378.23700744909473
73.6198388757512 378.9651964349651
74.30521526931688 379.69338542083545
74.99059166288257 380.4215744067058
75.67596805644826 381.1497633925761
76.36134445001392 381.8779523784465
77.04672084357959 382.60614136431684
77.73209723714528 383.3343303501872
78.41747363071097 384.06251933605756
79.10285002427665 384.7907083219279
79.78822641784234 385.5188973077982
80.47360281140799 386.2470862936686
81.15897920497365 386.975275279539
81.84435559853934 387.7034642654093
82.52973199210498 388.4316532512797
83.21510838567069 389.1598422371501
83.9004847792364 389.88803122302045
84.58586117280207 390.6162202088908
85.27123756636776 391.3444091947611
85.95661395993345 392.0725981806315
86.64199035349914 392.8007871665018
87.32736674706474 393.5289761523722
88.01274314063042 394.25716513824256
88.69811953419615 394.98535412411286
89.38349592776186 395.7135431099832
90.06887232132756 396.4417320958535
90.75424871489322 397.1699210817239
91.4396251084589 397.89811006759425
92.12500150202457 398.6262990534646
92.81037789559025 399.3544880393349
93.49575428915593 400.08267702520527
94.1811306827216 400.81086601107563
94.8665070762873 401.53905499694594
95.551883469853 402.2672439828163
96.2372598634187 402.9954329686866
96.92263625698438 403.72362195455696
97.60801265055005 404.4518109404273
98.29338904411574 405.1799999262977
98.97876543768145 405.90818891216804
99.66414183124712 406.6363778980384
100.34951822481284 407.3645668839087
101.03489461837853 408.09275586977907
101.7202710119442 408.82094485564943
102.40564740550987 409.5491338415198
103.09102379907554 410.27732282739015
103.7764001926412 411.0055118132605
104.46177658620687 411.7337007991309
105.14715297977254 412.46188978500123
105.83252937333823 413.1900787708716
106.51790576690394 413.91826775674195
107.20328216046964 414.6464567426123
107.88865855403533 415.3746457284827
108.57403494760102 416.10283471435304
109.25941134116675 416.83102370022334
109.94478773473246 417.5592126860937
110.63016412829815 418.28740167196406
111.31554052186382 419.0155906578344
112.00091691542951 419.7437796437048
112.6862933089952 420.47196862957514
113.3716697025609 421.20015761544545
114.05704609612658 421.9283466013158
114.7424224896923 422.65653558718617
115.42779888325799 423.3847245730565
116.11317527682365 424.11291355892683
116.79855167038933 424.8411025447972
117.48392806395502 425.56929153066756
118.1693044575207 426.2974805165379
118.85468085108639 427.0256695024083
119.54005724465208 427.7538584882786
120.22543363821774 428.48204747414894
120.91081003178341 429.2102364600193
121.59618642534913 429.93842544588966
122.28156281891485 430.66661443175997
122.96693921248051 431.3948034176303
123.65231560604619 432.1229924035007
124.33769199961185 432.85118138937105
125.02306839317754 433.5793703752414
125.70844478674323 434.3075593611117
126.39382118030892 435.0357483469821
127.0791975738746 435.76393733285244
127.76457396744027 436.4921263187228
128.44995036100596 437.22031530459316
129.13532675457165 437.9485042904635
129.82069998914199 438.6766962495887
130.5060452168675 439.40491456770076
131.19128510490734 440.1332320093697
131.87627665225304 440.861783023414
132.56084534012967 441.59073138343604
133.244862479852 442.3201973199719
133.92832812686316 443.0501799974072
134.6114151333886 443.78051700284794
135.2944500961936 444.51090268150404
135.97783773697702 445.24095838651874
136.66195873267276 445.97032692384965
137.34707760782015 446.69875820195125
138.0332879902669 447.42616133022494
138.7204783583174 448.1526387201406
139.40841709386726 448.8784074823025
140.09680754532314 449.60374780680155
140.78533382197406 450.3289592010593
141.08153969028237 450.6409471062821
141.08447673375522 450.6440676145604
141.9934238611832 450.2271562096547
142.90236328319006 449.8102280058572
143.8113001994331 449.39329433932187
144.7202341537052 448.9763542155975
145.62916516328562 448.5594076724734
146.5380935856852 448.1424554894186
147.44701997160882 447.72549886700824
148.3559449362511 447.3085391463516
149.26486906450418 446.8915776024661
150.1737928529372 446.4746153178161
151.08271668368104 446.05765312539813
151.9916408219391 445.6406916033221
152.9005654284279 445.2237311019324
153.80949057932054 444.8067717872807
154.71841628821278 444.3898136890085
155.62734252660414 443.9728567449919
156.53626924103753 443.5559008387029
157.44519636625006 443.1389458278769
158.3541238344623 442.7219915647625
159.2630515813545 442.30503790914895
160.17197954944106 441.88808473572294
161.08090768955577 441.47113193730615
161.98983596107036 441.0541794253321
162.89876433134265 440.6372271286432
163.80769277476122 440.22027499140836
164.7166212716377 439.8033229707083
165.6255498071065 439.3863710341369
166.53447837012146 438.96941915761454
167.44340695259206 438.5524673235042
168.3523355486696 438.13551551905607
169.26126415417644 437.7185637351633
170.1701927661614 437.30161196539234
171.07912138256074 436.8846602052445
171.98805000194525 436.46770845160415
172.89697862333375 436.05075670233236
173.80590724605833 435.63380495597323
174.71483586966787 435.21685321154325
175.62376449385994 434.79990146838304
176.53269311843314 434.3829497260537
177.44162174325436 433.96599798426496
178.35055036823604 433.5490462428261
179.259478993321 433.1320945016124
180.16840761847217 432.71514276054296
181.0773362436655 432.2981910195655
181.9862648688856 431.88123927864626
182.89519349412262 431.464287537764
183.80412211937028 431.0473357969049
184.71305074462458 430.6303840560603
185.62197936988304 430.21343231522474
186.5309079951441 429.7964805743949
187.43983662040677 429.37952883356854
188.34876524567045 428.96257709274437
189.2576938709347 428.5456253519215
190.16662249619932 428.12867361109943
191.07555112146417 427.71172187027787
191.98447974672916 427.29477012945654
192.89340837199424 426.87781838863543
193.80233699725937 426.46086664781444
194.71126562252454 426.0439149069935
195.62019424778973 425.6269631661727
196.52912287305492 425.21001142535187
197.4380514983201 424.79305968453104
198.3469801235853 424.37610794371017
199.25590874885052 423.95915620288935
200.16483737411573 423.5422044620685
201.07376599938095 423.1252527212477
201.98269462464617 422.7083009804269
202.8916232499114 422.2913492396061
203.80055187517658 421.87439749878524
204.70948050044177 421.4574457579644
205.618409125707 421.0404940171436
206.52733775097215 420.6235422763227
207.43626637623726 420.20659053550173
208.3451950015022 419.7896387946803
209.25412362676676 419.3726870538581
210.16305225203075 418.95573531303467
211.07198087729404 418.5387835722097
211.98090950255647 418.1218318313828
212.8898381278181 417.7048800905542
213.79876675307906 417.28792834972415
214.70769537833968 416.8709766088934
215.61662400360032 416.4540248680627
216.5255526288614 416.0370731272328
217.43448125412323 415.62012138640466
218.34340987938606 415.20316964557867
219.25233850465006 414.78621790475523
220.1612671299152 414.3692661639343
221.07019575518137 413.95231442311564
221.97912438044835 413.5353626822987
222.88805300571573 413.1184109414826
223.79698163098288 412.70145920066597
224.70591025624907 412.2845074598473
225.61483889103368 411.86755573977825
226.52376764461098 411.4506042786699
227.4326971686327 411.03365449708747
228.34163015166178 410.61671225604937
229.25057521617356 410.19979635361864
230.15954884147015 409.7829427240132
231.0685718586339 409.3661968130956
231.97766653278342 408.94960723877455
232.88686778725238 408.5332503259317
233.79615525564495 408.1170817304992
234.70546889793854 407.70097032722026
235.6152910697263 407.28597199502667
236.52525920310262 406.871293811082
237.43506879627364 406.45626790324735
238.34234593599035 406.03573468012763
239.24962307570704 405.61520145700786
240.1683830373299 405.22038487564544
241.13414341260935 404.9609491465329
242.08881586156417 404.6632907597762
243.05323474059045 404.3989118162544
244.0279128750654 404.17529935198536
245.01218531781535 403.9986421742567
246.00436183615884 403.8737992471531
247.00192480293754 403.8040272806359
248.00183789782818 403.7908438567154
249.00090416038947 403.8340480580375
249.99610601740218 403.9318911150138
250.98487217080338 404.08136182749007
251.9652409299668 404.2785345843718
252.93591695986507 404.5189260255276
253.89623966899728 404.7978172127763
254.84609228110457 405.1105151745108
255.78578157774024 405.45254445072607
256.71591277857704 405.81977183155425
257.6372759350814 406.2084747178778
258.55075243211724 406.6153662136885
259.45724419558206 407.03758971228893
260.35762434281094 407.4726938268133
261.25270599685473 407.9185960947984
262.14322529284675 408.37354156786733
263.0298347211744 408.8360604556985
263.9131034797278 409.30492749459495
264.79352218090105 409.77912461671235
265.67150992530736 410.25780772762425
266.54742233867046 410.7402778760443
267.4215596431941 411.2259567543581
268.29417419993126 411.71436624993584
269.165477228751 412.20511163398913
270.03564460644577 412.69786789706023
270.90482177622636 413.19236870346225
271.7731278829688 413.6883974375028
272.6406592846148 414.1857798529119
273.5074925894592 414.68437790907785
274.37368734291863 415.18408447205195
275.23928844717955 415.6848186613203
276.1043283557197 416.1865217175525
276.96882905422314 416.68915333443215
277.8328038275758 417.19268842855195
278.69625881773396 417.6971143200078
279.5591943903653 418.20242827933157
280.4216063380172 418.70863538373385
281.283486945525 419.2157466322801
282.1448259303353 419.7237772939985
283.00561125558716 420.2327454893025
283.86582980787375 420.74267101553346
284.72546793778224 421.2535744169778
285.58451187241474 421.76547628098217
286.44294801699345 422.278396728694
287.3007631648888 422.7923550655671
288.15794463312074 423.30736956101345
289.01448033714695 423.823457332355
289.8703588178623 424.340634310041
290.7255692367837 424.8589152564092
291.5801013596502 425.37831380375917
292.43394554899464 425.898842477631
293.28709278207515 426.4205126787035
294.1395347144606 426.9433345909365
294.99126383616436 427.46731694106074
295.8422738088866 427.99246646865004
296.6925601016509 428.51878692268644
297.54212103514226 429.0462774157622
298.3909592949785 429.5749300509
299.23908389072125 430.10472687053567
300.0865124452371 430.6356363213756
300.93327362555124 431.1676095382888
301.77940948152184 431.70057681049303
302.62497743792267 432.2344446135193
303.4700516896135 432.76909357230363
304.31472378373445 433.30437765894675
305.1591022407848 433.8401248206465
306.0033111674273 434.3761390818161
306.84748793819085 434.9122039843262
307.69178014185354 435.4480870637702
308.53634206572576 435.98354495823554
309.38133101207615 436.518328728133
310.22690371736155 437.0521890095515
311.07321309343394 437.5848807027212
311.92040543801545 438.1161670015116
312.7686181902634 438.64582266977544
313.61797828514915 439.1736364903748
314.4686012092134 439.6994127175442
315.32059095126243 440.22297119512166
316.1740411249076 440.7441456391469
317.0290375656672 441.26277950449736
317.88566262705854 441.7787189429941
318.7440011892198 442.2918026717432
319.60414806764595 442.8018490887816
320.4662161189301 443.30864162518594
321.33034398949735 443.8119139404477
322.1967022992886 444.31133688651215
323.06549721463716 444.806508972826
323.9369708237633 445.2969513737219
324.8113979906029 445.7821081833132
325.6890785858851 446.26135422937415
326.5703221293836 446.73401670624565
327.45542048328684 447.19942072848636
328.3446055324677 447.6569684837133
329.2379935750298 448.1062543675412
330.1355246056511 448.54720566765485
331.0369092540922 448.98022496925086
331.94159594782525 449.40630241078276
332.8487657243506 449.82706718658864
333.757354720016 450.24475850437693
334.6660984207735 450.66211313336
335.57358959359306 451.0821842835888
336.4783431555764 451.5081197154073
337.37886392381654 451.94293271655624
338.2737149454477 452.3892976447098
339.1615839066035 452.8493940561458
340.0413436206914 453.3248126564003
340.9121013359932 453.81652497192874
341.77323177706876 454.32490904273857
342.6243906432376 454.8498172104615
343.4655080664236 455.3906697600653
344.2967643169458 455.9465591788957
345.11855209198023 456.51635287209007
345.9314307093655 457.0987860042158
346.73607751513254 457.6925397561777
347.53324105967255 458.2963031893668
348.3236994311559 458.908818954839
349.1082264428589 459.5289135991541
349.88756718916005 460.15551395117666
350.6624222128763 460.7876529329059
351.4334375165831 461.4244695481492
352.20119745032844 462.0652071575771
352.96621906794365 462.70921175739096
353.7289485119443 463.355929466484
354.4897611114725 464.0049011056171
355.24896662434804 464.6557520787433
356.00681941298404 465.30817766895
356.7635316904696 465.9619257313583
357.5192879843881 466.6167787104327
358.274257962956 467.2725380652735
359.02860516766333 467.92901372723696
359.7824907797931 468.58601942266415
360.53607351625925 469.2433724931675
361.28950905329225 469.90089427344236
362.000091504772 470.5210182463159
362.5831079565004 471.03453463154204
362.5902612828782 471.0360583049408
361.83682574584464 470.37853652466663
361.8403075676336 470.38028178926606
362.5831079565004 471.03453463154204
363.5611668520122 471.2428632107223
364.53922574752767 471.4511917899022
365.51728464304307 471.65952036908214
366.4953435385585 471.8678489482621
367.4734024340739 472.0761775274422
368.4514613295893 472.28450610662225
369.4295202251047 472.4928346858024
370.4075791206201 472.7011632649824
371.3856380161355 472.9094918441626
372.3636969116509 473.1178204233427
373.3417558071663 473.3261490025228
374.3198147026817 473.5344775817031
375.2978735981971 473.74280616088316
376.2759324937125 473.9511347400633
376.6112595480201 474.0225601001361
377.0489351832484 473.1234271632808
377.48661081851776 472.22429422634013
377.9242864537872 471.3251612893995
378.3619620890566 470.42602835245884
378.79963772432603 469.52689541551825
379.2373133595956 468.62776247857767
379.6749889948651 467.7286295416371
380.1126646301346 466.8294966046965
380.55034026540415 465.93036366775596
380.9880159006736 465.0312307308153
381.4256915359428 464.13209779387455
381.8633671712114 463.2329648569335
382.3010428064789 462.33383191999195
382.73871844174454 461.4346989830495
383.17639407700733 460.5355660461056
383.61406971226637 459.63643310915995
384.051745347521 458.7373001722121
384.48942098277075 457.8381672352619
384.9270966180161 456.93903429830954
385.3647722532579 456.0399013613555
385.80244793944746 455.1407684492015
386.2401241822341 454.2416358079855
386.67780362237266 453.34250472317086
387.11549592942833 452.44337990183385
387.5532289575155 451.5442749045606
387.99106981503525 450.64522241249665
388.4291589014071 449.7462908509182
388.8677577699842 448.8476079076713
389.3073081065744 447.94938994881977
389.7484950271321 447.0519747154251
390.1923045148897 446.15585355253677
390.64006326749154 445.2616991478233
391.09345015202814 444.3703853237803
391.5544718263944 443.48299644861646
392.02540019538543 442.6008249963015
392.5086751486471 441.725356367766
393.0067813225754 440.85824032046065
393.52211149829884 440.001248599387
394.0568311218297 439.1562190589501
394.61275813660046 438.3249879513464
395.19127002532576 437.5093140001848
395.7932461160581 436.71079988873373
396.4190484742288 435.9308182168285
397.06853986142414 435.1704492682522
397.74113307483907 434.4304368566886
398.4358631115009 433.71116627049736
399.1514723512786 433.0126654358916
399.88649928442254 432.3346275257767
400.63936287234174 431.67645094006025
401.4084368964306 431.03729122178027
402.19211107630247 430.41611912018345
402.9888378983919 429.8117795046003
403.79716573931665 429.2230468814291
404.6157599210285 428.648674558221
405.4434138504428 428.0874357738118
406.2790524976676 427.53815619903736
407.12173029487576 426.99973802503837
407.9706252180718 426.47117638305895
408.82503044255964 425.9515691156272
409.6843446040236 425.44012100300233
410.54806138769464 424.93614350588075
411.4157589244086 424.4390509744738
412.2870892964925 423.9483541406914
413.16176834122166 423.46365158374357
414.0395658727764 422.9846197543246
414.9202964108595 422.51100206115035
415.80381049145967 422.0425974610649
416.68998663091975 421.5792489422891
417.5787240100039 421.1208322420931
418.46993593517203 420.6672450901166
419.36354411816944 420.21839721468433
420.25947379320655 419.77420129238436
421.1576496658256 419.3345649633066
422.05799266194794 418.8993839787342
422.9604174222825 418.468536497675
423.86483046832683 418.0418785056664
424.77112895281465 417.6192402951185
425.6791999000913 417.200423921618
426.5889198402624 416.7852015348719
427.50015474429074 416.373314475497
428.4127601742716 415.96447302802693
429.3265815724447 415.55835672419147
430.2414546228288 415.1546150968098
431.1572056301497 414.75286879304235
432.0736518722632 414.35271096753354
432.9906018953024 413.95370889329274
433.9078557356184 413.5554057519223
434.82520506850324 413.1573225929521
435.74243329872246 412.75896047918013
436.65931561947923 412.35980285381936
437.57561907235197 411.9593181696509
438.49110263997056 411.55696280753875
439.4055173963285 411.15218428370764
440.3186067287165 410.7444247086155
441.23010663319224 410.3331244239807
442.139746075117 409.91772571708
443.04724739960227 409.4976764984669
443.9523267744711 409.07243383223147
444.85469465031633 408.641467224891
445.7540562311969 408.20426161326645
446.6501119822298 407.7603200731501
447.542558298955 407.3091664720743
448.43108868898594 406.8503487021575
449.3153962119931 406.38344378169404
450.1951784576337 405.9080668783261
451.07014686557824 405.4238868652123
451.94004245646164 404.93065095719106
452.80465976603807 404.4282199589627
453.66387975588833 403.9166136561852
454.5177106976188 403.3960632523397
455.36633372667455 402.86706518565495
456.2101474122183 402.33042893633046
457.0498039243038 401.7873111390595
457.8862288285207 401.2392295943915
458.72061762230845 400.6880532697898
459.5544048755516 400.13596739211374
460.38920581132265 399.5854154893509
461.22673447426445 399.0390220974152
462.0687063198942 398.499500632442
462.91673554513704 397.96955116963073
463.77223860432395 397.45175341401387
464.6363549860636 396.94846137274055
465.50989420920666 396.461707609909
466.3933140451355 395.9931252868457
467.286729799019 395.5438945101698
468.1899494570904 395.1147159351298
469.1025261268171 394.7058102958064
470.0238182594721 394.3169391007969
470.95304940948995 393.94744015650014
471.88936178553456 393.59627191410675
472.8318605082113 393.2620621629734
473.77964759695465 392.94315836178646
474.7318460444296 392.6376782206539
475.6876150301722 392.3435597991083
476.6461576277283 392.05861052525347
477.606722481018 391.78055448301626
478.5686009766123 391.5070773181318
479.5311214492615 391.2358682848545
480.4936419219106 390.96465925157713
480.5018116065627 390.9623572825909
481.1156643922468 390.85113287756445
481.10138806890694 390.7934148472363
480.1388675962578 391.06462388051375
480.169575208256 391.02255542226146
481.1156643922468 390.85113287756445
480.9078844228084 390.0110951246974
480.91930033726027 390.88671221465273
481.1156643922468 390.85113287756445
480.9078844228065 390.0110951246897
480.9217767360272 390.88626351427075
481.1156643922468 390.85113287756445
480.90788442280126 390.0110951246683
480.89201254782535 389.0112210908097
480.88133232990464 388.01127812596366
480.88638026346246 387.01129086686143
480.9167814783859 386.01175309062126
480.98020475002875 385.0137663729671
481.0822208876921 384.0189836290193
481.226450654789 383.0294394034876
481.4147926989069 382.04733590872877
481.64767599150997 381.07483121875225
481.92432684343476 380.11386071653624
482.2430456579387 379.16601140505196
482.6014818811163 378.2324571892111
482.9968978963683 377.31395505264186
483.42641773348043 376.4108976294803
483.887253308491 375.5234120956237
484.3768503002483 374.6514632521345
484.892944185088 373.79493123169914
485.43368652433094 372.9537429516155
485.9977779546103 372.12803061775736
486.5835023446231 371.3175203223606
487.19055221427345 370.52285658482276
487.8187702793185 369.7448192703249
488.458285572102 368.97604089504625
489.0747335123993 368.18864522773333
