0.8758195563436136
148674
1705
0.0 100.0
0.0 101.0
0.0 102.0
0.0 103.0
0.0 104.0
0.0 105.0
0.0 106.0
0.0 107.0
0.0 108.0
0.0 109.0
0.0 110.0
0.0 111.0
0.0 112.0
0.0 113.0
0.0 114.0
0.0 115.0
0.0 116.0
0.0 117.0
0.0 118.0
0.0 119.0
0.0 120.0
0.0 121.0
0.0 122.0
0.0 123.0
0.0 124.0
0.0 125.0
0.0 126.0
0.0 127.0
0.0 128.0
0.0 129.0
0.0 130.0
0.0 131.0
0.0 132.0
0.0 133.0
0.0 134.0
0.0 135.0
0.0 136.0
0.0 137.0
0.0 138.0
0.0 139.0
0.0 140.0
0.0 141.0
0.0 142.0
0.0 143.0
0.0 144.0
0.0 145.0
0.0 146.0
0.0 147.0
0.0 148.0
0.0 149.0
0.0 150.0
0.0 151.0
0.0 152.0
0.0 153.0
0.0 154.0
0.0 155.0
0.0 156.0
0.0 157.0
0.0 158.0
0.0 159.0
0.0 160.0
0.0 161.0
0.0 162.0
0.0 163.0
0.0 164.0
0.0 165.0
0.0 166.0
0.0 167.0
0.0 168.0
0.0 169.0
0.0 170.0
0.0 171.0
0.0 172.0
0.0 173.0
0.0 174.0
0.0 175.0
0.0 176.0
0.0 177.0
0.0 178.0
0.0 179.0
0.0 180.0
0.0 181.0
0.0 182.0
0.0 183.0
0.0 184.0
0.0 185.0
0.0 186.0
0.0 187.0
0.0 188.0
0.0 189.0
0.0 190.0
0.0 191.0
0.0 192.0
0.0 193.0
0.0 194.0
0.0 195.0
0.0 196.0
0.0 197.0
0.0 198.0
0.0 199.0
0.0 200.0
0.0 201.0
0.0 202.0
0.0 203.0
0.0 204.0
0.0 205.0
0.0 206.0
0.0 207.0
0.0 208.0
0.0 209.0
0.0 210.0
0.0 211.0
0.0 212.0
0.0 213.0
0.0 214.0
0.0 215.0
0.0 216.00000000000003
0.0 217.00000000000003
0.0 218.00000000000003
0.0 219.00000000000003
0.0 220.0
0.0 220.99999999999997
0.0 221.99999999999997
0.0 222.99999999999997
0.0 223.99999999999997
0.0 224.99999999999997
0.0 225.99999999999994
0.0 226.99999999999994
0.0 227.99999999999991
0.0 228.99999999999991
0.0 229.99999999999991
0.0 230.99999999999991
0.0 231.99999999999991
0.0 232.99999999999991
0.0 233.99999999999991
0.0 234.99999999999991
0.0 235.99999999999991
0.0 236.99999999999991
0.0 237.99999999999991
0.0 238.99999999999991
0.0 239.99999999999991
0.0 240.99999999999991
0.0 241.99999999999991
0.0 242.99999999999991
0.0 243.99999999999991
0.0 244.99999999999991
0.0 245.99999999999991
0.0 246.99999999999991
0.0 247.99999999999991
0.0 248.99999999999991
0.0 249.99999999999991
0.0 250.99999999999991
0.0 251.99999999999991
0.0 252.99999999999991
0.0 253.99999999999991
0.0 254.99999999999991
0.0 255.99999999999991
0.0 256.99999999999994
0.0 257.99999999999994
0.0 258.99999999999994
0.0 259.99999999999994
0.0 260.99999999999994
0.0 261.99999999999994
0.0 262.99999999999994
0.0 263.99999999999994
0.0 264.99999999999994
0.0 265.99999999999994
0.0 266.99999999999994
0.0 267.99999999999994
0.0 268.99999999999994
0.0 269.99999999999994
0.0 270.99999999999994
0.0 271.99999999999994
0.0 272.99999999999994
0.0 273.99999999999994
0.0 274.99999999999994
0.0 275.99999999999994
0.0 276.99999999999994
0.0 277.99999999999994
0.0 278.99999999999994
0.0 279.99999999999994
0.0 280.99999999999994
0.0 281.99999999999994
0.0 282.99999999999994
0.0 283.99999999999994
0.0 284.99999999999994
0.0 285.99999999999994
0.0 286.99999999999994
0.0 287.99999999999994
0.0 288.99999999999994
0.0 289.99999999999994
0.0 290.99999999999994
0.0 291.99999999999994
0.0 292.99999999999994
0.0 293.99999999999994
0.0 294.99999999999994
2.365626418156769E-197 295.99999999999994
9.46250567262812E-197 296.99999999999994
2.353798286066397E-196 297.99999999999994
4.565658987043574E-196 298.99999999999994
7.587746736239762E-196 299.99999999999994
1.1343178675064848E-195 300.99999999999994
1.571515199912229E-195 301.99999999999994
2.0575035771924763E-195 302.99999999999994
2.5803624599744777E-195 303.99999999999994
3.13001945452467E-195 304.99999999999994
3.698550636415045E-195 305.99999999999994
4.280018837779716E-195 306.99999999999994
4.870154842192167E-195 307.99999999999994
5.465983135173309E-195 308.99999999999994
6.0654857727033574E-195 309.99999999999994
6.667324004284928E-195 310.99999999999994
7.270626963478744E-195 311.99999999999994
7.874837391058672E-195 312.99999999999994
8.479603976918599E-195 313.99999999999994
9.084708065937242E-195 314.99999999999994
9.69001515317929E-195 315.99999999999994
1.029544334449594E-194 316.99999999999994
1.0900943248465702E-194 317.99999999999994
1.1506485326794082E-194 318.99999999999994
1.21120520520464E-194 319.99999999999994
1.2717633096930563E-194 320.99999999999994
1.3323222416465511E-194 321.99999999999994
1.3928816493418813E-194 322.99999999999994
1.4534413292774457E-194 323.99999999999994
1.5140011643155642E-194 324.99999999999994
1.5745610873567572E-194 325.99999999999994
1.6351210601365196E-194 326.99999999999994
1.6956810609260628E-194 327.99999999999994
1.7562410774349415E-194 328.99999999999994
1.8168011027371602E-194 329.99999999999994
1.877361132943285E-194 330.99999999999994
1.937921165876332E-194 331.99999999999994
1.9984812003215734E-194 332.99999999999994
2.0590412356032073E-194 333.99999999999994
2.1196012713463002E-194 334.99999999999994
2.1801613073433912E-194 335.99999999999994
2.2407213434799745E-194 336.99999999999994
2.301281379693E-194 337.99999999999994
2.3618414159478306E-194 338.99999999999994
2.422401452225479E-194 339.99999999999994
2.4829614885155578E-194 340.99999999999994
2.5435215248123965E-194 341.99999999999994
2.6040815611129047E-194 342.99999999999994
2.6646415974154016E-194 343.99999999999994
2.7252016337189753E-194 344.99999999999994
2.78576167002313E-194 345.99999999999994
2.8463217063275985E-194 346.99999999999994
2.906881742632236E-194 347.99999999999994
2.9674417789369645E-194 348.99999999999994
3.0280018152417415E-194 349.99999999999994
3.0885618515465447E-194 350.99999999999994
3.149121887851362E-194 351.99999999999994
3.209681924156187E-194 352.99999999999994
3.270241960461016E-194 353.99999999999994
3.330801996765847E-194 354.99999999999994
3.39136203307068E-194 355.99999999999994
3.451922069375513E-194 356.99999999999994
3.5124821056803457E-194 357.99999999999994
3.573042141985179E-194 358.99999999999994
3.633602178290013E-194 359.99999999999994
3.694162214594847E-194 360.99999999999994
3.7547222508996806E-194 361.99999999999994
3.815282287204515E-194 362.99999999999994
3.875842323509348E-194 363.99999999999994
3.9364023598141813E-194 364.99999999999994
3.996962396119014E-194 365.99999999999994
4.0575224324238485E-194 366.99999999999994
4.118082468728682E-194 367.99999999999994
4.1786425050335156E-194 368.99999999999994
4.239202541338349E-194 369.99999999999994
4.299762577643183E-194 370.99999999999994
4.360322613948016E-194 371.99999999999994
4.420882650252849E-194 372.99999999999994
4.4814426865576817E-194 373.99999999999994
4.5420027228625147E-194 374.99999999999994
4.602562759167348E-194 375.99999999999994
4.663122795472182E-194 376.99999999999994
4.723682831777015E-194 377.99999999999994
4.784242868081848E-194 378.99999999999994
4.844802904386681E-194 379.99999999999994
4.905362940691514E-194 380.99999999999994
4.965922976996348E-194 381.99999999999994
5.026483013301182E-194 382.99999999999994
5.085899953801005E-194 383.99999999999994
5.1430307026908086E-194 384.99999999999994
5.1956462231508205E-194 385.99999999999994
5.242089026263775E-194 386.99999999999994
5.2812445936197884E-194 387.99999999999994
5.312970038243233E-194 388.99999999999994
5.3378011862927065E-194 389.99999999999994
5.3567311022488124E-194 390.99999999999994
5.37090020278577E-194 391.99999999999994
5.3814167550082794E-194 392.99999999999994
5.389239664479331E-194 393.99999999999994
5.395142530215406E-194 394.99999999999994
5.39971453773006E-194 395.99999999999994
5.4033863572982696E-194 396.99999999999994
5.4064617911889135E-194 397.99999999999994
5.4091493092668227E-194 398.99999999999994
5.411588501920904E-194 399.99999999999994
5.413870986354304E-194 400.99999999999994
5.416055819435485E-194 401.99999999999994
5.418180494169626E-194 402.99999999999994
5.420268485655403E-194 403.99999999999994
5.422334316752686E-194 404.99999999999994
5.424386873528709E-194 405.99999999999994
5.4264315405174607E-194 406.99999999999994
5.428471551309127E-194 407.99999999999994
5.4305088322511865E-194 408.99999999999994
5.4300642209301974E-194 409.99999999999994
5.424658084870687E-194 410.99999999999994
5.4094542266643756E-194 411.99999999999994
5.3808564357563173E-194 412.99999999999994
5.336446548982669E-194 413.99999999999994
5.275914603753215E-194 414.99999999999994
5.200423284298969E-194 415.99999999999994
5.112127376939909E-194 416.99999999999994
5.009773845044427E-194 417.99999999999994
4.892039887474412E-194 418.99999999999994
4.753737451614933E-194 419.99999999999994
4.5911401721641645E-194 420.99999999999994
4.395588890759064E-194 421.99999999999994
4.161248908292159E-194 422.99999999999994
3.883957345246093E-194 423.99999999999994
3.563987099381703E-194 424.99999999999994
3.210115967982018E-194 425.99999999999994
2.83340959326602E-194 426.99999999999994
2.4512473616608575E-194 427.99999999999994
2.07814325616034E-194 428.99999999999994
1.7289171415758386E-194 429.99999999999994
1.4125590939290898E-194 430.99999999999994
1.1354751881595606E-194 431.99999999999994
8.990103283143089E-195 432.99999999999994
7.024000648849423E-195 433.99999999999994
5.421532421559304E-195 434.99999999999994
4.141129966191263E-195 435.99999999999994
3.1332935225388126E-195 436.99999999999994
2.3518377523251965E-195 437.99999999999994
1.752600046939181E-195 438.99999999999994
1.2982618862519177E-195 439.99999999999994
9.565506787079538E-196 440.99999999999994
7.017149821485201E-196 441.99999999999994
5.127510211408518E-196 442.99999999999994
3.7351294432641687E-196 443.99999999999994
2.7131760349161065E-196 444.99999999999994
1.9666050087298283E-196 445.99999999999994
1.4226172934190007E-196 446.99999999999994
1.0276164046805038E-196 447.99999999999994
7.412536838671148E-197 448.99999999999994
5.3415694905802426E-197 449.99999999999994
3.844668907263182E-197 450.99999999999994
2.764626153519212E-197 451.99999999999994
1.9856299868289575E-197 452.99999999999994
1.4247998139411028E-197 453.99999999999994
1.0212814900656563E-197 454.99999999999994
4.970253763340792E-6 455.99999999998755
3.273901924989667E-5 456.99999999960204
1.9013425101000746E-4 457.9999999872154
6.49343807564489E-4 458.9999998817787
0.001657768165939851 459.99999937331876
0.004311023844495915 460.9999958534297
0.008990184657819552 461.9999849060968
0.01642047893940508 462.99995730107923
0.027683516442342897 463.9998938710607
0.044282468267033914 464.99975609896927
0.06822148695587368 465.9994695195975
0.10208644792444146 466.9988959373085
0.14911055561762482 467.99778969206704
0.21320095466269956 468.9957337890736
0.29889960880350996 469.992054892272
0.4112562514416771 470.9857228372391
0.5556038252428251 471.975249884842
0.7372465103350956 472.95861448403826
0.9610941336409649 473.93323863802806
1.2312987829644937 474.89604155009465
1.5509619244327983 475.843572803398
1.9219755257334883 476.77220023549864
2.3450352816892677 477.67830201945594
2.8198228114096184 478.55840246918996
3.3453094525815428 479.40920432035733
3.9201023408784326 480.22750324835573
4.542743950228 481.01001038973305
5.211890122887161 481.7531411989555
5.9263229888383195 482.45284519354806
6.684796459923287 483.10454910918793
7.485758380966019 483.7032644013256
8.327028373178049 484.2438796066275
9.205527569071803 484.72162343213864
10.117153706315165 485.13264385242786
11.05686671760511 485.47460796810725
12.018995331911968 485.74720387697596
12.99770881270128 485.9524352647344
13.98754569845157 486.09464264713125
14.983875056420747 486.1802452782166
15.983190112845906 486.2172509264609
16.983186627751863 486.21461081738374
17.98263838835445 486.18150223498594
18.98113071991715 486.12661085305325
19.97873770171013 486.05747106799504
20.97572556433035 485.9799133360274
21.97233726239487 485.89766296653914
22.968672520866036 485.81212903919334
23.9646395178492 485.7224086907748
24.95993377010294 485.62551002499106
25.954004233412935 485.51677220280095
26.945992459835793 485.3904418476268
27.93466514870003 485.2403541589446
28.91838795644734 485.06066153940293
29.895196317711562 484.8465460907209
30.863001074729578 484.5948439804928
31.81992554661669 484.3045070122928
32.764719390201456 483.97684164469297
33.6971544304442 483.6155039968793
34.61829850487103 483.22628221672255
35.53059126748331 482.81674355519567
36.4376974163388 482.395841625159
37.34416337729232 481.97356273433843
38.25493345449099 481.56064886138245
39.174787090789195 481.1683871021081
40.1077510348711 480.8084172713679
41.05653446661271 480.49249006511207
42.02205083582959 480.23214771209535
43.003078616750045 480.0382805073848
43.996119667044944 479.9205117830595
44.995539213078295 479.886444628695
45.99405408477942 479.94092445057134
46.983541937735865 480.0855404553967
47.95601748281889 480.31854542147136
48.90454743435206 480.63523285577287
49.82390553143704 481.0286546260453
50.710879446042036 481.4904741522785
51.56426239705099 482.0117586608986
52.38463604797041 482.58358649589536
53.174064817328976 483.19742867276904
53.93579568584093 483.84532224732897
54.67401864100947 484.5198790414258
55.39370740751446 485.21417586510177
56.100533308188886 485.921563415272
56.800826070624595 486.6354191758288
57.50154048723848 487.3488610489688
58.21018652084336 488.05442521972583
58.934652008007994 488.7437362945733
59.68280774585864 489.40725946065055
60.46180530983865 490.0342864100819
61.2770977792079 490.61333579432284
62.13140083100516 491.1331110300641
63.02397453108105 491.5840125602598
63.95062119374771 491.95994601523387
64.90457244591508 492.25990769360016
65.87803335071335 492.4887610676835
66.8638027908061 492.6568640449898
67.85635994031685 492.77864378449976
68.85212742650751 492.8705519639264
69.84905430727697 492.948889658552
70.84593235922343 493.027846289353
71.84186543227456 493.11794242691144
72.83611857072343 493.22499707036314
73.82831105901737 493.3497130122996
74.81871600348911 493.4879086922825
75.80838072772998 493.6313092975575
76.79889652460716 493.76870819179163
77.79184137274311 493.88728529143685
78.7880817854917 493.9739169254196
79.78718007856324 494.0163739717317
80.78710760622704 494.0043348928572
81.78435138111797 493.93014019330747
82.77437243565399 493.78922067168116
83.7522776818485 493.5801720422543
84.71353420015157 493.3045166305173
85.65458554900684 492.9662528890112
86.57329178080397 492.57131129882714
87.46916777321091 492.12700711673017
88.34341891632768 491.6415331846195
89.19878080861245 491.12350226543896
90.03918498007609 490.58154209292945
90.86930538931645 490.02395792335267
91.69407419609318 489.45848783982206
92.51826354656085 488.892173514932
93.34620158893782 488.33135393789763
94.18163935525088 487.7817688774949
95.02773632019502 487.24873986710963
95.887105287574 486.73738384836537
96.76185546766798 486.25280968229214
97.65358885310667 485.80024856012847
98.5633299745803 485.38507258310193
99.49139735743417 485.012660267405
100.43725255404624 484.6880713781282
101.39939188993908 484.4155133139883
102.37536891097052 484.19763983139205
103.36202272131676 484.03480783659603
104.35591785630594 483.92447896165913
105.35389722968526 483.8609402308768
106.35357175041541 483.8354284178691
107.35357103217311 483.8366269520067
108.35346144899869 483.85143081435314
109.35335712368745 483.86587518137605
110.35335707908628 483.86617384897556
111.35301067540945 483.8398548946242
112.35103075394531 483.776958767245
113.34541923190969 483.6711686217131
114.3340237227719 483.5206323780804
115.31533610138959 483.32821092508806
116.28918368334142 483.10100862068384
117.25697615546464 482.8492592792714
118.22137833916327 482.5848194409767
119.18555811916633 482.3195698380868
120.15234146384424 482.0639725680439
121.1236035007009 481.8259598461968
122.10006713407898 481.61027773592787
123.0814756636845 481.41834728493706
124.06696513188726 481.24861070060285
125.05544055289461 481.09722925502797
126.04583348444162 480.9589475095164
127.03656502104042 480.8231129690321
128.02452919206044 480.66843007799133
129.00323694233438 480.4631713642818
129.96008670712004 480.17258828213556
130.87546193538432 479.76998650434496
131.72695974651302 479.2456283465529
132.49758684709366 478.6083420122802
133.18208376079454 477.8793262544711
133.78710113095806 477.0831139826488
134.32661135422285 476.2411349336263
134.81660141320205 475.3694069129102
135.27154546347 474.4788868900439
135.70292644410074 473.57671703378065
136.11910229193987 472.6674328847517
136.52579369895943 471.7538672880612
136.92673694685755 470.837764394296
137.32428228926923 469.92018186355193
137.71986267037732 469.0017505040686
138.11432877783332 468.08284001328695
138.50817405447563 467.16366326310964
138.901678916444 466.24434072797453
139.29499982768544 465.3249394767353
139.6882226601148 464.40549627345615
140.0813938407171 463.48603098170025
140.47453812854806 462.5665541908317
140.86766856213944 461.64707147637523
141.26079014251013 460.7275849767208
141.65390993487065 459.8080977126141
142.04702838832938 458.88860987607126
142.4401459528488 457.96912165947117
142.833262965382 457.0496332068754
143.2263796496067 456.13014461391504
143.61949614438194 455.21065593995775
144.0126125322746 454.29116722030415
144.40572886091547 453.3716784753181
144.79884515716827 452.45218971648495
145.19196143592063 451.5327009501697
145.5850777053078 450.6132121798505
145.97819396972432 449.69372340740614
146.3713102315211 448.77423463384173
146.76442649194556 447.85474585969064
147.15754275165497 446.93525708523384
147.5506590109935 446.01576831061845
147.94377527014058 445.0962795359212
148.33689152918902 444.1767907611818
148.73000778818692 443.25730198642077
149.12312404715897 442.33781321164867
149.51624030611782 441.418324436871
149.90935656506994 440.4988356620904
150.30247282401865 439.57934688730836
150.69558908296565 438.65985811252557
151.0887053419118 437.74036933774244
151.4818216008575 436.82088056295913
151.87493785980297 435.9013917881757
152.2680541187483 434.98190301339224
152.66117037769357 434.06241423860877
153.05428663663884 433.14292546382524
153.44740289558408 432.2234366890417
153.84051915452932 431.3039479142582
154.23363541347453 430.38445913947464
154.62675167241974 429.4649703646911
155.01986793136496 428.5454815899076
155.41298419031017 427.62599281512405
155.80610044925538 426.7065040403405
156.1992167082006 425.787015265557
156.5923329671458 424.86752649077346
156.98544922609102 423.9480377159899
157.37856548503623 423.0285489412064
157.77168174398147 422.10906016642286
158.16479800292672 421.18957139163933
158.55791426187193 420.2700826168558
158.95103052081714 419.35059384207227
159.34414677976238 418.43110506728874
159.7372630387076 417.5116162925052
160.13037929765284 416.5921275177217
160.52349555659805 415.67263874293815
160.9166118155433 414.7531499681546
161.30972807448853 413.8336611933711
161.70284433343375 412.91417241858755
162.09596059237896 411.994683643804
162.48907685132417 411.0751948690205
162.88219311026938 410.15570609423696
163.2753093692146 409.23621731945343
163.66842562815984 408.3167285446699
164.06154188710508 407.39723976988637
164.4546581460503 406.47775099510284
164.8477744049955 405.5582622203193
165.24089066394072 404.6387734455358
165.63400692288596 403.71928467075224
166.0271231818312 402.7997958959687
166.4202394407764 401.8803071211852
166.81335569972163 400.96081834640165
167.20647195866684 400.0413295716181
167.59958821761205 399.1218407968346
167.99270447655726 398.20235202205106
168.3858207355025 397.2828632472675
168.77893699444775 396.363374472484
169.17205325339296 395.44388569770047
169.56516951233817 394.52439692291694
169.95828577128339 393.6049081481334
170.35140203022863 392.6854193733499
170.74451828917387 391.76593059856634
171.13765628521458 390.84645111751786
171.53088644478333 389.9270110479073
171.92432999886012 389.00766227309146
172.31813081265506 388.0884664729191
172.71241528823947 387.1694780332132
173.10726168636495 386.2507308852517
173.5026891162529 385.33223366277787
173.89866440067314 384.41397249397664
174.29511890941143 383.4959181260326
174.69196726854875 382.57803393951997
175.0891227021358 381.66028257799974
175.48650699177807 380.7426302874531
175.8840553076521 379.825049044976
176.28171723759135 378.90751703492026
176.6794555304341 377.99001812461756
177.07724379679536 377.0725408795889
177.4750639971618 376.1550774807656
177.87290417269205 375.2376227436074
178.2707566048641 374.3201733214512
178.66861642793447 373.4027271043974
179.06648063801202 372.485282789826
179.4643474149511 371.5678395884189
179.86221567422717 370.650397029857
180.2600847793464 369.73295483811324
180.65795436184982 368.8155128533978
181.0558242110851 367.89807098435676
181.45369420798136 366.9806291793524
181.85156428592933 366.0631874094979
182.24943440801997 365.14574565878695
182.64730455397893 364.22830391842706
183.04517471275818 363.310862183627
183.44304487838144 362.393420451795
183.8409150476377 361.4759787215386
184.2387852188125 360.5585369921141
184.63665539099554 359.6410952631269
185.03452556370613 358.7236535343685
185.4323957366916 357.8062118057293
185.83026590981981 356.888770077152
186.2281360830218 355.9713283486067
186.62600625626192 355.05388662007783
187.0238764295216 354.1364448915575
187.42174660279136 353.21900316304163
187.8196167760662 352.3015614345279
188.2175906372646 351.3841646796815
188.61600408664373 350.4669587467777
189.01543508391495 349.5501954848508
189.41656877009626 348.6341759622365
189.8200058252432 347.7191685619744
190.22611639433407 346.80534461521404
190.63498845667527 345.89275290111794
191.04646154635947 344.981330991975
191.46020757457723 344.0709386457122
191.8758200091254 343.16139683565126
192.29288660076224 342.2525209045471
192.71103634225597 341.34414279291695
193.12996207367934 340.43612229119276
193.54942513253127 339.52834988455186
193.96924926019386 338.62074440757834
194.38930963948403 337.71324824904616
194.80952096921635 336.8058219774601
195.2298267116085 335.8984394324923
195.6504319749003 334.9911956876854
196.07209619771874 334.08444363602246
196.49615027686735 333.17880676731767
196.92417680634372 332.2750405973022
197.35755969689535 331.3738307048925
197.79714356727362 330.4756291568515
198.24311658990842 329.58058275409803
198.69550840755244 328.68876346560467
199.15488815235727 327.8005234923637
199.6225979701133 326.9166414151755
200.10036995752665 326.03815753482075
200.59045265156635 325.1664815898717
201.0960326708615 324.3037018705403
201.62188161795845 323.45312389948947
202.17478077877172 322.619875726391
202.76301659035875 321.81118627427327
203.39472830789484 321.0359828777846
204.07569897509893 320.30367218524515
204.80763013034982 319.6222935944653
205.58771172368841 318.99661579580663
206.40957241602 318.4269272823186
207.26499722419481 317.90900026278877
208.14559334695463 317.43513269839934
209.0438861866865 316.9957354133754
209.9537750158279 316.5808832486182
210.87054939214903 316.1814777617743
211.79070788312723 315.78993165787244
212.71174047970436 315.40044615616233
213.63194398777517 315.009005862204
214.5502811152101 314.6132067712822
215.4662696132022 314.21200224545254
216.3798841600203 313.8054208146882
217.29145880502568 313.3942862058515
218.20158495631722 312.9799549510139
219.11100610695047 312.5640785621904
220.02051467535046 312.14839338804177
220.93085822483835 311.73454000590533
221.84266207037484 311.323913962814
222.75637332629645 310.91754991322034
223.67222848677866 310.5160411025846
224.59024346887304 310.11949540200237
225.5102224368469 309.72752767567056
226.43178018762 309.33928636927726
227.35437259461878 308.95351020289553
228.2773304216009 308.56860911220804
229.19989331631666 308.1827623741193
230.12124246007986 307.79402627432046
231.04053171573958 307.40044367253444
231.95691787439156 307.0001482713229
232.8695906505717 306.59145718551395
233.77780251984979 306.17294649209924
234.68089759069392 305.74350581748047
235.5783377939361 305.3023696915458
236.46972408851798 304.84912530511434
237.3548103539702 304.3836982939646
238.2335082381065 303.90632000747223
239.10588233990674 303.4174811521137
239.97213647246602 302.91787753140625
240.8325930430405 302.40835374378173
241.6876685137683 301.88985018607013
242.53784828935304 301.3633576892702
243.3836641870398 300.8298827908726
244.2256769778375 300.2904252298605
245.06446551858625 299.7459679001196
245.9006229118072 299.1974783252306
246.73475910003094 298.64591978845
247.56750844360522 298.0922696003559
248.39954021469657 297.53754162026604
249.23156958879147 296.98281004495846
250.06436661914978 296.4292315896097
250.89876081287858 295.87806343970294
251.7356392625341 295.3306746742883
252.5759368114562 294.7885492005504
253.4206174512628 294.2532785991385
254.27064708175524 293.7265437253311
255.1269588994959 293.2100845586996
255.99041394443475 292.7056587610151
256.86176053912897 292.2149907348357
257.7415972147872 291.7397145791465
258.63034391464214 291.2813159496798
259.5282255734895 290.84107905128815
260.4352705964658 290.420045410953
261.35132457879155 290.0189904253649
262.27607728626174 289.63842186383295
263.20909895546606 289.27860167985887
264.1498807825195 288.9395890637427
265.0978742716448 288.6212993457559
266.052524883429 288.3235709302158
267.0132968862896 288.04623150186256
267.97968805699486 287.78915543299786
268.9512344891857 287.55230626137745
269.9275069853515 287.3357606236235
270.9081012485632 287.13971243833134
271.89262442586136 286.96445801367184
272.88068062006016 286.8103640257767
273.8718578947315 286.6778211641238
274.8657190884361 286.5671869576231
275.86179838679516 286.47872209804314
276.85960498624456 286.41252549620356
277.8586342547969 286.368474155977
278.85838558426303 286.34617439744034
279.8583848108186 286.3449306578027
280.8582079588384 286.36373684518196
281.85750247518354 286.4012930644078
282.8560023101893 286.4560477856053
283.85353419952537 286.5262626683411
284.85001409132883 286.61009479363486
285.8454344425794 286.70568937672493
286.83984462499006 286.81127530911203
287.8333275816507 286.925256074265
288.8259760114009 287.04628951970267
289.817870802072 287.17335141107685
290.8090634305041 287.3057794041213
291.79956291571847 287.4432958387396
292.78932694625456 287.5860094115243
293.7782562002222 287.7343971827422
294.76619070483764 287.8892694352287
295.7529072894978 288.0517206019115
296.73811763960634 288.22306985355567
297.72146699115217 288.4047950659351
298.70253396300063 288.59846384697136
299.68083229112557 288.8056651529228
300.65581525051005 289.027944771669
301.62688333151493 289.26674758164734
302.5933953378975 289.52336897888136
303.55468259093277 289.79891719090944
304.5100654694951 290.0942873914205
305.4588711872818 290.4101476609943
306.40045156708584 290.7469360045693
307.33419963171485 291.1048669361771
308.25956406010573 291.48394565447813
309.17606089264143 291.88398759721923
310.08328223699505 292.3046411748211
310.980902055944 292.7454117054036
311.868679359774 293.2056849490366
312.74645924952466 293.6847491046037
313.6141722599252 294.1818146250149
314.47183235477735 294.6960316625567
315.31953378052003 295.22650531203783
316.157446853538 295.77230901490685
316.9858127161216 296.3324964814804
317.8049371978095 296.9061122792924
318.6151841703365 297.4922008762733
319.41696913044655 298.089813524852
320.21075407142246 298.698012067665
320.99704486845087 299.3158686711811
321.77639228398687 299.9424607281826
322.54939724755013 300.5768607016272
323.31672032426326 301.21812140987583
324.07912303564774 301.8652242654356
324.8375610861839 302.5169694023556
325.5932924115507 303.17185119616215
326.3479210702335 303.82800330314234
327.1033184217057 304.48327030321843
327.86142791297914 305.13539759082505
328.62401861081133 305.78227889955167
329.3924702135213 306.4221868103424
330.1676482539497 307.053929642227
330.9498857026474 307.67691003827076
331.739051020455 308.2910908757849
332.5346653808366 308.8968943006305
333.33603238820456 309.49506728522783
334.1423543537311 310.0865441553668
334.9528220813112 310.6723274451175
335.76667537527663 311.2533978504055
336.5832376451077 311.8306552102446
337.4019305951905 312.40488674323865
338.22227527555 312.97675613864806
339.0438848679675 313.54680673083044
339.8664532716795 314.11547290813894
340.6897422708281 314.68309533888043
341.5135690059701 315.2499370367691
342.33779468493236 315.8161984871074
343.1623149328298 316.38203093651896
343.98705184735485 316.94754753381716
344.8119476389886 317.5128323584365
345.63695964855475 318.0779475538362
346.46205650900777 318.64293885542463
347.28721522763004 319.2078398105324
348.1124189910329 319.7726749624712
348.93765552749596 320.3374622311719
349.7629158930432 320.90221468053073
350.58819357617585 321.4669418232494
351.41348384021444 322.0316505801171
352.23878324165435 322.596345982952
353.06408927824646 323.16103168842426
353.889400132315 323.72571035293765
354.7147144837881 324.2903839057561
355.54003137414054 324.8550537477868
356.3653501074581 325.41972089614524
357.1906701785332 325.9843860892292
358.0159912206269 326.54904986306053
358.8413129675283 327.11371260673286
359.66663522600436 327.6783746026773
360.49195785579684 328.24303605589733
361.3172807551007 328.8076971151929
362.14260385002245 329.3723578885682
362.96792708692817 329.937018454416
363.79325042688896 330.5016788696356
364.6185738416493 331.0663391755261
365.44389731070066 331.6309994020633
366.26922081915757 332.1956595710043
367.0945443562158 332.7603196981406
367.9198679140335 333.3249797949344
368.7451914869189 333.88963986970487
369.5705150707406 334.4542999284904
370.3958386625002 335.01895997567374
371.2211622600212 335.58362001443595
372.04648586172397 336.148280047086
372.87180946646197 336.7129400752997
373.69713307340305 337.27760010029334
374.522456681943 337.8422601229499
375.34778029164363 338.40692014391004
376.1731039021866 338.9715801636389
376.99842751334097 339.5362401824742
377.8237511249391 340.1009002006609
378.6490747368594 340.6655602183767
379.4743983490134 341.23022023575083
380.29972196133724 341.79488025287696
381.1250455737842 342.3595402698231
381.9503691863205 342.92420028663855
382.7756927989217 343.48886030335916
383.60101641156996 344.05352032001093
384.4263377505831 344.61818365985994
385.25164576617533 345.18286647294997
386.07691196683044 345.74761039549924
386.90208479092905 346.3124907459887
387.727091227836 346.8776140768308
388.55184601061757 347.44310461457565
389.37626509367004 348.0090844512297
390.2002788185815 348.5756542890763
391.02384114074493 349.1428800831943
391.846933355328 349.7107878277204
392.66956271223665 350.27936582690097
393.4917574871654 350.8485720743016
394.3135603965138 351.41834393933755
395.1350219589032 351.9886078269517
395.95619484862283 352.5592873212298
396.77712971934284 353.1303091579715
397.5978725430821 353.7016069938509
398.4184632497425 354.2731233034542
399.2389353437793 354.8448098809656
400.0593161692499 355.4166274228444
400.87962754514825 355.9885445904235
401.69988656376324 356.5605368476969
402.5201064138091 357.13258527011476
403.3402971467241 357.7046754392668
404.1604663458859 358.2767964795602
404.9806196857894 358.84894025436256
405.8007613844363 359.42110071624427
406.6208945605074 359.9932733942949
407.44102151010424 360.5654549970619
408.2611439180509 361.13764310947226
409.08125736475375 361.70984406590037
409.9013352782737 362.2820959472924
410.7213074674338 362.8544993094453
411.5410461434529 363.42723703566776
412.3603698692722 364.0005682072515
413.17906624929157 364.57479485008787
413.996925287586 365.1502134746388
414.8137721248718 365.7270680875321
415.629490204327 366.30551775245544
416.4440309245058 366.8856241350877
417.25741060216507 367.46735732132595
418.0696985024474 368.05061401186185
418.88098653913846 368.63526067568705
419.6913323780605 369.22121256905524
420.5006911189915 369.8085271597804
421.30886889187605 370.3974657706859
422.11552468416414 370.9884872870185
422.92017987112115 371.58222968074074
423.7221767035255 372.17955796637057
424.520281648632 372.7820764279935
425.31082931008484 373.39447694642195
426.08099360324803 374.0323225088714
426.79672843104106 374.73069465628566
427.3843804423377 375.53980843914877
427.7112805840943 376.4848673247848
427.61482040379974 377.480204169083
427.0521365349754 378.3068763312881
426.1927752005149 378.8182451774592
425.2243002183785 379.06735601418836
424.2287848777125 379.1619562599524
423.22887287187615 379.1752220273426
422.22928861953903 379.146389363927
421.2305945478871 379.0952997245922
420.2326021395537 379.0319660612769
419.2350836456007 378.9615611308985
418.237877380325 378.886863979046
417.24087898545145 378.8094417560125
416.2440216140478 378.7302244531153
415.24726164654004 378.64979083344076
414.25056992752326 378.56851588500433
413.25392653946415 378.4866504036462
412.2573176375652 378.40436616058724
411.26073347331635 378.3217828476945
410.2641671187968 378.23898489458145
409.26761361853266 378.1560323713453
408.27106941191516 378.0729682740646
407.2745319326011 377.98982350680706
406.27799932690266 377.9066203471329
405.2814702539077 377.8233748867419
404.28492932045975 377.74027152963333
403.28833011353606 377.6578699473723
402.29159810921306 377.5770905467914
401.29465475507664 377.4989627755233
400.2974444174867 377.42432000893655
399.29994750409185 377.3536099830015
398.30217722519245 377.2868681629408
397.3041675610516 377.2238069999207
396.3059607218473 377.16394794742473
395.307598324399 377.1067419742992
394.3091167995733 377.0516543660583
393.3105159909658 376.9987731307431
392.31173083806254 376.94949617527755
391.31265634417866 376.9064827393454
390.3128317943106 376.88775122896334
390.84966415480085 377.7314401625938
391.58910654506644 378.40466000148615
392.43975290452477 378.9303983119984
393.350633154053 379.3430690900036
394.2949033785826 379.67224038745655
395.25832765928453 379.94022108704894
396.2331478338326 380.16321352479986
397.2150009352331 380.35285657705947
398.2013566991077 380.5174843604721
399.1907042920073 380.66305681811355
400.18211623256786 380.7938328255229
401.1750077751708 380.91285544785853
402.1690005348149 381.0223012964551
403.16384322933186 381.1237311400233
404.159364530184 381.2182686434265
405.1554444065039 381.3067269951554
406.1519963635012 381.3896980564044
407.14895623093184 381.46761482438615
408.1462749614144 381.540795080115
409.1439139229624 381.6094718767898
410.14184176524856 381.67381487633156
411.1400322917148 381.7339453417625
412.1384629821173 381.78994673873166
413.1371139401581 381.8418723008776
414.1359671217035 381.8897504975497
415.1350057501098 381.93358905309225
416.1342138578104 381.9733779649334
417.13357591438063 382.0090918262161
418.13307651494347 382.0406916596743
419.1327001115905 382.0681264009063
420.1324307761399 382.0913341228887
421.1322519861444 382.1102430632393
422.1321464283657 382.1247724959507
423.132095815432 382.13483347530655
424.13208071235033 382.1403294679489
425.1320803700464 382.1411568781518
426.1320725631711 382.1372054619941
427.1320334291029 382.1283586204736
428.13193730455663 382.1144935617802
429.1317565557374 382.09548132971065
430.13146139783817 382.07118670725526
431.1310197000596 382.0414680185181
432.13039677324736 382.0061768640085
433.129555138492 381.9651578298682
434.12845427625575 381.91824820852224
435.12705035641693 381.86527775745117
436.12529594984505 381.80606850816304
437.1231397218198 381.7404346241459
438.12052610705473 381.6681822985914
439.1173949656187 381.5891096811728
440.11249506597244 381.49023708498964
441.0980532601711 381.32090000739623
442.0347147734685 380.97066407333534
442.77478101345645 380.29813008874413
443.01463023118214 379.32731993595604
442.6413390415695 378.39960570853594
441.94009111022575 377.686688224681
441.1278939344812 377.10330520494824
440.280246003077 376.5727460806405
439.42096836487394 376.06123660811426
438.5578497678062 375.5562353334665
437.69347208612396 375.05339219350174
436.8286855602169 374.55125250714974
435.9637670676217 374.0493401630429
435.0988060246224 373.547501150915
434.23383121378055 373.0456858695523
433.3688519166179 372.54387832130294
432.5038711439157 372.04207331648985
431.6388898809182 371.54026915681874
430.77390845335367 371.03846528081897
429.90892697004546 370.5366615009071
429.0439454677084 370.03485775379596
428.1789639588353 369.5330540179514
427.3139824477066 369.0312502859949
426.4490009357969 368.5294465553846
425.5840194236161 368.0276428252415
424.71903791134105 367.52583909526095
423.8540563990332 367.02403536533694
422.989074886714 366.5222316354325
422.1240933743908 366.0204279055349
421.2591118620663 365.51862417563973
420.3941303497412 365.01682044574534
419.52914883741596 364.5150167158513
418.66374709514923 364.0139380548792
417.79746343541984 363.51438563432066
416.9301549846888 363.01661455110013
416.0619733007772 362.52036807633135
415.1931813475167 362.02519079297736
414.3240183155072 361.5306651376388
413.45465181089475 361.03649727075765
412.58518228727166 360.5425106844108
411.7156637935722 360.048610300614
410.84612317560004 359.55474886893853
409.97657296843215 359.06090432131833
409.10701874494384 358.5670668456103
408.237462886462 358.07323224882725
407.3679063780494 357.57939879645977
406.4983496163983 357.08556579000236
405.62879275772747 356.5917329543803
404.75923586241436 356.0979001832791
403.88967895342927 355.6040674362519
403.02012203939535 355.11023469811505
402.1505651235133 354.6164019632324
401.28100820695977 354.1225692295321
400.4114512901639 353.62873649625845
399.541894373281 353.134903763138
398.67233745636713 352.64107103007234
397.8027805394421 352.1472382970262
396.9332236225132 351.6534055639869
396.06366670558293 351.1595728309501
395.1941097886521 350.6657400979141
394.3245528717211 350.17190736487845
393.4549959547901 349.6780746318429
392.58558455716945 349.183985751491
391.7164794831281 348.6893582449008
390.84773195538753 348.1941030247924
389.9792904659606 347.698311355397
389.11106361077407 347.2021439159847
388.2429675716518 346.70574763592197
387.374943361233 346.20922576316434
386.5069555446725 345.7126402717306
385.6389850342126 345.216024531976
384.7710223438256 344.7193951247756
383.90306304309956 344.2227597934881
383.03510516213623 343.7261219809187
382.16714785914735 343.22948315824357
381.2991907859114 342.7328439340378
380.43123380219623 342.2362045533801
379.56327685277785 341.73956511278317
378.69531991631266 341.24292564954857
377.82736298468046 340.74628617786743
376.95940605483315 340.2496467030671
376.0914491256392 339.75300722712495
375.2234921966825 339.25636775076805
374.35553526781155 338.75972827426136
373.48757833897133 338.2630887977009
372.61980903939775 337.76612155258556
371.75243479240055 337.26846512929137
370.8855218048207 336.77000563046977
370.0190037529351 336.27085989448057
369.15276275019625 335.7712335088942
368.28669063180655 335.27131442969437
367.4207112534322 334.7712347198177
366.5547788664678 334.2710736445568
365.6888688254912 333.7708738835254
364.82296888204513 333.27065664277893
363.9570733154501 332.7704318255707
363.0911795821026 332.270203835001
362.2252865950545 331.76997455259044
361.35939390467036 331.26974475665736
360.4935013298777 330.7695147606366
359.62760879936985 330.26928468795927
358.76171628558734 329.76905458633064
357.8958237780453 329.2688244738997
357.0299312728079 328.7685943574796
356.1642745039973 328.26795640584953
355.2991141941279 327.76646100385005
354.4345337470348 327.26396657551845
353.57044995734634 326.7606185801935
352.7067146689686 326.2566727977815
351.8431918584901 325.7523630162152
350.9797857385679 325.2478534800508
350.11643874890245 324.743242763324
349.25311987832447 324.23858394025245
348.389813714094 323.733903381085
347.5265130575351 323.22921340061674
346.6632147078649 322.7245194741062
345.7999172973062 322.21982394121267
344.9366202600553 321.7151277697651
344.0733233682587 321.2104313495139
343.2100265321875 320.705734833943
342.34704130404447 320.20050568196643
341.48471252692593 319.6941569087347
340.6231508903253 319.186503930473
339.7622466657373 318.6777368756369
338.9018039338383 318.1681897187199
338.0416426458356 317.65816760290375
337.18163594781566 317.14788485837795
336.32170759095857 316.63747010440517
335.46181649017535 316.1269925879622
334.6019422247455 315.6164867137046
333.74207525675206 315.1059685481574
332.88221134527964 314.5954452345396
332.0227210260597 314.08429321100147
331.16401586084567 313.5718232711663
330.30622821402187 313.0578190367902
329.44922705511925 312.5425045564585
328.592778135594 312.0262727788197
327.73666605948165 311.5094825765765
326.8807390207374 310.99238596631255
326.02490575725386 310.47513416581774
325.1691170904879 309.95780858377594
324.31379149913323 309.43971772999276
323.4594083261408 308.9200742043837
322.60612082217267 308.3986334737423
321.7537713610495 307.87566082041997
320.90208033543195 307.35161655045556
320.0507908864086 306.8269201868494
319.1997220228474 306.30186610441916
318.34876494510394 305.77663086965447
317.49849049864247 305.250291278046
316.6495681528245 304.72177368063717
315.80221135042916 304.19074971749194
314.95619419005413 303.65759405133906
314.1111175443637 303.1229488765655
313.26661464840987 302.5873978904534
312.4232304318999 302.0500869345425
311.5817032029205 301.5098722338112
310.74224163377335 300.96645317458984
309.9045244408462 300.42034887624175
309.06802515399335 299.8723808634028
308.23342885504087 299.32151879557193
307.4016992162452 298.76633791698475
306.5730662135783 298.206545681516
305.748290547781 297.64108560236923
304.9280158501803 297.0691158300245
304.11201896723185 296.49105952911736
303.3014507454067 295.9054153045516
302.4975692538304 295.31062580607244
301.7031006052812 294.7033206385723
300.9199932503809 294.0814340969097
300.1535128463389 293.43916640332736
299.41596013437083 292.76387683797896
298.76995644125964 292.0005425544002
298.4426677148439 291.0556181714144
298.7790241145412 290.1138834038802
299.66190810712425 289.6442922459134
300.65982833738605 289.5798312962286
301.6541085204309 289.6866344684862
302.6369374913075 289.87115334016516
303.60950542770615 290.10377236150543
304.57248107898204 290.37336074228216
305.5245655435967 290.67919594666427
306.46687578830733 291.0139367459602
307.4005322673062 291.37210650909424
308.32565822981985 291.7517668223786
309.241883315751 292.1524307612482
310.14880095695554 292.57373871521054
311.04612041405096 293.0151204002836
311.93367510895206 293.47582275925197
312.811398906287 293.9549896775507
313.67930621086714 294.45171587039385
314.5374802854519 294.9650746705625
315.38606673606085 295.4941314121724
316.22526918604996 296.0379505438075
317.0553456124709 296.59560018856683
317.8766050683752 297.1661550992351
318.6894053117754 297.7486975992543
319.494152213143 298.3423156791164
320.2913017586488 298.9460975951258
321.08136507958704 299.55912283841354
321.86491633648495 300.18044998880515
322.64260260710785 300.809102567329
323.4152630157844 301.44392214237683
324.1840607101953 302.083414210403
324.9504851185328 302.72574872318
325.7162074687554 303.36891999303714
326.4828713947914 304.01096860842006
327.2519082282485 304.6501730739757
328.02442460832384 305.2851679105809
328.8011670169705 305.91498632140247
329.58254403431283 306.53904557882055
330.3686813323484 307.15709747683337
331.15948856066007 307.7691627737176
331.9547244333166 308.37546295254003
332.75405281679855 308.97635739864523
333.5570872141082 309.57229007666984
334.36342377436364 310.16374705024907
335.17266430491264 310.7512245082989
335.9844312310042 311.33520606426094
336.7983764293131 311.91614772583284
337.61418561606297 312.4944688916348
338.4315796510196 313.0705478719989
339.25031380513803 313.64472065512257
340.070175767411 314.21728188575025
340.89098294598057 314.78848725653086
341.71257944800317 315.3585567153376
342.5348329951388 315.9276780593609
343.3576319385816 316.4960106192846
344.18088247144345 317.06368883812223
345.00450609040786 317.63082562434226
345.82843732755293 318.1975154129008
346.6526217529824 318.7638369054115
347.47701423628786 319.32985548591
348.3015774475853 319.89562532477987
349.1262805752372 320.46119119295196
349.9510982361728 321.02659001343955
350.7760095550804 321.59185217910976
351.6009973900593 322.15700266538465
352.4260476841612 322.7220619651067
353.2511489243374 323.2870468706216
354.07629169144553 323.8519711256232
354.901468287045 324.41684596669404
355.72667242464865 324.9816805719386
356.55189897486065 325.54648243173125
357.3771437554101 326.11125765443126
358.2024033584712 326.67601121799277
359.02767500887137 327.2407471766902
359.852956447823 327.80546883071275
360.67824583770346 328.37017886511154
361.5035416841595 328.934879463502
362.3288427724467 329.4995724010104
363.1541481154504 330.0642591201826
363.97945691127813 330.6289407929235
364.80476850868445 331.19361837100394
365.6300823789017 331.7582926272146
366.4553980927029 332.32296418887915
367.2807153017329 332.887633565133
368.10603372332247 333.4523011691134
368.93135312814 334.0169673360046
369.75667333015446 334.58163233770637
370.58199417847925 335.1462963947531
371.4073155507477 335.7109596859958
372.2326373477326 336.27562235646525
373.05795948897827 336.8402845237561
373.8832819092553 337.4049462832086
374.7086045556827 337.9696077121144
375.5339273853935 338.5342688731288
376.3592503636403 339.0989298170392
377.1845734622591 339.6635905850108
378.009896658423 340.2282512104079
378.83521993363166 340.792911720271
379.6605432728919 341.3575721365145
380.48586666405345 341.92223247689765
381.3111900972697 342.4868927558124
382.13651356456177 343.051552984921
382.96183705946396 343.6162131736738
383.78715170293526 344.1808862997139
384.6124288818213 344.74561417932483
385.4376177182235 345.3104711384544
386.26265227040426 345.8755534224697
387.08746330665684 346.44096190708586
387.911989154665 347.0067861960365
388.7361827508823 347.57309434179666
389.5600145055934 348.13992874436025
390.3834719221307 348.7073068221441
391.20655724573487 349.2752245539216
392.02928423883066 349.84366126529017
392.85167483997134 350.41258454584334
393.6737561443172 350.98195466188827
394.4955579061216 351.5517281820656
395.31711061124423 352.1218607567406
396.13844408199265 352.6923091153397
396.9595865363898 353.26303240169364
397.78056401180527 353.83399298252255
398.6014000662857 354.40515685713734
399.4221156818036 354.9764937791414
400.2427293071404 355.54797718039777
401.06325699151944 356.1195839675929
401.8837125720878 356.69129424414416
402.7041078883885 357.26309099561445
403.52445300501034 357.83495976520646
404.3447564298263 358.40688833700125
405.16502531989175 358.9788664379726
405.98526567047065 359.55088546500076
406.8054824850526 360.1229382397314
407.6256799258532 360.69501879184287
408.44583938656973 361.26715379251766
409.2658925950374 361.8394410763899
410.08571537027086 362.4120584156389
410.9051454983402 362.9852375021487
411.7240119435956 363.55922160021663
412.54216181118557 364.1342266385967
413.3594779662877 364.71041610622785
414.1758863430384 365.2878910947522
414.9913552206084 365.8666920188313
415.8058895782582 366.44680733513314
416.61952321930164 367.0281852657105
417.43231053680574 367.61074580033704
418.2442643638312 368.194467465841
419.05528228480034 368.77948877474074
419.86512510457584 369.36613569347304
420.673456463811 369.9548634859858
421.4799122027129 370.5461579483243
422.28400032846486 371.14066807105115
423.0849358736423 371.73941864722735
423.880392655337 372.34542896764754
424.6620479005014 372.96913970004437
425.40318998762353 373.64048790082865
426.05474942986 374.39908548402576
426.4675539159691 375.30990514578554
426.4400678357295 376.3095273321105
425.98524691939286 377.2001102502392
425.1837849285466 377.79815596523827
424.25119606992155 378.15909643230793
423.27231817734554 378.36354219877427
422.2799323109848 378.48670993906137
421.2828111298236 378.56253440793273
420.28366145333433 378.60376454219653
419.2837587793322 378.6177159766501
418.28378582701333 378.61036107143025
417.2840672907565 378.5866366480556
416.28472470280906 378.55038210469166
415.2857790596279 378.5044734783854
414.28720721464356 378.45104810609286
413.28896926277514 378.3917101633453
412.2910210937381 378.3276832009331
411.29332000682325 378.25991491064264
410.2958271042545 378.1891483272501
409.2985081376412 378.1159712896406
408.30132746609706 378.0409332439647
407.3042415143324 377.9646469097131
406.30719840676755 377.8878026408473
405.31014344322375 377.8111123567651
404.31302635566783 377.7352340746024
403.31580688513276 377.6607134225261
402.31845733772377 377.5879543661615
401.320962430051 377.51721605145946
400.323317423746 377.4486271209036
399.3255255485225 377.3822089476534
398.3275954194891 377.31790142424114
397.3295219390065 377.25585847494574
396.331272831979 377.1967084933829
395.33279543574855 377.1415461038693
394.33371245084226 377.09873034426226
393.333736804681 377.09175129817464
392.3539245137063 377.2916709681797
392.0471936876137 378.2434672700871
392.7825078731742 378.9211936518323
393.68626671813627 379.349235647614
394.64626240736135 379.62925042699055
395.61658445565075 379.87106672628295
396.59373652191636 380.08360810906015
397.5760451382423 380.2708773865508
398.56202970259216 380.437713949881
399.5514974474171 380.5824674712582
400.54232866944545 380.7175729465498
401.5343602798133 380.8435621684341
402.52747668783763 380.96069371889286
403.5215342084507 381.06954979687
404.51639424881404 381.17080936475486
405.5119370961196 381.2651196991763
406.5080639978277 381.3530469173363
407.5046948111748 381.435065341408
408.5017645615489 381.51156313803614
409.49922018640814 381.58285322456055
410.4970178311285 381.6491846665054
411.49512071228514 381.7107528289503
412.49349745590615 381.7677078796192
413.49212080411195 381.82016174904953
414.4909665992211 381.8681937966086
415.49001297517646 381.91185543526757
416.4892397041884 381.95117393000277
417.4886276603887 381.98615553948235
418.4881583724548 382.0167881305679
419.4878136443672 382.0430433650524
420.48757522855385 382.0648785381574
421.48742453942174 382.08223813368903
422.487342398151 382.09505514559675
423.4873088017568 382.1032521974858
424.4873027107259 382.10674247321896
425.48730185003416 382.1054304584873
426.48728251827924 382.0992124896851
427.48721939944465 382.0879771131828
428.4870853718721 382.0716052720626
429.48685130961735 382.0499703529642
430.4864858725128 382.0229381376497
431.48595528275206 381.9903667085136
432.4852230872279 381.952106351249
433.48424990569146 381.90799948114284
434.482993164739 381.8578805974059
435.48140681687454 381.8015762527297
436.4794410431114 381.73890502121367
437.4770419373458 381.6696774557305
438.47415117113763 381.59369603769227
439.4707056382633 381.51075513070555
440.46663707895465 381.42064095067576
441.46187168381886 381.32313155994456
442.4563296772068 381.21799688732443
443.44992487956875 381.10499877298986
444.44256424802796 380.9838910350667
445.4341473938487 380.85441955201276
446.42456607509666 380.7163223549555
447.41370366329005 380.5693297305727
448.40143458434557 380.41316434519257
449.3876237363015 380.24754141029416
450.3721258890528 380.0721689175022
451.3547850745407 379.8867479770013
452.33543397864355 379.69097329303526
453.3138933468531 379.48453379884137
454.2899714127475 379.2671134472644
455.26346335032446 379.0383921157873
456.2341507415143 378.79804655501084
457.2018010475256 378.5457513206598
458.16616708910266 378.28117970870386
459.1269865845813 378.00400485936103
460.0839818636055 377.7139013676113
461.0368599537136 377.41054786855125
461.98531330327967 377.0936310913101
462.929020445437 376.76284894269673
463.86764284502266 376.41790258310436
464.80080985519186 376.05845949841387
465.7280809519489 375.68406890943106
466.648875864349 375.29402182342966
467.56236923878754 374.88716821971343
468.46735476319634 374.4617258609731
469.3620622915875 374.0150733801335
470.24396774114734 373.54364705711293
471.1096485658932 373.0430507030838
471.95471356456136 372.5083871191116
472.77381989368456 371.9347454002746
473.5607914721063 371.31775615016045
474.3088567191238 370.6541309651315
475.01057980160556 369.94168116654055
475.6587440812135 369.1801806303357
476.24725984596466 368.37169488856944
476.771760060604 367.52028457336104
477.2283159647103 366.6305898468252
477.6164661956144 365.7089937323319
477.9386488201631 364.76231619671654
478.1989650726724 363.7967927901233
478.4023064352886 362.8176848848088
478.55387115408485 361.8292375488236
478.65889798075295 360.8347681598125
478.7224966339256 359.83679260334094
478.7495262759226 358.8371579708609
478.7319704110027 357.83731208693337
478.6936824815801 356.8380453385321
478.635636471971 355.8397314295994
478.55866230463374 354.84269834210295
478.46439411903185 353.84715150283154
478.35474396603314 352.8531812598427
478.2315998677398 351.86079245949503
478.0966905282047 350.8699345130132
477.95153775140443 349.8805252592728
477.7974525588526 348.8924676934214
477.63555165295315 347.9056606724345
477.4667820295019 346.9200051473142
477.29194757970794 345.9354073029304
477.1117348582081 344.9517796421717
476.9267370088015 343.9690407166604
476.73747567377575 342.98711396426785
476.54442087891204 342.00592598728275
476.3480086725568 341.025404572323
476.1486560674366 340.04547674904626
475.946772909657 339.0660671357562
475.74277073373923 338.087096700952
475.53706919647215 337.10848192609626
475.3301011280313 336.1301342278592
475.12231761272665 335.15195939135623
474.91419556429963 334.17385652715507
474.70625336196326 333.19571541234217
474.49908592746885 332.21740991093424
474.29344244207806 331.23878293556703
474.090382408403 330.2596166459492
473.8915522583945 329.2795826815135
473.69962397206655 328.2981737285753
473.51891938706837 327.3146363103951
473.35625107632364 326.3279555004675
473.2218806661191 325.3370243258335
473.1304755426041 324.34121053631503
473.102965624663 323.34158900572714
473.1662609211872 322.3435941633367
473.35109194926923 321.3608238488389
473.68838034453773 320.41942247938096
474.20751170155785 319.5647280110717
474.9216102480111 318.86468282256357
475.84907177020386 318.490764215308
476.8303408244802 318.298121948088
477.8262121555008 318.3888980024809
478.80361310096623 318.6002919281344
479.7498455522104 318.9237794058093
480.65602860365084 319.34666506090053
481.52042327555193 319.8494789938708
482.34480655116255 320.4155109849221
483.0496010944269 321.12492246762076
483.4475059265316 322.04234916474036
482.552534606125 321.59622548721404
481.6654308420425 321.1346554364627
480.78829326685036 320.6544162521116
479.9226865948991 320.15369168763175
479.0696603262602 319.6318237110209
478.2298279898657 319.0889778334955
477.40349289361427 318.52579907972085
476.59079868183767 317.9431086660835
475.79188320282947 317.34166535420695
475.0070201551943 316.72199609044054
474.23674075724523 316.08428953637736
473.4819350571381 315.4283410970273
472.7439364944445 314.7535388137901
472.02459231199975 314.05888498116343
471.3263183528003 313.34305436020355
470.6521335548038 312.60449166269547
470.0056698823182 311.84154689394984
469.3911578404362 311.05263945300254
468.8133945645586 310.23643506864335
468.2777080845127 309.39201811293003
467.78993407399105 308.51904817377994
467.3564506311582 307.61788664287116
466.98426400413797 306.68972872814584
466.681048970393 305.73680656799263
466.45501061980394 304.7626881644795
466.3144704769554 303.77261318335536
466.2671583511064 302.77373302900867
466.31928224512365 301.77509240312145
466.47453869024974 300.78721820250337
466.7332971977537 299.82127615724687
467.0922063764487 298.88790366919693
467.54438586754395 297.995976705913
468.0801942984159 297.1516371264744
468.68837489650286 296.3578384365595
469.35727794447996 295.6144887796638
470.0758893157274 294.91907688940466
470.83451715035267 294.2675526699532
471.62512227160346 293.65522633355073
472.44136283210025 293.0775141669834
473.27844920972575 292.5304434253111
474.1328928995803 292.01089941286585
475.0022100829053 291.5166447874187
475.884623019164 291.04616906017736
476.7787933323567 290.59844207751394
477.6836153761879 290.1726521422205
478.5980971351237 289.7680250143932
479.521332442924 289.3837899737854
480.45254308164175 289.01930849779677
481.3911588201796 288.6743440135827
482.33690309717656 288.34943208316537
483.28985402849787 288.04630748420664
484.2504465403641 287.7683470083356
485.21937070698016 287.5209890504135
486.19730923285 287.31209616010955
487.18444857989834 287.1522340022708
488.17970738287727 287.0549719074299
489.1795468294757 287.0370531734989
490.17626520127953 287.11800060896627
491.15591849330724 287.31869796176204
492.0963156397342 287.65877619833714
492.9659118158883 288.15253979604165
493.7250344113304 288.8034874783397
494.33104291668513 289.59894564281956
494.7474267530898 290.50813456751064
494.9533525931032 291.48670216784024
494.94846221486364 292.4866902098691
494.7505312368688 293.4669061697218
494.38825817635154 294.3989781785406
493.89346011890507 295.2679861660454
493.2955817033686 296.0695729674809
492.6191099592393 296.8060415543158
491.8831181802359 297.48303202783774
491.1019097181889 298.1073022728648
490.28601768408043 298.68550655223186
489.4431701492274 299.2236589776581
488.57907475466 299.72698705067546
487.6980034406781 300.1999704961344
486.80320833007534 300.64644749446853
485.8972112052105 301.0697313350965
484.98200465227586 301.4727164036356
484.0591945130338 301.85797144502
483.1301056364087 302.22782798387186
482.1958676448309 302.5844781977968
481.2574941515979 302.930101095183
480.31596661477016 303.26703713866175
479.3723342083948 303.598032428112
478.42784162777656 303.9265651740552
477.4840966780845 304.25723943965596
476.5432946617685 304.5961960240376
475.60852972508326 304.95146284368707
474.6842380947694 305.3331498648599
473.7768206282541 305.75338020819896
472.89575027643184 306.2263654459599
472.0547708679594 306.767432571671
471.2724128332076 307.3902615252846
470.5711715924995 308.10318559019623
469.975099727324 308.9061166778658
469.50649695212724 309.7895256652991
469.1820213694292 310.73541973771563
469.00897635526735 311.72033365429604
468.9835964662856 312.7200115330326
469.0926085408811 313.7140519585649
469.31720215769315 314.6885044752568
469.63724135882893 315.6359087763534
470.0341521133613 316.5537659836229
470.49221413771585 317.442686217302
470.9987420355365 318.30490978965975
471.5437322476692 319.14335219595824
472.1193579967164 319.9610654690766
472.7194933177989 320.76096396037985
473.3393239464335 321.5456995794302
473.975046903731 322.3176168817139
474.623642709466 323.0787499060815
475.28270257241564 323.8308403906967
475.9502963261788 324.57536613231775
476.6248707138896 325.31357301080413
477.3051705820491 326.04650690235394
477.99017757546574 326.7750433935267
478.67906229774337 327.4999143057673
479.3711468618799 328.22173073401206
480.0658754624666 328.9410027072787
480.76279114243914 329.65815578369154
481.4615173496174 330.3735449696612
482.161743207844 331.08746635711987
482.8632109020393 331.8001676086974
483.5657026749376 332.51185947250525
484.2690253276411 333.22273023867456
484.9729923596945 333.9329628891363
485.6774066016046 334.64275199569846
486.3820475126779 335.35231607768253
487.0866632116043 336.06190519599426
487.79096327102604 336.7718076021731
488.4946107392718 337.4823568548159
489.19721800352534 338.1939347017295
489.89833951113405 338.9069765178725
490.59747192872373 339.62196872949113
491.2940834642269 340.33941724235035
491.98736075412717 341.0600881792616
492.67502525586764 341.7861167827243
493.35190260888794 342.52221259779753
494.0091182746721 343.27591517086455
494.63397392259526 344.0566554729231
495.21003564136515 344.8740616731492
495.8798328643764 345.61660573247934
