0.09324320752105138
163549
880
0.0 100.0
0.0 101.0
0.0 102.0
0.0 103.0
0.0 104.0
0.0 105.0
0.0 106.0
0.0 107.0
0.0 108.0
0.0 109.0
0.0 110.0
0.0 111.0
0.0 112.0
0.0 113.0
0.0 114.0
0.0 115.0
0.0 116.0
0.0 117.0
0.0 118.0
0.0 119.0
0.0 120.0
0.0 121.0
0.0 122.0
0.0 123.0
0.0 124.0
0.0 125.0
0.0 126.0
0.0 127.0
0.0 128.0
0.0 129.0
0.0 130.0
0.0 131.0
0.0 132.0
0.0 133.0
0.0 134.0
0.0 135.0
0.0 136.0
0.0 137.0
0.0 138.0
0.0 139.0
0.0 140.0
0.0 141.0
0.0 142.0
0.0 143.0
0.0 144.0
0.0 145.0
0.0 146.0
0.0 147.0
0.0 148.0
0.0 149.0
0.0 150.0
0.0 151.0
0.0 152.0
0.0 153.0
0.0 154.0
0.0 155.0
0.0 156.0
0.0 157.0
0.0 158.0
0.0 159.0
0.0 160.0
0.0 161.0
0.0 162.0
0.0 163.0
0.0 164.0
0.0 165.0
0.0 166.0
0.0 167.0
0.0 168.0
0.0 169.0
0.0 170.0
0.0 171.0
0.0 172.0
0.0 173.0
0.0 174.0
0.0 175.0
0.0 176.0
0.0 177.0
0.0 178.0
0.0 179.0
0.0 180.0
0.0 181.0
0.0 182.0
0.0 183.0
0.0 184.0
0.0 185.0
0.0 186.0
0.0 187.0
0.0 188.0
0.0 189.0
0.0 190.0
0.0 191.0
0.0 192.0
0.0 193.0
0.0 194.0
0.0 195.0
0.0 196.0
0.0 197.0
0.0 198.0
0.0 199.0
0.0 200.0
0.0 201.0
0.0 202.0
0.0 203.0
0.0 204.0
0.0 205.0
0.0 206.0
0.0 207.0
0.0 208.0
0.0 209.0
0.0 210.0
0.0 211.0
0.0 212.0
0.0 213.0
0.0 214.0
0.0 215.0
0.0 216.0
0.0 217.0
0.0 218.0
0.0 219.0
0.0 220.0
0.0 221.0
0.0 222.0
0.0 223.0
0.0 224.0
0.0 225.0
0.0 226.0
0.0 227.0
0.0 228.0
0.11789958558897878 228.9930255221886
0.235799171177955 229.98605104437718
0.35369875676692897 230.97907656656577
0.47159834235590103 231.97210208875435
0.5894979279448713 232.96512761094294
0.7073975135338402 233.95815313313153
0.8252970991228077 234.95117865532012
0.9431966847117739 235.9442041775087
1.0610962703007392 236.9372296996973
1.1789958558897036 237.9302552218859
1.2968954414786662 238.92328074407448
1.4147950270676266 239.91630626626306
1.5326946126565852 240.90933178845165
1.650594198245541 241.90235731064024
1.7684937838345007 242.89538283282883
1.8863933694234603 243.88840835501745
2.0042929550124255 244.88143387720606
2.1221925406013877 245.87445939939465
2.2400921261903477 246.86748492158324
2.3579917117793054 247.86051044377183
2.4758912973682636 248.85353596596045
2.593790882957222 249.84656148814906
2.7116904685461845 250.83958701033765
2.829590054135142 251.83261253252627
2.9474896397241035 252.82563805471486
3.065389225313059 253.81866357690348
3.1832888109020123 254.81168909909206
3.3011883964909625 255.80471462128065
3.4190879820799074 256.79774014346924
3.536987567668852 257.7907656656579
3.654887153257816 258.7837911878465
3.772786738846774 259.77681671003506
3.890686324435732 260.7698422322237
4.00858591002471 261.76286775441235
4.126485495613687 262.755893276601
4.24438508120266 263.7489187987896
4.362284666791625 264.7419443209782
4.4801842523805995 265.7349698431668
4.598083837969572 266.72799536535547
4.715983423558548 267.72102088754406
4.833883009147517 268.71404640973265
4.951782594736479 269.70707193192123
5.06968218032544 270.7000974541098
5.187581765914405 271.6931229762984
5.305481351503369 272.686148498487
5.423380937092331 273.67917402067565
5.541280522681294 274.67219954286423
5.659180108270258 275.6652250650528
5.777079693859221 276.65825058724147
5.894979279448184 277.65127610943006
6.012878865037148 278.64430163161865
6.130778450626112 279.6373271538073
6.24867803621508 280.63035267599594
6.366577621804053 281.6233781981845
6.484477207393022 282.6164037203731
6.602376792981989 283.6094292425617
6.720276378570956 284.6024547647503
6.838175964159921 285.5954802869389
6.956075549748888 286.58850580912747
7.073975135337852 287.58153133131606
7.191874720926817 288.57455685350465
7.3097743065157825 289.5675823756933
7.427673892104751 290.5606078978819
7.545573477693717 291.55363342007047
7.663473063282682 292.54665894225906
7.7813726488716455 293.53968446444765
7.899272234460607 294.53270998663623
8.017171820049567 295.5257355088248
8.135071405638525 296.5187610310134
8.252970991227482 297.511786553202
8.370870576816444 298.5048120753906
8.488770162405402 299.4978375975792
8.606669747994363 300.4908631197678
8.724569333583325 301.4838886419564
8.842468919172289 302.476914164145
8.960368504761252 303.4699396863336
9.078268090350221 304.4629652085222
9.196167675939186 305.45599073071077
9.31406726152815 306.44901625289936
9.431966847117115 307.442041775088
9.549866432706079 308.43506729727665
9.667766018295037 309.42809281946523
9.785665603884002 310.4211183416538
9.903565189472967 311.4141438638424
10.021464775061931 312.407169386031
10.139364360650893 313.40019490821953
10.257263946239853 314.3932204304081
10.375163531828818 315.3862459525967
10.493063117417782 316.3792714747853
10.610962703006749 317.3722969969739
10.72886228859571 318.3653225191625
10.846761874184674 319.35834804135106
10.964661459773646 320.35137356353965
11.082561045362615 321.3443990857283
11.200460630951579 322.3374246079169
11.318360216540539 323.3304501301055
11.436259802129499 324.32347565229406
11.554159387718457 325.31650117448265
11.672058973307415 326.30952669667124
11.789958558896375 327.3025522188599
11.907858144485337 328.2955777410485
12.025757730074304 329.28860326323706
12.143657315663265 330.28162878542565
12.261556901252233 331.27465430761424
12.379456486841196 332.2676798298029
12.49735607243016 333.2607053519915
12.615255716376705 334.2537308672514
12.733160779629292 335.2467557390746
12.851081092911752 336.2397788000935
12.969031541233337 337.2327982821485
13.087034187117261 338.2258115628071
13.205120962892444 339.2188148424528
13.323336113925961 340.2118028474489
13.441737818435413 341.2047686254943
13.560398595398048 342.1977034773404
13.679404424559749 343.1905970328767
13.798852593270084 344.1834374707074
13.918848212124775 345.176211891941
14.039499411582678 346.1689068541874
14.160911528493775 347.1615090392884
14.283180934477663 348.15400598757606
14.406389456214235 349.14638679158804
14.530600109412894 350.1386426626374
14.655854411382336 351.13076733214126
14.78217123788032 352.12275728135626
14.909547097614237 353.11461180211876
15.037957675301177 354.1063328937257
15.16736044136368 355.0979250095351
15.297698042581294 356.0893946811383
15.428902124714046 357.08075006082396
15.56089724022323 358.0720004275234
15.693604575118453 359.06315569450476
15.826945373105188 360.0542259400435
15.960844197761606 361.0452209474758
16.095232375464622 362.0361497126722
16.230051962802513 363.0270198751406
16.365349931508725 364.01782483055
16.50103138987903 365.0085773434686
16.637100861334375 365.9992766414081
16.773627106377415 366.98991309562047
16.910741671617288 367.98046829145716
17.04865861544365 368.97091208925974
17.18771504183234 369.96119654853396
17.328437773767064 370.95124559414575
17.471643352635187 371.9409385577365
17.618577202627975 372.93008487842235
17.771093168457426 373.9183858852857
17.931866681322106 374.9053772112664
18.104623941382805 375.8903416416375
18.29732576829324 376.87159900130695
18.517171272327833 377.8471337030761
18.77138216734261 378.8142825131647
19.06809463239412 379.76924937807837
19.41642333411565 380.70662183103235
19.825824244044988 381.61897641941835
20.304994057644564 382.49669863614463
20.860527451424897 383.32819286245945
21.495598020323587 384.10064698570477
22.209008499216093 384.8013933653646
22.994964826308053 385.4196753818459
23.843768542905636 385.94838347776476
24.743303747512147 386.3852317531116
25.68087909777433 386.7330139587817
26.64487469446945 386.99893215964886
27.625800513775204 387.1933146100381
28.6166675150876 387.328157428572
29.612816390498452 387.41583535063734
30.611447064726676 387.46814955989726
31.61106666171309 387.49572964910533
32.61099469631613 387.50772654932564
33.6109867514276 387.51171273972926
34.61098474332471 387.51371678607455
35.61097406145238 387.51833886683323
36.6109181713723 387.52891133279286
37.61074201513043 387.54768049507356
38.61034112160469 387.57599350155203
39.609600279056025 387.6144790345436
40.60841202408359 387.66321401166454
41.606690206078326 387.7218712478191
42.60437728821857 387.7898454056327
43.60144601524464 387.8663565393755
44.59789695731338 387.9505320705607
45.59375360217808 388.04146909755644
46.589056436972136 388.1382795672946
47.583857071560516 388.2401210982265
48.578213055256086 388.346216233312
49.57218370354543 388.4558627122307
50.56582700765316 388.56843706189284
51.55919754439616 388.68339347420175
52.55234522009149 388.8002596124154
53.54531464967425 388.91863068960106
54.53814497171443 389.03816290968246
55.53086991685724 389.15856715915567
56.52351797113607 389.27960368395884
57.5161125005564 389.4010783733589
58.50867172647595 389.522841188052
59.50120846189198 389.6447871959805
60.49372953708546 389.76686059724705
61.486234859416285 389.8890620094523
62.47871606572175 390.0114591300494
63.471154734554965 390.1342006821194
64.46352012576892 390.25753328251676
65.45576640249257 390.3818205559122
66.44782926242614 390.50756347595325
67.43962186255531 390.6354205771601
68.43102987144229 390.76622638710273
69.4219054422999 390.90100621896795
70.41205989247032 391.04098537744414
71.40125493002719 391.18759089464197
72.38919241353264 391.34244414350985
73.37550288300483 391.5073430756155
74.35973345452621 391.68423338649404
75.34133609488693 391.87516860178147
76.3196577227271 392.0822598678941
77.29393392978665 392.30761707846807
78.26328827905833 392.5532838152235
79.2267390236517 392.8211693555994
80.1832146424054 393.1129816081347
81.1315788040437 393.4301651778859
82.07066432104358 393.77384874130007
82.99931447878424 394.1448054564681
83.91642901781765 394.54342924187677
84.82101121325738 394.9697284932172
85.71221210627526 395.423337320605
86.58936808976308 395.9035428814136
87.45202871881693 396.4093260751641
88.29997268867709 396.9394119398859
89.1332112067205 397.49232565110026
89.95197926476183 398.0664500863329
90.75671640226818 398.6600814024863
91.54803931135922 399.2714798433967
92.32670901939544 399.8989138923507
93.0935954146625 400.54069676587903
93.84964162584528 401.1952150059275
94.5958303219335 401.860949509938
95.33315346244473 402.53648972818314
96.06258648012806 403.2205419723234
96.78506737874139 403.9119328539084
97.50148081254123 404.60960884738324
98.2126468968681 405.31263288715945
98.91931428054725 406.02017879298046
99.62215688084271 406.7315241937598
100.3217736252804 407.4460425006648
101.0186905449093 408.1631943724012
101.7133646041305 408.8825190219477
102.40618871861493 409.6036256343074
103.09749749308247 410.32618509784254
103.78757329555232 411.049922195721
104.47665236735983 411.7746083573088
105.16493074427095 412.5000550306602
105.8525698307574 413.2261077055647
106.5397015257158 413.9526405911133
107.22643284347183 414.679551931796
107.9128500093878 415.4067599311579
108.59902203581849 416.13419924144023
109.2850038028007 416.86181797083634
109.97083868005424 417.58957515640213
110.65656073391708 418.3174386496796
111.34219656591856 419.0453833631542
112.02776682985113 419.7733898282432
112.7132874722924 420.50144301914816
113.39877073824519 421.2295314012136
114.08422597942402 421.95764616712654
114.76966029810107 422.68578062914554
115.45507905459885 423.41392974041395
116.14048626168515 424.142089723161
116.82588488448866 424.8702577860827
117.51127706036131 425.59843191721654
118.19666424970197 426.3266107418797
118.88204732654165 427.0547934373496
119.56742661709251 427.78297969654705
120.25280189577875 428.5111697317478
120.93817235149749 429.2393643063142
121.62353654154771 429.96756477802296
122.30889235582919 430.6957731327062
122.99423701807973 431.42399198300103
123.6795671523685 432.15222450564454
124.36487894018244 432.8804742934806
125.05016838518975 433.6087451061331
125.73543168906971 434.3370405162213
126.42066572382328 435.0653634649297
127.10586856610753 435.7937157594449
127.79104004064706 436.5220975621263
128.47618220627504 437.25050693389375
129.16129971282777 437.9789394992112
129.84639996202304 438.70738829532013
130.53149302106746 439.43584385364136
131.21659126270293 440.164294537839
131.90170873655106 440.89272713391637
132.5868603098099 441.6211276567477
133.2720606462786 442.34948230861943
133.95732311692194 443.07777850271066
134.64265874508538 443.80600585510126
135.32807528823855 444.53415704982115
136.01357655072903 445.26222848802206
136.69916200376235 445.9902206490988
137.38482675413906 446.71813812387927
138.07056185585708 447.44598932451834
138.7563547490098 448.17378607341266
139.4421901131307 448.9015428001567
140.1280510439929 449.62927543204614
140.81392025870042 450.3570002566306
141.08447672350107 450.6440676036775
141.08457650178954 450.6440218479531
141.0844767233356 450.6440676034899
141.08457736716707 450.64402145100826
141.99356023764014 450.22718798163885
142.90254276018794 449.8103537535545
143.81152358524594 449.3935158238062
144.72050133177825 448.9766711809126
145.62947488300637 448.55981738979665
146.53844349702368 448.14295283297815
147.44740680658276 447.7260767100407
148.35636476476338 447.3091889190704
149.26531757125463 446.89228989583853
150.17426559791417 446.4753804514363
151.0832093225368 446.05846162783973
151.99214927439363 445.64153457916274
152.90108599226767 445.22460048017297
153.8100199942373 444.8076604604298
154.71895175772093 444.39071556079614
155.62788170797518 443.97376670838037
156.53681021318073 443.55681470583716
157.4457375843575 443.1398602311931
158.35466407856353 442.7229038448284
159.26358990409858 442.3059460008256
160.17251522671154 441.8889870605054
161.08144017607782 441.47202730654885
161.99036485204448 441.05506695661273
162.89928933033292 440.63810617576144
163.80821366753628 440.2211450873618
164.71713790535728 439.8041837823207
165.62606207410298 439.3872223267041
166.5349861954989 438.97026076787085
167.44391028490685 438.5532991393078
168.35283435303904 438.1363374643663
169.26175840725992 437.7193757590999
170.17068245255751 437.30241403438185
171.0796064922574 436.8854522974615
171.9885305285391 436.46849055308985
172.89745456280383 436.0515288043216
173.80637859593293 435.6345670530778
174.71530262846613 435.21760530053496
175.6242266607232 434.80064354739017
176.5331506928852 434.3836817940381
177.44207472504797 433.96672004068785
178.35099875725678 433.5497582874379
179.2599227895281 433.13279653432426
180.16884682186304 432.71583478134926
181.07777085425528 432.2988730284992
181.9866948866959 431.88191127575453
182.89561891917674 431.4649495230976
183.80454295169648 431.0479877705254
184.71346698427521 430.6310260180819
185.62239101698856 430.2140642659317
186.53131505003216 429.7971025145015
187.44023908382732 429.3801407647096
188.34916311916913 428.96317901828917
189.258087157407 428.54621727818187
190.16701120063345 428.129255548949
191.07593525184672 427.71229383712637
191.98485931504888 427.295332151438
192.89378339524728 426.87837050279927
193.80270749833994 426.4614089040672
194.71163163088474 426.04444736953707
195.62055579977164 425.62748591422826
196.52948001183282 425.210524553034
197.43840427343466 424.7935632998323
198.34732859009728 424.3766021666563
199.2562529661808 423.95964116301064
200.16517740466657 423.54268029539435
201.07410190704763 423.12571956706216
201.98302647332815 422.7087589780231
202.89195110212017 422.2917985252518
203.8008757908176 421.8748382030672
204.70980053582247 421.4578780036263
205.6187253327982 421.0409179174758
206.5276501769262 420.6239579341118
207.43657506314725 420.20699804250586
208.34549998637374 419.7900382315675
209.25442494166418 419.37307849052496
210.16334992435708 418.9561188092166
211.07227493016433 418.539159178295
211.98119995522848 418.12219958935117
212.8901249961492 417.7052400349729
213.7990500499871 417.2882805087527
214.70797511425184 416.87132100526185
215.61690018688194 416.4543615200065
216.5258252662215 416.0374020493771
217.4347503509969 415.6204425905972
218.3436754402939 415.2034831416738
219.25260053353352 414.78652370134495
220.161525630444 414.36956426901816
221.0704507310261 413.95260484469514
221.9793758355096 413.5356454288766
222.8883009443011 413.1186860224492
223.79722605792566 412.7017266265572
224.7061511769645 412.28476724246786
225.61507630199503 411.86780787143965
226.5240014335368 411.4508485146051
227.43292657200917 411.0338891728786
228.34185171770503 410.61692984689853
229.25077687078272 410.19997053701
230.15970203127836 409.78301124329187
231.06862719913656 409.3660519656232
231.97755237425565 408.9490927037825
232.88647755654077 408.532133457563
233.7954027459566 408.1151742268877
234.7043279425719 407.6982150119063
235.6132531465897 407.28125581306165
236.52217835836157 406.86429663112
237.43110357838705 406.4473374671703
238.34002880730387 406.0303783226027
239.2489540458746 405.61341919907966
240.157879294976 405.1964600985123
241.06680455559513 404.7795010230523
241.97572982883506 404.3625419751043
242.8846551159324 403.94558295736397
243.7935804182884 403.52862397288584
244.70250573751642 403.1116650251869
245.61143107550822 402.69470611839085
246.52035646792888 402.2777473302439
247.42928228164925 401.86078946048633
248.33821059057107 401.4438370300575
249.24714957058006 401.02690786266794
250.15612435710239 400.61005676519227
251.06519905417827 400.19342359904203
251.9745145908375 399.77731633547876
252.88434491762573 399.3623358823771
253.79516907915644 398.9495413247921
254.7077492035295 398.5406433954756
255.62319562870113 398.13820353333415
256.54299257308276 397.74580885815857
257.46895422899206 397.36819131118057
258.4030853792217 397.01126135422726
259.3473349593448 396.68203084161127
260.3032552601335 396.38840458505365
261.27161012040835 396.1388272131186
262.25200527707386 395.94178575355545
263.242632652245 395.8051936470431
264.2402163101983 395.7357181449984
265.24021335297266 395.7381501077149
266.23726107766396 395.8149344465344
267.2257904670711 395.9659630738819
268.20067432139615 396.18867694991206
269.15777035498087 396.4784478637327
270.0942591018726 396.82914549267423
271.00874347265847 397.2337667175109
271.90114082420905 397.6850171656498
272.77243698448433 398.1757747443886
273.6243796285058 398.69940985713197
274.4591743065989 399.24997124828406
275.27922325925067 399.82226463043594
276.08692503366797 400.4118558817305
276.884536762695 401.0150271092592
277.67409155013917 401.6287071868437
278.45735938307587 402.2503915938274
279.235839474157 402.8780608919377
280.0107733009361 403.51010326718915
280.7831697329649 404.1452440010341
281.5538358587712 404.78248314180837
282.32340910909863 405.42104168444996
283.092387886458 406.06031599174753
283.8611591322068 406.69983985503166
284.6300221264263 407.33925341144084
285.3992083841031 407.9782780596362
286.1688978520091 408.61669651409574
286.9392317890663 409.25433718517775
287.71032278454004 409.8910621467579
288.48226237694564 410.52675803763384
289.25512671257684 411.1613293249683
290.02898064338956 411.79469343333386
290.8038806163835 412.426777313728
291.57987665182986 413.05751509836716
292.357013646769 413.686846561983
293.1353321773371 414.3147161861681
293.9148689158095 414.9410726927773
294.6956567329553 415.5658689672515
295.47772452740975 416.18906232799685
296.2610968106469 416.81061511405443
297.04579307434267 417.43049556522385
297.83182697087506 418.0486789631748
298.6192053432994 418.6651489937832
299.40792714683903 419.27989928180364
300.1979823098398 419.8929350388487
300.98935058822764 420.5042747545236
301.7820004726623 421.11395184996485
302.5758882100273 421.72201620549095
303.3709569994038 422.32853547159823
304.1671364173809 422.93359607549644
304.9643421197815 423.537303842599
305.7624758581607 424.13978416232806
306.5614258405403 424.74118163958883
307.3610674563822 425.34165918805655
308.1612643746132 425.94139654061473
308.9618700094853 426.54058817724786
309.76272933193366 427.13944070137006
310.56368098485603 427.73816972996394
311.3645596414109 428.3369963972683
312.1651985285742 428.93614360151946
312.96543202616846 429.53583214512196
313.7650982460276 430.1362769276093
314.56404149748977 430.7376833467162
315.36211455359376 431.34024404666343
316.15918064595047 431.9441361267698
316.95511513354404 432.5495188911918
317.749806809812 433.15653218566763
318.543158831523 433.76529533307973
319.3350892707829 434.3759066491996
320.12553130693277 434.9884434950196
320.9144330875345 435.60296280355544
321.70175729681796 436.21950200707477
322.48748047593244 436.8380802849041
323.27159214234894 437.45870005141944
324.05409375619524 438.0813486074509
324.8349975796307 438.7059998850001
325.6143254720693 439.3326162238129
326.3921076596048 439.9611501280318
327.16838151182424 440.5915459611084
327.9431903537619 441.22374154671087
328.7165823355418 441.85766965187634
329.4886093778703 442.49325933548783
330.2593262084379 443.1304371498221
331.0287895025392 443.76912818548084
331.79705714014347 444.4092569514412
332.56418758977946 445.0507480840699
333.3302394251533 445.6935268839073
334.0952709720855 446.33751968836907
334.85934007117527 446.982654102128
335.6225039274003 447.628859122653
336.38481900497374 448.2760652123218
337.14634091810956 448.9242043762472
337.90712426906117 449.573210302965
338.66722239520254 450.2230186121119
339.42668700589985 450.87356723066273
340.18556771412364 451.5247968911402
340.9439114925085 452.17665171683757
341.70176210406777 452.82907983591224
342.45915957015563 453.48203395249595
343.2161397410163 454.13547180028536
343.97273402853494 454.78935641097314
344.72896934841725 455.44365614424714
345.48486829979834 456.0983444481758
346.24044958244997 456.75339935068894
346.9957286158917 457.40880272392053
347.7507182875326 458.06453940561187
348.5054297307973 458.72059629141165
349.25987303126783 459.37696151472494
350.01405778433053 460.0336238010242
350.7679934754168 460.6905720285933
351.5216897075341 461.3477949661816
352.27515634122733 462.00528111197553
353.0284036256802 462.6630185432233
353.7814423836135 463.3209947046837
354.53428427536824 463.97919610700603
355.28694212408436 464.63760795590156
356.03943024949933 465.296213772084
356.7917647412901 465.95499508060897
357.5439636116147 466.6139312379735
358.2960467875131 467.27299944122
359.0480362507126 467.9321745675992
359.79995553506797 468.591429745671
360.55182902138574 469.25073715543704
361.3036814032146 469.91006863196327
361.9383070533341 470.46659897894017
362.5831079565004 471.03453463154204
362.5868465308718 471.0353309556605
363.5649054263872 471.2436595348406
364.5429643219027 471.4519881140207
365.5210232174181 471.66031669320074
366.4990821129335 471.8686452723808
367.47714100844894 472.0769738515608
368.4551999039644 472.2853024307409
369.43325879947974 472.49363100992105
370.4113176949951 472.7019595891012
371.38937659051055 472.91028816828134
372.36743548602595 473.1186167474615
373.34549438154136 473.3269453266415
374.32355327705676 473.53527390582155
375.30161217257216 473.7436024850017
376.27967106808757 473.95193106418174
376.6112595480201 474.0225601001361
377.0489351832867 473.1234271632025
377.48664734751515 472.2243120085719
377.9244164033088 471.3252245524312
378.36232005424574 470.4262026436347
378.800501104036 469.5273159057168
379.23919901112674 468.6286813046057
379.6787836995195 467.7304801569051
380.11978674793335 466.83297455174727
380.5629244790048 465.9365210106751
381.0091080055321 465.0415795261882
381.4594368671278 464.14871676158555
381.9151751551568 463.2586029414342
382.37771148529 462.37200261247705
382.8485063467905 461.48975990302307
383.3290318666995 460.6127791593826
383.8207096899522 459.74200196737456
384.32485249633925 458.87838166262935
384.842613803549 458.0228565439119
385.3749493794219 457.1763231218546
385.9225920663157 456.3396108131775
386.48604034077556 455.51345946989454
387.0655596711479 454.6985009766418
387.6611948038757 453.89524585611014
388.27279054697965 453.10407542755695
388.90001840969956 452.3252396244329
389.542406541933 451.55886015735047
390.1993707146996 450.80493836054325
390.87024450682 450.06336681642495
391.5543073352102 449.3339437246499
392.25080942536556 448.61638896129784
392.9589932235385 447.91036084004105
393.6781110807374 447.21547271418353
394.4074392845099 446.53130871982114
395.1462886820832 445.85743813305714
395.8940122388785 445.19342798056437
396.65000992367726 444.5388536909846
397.4137313200041 443.89330769820594
398.1846763455284 443.2564060043635
398.96239442825237 442.62779278162304
399.746482448355 442.0071431407373
400.5365817138854 441.3941642254325
401.332374201075 440.7885948096488
402.13357825807583 440.19020358390645
402.9399439452243 439.5987863212318
403.75124816509276 439.01416211473367
404.5672897204639 438.4361688795592
405.3878844262975 437.86465831206465
406.212860390957 437.2994904982836
407.04205357076523 436.74052836131943
407.87530368908136 436.18763213206284
408.7124505958082 435.6406540186454
409.55333112540313 435.099433236572
410.39777649155246 434.5637915432836
411.245610235586 434.03352939822895
412.09664672467414 433.5084228430989
412.95069017616345 432.98822116781497
413.8075341672708 432.47264539753166
414.6669615757012 431.96138760576844
415.5287448871834 431.4541110302686
416.39264680062195 430.9504509425535
417.2584210604018 430.4500162004516
418.12581344788344 429.9523913958659
418.99456286963755 429.4571394981392
419.86440248768315 428.9638048866651
420.735060846092 428.47191666467484
421.606262958019 427.9809921489151
422.47773132682045 427.490540436533
423.3491868839044 427.00006596010485
424.220349833938 426.50907195353363
425.090940404384 426.01706376391644
425.96067949975674 425.5235519545539
426.8292892605216 425.0280551498175
427.6964935236626 424.53010257578046
428.56201818130626 424.029236259274
429.4255914414571 423.5250128719223
430.2869440142131 423.0170052485478
431.14580927540476 422.50480366409283
432.0019234895127 421.9880170036591
432.85502619521856 421.4662739888353
433.70486086347387 420.93922462052967
434.55117592969987 420.40654196765
435.3937262856641 419.8679243874834
436.232275303391 419.32309822725495
437.066597462375 418.77182104195856
437.8964816655718 418.21388537426515
438.72173535383416 417.64912316766015
439.542189549486 417.0774109036346
440.3577049600057 416.4986755451115
441.1681792353395 415.91290131469316
441.97355538601914 415.32013723353066
442.7738312324889 414.72050520506895
443.5690695784806 414.1142082703378
444.3594086023761 413.5015385164672
445.1450717658204 412.8828840138515
445.926376375186 412.2587341060697
446.7037398229036 411.62968238311475
447.47768250234924 410.99642672468565
448.2488264499269 410.3597658949543
449.01788893928483 409.72059229767217
449.78567055217513 409.07988066604094
450.5530376863609 408.43867267999303
451.32090001914867 407.79805778952783
452.0901840763106 407.1591508797229
452.86180467113195 406.5230678209582
453.6366364583577 405.89090035777735
454.41548807105016 405.2636921264807
455.19908118527667 404.6424177657214
455.9880363628358 404.0279670127699
456.78286671029366 403.4211353073029
457.58397938941386 402.8226217524415
458.3916839789692 402.2330343577227
459.2062057715218 401.65290139929266
460.0277014318915 401.0826866327408
460.8562741968663 400.5228052407102
461.6919860858312 399.9736371074006
462.5348654296397 399.4355345040051
463.3849092274473 398.9088224936912
464.2420810644339 398.39379196850166
465.1063062036309 397.8906867023993
465.9774657826495 397.3996867147373
466.85539180943715 396.9208904203815
467.7398640607528 396.45429762505285
468.63060931589723 395.9997947202902
469.52730282600623 395.557142770189
470.42957162250036 395.1259687694966
471.33699918455807 394.7057602264873
472.24913102657115 394.295863284823
473.16548084107626 393.89548469216777
474.085536886347 393.50369792163957
475.00876833164295 393.1194536003846
475.9346312876114 392.74159412020003
476.8625742812107 392.3688719708314
477.79204299877097 391.9999710314494
478.72248421447966 391.63352984365713
479.65334892774064 391.2681657983467
480.373029725186 390.9856913595362
481.1156643922468 390.85113287756445
481.0802843465223 390.7080941901154
481.1156643922468 390.85113287756445
480.3716778731239 390.98593630253384
481.1156643922468 390.85113287756445
480.8811865135248 389.90315761858744
480.8720956589077 390.89526526252786
481.1156643922468 390.85113287756445
480.8811865135288 389.90315761860313
480.89034930251205 388.9031995978352
480.9018487141107 387.9032657182547
480.9259051073748 386.90355511515844
480.97144520283285 385.9045926034966
481.04518631406245 384.9073151854656
481.15173058577057 383.9130072260455
481.29390458780716 382.92316554519704
481.47310255770515 381.93935251032485
481.6895833930191 380.96306564267695
481.9427270854117 379.9956369522807
482.2312649711527 379.03816847316915
482.5534909274758 378.0915056857566
482.9074545510554 377.1562464953808
483.2911371965854 376.23278148385134
483.7025873930218 375.32134923960473
484.14005568248115 374.42211540143046
484.6020289452095 373.5352215495383
485.0871355016043 372.66076650269895
485.59397436748344 371.7987256892601
486.1209976166991 370.94887482305705
486.66648240412405 370.11075409983874
487.23075189094976 369.2851634347768
487.8101490567607 368.47011808373776
488.38355840032335 367.65084906521264
