3.8111766763616233
291117
808
0.0 100.0
0.0 101.0
0.0 102.0
0.0 103.0
0.0 104.0
0.0 105.0
0.0 106.0
0.0 107.0
0.0 108.0
0.0 109.0
0.0 110.0
0.0 111.0
0.0 112.0
0.0 113.0
0.0 114.0
0.0 115.0
0.0 116.0
0.0 117.0
0.0 118.0
0.0 119.0
0.0 120.0
0.0 121.0
0.0 122.0
0.0 123.0
0.0 124.0
0.0 125.0
0.0 126.0
0.0 127.0
0.0 128.0
0.0 129.0
0.0 130.0
0.6176096481616726 130.78648478847185
1.2352192963233488 131.5729695769437
1.8528289444850325 132.35945436541556
2.4704385926467154 133.1459391538874
3.0880482408083982 133.93242394235926
3.705657888970089 134.7189087308311
4.323267537131768 135.5053935193029
4.94087718529344 136.29187830777477
5.558486833455116 137.07836309624662
6.176096481616792 137.86484788471847
6.793706129778502 138.6513326731903
7.4113157779401915 139.43781746166212
8.028925426101871 140.22430225013397
8.646535074263552 141.0107870386058
9.264144722425225 141.79727182707765
9.881754370586933 142.58375661554948
10.499364018748635 143.3702414040213
11.116973666910303 144.15672619249315
11.734583315071976 144.943210980965
12.352192963233657 145.72969576943683
12.969802611395327 146.51618055790868
13.58741225955701 147.30266534638054
14.20502190771871 148.08915013485236
14.822631555880394 148.87563492332418
15.440241204042087 149.662119711796
16.057850852203753 150.44860450026786
16.704727160294176 151.21119943995166
17.339673816926197 151.98375542059762
17.967942617565622 152.76175176643935
18.592970597676672 153.54235411339863
19.217016640202985 154.3237416848427
19.841618868457928 155.10468474067903
20.467686774611636 155.8844532812629
21.095641175954036 156.6627034144686
21.725572432331255 157.43935430916906
22.35739117124647 158.2144704818526
22.99088767101304 158.988216037435
23.625793352258313 159.76080569302357
24.26183103095348 160.53246369452427
24.8987455998307 161.30339808340048
25.536317804785973 162.0737886878788
26.173890009741246 162.84417929235713
26.812073090035852 163.61406393048526
27.45089274514825 164.38342044618008
28.089795283930275 165.1527081335493
28.728723608694033 165.9219744046249
29.367636967098175 166.6912531060412
30.006505876459464 167.46056872180077
30.64530934285975 168.22993867917822
31.28403269967752 168.9993751440377
31.922665950831227 169.7688863983549
32.56120252709021 170.5384778749056
33.19967798785064 171.30812005540687
33.755840271241 172.13919376726042
34.39511307375719 172.90817379558567
35.03528887677978 173.67640223896979
35.676309839334905 174.44392561031745
36.31834243442637 175.21060295238524
36.961469671254704 175.9763622861511
37.60569032327011 176.74120197622796
38.21546941973786 177.5337733947834
38.841379561688974 178.313668576332
39.4767991576493 179.08583561594816
40.11781898777565 179.85335993307746
40.762160377129405 180.61809791040412
41.40850192065339 181.38114614552103
42.05607647644083 182.14314824177583
42.704435558814694 182.904482925278
43.35332058814275 183.66536939428232
44.002205617470814 184.4262558632867
44.65188387363792 185.1864651525378
45.30191396883284 185.94637361764453
45.951989660922635 186.70624307653463
46.60304263573247 187.465275370967
47.255043117740584 188.223493922218
47.90823304361027 188.9806880325638
48.56278665097481 189.73670362439117
49.218787394326164 190.49146386759588
49.87622787549247 191.24497034648232
50.53502508185904 191.99729091703958
51.19504319611027 192.74854060180505
51.85611737961466 193.4988611492406
52.518074238266465 194.2484030875495
53.18077988928341 194.99728306465545
53.84419953345465 195.7455306010548
54.50842802011004 196.49306021084664
55.17798166477063 197.23582391278805
55.86412302330999 197.9632921499653
56.63810370071952 198.59650136578318
57.40260494933222 199.24112361242814
58.21901934741434 199.8185900881687
59.086426570288815 200.31618903280705
59.996758201548246 200.73006863018838
60.9392527680896 201.0642901017309
61.904133779824306 201.32697743144783
62.88400680813914 201.52659919474308
63.87359894041667 201.6704998956949
64.86911275031747 201.7651162489156
65.86778528574304 201.81662515092935
66.8676776535228 201.83129664900457
67.86755186941217 201.8154362454902
68.86673325328694 201.77498180051657
69.8623632022465 201.68159548066836
70.84996244712194 201.52459952046092
71.82668285002791 201.31008319346643
72.7925557203142 201.05106659468382
73.74948917627769 200.76075923883872
74.6999098446052 200.44979211321944
75.64596104505513 200.12577494372493
76.5892428792731 199.7937818997701
77.53083918025308 199.45703807134734
78.47143969170742 199.11752271403364
79.41146503160037 198.7764180961242
80.35116396037718 198.43441528435835
81.2906802614452 198.0919110945629
82.23009557267109 197.74913000839513
83.16945558805243 197.40619741807632
84.10878558310792 197.06318260733332
85.04809940038064 196.72012349773186
85.98740455637036 196.37704067401268
86.92670510220458 196.0339452286982
87.86600320698105 195.69084310051574
88.80530002531917 195.3477374505187
89.74459616860678 195.0046299524878
90.68389195905051 194.66152148850784
91.62318756572631 194.31841252144412
92.56248307700774 193.97530329322873
93.50177853892053 193.63219392986184
94.44107397535598 193.28908449674825
95.38036939867798 192.94597502773533
96.31966481526679 192.6028655402896
97.25896022840627 192.25975604340104
98.19825563978245 191.91664654168525
99.13755105025906 191.5735370375068
100.07684646027758 191.2304275320743
101.01275762428287 190.8781913995009
101.94358558422623 190.51273372891828
102.86933441806751 190.13459473775035
103.79088720406693 189.74634164682033
104.7093485892614 189.35083098462945
105.62570090056491 188.95045810646621
106.54069085748634 188.5469814916136
107.45483566031825 188.14159367796427
108.35928517764563 187.7150130049301
109.23656151083513 187.23502734345095
110.09486485701065 186.7218847064153
110.93320513185466 186.17673740194203
111.75607233961253 185.60850368383234
112.57112218860466 185.02911284540124
113.3861720375968 184.44972200697012
113.64708781893 184.2642459732116
113.79488676646895 183.9004947050048
114.05001374620275 183.9778198225696
115.00702366610209 184.267875012515
115.96403358600142 184.5579302024604
116.92104350590074 184.8479853924058
117.87805342580008 185.1380405823512
118.83506334569941 185.42809577229664
119.79207326559876 185.71815096224208
120.74908318549808 186.0082061521875
121.70609310539741 186.29826134213292
122.66310302529675 186.58831653207832
123.62011294519608 186.87837172202376
124.57712286509542 187.16842691196916
125.53413278499475 187.45848210191463
126.49114270489409 187.74853729186003
127.44815262479342 188.03859248180544
128.40516254469276 188.32864767175084
129.36217246459208 188.61870286169625
130.3191823844914 188.9087580516417
131.27619230439075 189.19881324158715
132.2332022242901 189.48886843153258
133.19021214418945 189.778923621478
134.1472220640888 190.0689788114234
135.10423198398814 190.3590340013688
136.0612419038875 190.6490891913142
137.01825182378684 190.9391443812596
137.97526174368616 191.22919957120502
138.93227166358548 191.51925476115042
139.8892815834848 191.80930995109583
140.84629150338412 192.09936514104123
141.80330142328347 192.38942033098664
142.76031134318282 192.67947552093204
143.71732126308217 192.9695307108775
144.67433118298152 193.25958590082297
145.63134110288084 193.54964109076838
146.58835102278016 193.8396962807138
147.5453609426795 194.12975147065924
148.50237086257883 194.41980666060465
149.45938078247815 194.70986185055006
150.4163907023775 194.99991704049546
151.37340062227685 195.28997223044092
152.3304105421762 195.58002742038636
153.28742046207552 195.87008261033176
154.24443038197484 196.1601378002772
155.2014403018742 196.45019299022258
156.15845022177353 196.740248180168
157.11546014167288 197.03030337011342
158.0724700615722 197.32035856005882
159.02947998147152 197.61041375000423
159.99058320542113 197.88660316492388
160.96226929807 198.12287871878596
161.94787649381615 198.29193035496093
162.94441892232388 198.37501578198595
163.94438181919753 198.36640155677048
164.9399338432906 198.2721881430533
165.9259894156696 198.10577177312433
166.90084962060354 197.88295440208663
167.86526487101835 197.6185622222338
168.82115986877136 197.32485360255987
169.77069131333192 197.01118174250428
170.71575566757696 196.68429741076682
171.6578238163144 196.3488758802497
172.59795069271422 196.00805120938398
173.53685341144916 195.66386857653893
174.47500080697273 195.31763243707286
175.41269044149226 194.97015848220053
176.35010681199697 194.6219479879449
177.28736215954098 194.27330431096203
178.22452369318484 193.92440853876303
179.1616311161105 193.5753674553679
180.09870760821403 193.22624333997777
181.03576656278688 192.8770721560939
181.97281564701922 192.52787448465355
182.90985921358796 192.1786620072818
183.8468997148443 191.82944130485242
184.78393852293678 191.48021605930356
185.7209764007515 191.13098831764995
186.65801376996157 190.7817592113259
187.5950508623819 190.43252936233174
188.53208780481478 190.08329911089862
189.46923503137532 189.73436491115618
190.40667979525261 189.38623086415845
191.34459275494874 189.03936016773963
192.2830673529328 188.69401189578986
193.22211107140822 188.3502141430458
194.16166828243556 188.00782219336458
195.1016510470127 187.66660026807563
196.0419642917607 187.3262901128474
196.98252132681824 186.98665433174682
197.92325085398767 186.64749661517294
198.86409827785312 186.3086660896801
199.80502396687143 185.97005296567954
200.7460003324132 185.63158069282423
201.68700881101395 185.2931977097984
202.6280372598159 184.95487026700752
203.5690779235016 184.61657680078326
204.51012594960227 184.27830381550064
205.4511783556104 183.94004301501334
206.39223333681255 183.60178937888412
207.33328981617532 183.26353991081453
208.2743471588039 182.92529284447863
209.21540499454477 182.58704715006306
210.15646310972792 182.24880223310504
211.0975213821185 181.91055775352663
212.03857974235967 181.57231351836487
212.97963815139116 181.2340694189469
213.92069658736548 180.89582539448884
214.86175503813945 180.55758141120626
215.802813497003 180.21933745043032
216.7438719602681 179.88109350190035
217.68493042591786 179.542849560005
218.6270432218244 179.20755345237893
219.57195841052044 178.88023818207893
220.52115988086948 178.56556919935707
221.4752997848404 178.26620814034902
222.43421237875788 177.9825064709383
223.4003186644012 177.72436185092766
224.3814743798864 177.53114316143132
225.38046872091786 177.48630671880773
226.35646818233351 177.70407965403234
227.18716147959248 178.26080997105223
227.7288983092248 179.1013581299461
227.95727377859652 180.07493126278678
227.96279182494982 181.07491603825312
227.8425388472058 182.06765931893736
227.65838135979425 183.05055606826062
227.4434109256037 184.0271766252959
227.21408925340097 185.0005273178308
226.9782674619712 185.97232363532066
226.73957161635883 186.94341801450707
226.49963150068135 187.91420570545122
226.25916257141205 188.88486254185432
226.0184725208137 189.85546457128913
225.77769132493296 190.82604399395905
225.53687303293174 191.79661421307645
225.2960398120971 192.76718072792352
225.05520064246804 193.73774576663675
224.81435912470297 194.70831022267282
224.5735166879146 195.67887445065662
224.33267389404108 196.64943859003083
224.0918309622379 197.6200026951782
223.8509879773908 198.59056678716283
223.61014497220037 199.56113087409932
223.36930195921514 200.53169495910151
223.12845894323974 201.50225904336173
222.8875700640399 202.47281174562877
222.64666085145006 203.4433594009705
222.40554150853148 204.41385487363925
222.16459151055088 205.38439240432683
221.92392901657988 206.35500126684337
221.92420921613146 206.35521905307817
221.86839373223864 206.5801477409274
222.77003216577305 207.0126383595174
223.67167059930986 207.44512897810847
224.57330903284662 207.87761959669956
225.4749474663834 208.31011021529068
226.37658589992023 208.7426008338817
227.27822433345702 209.1750914524728
228.1798627669938 209.60758207106392
229.0815012005306 210.040072689655
229.98313963406738 210.4725633082461
230.88477806760415 210.90505392683724
231.78641650114096 211.3375445454283
232.68805493467778 211.77003516401936
233.58969336821457 212.20252578261045
234.49133180175136 212.63501640120157
235.39297023528817 213.06750701979263
236.29460866882496 213.49999763838375
237.19624710236178 213.9324882569748
238.09788553589854 214.36497887556592
238.99952396943533 214.79746949415704
239.90116240297215 215.2299601127481
240.80280083650894 215.6624507313392
241.7044392700457 216.0949413499303
242.6060777035825 216.52743196852137
243.5077161371193 216.9599225871125
244.4093545706561 217.39241320570355
245.30657189618955 217.83400246141812
246.2039801681254 218.27520354194837
247.10148426314134 218.71620966370816
247.99787690028595 219.1594705801817
248.6797997657055 219.8908946744102
249.2349141421001 220.7226686996839
249.7240979122814 221.59484943725565
250.08991155152825 222.52553755974404
250.52696531187226 223.42497294406533
250.96046587715267 224.32612623840632
251.313137475881 225.26187339627023
251.73849739053995 226.16689767384588
252.16471428768304 227.0715186754757
252.59064967712192 227.97627225741033
253.00752616686782 228.88523539874066
253.4198902399317 229.79625453753312
253.8301583040966 230.70821951247808
254.23947823803573 231.62061043290643
254.6483937802041 232.5331826653205
255.05716427680477 233.44581987752963
255.46822216455408 234.35742912107597
255.88050786158666 235.26848373196512
256.29342868816514 236.17925065658292
256.70670584578806 237.08985594483195
257.1248666123195 237.9982289812734
257.5456382034889 238.90539559665604
257.97171550187994 239.81008235780365
258.4005923846979 240.7134453077769
258.83565177554755 241.61384706612344
259.2770893044884 242.51113905206924
259.7218190685094 243.40680385376342
260.17270173374885 244.29938708360058
260.6291998170307 245.1891114791074
261.09151630471706 246.07582646443998
261.5612351031246 246.95864255537995
262.03910707599937 247.83707205029734
262.52464383543486 248.71128830228358
263.0159904656794 249.5822524168987
263.511154541462 250.45105189782302
264.0078325251759 251.3189867919792
264.5043460421211 252.18701578198514
265.081386792421 253.00373113784258
265.57587460268354 253.87291570138575
266.0612810989834 254.74720428838086
266.5420041995072 255.624076742403
267.01877193175585 256.50310605334
267.4923269125487 257.3838703124731
267.96342618329624 258.2659505112652
268.43273825642245 259.1489828878053
268.90079967600155 260.0326788239177
269.36978645915787 260.91588400801976
269.8432969746325 261.79667217309407
270.32464015143324 262.67320440076594
270.8136432901788 263.54548642528385
271.30716503108977 264.41521988517155
271.8012767158561 265.2846183225853
272.35592824517914 266.1167010594688
272.84435740111024 266.9893046118547
273.31664365546555 267.8707498421141
273.7752877759655 268.75936987943646
274.2235641191023 269.6532649069335
274.666393841951 270.54987063776605
275.1082785069619 271.4469425093729
275.48580121004903 272.3729428380196
275.92962174057084 273.26905853182666
276.3813165234427 274.1612310617368
276.8368216749501 275.0514642092607
277.2952849448069 275.9401775658568
277.7560045872383 276.8277232892299
278.2183661227803 277.71441478600383
278.68187719299686 278.6005059143798
279.1461686024841 279.48618841227415
279.6109765217564 280.3715999539777
280.0761192059071 281.2568356759078
280.54147503765256 282.1419593677501
281.0069645342818 283.0270127720867
281.4725367587707 283.91202266117523
281.9381596033508 284.79700591898586
282.4038131130877 285.6819730420304
282.86948503627923 286.56693047600737
283.3351679301122 287.45188213705524
283.8008573149397 288.3368303823549
284.2665505165492 289.22177661912565
284.73264977942256 290.10650905164346
285.20003368194625 290.99056351131304
285.6697128369614 291.8734006941187
286.1424416773778 292.75460863974706
286.61853232667175 293.6340048494585
287.09787933009164 294.511630310753
287.5800953990796 295.3876826281461
288.0646632499487 296.2624363065631
288.5510527148215 297.13617842438777
289.03879041929457 298.00916864863734
289.5274895635659 298.88162102349133
290.0168534527801 299.75370071247227
290.5066651511916 300.6255289639641
290.99677191834957 301.49719137383727
291.48706945376983 302.36874649358634
291.9774883153038 303.2402333496271
292.4679832424838 304.1116773962593
292.95852526513465 304.98309493338695
293.4490961265185 305.8544962358654
293.9396844756104 306.7258876930964
294.43150525971885 307.59658414784917
294.92721130070913 308.46507451678
295.4298395697221 309.32957716176674
295.9416297120126 310.1886876612104
296.4634710458802 311.0417302288864
296.9949975117596 311.8887719138523
297.53756584196185 312.7287835846412
298.09508873734507 313.55894514790674
298.6721154955943 314.3756703895054
299.27667288001663 315.1722319809348
299.922387533451 315.9358107825919
300.62525296509074 316.6471336242088
301.3967340081283 317.28338593283615
302.2388925584917 317.8226159172119
303.1432310160433 318.24943198320904
304.09407010778784 318.5591173422598
305.07330344479095 318.76185380099815
306.06643946079436 318.8788189826417
307.06492041247026 318.93391697843464
308.0647524412388 318.95224494200374
309.06430194455135 318.92223177110117
310.0636313719424 318.8856162614052
311.06362311090857 318.881551535159
312.06360732539105 318.87593274651914
313.0618644351756 318.9349475138626
313.9514686491842 318.47821527018135
314.8175098231297 317.9782425858964
315.66924487008185 317.4542698673381
316.52046086827863 316.9294543526914
317.3716567247644 316.40460617092697
318.2228465708524 315.87974824165775
319.07402885490256 315.35487804882985
319.9252014110211 314.82999208053707
320.7763619252136 314.30508658515765
321.58317495209843 313.71427973038277
322.43111705339544 313.18419087665353
323.28146463213506 312.65796944480974
324.1319421486732 312.1319580439227
324.9824262525211 311.6059572938263
325.83291067750304 311.0799570629678
326.6833951177524 310.5539568567951
327.5338795587155 310.02795665177644
328.3843639997116 309.50195644681116
329.2348484407091 308.9759562418481
330.08533288170673 308.4499560368853
330.9358173227044 307.9239558319225
331.78630176370206 307.3979556269597
332.6367862046997 306.87195542199686
333.4872706456974 306.3459552170341
334.33775508669504 305.8199550120713
335.18823952769264 305.2939548071085
336.0387239686903 304.7679546021458
336.8892084096879 304.2419543971829
337.7396928506855 303.7159541922201
338.5901772916832 303.1899539872573
339.44066173268084 302.6639537822945
340.2911461736784 302.13795357733164
341.141630614676 301.6119533723688
341.99211505567365 301.0859531674061
342.8425994966713 300.5599529624433
343.6930839376689 300.03395275748045
344.5435683786666 299.5079525525177
345.39405281966424 298.98195234755485
346.2445372606619 298.455952142592
347.0950217016595 297.9299519376292
347.9455061426572 297.4039517326665
348.79599058365477 296.8779515277036
349.64647502465243 296.35195132274083
350.4969594656501 295.825951117778
351.34744390664775 295.29995091281523
352.1979283476454 294.77395070785246
353.048412788643 294.2479505028896
353.89889722964074 293.7219502979268
354.7493816706384 293.195950092964
355.599866111636 292.6699498880011
356.45035055263367 292.14394968303833
357.3008349936313 291.6179494780755
358.151319434629 291.0919492731127
359.00180387562665 290.56594906814985
359.8522883166243 290.039948863187
360.702772757622 289.51394865822425
361.55325719861963 288.9879484532614
362.4037416396173 288.4619482482986
363.2542260806149 287.9359480433357
364.10471052161256 287.409947838373
364.9551949626102 286.8839476334102
365.8056794036078 286.35794742844735
366.6561638446055 285.8319472234845
367.50664828560315 285.30594701852175
368.49862824767877 285.17955178585686
369.4942203223064 285.0857625490612
370.48997704402547 284.9937378178678
371.48574163425167 284.90179826788176
372.48150658246533 284.809862595213
373.4772715464119 284.7179270929487
374.4730365110344 284.62599159800624
375.46880147568555 284.53405610337353
376.4645664403378 284.4421206087537
377.4603314049902 284.3501851141346
378.4560963696425 284.25824961951537
379.4518613342949 284.16631412489613
380.4476262989473 284.07437863027695
380.9543958558655 283.2122970702254
381.4086268248311 282.3214131121071
381.8611849692433 281.4296782154443
382.31369641020314 280.53791961817683
382.76620662285313 279.6461603976204
383.21871680431406 278.7544011612375
383.67122698500077 277.86264192446174
384.1237371656686 276.9708826876764
384.5762473463359 276.0791234508908
385.0287575270033 275.18736421410523
385.48126770767044 274.29560497731956
385.93377788833783 273.403845740534
386.38628806900505 272.5120865037484
386.83879824967244 271.6203272669628
387.2913084303397 270.7285680301772
387.74381861100693 269.8368087933915
388.1963287916744 268.94504955660597
388.6488389723416 268.0532903198203
389.10134915300904 267.1615310830348
389.55385933367626 266.26977184624917
390.00636951434353 265.3780126094636
390.45887969501086 264.48625337267805
390.9113898756781 263.59449413589243
391.36390005634536 262.70273489910676
391.8164102370127 261.8109756623212
392.26892041767996 260.9192164255356
392.7214305983473 260.02745718875
393.1739407790146 259.1356979519644
393.62645095968196 258.24393871517884
394.07896114034924 257.3521794783932
394.5314713210165 256.4604202416076
394.98398150168384 255.56866100482205
395.4364916823512 254.67690176803643
395.8890018630185 253.7851425312508
396.34151204368567 252.89338329446514
396.79402222435306 252.00162405767958
397.2465324050204 251.109864820894
397.6990425856877 250.21810558410837
398.15155276635494 249.32634634732275
398.60406294702216 248.43458711053714
399.0565731276896 247.5428278737516
399.50908330835676 246.65106863696593
399.9615934890242 245.7593094001804
400.41410366969143 244.86755016339478
400.86661385035865 243.97579092660914
401.3191240310261 243.0840316898236
401.7716342116933 242.192272453038
402.2241443923606 241.30051321625237
402.676654573028 240.4087539794668
403.12916475369525 239.5169947426812
403.58167493436264 238.6252355058956
404.0341851150299 237.73347626910996
404.4866952956972 236.84171703232437
404.9392054763644 235.94995779553872
405.3917156570319 235.05819855875322
405.84422583769907 234.16643932196757
406.29673601836635 233.27468008518196
406.7492461990337 232.3829208483964
407.20175637970095 231.49116161161078
407.65426656036834 230.5994023748252
407.72693044100265 230.45620407895302
408.2585528447513 231.30318555444848
408.79017524846654 232.15016702989075
409.32179765221485 232.99714850538643
409.85342005596345 233.84412998088197
410.38504245971194 234.69111145637757
410.91666486346054 235.53809293187305
411.4482872672091 236.38507440736862
411.9799096709576 237.23205588286416
412.5115320747061 238.07903735835973
413.0431544784547 238.92601883385524
413.57477688220325 239.77300030935078
414.10639928595174 240.61998178484635
414.63802168970034 241.46696326034188
415.1696440934489 242.31394473583742
415.7012664971974 243.160926211333
416.232888900946 244.0079076868285
416.76451130469457 244.85488916232407
417.2961337084431 245.7018706378196
417.82775611219165 246.54885211331518
418.3593785159402 247.39583358881072
418.89100091968874 248.24281506430628
419.4226233234373 249.08979653980185
419.9542457271858 249.9367780152974
420.48586813093436 250.78375949079293
421.0174905346829 251.63074096628847
421.54911293843145 252.47772244178404
422.08073534218 253.32470391727958
422.61235774592865 254.1716853927751
423.1439801496771 255.0186668682707
423.6756025534257 255.86564834376625
424.2072249571743 256.71262981926174
424.73884736092276 257.5596112947573
425.2704697646713 258.40659277025287
425.80209216841985 259.2535742457484
426.33371457216845 260.1005557212439
426.86533697591693 260.94753719673946
427.3969593796655 261.79451867223503
427.9285817834141 262.64150014773054
428.46020418716256 263.4884816232261
428.9918265909111 264.3354630987217
429.5234489946597 265.1824445742172
430.05507139840824 266.02942604971275
430.5866938021567 266.8764075252084
431.1183162059054 267.72338900070383
431.6499386096539 268.5703704761994
432.1815610134024 269.41735195169497
432.713183417151 270.2643334271905
433.2448058208995 271.11131490268605
433.77642822464804 271.95829637818156
434.30805062839664 272.8052778536771
434.8396730321452 273.65225932917264
435.3712954358936 274.49924080466826
435.90291783964216 275.3462222801638
436.43454024339076 276.1932037556593
436.9661626471393 277.04018523115485
437.4977850508879 277.88716670665036
438.0294074546364 278.73414818214593
438.5610298579205 279.581129657933
439.09265226166 280.42811113343424
439.6242746655259 281.27509260885614
440.1558970693936 282.1220740842769
440.6875194732315 282.96905555971637
441.2191418770394 283.81603703517465
441.75076428082497 284.663018510647
442.28238668459545 285.5099999861288
442.8140090883568 286.3569814616163
443.34563149211266 287.20396293710724
443.87725389586524 288.05094441260024
444.40887629931655 288.8979258882823
444.9404987026511 289.7449073640377
445.4721211060614 290.59188883974554
446.0037435096246 291.4388703153574
446.5353659133341 292.2858517908775
447.0669883171493 293.13283326633115
447.5986107210255 293.9798147417466
448.13023312492726 294.82679621714607
448.6618555288307 295.6737776925444
449.193846986821 296.5205274127247
449.7273698622831 297.3663130483077
450.2646461954668 298.2097193215833
450.8090056892523 299.04857135950516
451.36472817068267 299.8799392225074
451.93672423076947 300.7001955892886
452.53022721897185 301.5050273748158
453.15034633797194 302.28953504096734
453.8015511009761 303.0484371141235
454.4872331207784 303.7763383215135
455.2094334212841 304.46802229989487
455.96879012568314 305.11869686946415
456.764680687473 305.7241373815327
457.59578509868993 306.28025378810224
458.46054551860925 306.78243843157605
459.35806205500944 307.22341923261865
460.2886371694649 307.58952025195106
461.2538597511509 307.85094972198726
462.24790504631466 307.95991738307464
463.23487636332027 307.7990210829054
464.10448565475366 307.3052805840067
464.660038073791 306.4737990690578
464.79361315817573 305.4827603731273
464.60557566977957 304.50059852141567
464.21049153063655 303.5819535829342
463.67128466020506 302.73978023327305
463.0903100653068 301.9258585416572
462.4711890870226 301.140562919456
461.81840467589586 300.38301918303546
461.13613733143757 299.6519164059337
460.45917467849637 298.9158990375769
460.08145218890115 297.98998018537975
460.9915290780456 297.5755407376372
461.99112363450973 297.54706754520794
462.9741823928722 297.73035823675235
463.9352703809233 298.00660066510807
464.8824454430783 298.3273176768671
465.82079642406376 298.6730016893463
466.7532541910427 299.0342806851385
467.6816076197415 299.4059793687833
468.60698765903754 299.78501997725743
469.53012360513384 300.1694936760001
470.4514904947881 300.5581877133211
471.3713959182579 300.9503280094791
472.29003179535596 301.3454332173774
473.2075058592479 301.743228820779
474.12386110843414 302.14359497480393
475.0390873971203 302.5465352191303
475.9531268536331 302.9521605042615
476.8658733634864 303.36068689110897
477.77716543109096 303.77244746173346
478.68677117943963 304.1879199428571
479.5943643025152 304.60777077701835
480.49949074748355 305.0329132456321
481.4015276609679 305.46457214651525
482.2996380411712 305.9043422511961
483.19272578118637 306.3542247787903
484.0793959550961 306.8166272038476
484.9579245738873 307.294316921096
485.8262413716115 307.7903269399363
486.68179782155806 308.3080364733185
487.5215974081995 308.85093301436183
488.3423874266395 309.42216304300985
489.1408709521849 310.02417970343754
489.9138558677941 310.65860410416684
490.6583413299705 311.3262427763601
491.3715783449963 312.02716571106635
492.0511359394982 312.7607878725056
492.69498260286406 313.5259424151129
493.30157312840885 314.32095683908227
493.86992173671854 315.1437446971796
494.3995311532192 315.9919863290003
494.89043118015087 316.8632022399882
495.34327837170946 317.7547903854329
495.7593648286072 318.6641154430368
496.1404985730343 319.588635355672
496.4888169892459 320.5260116306693
496.80660728954877 321.474172653404
497.09617381422714 322.43133054413346
497.3597572647831 323.3959671413
497.5994933044342 324.3668052489639
497.81739492925607 325.3427759872035
498.0153468469864 326.32298771854875
498.1951050900174 327.3066985368599
498.35829878584224 328.29329258592117
498.5064330478298 329.28225984545276
498.6408927975189 330.27317890153836
498.76293488811507 331.26570382723185
498.8737519113211 332.25954465320336
498.9745503885112 333.2544515166816
499.06657847732066 334.2502079280946
499.1510976618868 335.24662978024367
499.2293274184741 336.24356513681613
499.3023920554734 337.24089234431636
499.3712852046633 338.2385163887312
499.43685482645 339.2363643855217
499.4998047358838 340.234381073209
499.5607066590342 341.2325248282647
499.61947483910325 342.23079648518546
499.67532850025947 343.2292354510394
499.7288808601185 344.2278004938651
499.78092818637634 345.2264451132515
499.83207624269056 346.22513619478536
499.87954050190814 347.22400913169827
499.92700312407766 348.2228821463987
499.96804575464535 349.22203954264626
