5.775899353457827
135174
1219
0.0 100.0
0.857423335657538 100.51461172107706
1.8227583015726965 100.77562590379819
2.812330679070639 100.91966239116533
3.7971233641113677 101.09339600187516
4.755463649653889 101.37902495192449
5.682689729301018 101.75352701763605
6.583841491410709 102.18703076807726
7.464820990843784 102.66018520542161
8.325966053160625 103.16854450911077
9.171689412379594 103.70216609757153
10.030823651745102 104.21391638701928
10.939386992232949 104.63166350708303
11.910639263237545 104.86971607705112
12.909935710500065 104.83221127084568
13.839973238616055 104.46474671977185
14.666472214463216 103.90180849676368
15.22995079384395 103.07567782273017
15.275411223080322 102.07671168247634
14.83080937889696 101.1809833753716
14.149746279963338 100.44875864533925
13.38203286251453 99.80796530215515
12.582658733335805 99.20713171321412
11.770992796435154 98.62300980224417
10.954193177209472 98.0460883326898
10.135075414546533 97.47246294021659
9.314835686680063 96.90044302025791
8.494038336534235 96.32922352654855
7.673029543403098 95.75830797972804
7.145787575809336 95.39167288549534
6.4392899690952135 94.90140261641322
6.4397924983399095 94.90073591980435
7.260801291471191 95.47165146662464
6.439316504241536 94.90142103570197
6.439289969183275 94.90140261649574
7.03953625599733 94.10158731923087
7.640646825855269 93.30242145233899
8.242422988997408 92.50375666065608
8.844594716004877 91.70539007117927
9.446938873026635 90.90715356706427
10.049310457221269 90.1089377600579
10.65163320662197 89.31068510233958
11.253878096482543 88.51237370154611
11.856043217743887 87.71400212969732
12.458139354475874 86.91557853151625
13.0601812510755 86.11711403340833
13.662183105611282 85.31861934517585
14.264156720406591 84.52010336719528
14.866111106260965 83.72157289354341
15.46805276104049 82.9230328230139
16.069986179053686 82.12448654365436
16.671914370312475 81.32593632446465
17.273839299330167 80.52738364628553
17.87576222123887 79.72882945521214
18.477683923682235 78.9302743449488
19.079604893397004 78.13171868238192
19.68152542718239 77.33316269122818
20.283445703911077 76.53460650631514
20.885365830271606 75.73605020806053
21.487285869311226 74.93749384398687
22.089205857978335 74.13893744194442
22.691125817763602 73.34038101813198
23.293045761081522 72.54182458190712
23.894965695058747 71.74326813864162
24.496885623762992 70.94471169140157
25.098805549503727 70.14615524192772
25.700725473585816 69.34759879120365
26.30264539674313 68.54904233978253
26.904565319386705 67.75048588797418
27.506485241745846 66.95192943595143
28.108405163948003 66.15337298381034
28.71032508606378 65.35481653160414
29.31224500813217 64.55626007936223
29.91416493017462 63.757703627100774
30.516084852202912 62.95914717482864
31.1180047742235 62.160590722550694
31.7199246962399 61.3620342702696
32.32184461825402 60.56347781798678
32.923764540266916 59.76492136570304
33.52568446227915 58.96636491341881
34.12760438429102 58.1678084611343
34.7295243063027 57.36925200884964
35.331444228314275 56.570695556564914
35.933364150325794 55.772139104280136
36.53528407233729 54.973582651995336
37.13720399434877 54.17502619971053
37.73912391636025 53.376469747425716
38.34104383837171 52.577913295140895
38.94296376038318 51.779356842856075
39.54488368239464 50.980800390571254
40.146803604406095 50.182243938286426
40.74872352641755 49.383687486001605
41.350643448429 48.58513103371678
41.95256337044046 47.786574581431964
42.55448329245191 46.98801812914714
43.156403214463374 46.18946167686233
43.75832313647482 45.3909052245775
44.3602430584863 44.592348772292695
44.962162980497745 43.79379232000787
45.56408290250921 42.995235867723046
46.16600282452068 42.19667941543823
46.76792274653213 41.39812296315341
47.36984266854358 40.599566510868584
47.97176259055504 39.801010058583756
48.5736825125665 39.00245360629894
49.17560243457796 38.20389715401412
49.77752235658942 37.4053407017293
50.37944227860088 36.60678424944447
50.98136220061233 35.80822779715965
51.583282122623785 35.00967134487483
52.18520204463524 34.21111489259001
52.787121966646694 33.41255844030519
53.38904188865815 32.61400198802037
53.9909618106696 31.815445535735545
54.592881732681064 31.016889083450728
55.194801654692526 30.21833263116591
55.79672157670399 29.419776178881094
56.39864149871544 28.621219726596273
57.0005614207269 27.822663274311452
57.60248134273835 27.024106822026624
58.20440126474981 26.22555036974181
58.80632118676127 25.426993917456986
59.40824110877272 24.628437465172162
60.00710028297364 23.82758311544595
60.6036273011348 23.024990119835003
61.20089394465327 22.222947379988685
61.80220830072694 21.423934836169938
62.40737279225431 20.627834378818967
63.01445771012217 19.833197416113748
63.62154262799003 19.038560453408532
63.630832886759116 19.026400073873912
63.91337615020781 18.651554952743965
63.91559918114919 18.653658441533377
63.308514263281474 19.4482954042387
63.91317868414583 18.651815060387843
63.91337615020314 18.6515549527516
64.6487489476062 19.329217737748387
65.37579837878414 20.015802856014016
66.09981100831067 20.7055895710833
66.82365289645335 21.39555545500078
67.54812363821375 22.08486100722934
68.27324850363637 22.77347841155909
68.99885842730265 23.461584681460042
69.72478402448657 24.14935791978294
70.45090128444178 24.836928806888498
71.1771300101495 25.524381960170203
71.90342169046917 26.21176860180534
72.62974818146569 26.899118460666674
73.35609361513 27.586448302151076
74.08244922849852 28.273767385930984
74.80881025780673 28.96108074612583
75.53517414503831 29.648391086020286
76.26153953011114 30.33569984296145
76.98790569570491 31.02300777502727
77.71427226603724 31.71031527935386
78.44063904536236 32.397622562810724
79.16700593220912 33.08492973263551
79.89337287419592 33.77223684418663
80.61973984438035 34.45954392593765
81.34610682894846 35.14685099248754
82.07247382083743 35.83415805130054
82.79884081644508 36.52146510618353
83.52520781393827 37.20877215907381
84.251574812386 37.8960792109553
84.97794181131626 38.58338626232685
85.70430881049009 39.27069331344097
86.43067580978676 39.958000364425274
87.1570428091453 40.6453074153442
87.88340980853495 41.33261446623024
88.60977680794025 42.019921517099746
89.33614380735342 42.707228567960925
90.06251080677053 43.394535618817955
90.78887780618963 44.08184266967289
91.51524480560973 44.76914972052677
92.2416118050303 45.45645677138013
92.96797880445112 46.143763822233225
93.69434580387207 46.8310708730862
94.42071280329309 47.5183779239391
95.14707980271415 48.205684974791964
95.87344680213519 48.892992025644816
96.59981380155628 49.58029907649764
95.87344680213516 48.8929920256448
95.14707980271407 48.20568497479197
94.420712803293 47.51837792393914
93.69434580387193 46.831070873086304
92.96797880445084 46.14376382223348
92.24161180502976 45.456456771380644
91.51524480560869 44.76914972052781
90.78887780618761 44.08184266967498
90.06251080676653 43.39453561882215
89.33614380734545 42.70722856796931
88.60977680792436 42.01992151711647
87.88340980850329 41.33261446626365
87.15704280908221 40.64530741541082
86.43067580966112 39.958000364557975
85.70430881024005 39.27069331370515
84.97794181081898 38.583386262852315
84.25157481139789 37.89607921199948
83.52520781197683 37.208772161146655
82.79884081255574 36.52146511029382
82.07247381313466 35.83415805944098
81.34610681371359 35.14685100858815
80.6197398142925 34.45954395773531
79.89337281487141 33.77223690688248
79.16700581545035 33.08492985602965
78.44063881602926 32.39762280517682
77.71427181660819 31.710315754323986
76.98790481718711 31.023008703471152
76.26153781776603 30.33570165261832
75.53517081834495 29.64839460176549
74.80880381892388 28.96108755091266
74.08243681950279 28.27378050005982
73.35606982008171 27.58647344920699
72.62970282066064 26.899166398354154
71.90333582123957 26.211859347501324
71.17696882181849 25.524552296648494
70.4506018223974 24.837245245795657
69.72423482297633 24.149938194942827
68.99786782355524 23.462631144089993
68.27150082413415 22.77532409323716
67.54513382471309 22.08801704238433
66.818766825292 21.400709991531496
66.09239982587093 20.71340294067866
65.36603282644984 20.02609588982583
64.63966582702876 19.338788838972995
63.91337615020781 18.651554952743965
63.311456228196356 19.450111405028785
62.70953630618489 20.248667857313606
62.10761638417344 21.04722430959843
61.50569646216198 21.84578076188325
60.903776540150524 22.644337214168072
60.301856618139055 23.44289366645289
59.6999366961276 24.241450118737713
59.09801677411615 25.040006571022534
58.49609685210469 25.838563023307355
57.89417693009323 26.63711947559218
57.29225700808177 27.435675927877
56.690337086070315 28.23423238016182
56.08841716405885 29.03278883244664
55.48649724204739 29.831345284731462
54.884577320035945 30.629901737016283
54.28265739802448 31.428458189301107
53.68073747601303 32.227014641585924
53.07881755400156 33.025571093870745
52.476897631990106 33.82412754615557
51.87497770997865 34.622683998440394
51.27305778796719 35.42124045072521
50.671137865955735 36.219796903010035
50.069217943944274 37.01835335529485
49.46729802193282 37.81690980757968
48.865378099921365 38.6154662598645
48.2634581779099 39.41402271214932
47.66153825589845 40.212579164434146
47.05961833388698 41.01113561671896
46.457698411875526 41.80969206900379
45.855778489864065 42.60824852128861
45.25385856785261 43.40680497357343
44.651938645841156 44.20536142585825
44.0500187238297 45.00391787814307
43.44809880181824 45.802474330427884
42.84617887980678 46.60103078271271
42.24425895779532 47.399587234997526
41.64233903578386 48.198143687282354
41.04041911377241 48.99670013956718
40.438499191760954 49.795256591852
39.83657926974949 50.59381304413682
39.23465934773804 51.392369496421644
38.63273942572657 52.19092594870646
38.030819503715115 52.989482400991285
37.42889958170366 53.7880388532761
36.8269796596922 54.58659530556092
36.225059737680745 55.38515175784574
35.62313981566928 56.18370821013057
35.02121989365783 56.98226466241539
34.41929997164637 57.7808211147002
33.81738004963491 58.57937756698503
33.21546012762345 59.377934019269844
32.613540205612 60.17649047155467
32.011620283600536 60.975046923839486
31.40970036158908 61.77360337612432
30.807780439577623 62.57215982840914
30.20586051756616 63.37071628069396
29.603940595554704 64.16927273297878
29.00202067354325 64.96782918526361
28.40010075153179 65.76638563754842
27.79818082952033 66.56494208983325
27.196260907508872 67.36349854211807
26.594340985497414 68.1620549944029
25.99242106348596 68.96061144668771
25.3905011414745 69.75916789897254
24.78858121946304 70.55772435125735
24.186661297451586 71.35628080354218
23.584741375440128 72.15483725582699
22.982821453428663 72.95339370811182
22.38090153141721 73.75195016039663
21.778981609405754 74.55050661268146
21.1770616873943 75.34906306496627
20.575141765382835 76.14761951725109
19.973221843371377 76.94617596953591
19.371301921359922 77.74473242182074
18.769381999348457 78.54328887410557
18.167462077337003 79.34184532639038
17.565542155325545 80.14040177867521
16.96362223331409 80.93895823096004
16.361702311302626 81.73751468324485
15.75978238929117 82.53607113552967
15.157862467279713 83.3346275878145
14.555942545268259 84.13318404009932
13.954022623256794 84.93174049238414
13.35210270124534 85.73029694466895
12.750182779233883 86.52885339695378
12.148262857222427 87.3274098492386
11.546342935210966 88.12596630152342
10.944423013199508 88.92452275380823
10.34250309118805 89.72307920609306
9.740583169176595 90.52163565837789
9.13866324716513 91.3201921106627
8.536743325153676 92.11874856294752
7.93482340314222 92.91730501523234
7.332903481130763 93.71586146751717
6.730983559119301 94.51441791980199
6.4392899690952135 94.90140261641322
7.2608522434793725 95.47152140167533
8.082414517863532 96.04164018693741
8.90397679224769 96.61175897219952
9.72553906663185 97.1818777574616
10.547101341016006 97.7519965427237
11.368663615400164 98.32211532798581
12.190225889784323 98.8922341132479
13.011788164168482 99.46235289851
13.833350438552642 100.03247168377209
14.6549127129368 100.60259046903417
15.476474987320959 101.17270925429628
16.298037261705115 101.74282803955838
17.119599536089275 102.31294682482047
17.94116181047343 102.88306561008257
18.762724084857595 103.45318439534466
19.58428635924175 104.02330318060677
20.40584863362591 104.59342196586887
21.227410908010068 105.16354075113094
22.048973182394228 105.73365953639305
22.870535456778388 106.30377832165514
23.692097731162548 106.87389710691724
24.513660005546704 107.44401589217934
25.335222279930864 108.01413467744146
26.156784554315017 108.58425346270354
26.97834682869918 109.15437224796563
27.799909103083337 109.72449103322772
28.621471377467497 110.29460981848982
29.17812928789771 110.68089962462643
29.43576932390265 111.64714059449231
29.666706364399786 112.62010929045658
29.842021995623256 113.60462157044537
29.961718353791653 114.59743211724734
30.026050771967967 115.59536064172771
30.04738152892485 116.59513311524738
30.038170208628447 117.59509069013663
30.007672987337177 118.59462554170184
29.96220954313839 119.59359154474778
29.906074465056875 120.59201472807676
29.842241389307745 121.58997531769963
29.77280917018331 122.58756198909589
29.69928067710783 123.58485510584043
29.622743003452698 124.58192179594269
29.543988168443523 125.57881581035078
29.463596200902387 126.57557913810459
29.381993478518297 127.57224407463015
29.28933970822316 128.5679424621201
29.18805632390931 129.5628000780943
29.08035966785294 130.55698387914634
28.967907777874743 131.55064104962335
28.851929098643527 132.54389275285058
28.73333381257452 133.53683542900174
28.612796639524344 134.52954424326356
28.476952326129773 135.5202744398955
28.329261715747492 136.50930805085363
28.17276905978371 137.49698717315468
28.0097481277142 138.48360978373444
27.8242640591069 139.46625705528862
27.62154978146092 140.44549498431223
27.4060593871257 141.4220009443295
27.15718174150486 142.39053587788132
26.882898644937956 143.35218486942537
26.56535102020253 144.30042719395266
26.199940785315036 145.23127377649968
25.79909572434196 146.1474196366625
25.32873536041948 147.02989407144844
24.82830105920364 147.8956685860691
24.297199129204984 148.7429765229797
23.738390432979394 149.57227311710187
23.156162104242348 150.38529843848863
22.554937139327066 151.18437824774588
21.938713862411447 151.97194975115838
21.310863092704214 152.75028349125836
20.674110352372658 153.52135154771008
20.031337865126655 154.287408679809
19.38501164704323 155.05046989610685
18.736913153060588 155.81202642197832
18.08817652832591 156.5730394256306
17.439445229598636 157.33405696948333
16.791036016839385 158.095348958676
16.143068454496813 158.85701689035741
15.495553912527873 159.61906998426804
14.849444774294668 160.38231501798367
14.205783113669792 161.14762519473663
13.56522021933165 161.9155309040507
12.92795025958481 162.68617154559792
12.293824693310757 163.45940163179324
11.662498181180892 164.23491877221113
11.03571022143253 165.0141086422136
10.4154554327657 165.79850904834296
9.802494278947803 166.58862209336263
9.138549802294303 167.33640396792322
8.397767149816326 168.00814875710114
7.578525433813971 168.58159710766247
6.702067726119486 169.06307596142756
5.787250950724763 169.46694508311973
4.856843347079592 169.83347160477845
3.9264357434344213 170.19999812643718
3.4234208369019625 170.39815676498606
3.2932078970151792 170.39395186323333
3.3016255423085954 170.44613703245898
4.2320331459537615 170.07961051080022
4.029380485044679 170.41772471874555
3.2932078970151792 170.39395186323333
3.4523390322936582 171.3804849059213
3.4049744926295538 170.39756108635822
3.2932078970151792 170.39395186323333
3.4523390322936627 171.3804849059213
3.500470579702111 172.37932591135913
3.596531008243667 173.37470141541195
3.695976510339616 174.36974442559435
3.4334478946462528 175.3346686329506
3.036677800756402 176.25258665357916
2.6365166705047387 177.16903145270004
2.244239779783809 178.08887863620737
1.8760968173751633 179.01864783295943
1.5432941769056183 179.96164433480686
1.2414888430325568 180.91501390661296
0.978949770572731 181.87993526891765
0.7589110208325069 182.85542640091873
0.5797693958538792 183.83924969714627
0.43725321693409025 184.82904216971116
0.32601851425617095 185.82283633397262
0.2406026350167852 186.81918171965657
0.17593850185709917 187.8170888044509
0.1275952111338124 188.8159195840337
0.091854259083583 189.81528067210274
0.0656911781632365 190.81493836011236
0.046707206477607455 191.81475814828372
0.03303934531446953 192.81466473870665
0.02326626113385879 193.81461698097905
0.016320055603294945 194.81459285580243
0.011408915968318672 195.81458079608345
0.007952412896735065 196.81457482235885
0.005529254462969105 197.81457188650614
0.0038362528087036597 198.81457045337783
0.00265681174621732 199.814569757837
0.0018371682226544749 200.8145694219292
0.001268752019419112 201.8145692603807
8.752548196659007E-4 202.81456918296067
6.032527569185692E-4 203.8145691459681
4.1546713727725503E-4 204.81456912833642
2.859578435007176E-4 205.81456911995008
1.967170440356941E-4 206.8145691159681
1.3526821199990932E-4 207.81456911408011
9.298138279958001E-5 208.81456911318602
6.389545724953371E-5 209.81456911276302
4.38975525898773E-5 210.81456911256305
3.0152664502833938E-5 211.81456911246858
2.0708164187925743E-5 212.81456911242395
1.422003773078055E-5 213.81456911240292
9.763681479905987E-6 214.814569112393
6.703301322514234E-6 215.8145691123883
4.601857746972813E-6 216.8145691123861
3.159022266660004E-6 217.81456911238507
2.1684625199927893E-6 218.8145691123846
1.4884515682161377E-6 219.81456911238436
1.0216547529829454E-6 220.81456911238425
7.012337398945022E-7 221.8145691123842
4.812964904923194E-7 222.81456911238416
3.3033569137990234E-7 223.81456911238413
2.2672142968943588E-7 224.8145691123841
1.5560552244594184E-7 225.81456911238413
1.0679568150323791E-7 226.81456911238413
7.329584344011773E-8 227.81456911238413
5.0304003904999114E-8 228.8145691123841
3.452421264852106E-8 229.81456911238413
2.3694274467566063E-8 230.81456911238413
1.6261543197033324E-8 231.81456911238413
1.1160381953897512E-8 232.81456911238413
7.659413551003118E-9 233.81456911238413
5.256677106606359E-9 234.81456911238413
3.607667766187402E-9 235.81456911238413
2.47594691682587E-9 236.81456911238413
1.699244082924131E-9 237.81456911238416
1.166191618384532E-9 238.81456911238416
8.003571577508744E-10 239.81456911238416
5.492847778453977E-10 240.81456911238416
3.769737790414705E-10 241.81456911238413
2.5871678224231085E-10 242.81456911238413
1.7755706631558861E-10 243.81456911238413
1.2185721304259892E-10 244.81456911238413
8.36304546786299E-11 245.81456911238413
5.7395470861839454E-11 246.81456911238413
3.9390432266847066E-11 247.81456911238413
2.7033597097950377E-11 248.81456911238416
1.8553117712948365E-11 249.81456911238416
1.273297661287592E-11 250.81456911238416
8.738622229250459E-12 251.81456911238416
5.997302775092843E-12 252.81456911238416
4.115939410910697E-12 253.81456911238416
2.824762649213196E-12 254.81456911238416
1.9386300650636797E-12 255.81456911238416
1.3304786787676339E-12 256.81456911238416
9.131053556209737E-13 257.81456911238416
6.266627164310856E-13 258.81456911238416
4.300775971895592E-13 259.81456911238416
2.9516154970850806E-13 260.81456911238416
2.025688866060929E-13 261.81456911238416
1.3902269352449298E-13 262.81456911238416
9.5411045494534E-14 263.81456911238416
6.548044315029895E-14 264.81456911238416
4.493912004021883E-14 265.81456911238416
3.084164384958113E-14 266.81456911238416
2.116656919994149E-14 267.81456911238416
1.4526581443400933E-14 268.81456911238416
9.969568816808243E-15 269.81456911238416
6.84209858410459E-15 270.81456911238416
4.6957209353045425E-15 271.81456911238416
3.2226655055476043E-15 272.81456911238416
2.21171000151995E-15 273.81456911238416
1.517892912249983E-15 274.81456911238416
1.0417273923541514E-15 275.8145691123842
7.149357843501662E-16 276.8145691123842
4.906592448458261E-16 277.8145691123842
3.3673862715148877E-16 278.8145691123842
2.311031621149556E-16 279.8145691123842
1.5860571739904073E-16 280.8145691123842
1.0885084115619202E-16 281.8145691123842
7.470415199468847E-17 282.8145691123842
5.126933577855872E-17 283.8145691123842
3.51860602242575E-17 284.8145691123842
2.414813485041573E-17 285.8145691123842
1.6572824948990458E-17 286.8145691123842
1.1373902311149473E-17 287.8145691123842
7.80589031622115E-18 288.8145691123842
5.357169594155397E-18 289.81456911238416
3.676616618688925E-18 290.81456911238416
2.5232558953271067E-18 291.8145691123842
1.731706341341464E-18 292.8145691123842
1.1884671935896486E-18 293.8145691123842
8.156430663291605E-19 294.8145691123842
5.597744853514804E-19 295.8145691123842
3.841723020585004E-19 296.8145691123842
2.6365681454016006E-19 297.8145691123842
1.8094723508402576E-19 298.8145691123842
1.2418378770757445E-19 299.8145691123842
8.522712779900768E-20 300.8145691123842
5.849123663361373E-20 301.8145691123842
4.014243881355907E-20 302.8145691123842
2.754968926359461E-20 303.8145691123842
1.8907306106770846E-20 304.8145691123842
1.2976052861961074E-20 305.8145691123842
8.905443584904022E-21 306.8145691123842
6.111791180843256E-21 307.8145691123842
4.194512163498131E-21 308.8145691123842
2.87868674978251E-21 309.8145691123842
1.9756379479565817E-21 310.8145691123842
1.3558770511242998E-21 311.8145691123842
9.305361742351905E-22 312.8145691123842
6.386254349848331E-22 313.8145691123842
4.382875781747577E-22 314.8145691123842
3.007960388969606E-22 315.8145691123842
2.0643582323937672E-22 316.8145691123842
1.416765635371824E-22 317.8145691123842
9.723239087447369E-23 318.8145691123842
6.673042879590362E-23 319.8145691123842
4.5796982746560517E-23 320.8145691123842
3.1430393398243657E-23 321.8145691123842
2.1570626926127374E-23 322.8145691123842
1.480388552859057E-23 323.8145691123842
1.0159882116275484E-23 324.8145691123842
6.972710266994442E-24 325.8145691123842
4.785359506245202E-24 326.8145691123842
3.284184302394951E-24 327.8145691123842
2.253930246624341E-24 328.8145691123842
1.5468685947202713E-24 329.8145691123842
1.0616133542355657E-24 330.8145691123842
7.285834864952399E-25 331.8145691123842
5.000256399146331E-25 332.8145691123842
3.4316676840255506E-25 333.8145691123842
2.355147847137558E-25 334.8145691123842
1.6163340662899022E-25 335.8145691123842
1.1092873923072472E-25 336.8145691123842
7.613020998538485E-26 337.8145691123842
5.224803700656758E-26 338.8145691123842
3.585774125099249E-26 339.8145691123842
2.4609108423757735E-26 340.8145691123842
1.6889190347300568E-26 341.8145691123842
1.1591023359138612E-26 342.8145691123842
7.954900131347661E-27 343.8145691123842
5.459434783195684E-27 344.8145691123842
0.04229892674154882 345.8136741122699
0.1946836465003136 346.80199536428466
0.5205187983035773 347.74742196315384
1.0454034537824228 348.5985953288337
1.7480502934103894 349.3101340971105
2.567310767401955 349.88355564863707
3.4519056246983384 350.34991595831707
4.371765195340579 350.7421638012657
5.311197831950072 351.08489740229265
6.262027437636462 351.39461188524473
7.219797791084099 351.6821461441719
8.181944138297427 351.9546794568954
9.14691827367334 352.2170244931654
10.113750931316552 352.4724351666201
11.08181925418588 352.7231216685642
12.050715672551135 352.9705882935442
13.020170143209503 353.2158596316995
13.990002189904013 353.4596337099038
14.960090458110797 353.7023861597113
15.930352986935851 353.94444116411734
16.900734239698178 354.1860197730367
17.871196490602735 354.42727279285043
18.841714062663026 354.6683031691979
19.812269452454455 354.9091812199763
20.782850713383365 355.14995500578704
21.753449683286576 355.3906573938575
22.724060780989895 355.6313108729829
23.694680187581508 355.87193083796456
24.665305288528174 356.1125278317369
25.63593429303634 356.353109077073
26.606565974068495 356.59367952367165
27.57719949061381 356.8342425643883
28.54783426610154 357.07480052541615
29.518469905173305 357.3153550019152
30.48910613668486 357.5559070879112
31.459742774655666 357.79645753382374
32.43037969150598 358.0370068544366
33.401016799710526 358.2775554029176
34.37165403921877 358.5181034215746
35.342291368828135 358.75865107666357
36.312928760266885 358.99919848226375
37.28356619413521 359.2397457166554
38.2542036571208 359.48029283355544
39.224841140088344 359.7208398698257
40.19547863676883 359.96138685076255
41.16611614286015 360.2019337937256
42.13675365540988 360.44248071062805
43.107391172391914 360.6830276096456
44.07802869241576 360.92357449638905
45.04866621452716 361.16412137470894
46.01930373807123 361.40466824724786
46.98994126259855 361.64521511581916
47.96057878780062 361.88576198166777
48.931216313465804 362.1263088456477
49.90185383944881 362.3668557083452
50.87249136564995 362.60740257016244
51.84312889200076 362.8479494313758
52.813766418454314 363.08849629217457
53.78440394497838 363.32904315268877
54.755041471550825 363.56959001300777
55.72567899815648 363.81013687319273
56.696316524784926 364.0506837332858
57.666954051429016 364.29123059331573
58.637591578083864 364.53177745330225
59.608229104746066 364.77232431325905
60.578866631413305 365.0128711731955
61.54950415808404 365.2534180331179
62.520141684757135 365.49396489303075
63.49077921143187 365.73451175293695
64.46141673810772 365.9750586128387
65.43205426478434 366.21560547273737
66.40269179146152 366.45615233263374
67.37332931813901 366.69669919252885
68.34396684481679 366.9372460524228
69.31460437149472 367.17779291231614
70.2852418981728 367.41833977220887
71.25587942485092 367.6588866321014
72.22651695152912 367.8994334919937
73.19715447820735 368.13998035188587
74.16779200488561 368.3805272117779
75.13842953156386 368.62107407166997
76.10906705824215 368.86162093156184
77.07970458492042 369.1021677914538
78.05034211159872 369.34271465134566
79.02097963827705 369.5832615112374
79.99161716495537 369.82380837112925
80.96225469163367 370.06435523102107
81.932892218312 370.30490209091283
82.90352974499031 370.54544895080465
83.87416727166863 370.7859958106965
84.84480479834691 371.0265426705883
85.81544232502523 371.2670895304801
86.78607985170352 371.507636390372
87.75671737838185 371.74818325026376
88.72735490506017 371.98873011015553
89.69799243173847 372.22927697004735
90.6686299584168 372.4698238299391
91.6392674850951 372.71037068983094
92.60990501177342 372.9509175497227
93.58054253845172 373.1914644096145
94.55118006513001 373.4320112695064
95.52181759180834 373.67255812939817
96.49245511848666 373.91310498929
97.46309264516498 374.1536518491818
98.43373017184327 374.3941987090737
99.4043676985216 374.6347455689654
100.37500522519989 374.8752924288573
101.34564275187819 375.11583928874916
102.31628027855652 375.35638614864087
103.28691780523481 375.59693300853274
104.25755533191311 375.83747986842457
105.22839314259974 376.0772171107153
106.19962945270105 376.3153347915809
107.1713632010396 376.551414274679
108.14359871441602 376.78541877576754
109.11628294056322 377.0175510574615
110.08933935822273 377.248118201807
111.06268944980107 377.4774424247414
112.03626337391638 377.7058145208538
113.01000372182745 377.93347596873207
113.98386557848079 378.1606170794006
114.95781495107029 378.38738264034964
115.93182670754082 378.6138800978567
116.90588258029429 378.84018775737024
117.87996945847306 379.06636192424156
118.85407802226675 379.29244267517754
119.82820169547287 379.5184583146793
120.80233586436186 379.7444287131897
121.77647730653695 379.97036775505063
122.75062377930512 380.1962851062952
123.72477372618202 380.42218747680005
124.69892606932952 380.6480795137121
125.6730800636858 380.87396442971954
126.64723519495162 381.0998444426212
127.6213911085203 381.3257210816505
128.59554756011448 381.55159540028245
129.5697043815819 381.7774681237098
130.54386145724013 382.00333975084567
131.51801870754144 382.22921062476564
132.49217607780656 382.45508098129375
133.4663335304616 382.6809509824816
134.4404910396934 382.9068207396589
135.41464858777178 383.1326903292939
136.3888061625205 383.3585598039019
137.3629637555786 383.58442919954297
138.33712136120545 383.8102985409759
139.3112789754599 384.03616784519863
140.2854365956364 384.2620371238801
141.25959421987773 384.48790638503016
142.23375184690903 384.71377563414734
143.20790947585522 384.93964487500574
144.1820671061157 385.16551411019566
145.1562247372782 385.3913833414952
146.1303823690598 385.6172525701246
147.1045400012663 385.8431217969215
148.07869763376442 386.06899102246064
149.0528552664627 386.2948602471365
150.0270128992983 386.5207294712201
151.0011705322282 386.746598694897
151.9753281652228 386.9724679182949
152.95202380383142 387.18709696927107
153.93447037915863 387.3736411373059
154.9234593358889 387.52163047295403
155.91796254852548 387.6263365379911
156.90707491543336 387.7734987805327
157.90561132459598 387.82758241554916
158.90442793133153 387.87621765081417
159.20006140152077 387.89061288941747
159.86457691135612 387.7775015356791
159.9231628386694 387.92582276506346
159.86457691135612 387.7775015356791
159.20001471884626 387.8906208355684
159.86457691135612 387.7775015356791
160.12702326694472 388.44193355704414
161.0597971589547 388.8023955749941
162.01441354634494 389.1002337070826
162.97427815472713 389.3806974900838
163.9383862989654 389.6462073509428
164.90556486089338 389.9003050277267
165.87488507718203 390.1461064074911
166.8456853146397 390.38599575479964
167.8175089058689 390.62170512570026
168.790042318629 390.8544684412489
169.76306949942116 391.0851589383215
170.73644075076902 391.3143933315733
171.71005188772054 391.5426067273326
172.68383020538192 391.7701057120613
173.6577249149264 391.99710592069846
174.6316775195074 392.22385759992017
175.60563409303788 392.45059223088066
176.5795562452938 392.6774746703625
177.55342306148395 392.90459451609075
178.5272276780814 393.1319809024324
179.50097239075984 393.3596236807734
180.4746643554503 393.5874919714529
181.4483125410296 393.815547251414
182.42192588316695 394.0437512391358
183.39551234119017 394.27206989530265
184.36907854105374 394.50047491819663
185.3426297536534 394.7289438142103
186.31617003792695 394.95745927297963
187.28970244492635 395.1860082885583
188.2632292261737 395.41458126638844
189.23675201951139 395.6431712286615
190.21027200297223 395.8717731573551
191.18379001627835 396.100383475951
192.15730665369946 396.3289996535594
193.1308223333656 396.5576199095391
194.10433734809783 396.78624299693587
195.0778519021847 397.01486804582817
196.05136613771072 397.243494451189
197.0248801532497 397.4721217932747
197.99839401705023 397.70074978147437
198.97190777628666 397.92937821491466
199.94542146352268 398.1580069549368
200.91893510121204 398.3866359059311
201.89244870482352 398.61526500203087
202.86596228500616 398.84389419789176
203.83947584908663 399.0725234623163
204.81298940210343 399.30115277385056
205.78650294752015 399.52978211774627
206.760016487717 399.7584114838684
207.73353002432927 399.98704086525373
208.70704355848025 400.21567025711937
209.6805570909414 400.4442996561805
210.6540706222424 400.6729290601815
211.627584152747 400.90155846757364
212.6010976827049 401.13018787729357
213.57461121228758 401.3588172886113
214.54812474161267 401.58744670102584
215.52163827076097 401.8160761141931
216.49515179978795 402.044705527877
217.46866532873162 402.27333494191555
218.44217885761813 402.5019643561975
219.41569238646542 402.7305937706464
220.38916678994056 402.95938971855344
221.3625523220727 403.1885634645101
222.3358127604863 403.4182678811393
223.30893265796425 403.6485669587156
224.28191430774137 403.8794494162497
225.25477134830106 404.1108563708415
226.227522761978 404.34270694166133
227.20018858212288 404.5749163349294
228.1727873625275 404.8074063612864
229.14533499553346 405.0401102536785
230.11784440047563 405.27297385602765
231.0903256953485 405.50595482332403
232.06278658772828 405.7390209358156
233.03523282621413 405.9721481827318
234.00766862845614 406.20531895816885
234.98009704907463 406.4385205164257
235.95252027770334 406.6717437237256
236.9249398710329 406.90498208787005
237.89735692844135 407.13823102454734
238.86977222218007 407.3714873138581
239.84218629235525 407.604748703988
240.81459951537926 407.8380136256716
241.78701215282942 408.07128098842776
242.75942438605702 408.3045500362445
243.73183634055357 408.5378202459846
244.70424810302237 408.77109125621166
245.67665973329213 409.00436281752195
246.64907127260463 409.2376347579945
247.62148274936555 409.47090695921787
248.593836392398 409.70442011276936
249.56605867210567 409.93847958991154
250.53809591628078 410.1733063259031
251.50992507393613 410.40899274539066
252.48154932887118 410.6455224628088
253.4529887155331 410.88281030076496
254.42427126299486 411.12073930907667
255.3954266287195 411.3591869042087
256.3664823261547 411.59804006512275
257.3374619500415 411.837202290394
258.30838469755446 412.07659531109823
259.27926561250325 412.31615793127975
260.25011615983607 412.55584358947294
261.22094489322 412.7956175881387
262.19175808972795 413.0354544858131
263.1625602962204 413.27533586455974
264.1333547723646 413.51524852593457
265.1041438357529 413.7551830886922
266.0749291232192 413.99513292853163
267.045711784589 414.23509339274136
268.0163985182164 414.47544160921024
268.9868699291519 414.7166577789768
269.9570384549246 414.95908927775525
270.92686609985736 415.2028808672824
271.89635761049925 415.44800575543815
272.86554540012764 415.69432877189274
273.83447516696435 415.94166479219257
274.8031954617896 416.1898199662142
275.77175144937985 416.43861566332936
276.74018193776374 416.687899415645
277.70851854673447 416.9375475915386
278.6767860803738 417.18746354401065
279.6448733303124 417.4380769445029
280.612628117484 417.68997111257045
281.5799383166904 417.9435672058197
282.5467575346493 418.1990287484937
283.5130967127094 418.4563001867572
284.4790039892397 418.7151884505814
285.4445451984016 418.9754386636652
286.40978962353523 419.23678747224943
287.3748014540258 419.4989938165914
288.3394215582507 419.7626376189558
289.3034193424245 420.0285478897392
290.2666248866341 420.2973137350468
291.2289723626473 420.5691359847081
292.1904879773943 420.8438862760597
293.1512580413685 421.1212324211042
294.1110834897543 421.4018301912859
295.06967508261175 421.68661459764104
296.02683333129886 421.97617993909313
296.98250781839477 422.2706052686999
297.93636868099355 422.5708542567121
298.8880351087368 422.87798779494324
299.8369282436618 423.19358535274785
300.7825604375247 423.51882334857555
301.7247226038182 423.8539807032692
302.6628089575012 424.2003821943654
303.5957941444912 424.56029696324435
304.52280695841125 424.9353266191757
305.4428529005158 425.3271371147179
306.35482879947494 425.7373808955576
307.2577013918697 426.16728912053395
308.1506890028007 426.6173703651152
309.033596495993 427.0869173366366
309.90646020707413 427.5748814151072
310.7695428547728 428.07994412729397
311.6233815448919 428.60048182165974
312.46877111333544 429.1346320604192
313.3066892016781 429.6804280637283
314.1381993780327 430.2359375835557
314.9643618539174 430.7993695345844
315.78616689191955 431.3691383293725
316.6044942701114 431.94389071266613
317.42009541076885 432.52250524701367
318.23359214602294 433.1040747284439
319.0454860031699 433.68787980269985
319.85617299938457 434.27335960095803
320.6659603694336 434.8600830582265
321.4750829605351 435.4477229416324
322.2837180450564 436.03603348894666
323.09199800671047 436.6248318445731
323.90002079890934 437.2139830707343
324.7078583229166 437.80338830892435
325.51556299135353 438.39297559557934
326.3231727790582 438.98269284206583
327.1307150536235 439.5725025357722
327.9382094454997 440.1623777828273
328.7456699766961 440.75229937978753
329.5531066259959 441.34225366392104
330.3605264713323 441.93223094598955
331.16793451821655 442.5222243746195
331.97533429714815 443.1122291178049
332.7827282923239 443.70224177576586
333.5901182479611 444.29225996153315
334.39750538634 444.88228200246067
335.2048905624823 445.4723067285067
336.0122743735486 446.06233332250736
336.8196572360024 446.65236121457343
337.6270394399064 447.2423900077853
338.43442118704485 447.83241942602444
339.2418026176372 448.4224492774173
340.0491838290248 449.012479428764
340.8565648887216 449.6025097876802
341.6639458435146 450.19254029014377
342.4713267258027 450.7825708918211
343.2787075580056 451.3726015620336
344.0860883556275 451.96263227956564
344.89346912938436 452.55266302975406
345.7008498866781 453.1426938024701
346.50823063261936 453.7327245907204
347.3156113707351 454.32275538967895
348.1229921034584 454.91278619601644
348.9303728324668 455.5028170074373
349.7377535589167 456.0928478223589
350.54513428360514 456.682878639691
351.3525150070811 457.27290945868225
352.1598957297225 457.8629402788154
352.9672764517898 458.4529710997342
353.77465717346206 459.04300192119354
354.58203789486265 459.6330327430246
355.3894186160764 460.2230635651114
356.19679933716174 460.8130943873739
357.0041800581587 461.40312520975726
357.811560779095 461.9931560322237
358.6189414999895 462.5831868547472
359.42632222085535 463.17321767731005
360.2337029417015 463.7632484998998
361.0410836625341 464.3532793225081
361.84846438335745 464.94331014512915
362.6558451041744 465.53334096775893
363.46322582498686 466.12337179039474
364.2706065457964 466.7134026130346
365.07798726660377 467.3034334356774
365.8853679874097 467.8934642583221
366.69274870821476 468.4834950809681
367.5001294290191 469.07352590361506
368.307510149823 469.66355672626264
369.11489087062654 470.2535875489107
369.9222715914299 470.843618371559
370.7296523122331 471.4336491942075
371.53703303303615 472.02368001685613
372.34441375383915 472.6137108395049
373.1517944746421 473.20374166215373
373.9591751954451 473.79377248480256
374.766555916248 474.38380330745144
375.5739366370509 474.9738341301004
376.3813173578538 475.5638649527493
377.18869807865667 476.1538957753983
377.99607879945955 476.74392659804727
378.8034595202625 477.33395742069615
379.6108402410653 477.92398824334515
380.41822096186826 478.51401906599403
381.22560168267114 479.10404988864303
382.03298240347397 479.69408071129203
382.84036312427685 480.2841115339409
383.64774384507973 480.87414235658986
384.45512456588256 481.4641731792389
385.2625052866855 482.05420400188785
386.0698860074884 482.64423482453685
386.8772667282912 483.2342656471858
387.6846474490941 483.82429646983474
388.4920281698969 484.41432729248373
389.29940889069985 485.0043581151327
390.1067896115027 485.5943889377817
390.91417033230556 486.1844197604306
391.3279307037145 486.48679429828087
391.5504649502861 485.51186942471224
391.77299919685294 484.53694455116454
391.99553344342473 483.56201967759597
392.2180676899964 482.58709480402734
392.4406019365681 481.6121699304587
392.6631361831397 480.6372450568901
392.8856704297114 479.66232018332147
393.1082046762831 478.68739530975284
393.3307389228547 477.7124704361842
393.55327316942646 476.7375455626156
393.7758074159981 475.76262068904697
393.99834166256977 474.7876958154784
394.22087590914145 473.8127709419098
394.4434101557131 472.83784606834115
394.66594440228477 471.8629211947726
394.8884786488564 470.88799632120396
395.1110128954281 469.91307144763533
395.33354714199976 468.9381465740667
395.55608138857144 467.96322170049814
395.77861563514307 466.9882968269295
396.0011498817148 466.0133719533609
396.22368412828644 465.03844707979226
396.4462183748581 464.06352220622364
396.6687526214298 463.08859733265507
396.89128686800143 462.11367245908644
397.1138211145731 461.1387475855178
397.3363553611448 460.1638227119492
397.5588896077165 459.18889783838057
397.7814238542881 458.21397296481194
398.0039581008598 457.2390480912433
398.2264923474314 456.26412321767475
398.4490265940031 455.2891983441061
398.6715608404436 454.31427347050754
398.8940950869516 453.3393485969244
399.11662933352466 452.36442372335614
399.33916358012937 451.3894988497951
399.56169782674135 450.41457397623566
399.784232073349 449.4396491026753
400.00676631994855 448.464724229113
400.22930056654013 447.48979935554894
400.4518348131253 446.51487448198344
400.6743690597057 445.5399496084168
400.8969033062829 444.56502473484943
401.11943755285796 443.5900998612816
401.3419717994317 442.61517498771343
401.5645060460046 441.64025011414515
401.787040292577 440.6653252405767
402.00957453914907 439.6904003670082
402.23210878572104 438.7154754934396
402.4546430322929 437.74055061987104
402.677177278812 436.7656257462904
402.8997115252965 435.7907008727019
403.1222457717852 434.81577599911435
403.34478001830297 433.84085112553345
403.5673142648558 432.8659262519605
403.7898485114377 431.8910013783942
404.0123827580384 430.91607650483223
404.2349170046482 429.9411516312723
404.46829037993325 428.9687644307662
404.73045703544693 428.0037418171779
405.03844817002073 427.0523525902976
405.402883795711 426.12112400679746
405.82648627745436 425.215275820035
406.30551501924595 424.33747660350684
406.8324085915028 423.48754533363
407.3982617136536 422.66303927291716
407.99449765254184 421.86023001463843
408.6137081368462 421.0750049665614
409.2499068380719 420.3034797158024
409.8984617411804 419.5423118383575
410.55589284246696 418.7887971755531
411.21963957323817 418.04083977209314
411.88814999112867 417.2971369946532
412.5605581799317 416.5569564574661
413.2363246408925 415.8198406658563
413.91501428415484 415.0854154701226
414.59620745933626 414.35331174927
415.279487670457 413.62315549675225
415.96445826847713 412.8945847864928
416.65076179681455 412.16726954054263
417.3380920181693 411.4409244663441
418.02619741694696 410.7153137165801
418.7148783668289 409.99024920271273
419.4039807277737 409.2655851866748
420.09338809075734 408.54121132749435
420.7832101350366 407.8172323587208
421.4736851927464 407.0938761569221
422.1650324332476 406.3713534977262
422.8573712974934 405.649780980889
423.55071077179986 404.92916986983914
424.2449760855584 404.2094507064763
424.9400448714417 403.4905074660944
425.63577798038193 402.77220708246347
426.3320402692938 402.05441963130596
427.02871198765695 401.33702955831006
427.7256932706571 400.61994023950274
428.4229043481104 399.9030743430644
429.1205071306731 399.18658962043537
429.81879889983065 398.47077637305387
430.5180470721398 397.7558973668421
431.2183997238973 397.04210036266215
431.91987513193556 396.32940670342447
432.6223934931579 395.6177410852123
433.3258190293602 394.90697212484713
434.0299956939963 394.19694731895504
434.73477123990165 393.48751696304
435.4400104379149 392.7785475182925
436.1458410784342 392.0701668953898
436.8525428231297 391.3626553095875
437.56037036895225 390.6562700284733
438.2694569565176 389.95114861244986
438.9798023202924 389.2472953151189
439.69130578280806 388.5446127247353
440.4038104927657 387.84294539737266
441.1171408754417 387.14211748329444
441.83112771862375 386.4419583672623
442.54590021905835 385.7426013249567
443.26176192290865 385.0443592315818
443.97898873599837 384.3475194375221
444.69771863599453 383.6522300511142
445.41793824859974 382.95848390905724
446.1395210890711 382.2661558045163
446.8622783562032 381.57505383461046
447.58627962192486 380.88525519208247
448.3117516928567 380.197003585257
449.0388923712426 379.5105151047735
449.7677692376112 378.8258702963709
450.4983101422599 378.14300135826124
451.23034203044307 377.46173098999105
451.96364054675854 376.78182416845624
452.69831639046635 376.1034058574768
453.4346803204543 375.42682019208564
454.1730059809638 374.7523758140728
454.91340148316664 374.0802043327395
455.65579699846694 373.41024246900247
456.39999337267204 372.7422815744734
457.1461070538662 372.0764629995336
457.89444131189003 371.4131411784935
458.645241951465 370.7526122997805
459.3985685649973 370.09496572802334
460.154288927336 369.44007128313416
460.91254196961825 368.7881109132728
461.6736147838618 368.13944445705715
462.43770434670023 367.4943342804505
463.20479977026775 366.85280126404234
463.97468926469935 366.21462404228976
464.747534068978 365.58002896785297
465.52370225339985 364.94950303698954
466.30345998091786 364.32342166338384
467.0868175413955 363.7018503219897
467.87405558778005 363.08520110377515
468.66555448582454 362.4740305102464
469.46150959863803 361.8686748640465
470.2623083300102 361.2697413186238
471.0683204033038 360.677842224432
471.8796411564716 360.0932409624771
472.6965896625477 359.5165303431713
473.51949319144205 358.94834922580367
474.3483969223918 358.3889579451982
475.1836587110407 357.83910547005314
476.02567355869957 357.299651119508
476.87451264590385 356.7709998128472
477.7306735570842 356.2542905191753
478.59470935364556 355.7508601443859
479.4674673157916 355.2627069517192
480.34954645361177 354.79160569442683
481.2417638272685 354.33999949634597
482.14461880476614 353.9100542793616
483.0578697407502 353.5026567733258
483.9805593479225 353.11711314568254
484.9113000239379 352.7514332391925
485.8485819361231 352.4028609839993
486.7909875669393 352.06838882221933
487.737299081248 351.7451327041231
488.68652831693055 351.43054748812364
489.6379036984366 351.12251358826154
490.5908387414942 350.81933904494906
491.54489630173754 350.51971566177843
492.49975536368004 350.22265645585094
493.4551829426565 349.92743087882366
494.42261724618027 349.6743086388576
495.4037307657609 349.48087580375443
496.39561561853594 349.35373635733697
497.390726326958 349.2549705839955
498.37164957717215 349.4493659985228
499.3189538408203 349.7697011855909
