5.405619802043725
219488
1007
0.0 100.0
0.0 101.0
0.0 102.0
0.0 103.0
0.0 104.0
0.0 105.0
0.0 106.0
0.3377735337278136 106.94122741136934
0.6755470674556496 107.88245482273867
1.013320601183483 108.823682234108
1.3510941349113244 109.76490964547735
1.6888676686391602 110.70613705684667
2.026641202366996 111.64736446821601
2.3644147360948327 112.58859187958534
2.702188269822665 113.52981929095466
3.039961803550497 114.47104670232399
3.3777353372783376 115.41227411369333
3.715508871006182 116.35350152506265
4.053282404734024 117.294728936432
4.391055938461862 118.23595634780132
4.728829472189698 119.17718375917065
5.066603005917533 120.11841117053997
5.404376539645367 121.0596385819093
5.7421500733732005 122.00086599327862
6.079923607101037 122.94209340464795
6.417697140828869 123.88332081601729
6.755470674556701 124.82454822738661
7.093244208284531 125.76577563875594
7.4310177420123615 126.70700305012527
7.768791275740194 127.64823046149459
8.106564809468026 128.58945787286393
8.444338343195867 129.53068528423327
8.78211187692371 130.47191269560258
9.119885410651548 131.41314010697192
9.457658944379384 132.35436751834126
9.795432478107218 133.2955949297106
10.13320601183506 134.23682234107991
10.470979545562896 135.17804975244923
10.808753079290732 136.11927716381857
11.146526613018565 137.0605045751879
11.484300146746396 138.00173198655722
11.822073680474224 138.94295939792656
12.16120944143189 139.8836968403831
12.503329590985363 140.82335305585207
12.849956950026172 141.761355973739
13.202287913608302 142.69723144200458
13.561056290877232 143.63065806015504
13.926505843549663 144.5614892072765
14.298543302142505 145.4897069238731
14.677075298235975 146.41529513033072
15.062398785274878 147.33807669188047
15.455627379835914 148.25751743081884
15.859209615952228 149.17246080540076
16.277468640665465 150.08078860319512
16.71691029910437 150.97905973644413
17.18600208826242 151.86220915378215
17.69427370737623 152.7234059728679
18.25085041016444 153.5542022017432
18.86277973779466 154.34511464821628
19.533647809107002 155.08669136770902
20.26293352110895 155.77090065606296
21.04630237755387 156.39245776104383
21.876686502474584 156.94964911514012
22.745720769821595 157.44440101475914
23.645059822516075 157.8816529653535
24.567274399841676 158.26833147958484
25.506267582452928 158.61226723377388
26.45731976807346 158.92129755627704
27.416923149952673 159.2026538241759
28.38253931044903 159.46262580456664
29.352360711980722 159.70644222963085
30.325111483801763 159.93829549340253
31.299894987287566 160.16144817954353
32.27608269751219 160.3783757121585
33.253235138784774 160.59091537084606
34.23104611003584 160.80040452211895
35.209303330680754 161.0077998216223
36.18786057282456 161.21377487799543
37.16661786719945 161.4187972150906
38.14550743878952 161.62318705493647
39.12448374316967 161.82716106176625
40.10351644982826 162.03086417733584
41.082585541215046 162.234392343178
42.06167792248024 162.4378084412343
43.04078510061086 162.64115330527835
44.01990161258961 162.8444532215857
44.999023972129386 163.04772497331044
45.978149971185246 163.25097919337205
46.957278221339976 163.45422256903026
47.93640785553598 163.65745927693314
48.91553833583331 163.8606919085471
49.89466933055738 164.06392206174945
50.873800636421024 164.26715071592434
51.85293212953142 164.4703784679648
52.83206373478984 164.67360567968618
53.81119540690929 164.8768325692765
54.79032711871491 165.08005926766185
55.769458853977184 165.28328585303467
56.74859060304726 165.48651237188238
57.727722360213605 165.6897388517229
58.706854797127185 165.89296205655856
59.68599120868071 166.09616611057834
60.66514022617862 166.299309413527
61.64431785321328 166.5023147698967
62.62354748399326 166.70506912916548
63.60285753233926 166.90743471222882
64.58227738320693 167.10926819737523
65.56183296803609 167.31044189404057
66.54154320345862 167.51086109124563
67.52141803053175 167.71047402486568
68.50145818160685 167.90927367848883
69.48165633802097 168.10729280423772
70.46199912308624 168.30459466375873
71.44246937355344 168.5012621189942
72.42304826229483 168.69738718866836
73.40371701794331 168.89306240859895
74.38445814401908 169.0883745782751
75.365256152953 169.28340089873285
76.34609789521221 169.4782071528468
77.32697258899353 169.6728474238583
78.30787165444667 169.86736483540065
79.28878844015813 170.06179286709752
80.26971790780632 170.25615690569379
81.25065631936215 170.45047580012846
82.23160095304897 170.64476328207473
83.21254986060103 170.83902918431295
84.19350166905915 171.0332804378038
85.17445542505656 171.22752185613305
86.15541047499886 171.42175673969604
87.13636637602922 171.615987324913
88.11732283146128 171.81021511011926
89.09827964472915 172.0044410880505
90.0792366869946 172.19866590940404
91.0601938746685 172.39288999635238
92.04115115399378 172.5871136204014
93.02210849074106 172.7813369544313
94.00306586329069 172.9755601076354
94.98402325806995 173.16978314856485
95.9649806665977 173.36400612005517
96.94593808359409 173.5582290487731
97.9268955057862 173.7524519512491
98.90785293115357 173.94667483768797
99.8888103584538 174.14089771436454
100.86976778692589 174.33512058512235
101.85072521610553 174.52934345230653
102.83168264571056 174.72356631734232
103.81264007557019 174.9177891810922
104.7935975055815 175.11201204407593
105.7745549356828 175.3062349066052
106.75551236583723 175.5004577688661
107.7364697960229 175.69468063096926
108.71742722622685 175.88890349298006
109.69838465644145 176.08312635493706
110.67934208666222 176.27734921686286
111.66033551083545 176.47139019637203
112.64156808091343 176.6642182115
113.62337939636157 176.85407747742607
114.60629010978245 177.03816041917372
115.5900666737645 177.21755850210573
116.57427012589623 177.3945996408616
117.56023801462874 177.56153472521584
118.54453216175224 177.73807093095962
119.52130843250472 177.9523327261889
120.49863541530763 178.1640683365273
121.47664258334817 178.37263961753536
122.45529886396285 178.57814359417182
123.43451583011999 178.7809591093328
124.4141903838692 178.98155265044585
125.39422355176488 179.1803867265605
126.37452871400441 179.37787543227944
127.35503445819634 179.5743658534368
128.33568449846354 179.7701348461909
129.3164215386658 179.96546753156468
130.29714304085263 180.1608782148662
131.2776391340004 180.35741678950734
132.2575399447359 180.55690213012141
133.23629501190698 180.76193509938963
134.21319132413257 180.97564891541475
135.18740582846294 181.20127271635852
136.15808550897452 181.4416494162317
137.12444503609134 181.69884440908845
138.08586506714096 181.97392898498572
139.04196928823654 182.26695580697174
139.99266181543464 182.57709080778542
140.9381183633932 182.90283904787634
141.87873832245572 183.24230052229308
142.81507396851111 183.59340671410118
143.74775484843204 183.95410932877138
144.67742144448306 184.32251131056154
145.6046758391622 184.6969432637229
146.53005115973082 185.07599539217296
147.4539975586568 185.4585173548257
148.37688058593554 185.84359775936582
149.2989875283547 186.23053287891736
150.22053794085969 186.6187916034966
151.14169560085702 187.00798123006467
152.06258011134338 187.39781673171407
152.98327718663845 187.78809470386096
153.90384722771805 188.17867222429282
154.82433215470638 188.56945029326204
155.74476066105655 188.96036123541887
156.6651521389906 189.35135935222553
157.58551954202224 189.74241413539124
158.50587142940498 190.1335054334165
159.42621339998885 190.52462006773965
160.34654908175236 190.91574950011835
161.2668808048795 191.3068882471198
162.18721005361604 191.69803281619883
163.10753776599844 192.08918100016618
164.02786453049222 192.48033141440146
164.9481907136888 192.87148319635162
165.86871956365385 193.2621577877727
166.79050582402607 193.64985624042498
167.71639797620094 194.0276441737169
168.65154385876934 194.38190703984236
169.6024392728986 194.6914194166352
170.5739445604162 194.92843729850355
171.5649586084307 195.06219512682753
172.56495514187924 195.06482820314412
173.55419295757184 194.9185116148716
174.50883264923027 194.62074818677755
175.40867863200302 194.18454042975372
176.2429628692684 193.6332058566944
177.01132980814765 192.99319628861176
177.72097004677383 192.28863207455987
178.3826513068386 191.53884683192095
179.0075966828509 190.7581783510657
179.6057321448754 189.95678333668843
180.18502683461165 189.14166514744016
180.75147867322147 188.3175703018456
181.30939559546735 187.4876734962898
181.86176224670015 186.65407222313468
182.41058726063332 185.8181349622824
182.95719002094827 184.9807429260078
183.50241931734703 184.14245597373636
184.0468113289616 183.3036250386307
184.59069930678413 182.46446720628916
185.134287368559 181.62511506380315
185.67769888396066 180.78564861126983
186.22100751314372 179.94611556638404
186.76425674334774 179.10654408408922
187.30747198140813 178.26695060797178
187.85066792709677 177.42734465004423
188.39385300830753 176.5877316632759
188.9370320160213 175.7481147473082
189.48020765202511 174.90849565006715
190.0233814284964 174.06887534983977
190.56655418579487 173.22925439028194
191.10972638780373 172.38963307149302
191.65289828896522 171.55001155807844
192.19607002800325 170.7103899397822
192.7392416801195 169.87076826525413
193.28241328585943 169.0311465607241
193.8255848669704 168.19152484026097
194.3687564350597 167.35190311137384
194.91192799629346 166.51228137805168
195.45509955393265 165.6726596424041
195.99827110969437 164.83303790554197
196.5414426644792 163.99341616804787
197.0846142187575 163.15379443022607
197.62778577277408 162.31417269223496
198.17095732665587 161.47455095415665
198.71412888046848 160.63492921603358
199.25730043424574 159.79530747788763
199.80047198800486 158.95568573972997
200.3436435417548 158.11606400156637
200.88681509550008 157.27644226339976
201.429986649243 156.4368205252316
201.97315820298473 155.59719878706267
202.51632975672587 154.75757704889338
203.05950131046671 153.91795531072387
203.60267286420736 153.07833357255424
204.14584441794796 152.2387118343846
204.68901597168852 151.3990900962149
205.23218752542908 150.55946835804522
205.77535907916962 149.71984661987554
206.31853063291015 148.88022488170583
206.8617021866507 148.04060314353615
207.40487374039117 147.2009814053664
207.9480452941317 146.36135966719672
208.49121684787224 145.52173792902704
209.03438840161277 144.68211619085736
209.5775599553533 143.84249445268767
210.12073150909382 143.00287271451796
210.66390306283432 142.16325097634825
211.20707461657486 141.32362923817857
211.7498503139779 140.48375154332732
212.29207127748046 139.64351560816482
212.8318445372438 138.8017051615413
213.37349555008683 137.96110169956526
213.89114218097689 137.10550718957342
214.38351090478244 136.23512047102923
214.85168484632686 135.35148414286093
215.33160866799557 134.47417397798483
215.82979176972214 133.60710212562537
216.34155209129128 132.74797386205384
216.86159296227976 131.89383248470375
217.3861708185213 131.04247000447515
217.913002859983 130.19250059320834
218.44078694539303 129.34312202084624
218.9688022533448 128.493887168424
219.49665187156558 127.64454932013031
220.0241136601379 126.79497056474852
220.55105864830628 125.94507117102934
221.0774078184813 125.09480265399718
221.60310959391646 124.2441337152764
222.12812814543753 123.39304293248134
222.65243724964554 122.54151491576985
223.17601696859128 121.68953822717519
223.69885175299362 120.837104189716
224.22092925031194 119.98420613789864
224.74223944017558 119.13083887467351
225.26277389135169 118.27699820737146
225.78252502315985 117.42268049072024
226.3014853032392 116.56788213572653
226.81964634401402 115.71259906222211
227.3369989179604 114.85682671268569
227.85353195236527 114.00055945045474
228.36924452467252 113.14379779003556
228.8841263007123 112.28653659489015
229.39893785840297 111.42923322964066
229.91380535059886 110.57196345560222
230.4386666202334 109.72077566924855
231.02987246527908 108.91425496351076
231.67809541768685 108.15280437156682
232.38770982943944 107.44821414552547
233.08925345828004 106.73558763968026
233.51727372414513 106.8370512415723
233.89415116772898 106.25448300492641
234.47961932393736 107.06517840892218
235.06508748014753 107.87587381292042
235.6505556363577 108.68656921691864
236.23602379256783 109.4972646209169
236.821491948778 110.30796002491515
237.40696010498817 111.1186554289134
237.99242826119828 111.92935083291165
238.5778964174085 112.74004623690985
239.16336457361868 113.55074164090807
239.74883272982885 114.36143704490631
240.33430088603902 115.17213244890455
240.91976904224916 115.9828278529028
241.50523719845933 116.79352325690104
242.09070535466952 117.60421866089925
242.67617351087966 118.41491406489752
243.26164166708986 119.22560946889573
243.84710982330003 120.03630487289396
244.4325779795102 120.8470002768922
245.01804613572037 121.65769568089044
245.60351429193057 122.46839108488867
246.1889824481407 123.27908648888692
246.77445060435087 124.08978189288514
247.35991876056107 124.90047729688337
247.94538691677124 125.71117270088162
248.53085507298138 126.52186810487987
249.11632322919158 127.33256350887808
249.7017913854018 128.1432589128763
250.28725954161195 128.95395431687453
250.8727276978221 129.76464972087277
251.45819585403225 130.575345124871
252.04366401024242 131.38604052886922
252.6291321664526 132.19673593286745
253.21460032266273 133.00743133686572
253.80006847887293 133.81812674086393
254.38553663508307 134.6288221448622
254.97100479129327 135.43951754886044
255.55647294750344 136.25021295285867
256.1419411037136 137.0609083568569
256.7274092599238 137.87160376085512
257.3128774161339 138.68229916485336
257.89834557234406 139.4929945688516
258.48381372855425 140.30368997284984
259.0692818847644 141.1143853768481
259.6547500409746 141.92508078084632
260.2402181971848 142.73577618484453
260.825686353395 143.54647158884273
261.4111545096051 144.35716699284097
261.9966226658152 145.16786239683924
262.5820908220254 145.97855780083742
263.16755897823555 146.78925320483566
263.75302713444574 147.5999486088339
264.3384952906559 148.41064401283214
264.923963446866 149.22133941683038
265.5094316030762 150.0320348208286
266.09489975928636 150.84273022482688
266.68339424395765 151.65123145643477
267.28404660091155 152.45074177286963
267.91543973843784 153.22620467068273
268.5951207419473 153.9597124984994
269.33536860111536 154.6320465724516
270.1436998039578 155.2207745796937
271.01585655179235 155.7100011194548
271.9386306843331 156.0953423971733
272.9020083506425 156.3634906249431
273.88457949874874 156.54937752310758
274.8687458045114 156.7266250410072
275.8546458585548 156.89396028367028
276.84167699345016 157.0544892179695
277.8290220312567 157.21307602800985
278.8158221500694 157.37501899794484
279.8011462492926 157.54571293307447
280.7840685579987 157.72973395102565
281.77090796198866 157.89143735461604
282.7605119398862 158.03525657074977
283.752039602216 158.16515227828066
284.74488854835784 158.2845297055652
285.73862599006213 158.3962700159057
286.73293499020303 158.50280457479988
287.72757641040806 158.60618951186768
288.72236322534854 158.70816594453947
289.717142570241 158.81021522173117
290.7117807492483 158.91363133682492
291.7061473099565 159.01962729403675
292.70009550879183 159.12947709163365
293.69343742023057 159.2446805940944
294.68591250506336 159.3671273416466
295.6771489564351 159.49922691572624
296.6666181320692 159.64397065641978
297.6535846150638 159.8048966066118
298.63705838186513 159.985947290161
299.61576034388827 160.19123360127804
300.58811562625385 160.4247399285067
301.55228735203104 160.6900188066931
302.50625619690527 160.98992453022845
303.4479395372665 161.3264248816191
304.375333053324 161.70051212595448
305.28665161528386 162.1122140553008
306.18044568062703 162.56069166762632
307.05566920437354 163.04441037046996
307.91167028407506 163.56138440419875
308.7480704497201 164.10950370043713
309.56450569758147 164.68694069790917
310.36023155590897 165.29259766219582
311.1336389466745 165.92650696794016
311.8817672585044 166.59006105694772
312.5999198878709 167.28594668040466
313.2814869079385 168.0177023753987
313.9180708531487 168.7889097928297
314.4999944704448 169.60215323954975
315.01722066051616 170.45800198103643
315.4606089038725 171.35433164452715
315.8232826297384 172.28624782561135
316.1017642643683 173.24668937988412
316.29654813918165 174.22753556665992
316.4119576027949 175.2208535699743
316.455384619833 176.21991017207012
316.4361936348419 177.21972600815948
316.3646030530441 178.21716011054312
316.2507649472527 179.2106594239147
316.1041328150428 180.1998505165776
315.9331068653663 181.18511704119783
315.744905828946 182.16724756709056
315.5456345468473 183.1471919308841
315.34056864646436 184.12594009895398
315.13470593775446 185.10452098225522
314.93354351660764 186.0840788826972
314.7438129364872 187.06591507421143
314.5737028458102 188.0513401383588
314.43214374289585 189.04126994414406
314.33040675545124 190.03608127569677
314.2867921480306 191.0351297059641
314.3308955948378 192.03415667555987
314.4802521538518 193.0229400786768
314.71147866469187 193.99584002249668
314.9640545894714 194.96341710067796
315.1691724057106 195.94215438997537
315.27600390374823 196.9364315299253
315.26546148227294 197.93637595705582
315.14933637319905 198.929610551219
314.95800913548504 199.9111368565765
314.72671877273194 200.88402162267033
314.4872710070213 201.85493087048712
314.26503366595114 202.8299234675021
314.07859014243076 203.81238914758325
313.9402953277342 204.80278025428203
313.8571080746582 205.7993141879369
313.8315743184988 206.7989881484342
313.86291551667387 207.79849689241644
313.9481288303193 208.79485962314135
314.0829769392187 209.78572590449633
314.2627704938991 210.7694302694838
314.48290278863556 211.74490029609353
314.73915187676664 212.71151107858665
315.0278006400556 213.6689461371947
315.3456369574776 214.61709173536389
315.6898903208079 215.5559685227198
316.058146705416 216.48569280184523
316.44826733682055 217.4064565570792
316.85832345045026 218.31851685315334
317.2865491216989 219.22218868212866
317.7313091543725 220.11783845371136
318.1910787664434 221.00587668701905
318.6644332287083 221.88674872826792
319.15004566052204 222.7609229477848
319.64668975643986 223.62887723344153
320.1532431469365 224.4910858291864
320.6686877100941 225.34800875589062
321.19210518391066 226.20008513046247
321.7226686672908 227.04773033342389
322.2596319881807 227.89133592374378
322.8023191378143 228.73127083647364
323.35011533492076 229.56788264994253
323.90246034487967 230.40149826278423
324.45884388477475 231.23242386506985
325.01880250272933 232.06094444186826
325.58191722315905 232.8873231756431
326.1478113811953 233.71180107219362
326.7161482937429 234.5345970091281
327.28662863065836 235.35590826875676
327.8589876660094 236.1759113996361
328.43299335064114 236.99476271337412
329.0084476462635 237.81259665351712
329.5851960298428 238.62951849925184
330.1631532285397 239.44558557766788
330.74235522005984 240.26076963849044
331.32304496724123 241.07489457823766
331.9057887536995 241.88755051979246
332.49160151335184 242.69799694654037
333.0820401264082 243.50507949759208
333.6792147632028 244.30719074496938
334.28567859654936 245.10230181824323
334.9041861636125 245.88808066084823
335.53735175224523 246.66209702848613
336.1872759010044 247.42209610799853
336.8552243298202 248.1663036707406
337.54143105351193 248.89371025055704
338.24506075790185 249.60427709407008
338.96432049270965 250.29901836525255
339.6966757351913 250.9799411206438
340.4391121795319 251.6498576274675
341.1883917880863 252.31211140677314
341.941270528157 252.97027066010742
342.69466497726853 253.62783951889554
343.44576879925796 254.28802362094052
344.1921265775263 254.95356856068415
344.9316737213474 255.62667332375304
345.66274998999484 256.30896907298546
346.3840925711111 257.0015475022398
347.0948133788013 257.7050216904772
347.7943643556373 258.41960438744644
348.4824939349057 259.145192205795
349.1591974042482 259.88144787781386
349.8246638232848 260.62787566744566
350.47922255911055 261.38388681905275
351.1232933891819 262.1488526783244
351.75734499993087 262.92214340949
352.3818667249775 263.70315084539874
352.99735682277594 264.4912954637982
353.60432756009163 265.2860196449091
354.20332375527676 266.08677151543685
354.7949484468847 266.8929850257924
355.3798878281824 267.7040620382931
355.9589277546629 268.5193612248139
356.53295582517984 269.3381968458384
357.1029460900649 270.15984829136517
357.66992785183896 270.983578636694
358.2349456189995 271.8086573740233
358.79902290361065 272.63437937142055
359.3631457159952 273.46007026548887
359.92827933451474 274.28506965531835
360.4954227564524 275.1086887049722
361.0656908775148 275.93014732845853
361.6403997714748 276.74850524966615
362.2211217196176 277.5626072205182
362.80967906494504 278.3710626931703
363.4080613386517 279.1722734360549
364.0182751246658 279.96451022853444
364.6421618707873 280.746024993599
365.28123339682145 281.51517230368495
365.936569613488 282.27050960789086
366.608798961154 283.01085257175055
367.2981501827485 283.7352798581542
368.00453933134395 284.4431035443548
368.7276492750826 285.13383649511525
369.4669713254996 285.8071884875881
370.22180160348375 286.46310864388647
370.9912065714724 287.1018699414261
371.7739840752718 287.7241716203131
372.56864600404083 288.33122385774004
373.37343986221424 288.92477827466087
374.37343830955274 288.9230160826743
374.79160788258235 288.01464710027113
374.64706275633023 287.0251488908353
374.7790402408044 286.033896176543
375.59495113770606 285.4557185149915
376.5586750019508 285.7226198328698
377.38853771606796 286.28058746250264
378.1802269213988 286.89151151847244
378.9641947631287 287.51231295462844
379.7465057570811 288.13520099331697
380.52839068914346 288.75862376561025
381.31014410191904 289.38221145119553
382.0918520292315 290.0058561548344
382.873543402183 290.6295216079848
383.65522864121505 291.253194749205
384.4369115979463 291.8768707509527
385.21859370629215 292.5005478160208
386.00027550013544 293.1242252752687
386.7819571777747 293.7479028801601
387.5636388126257 294.37158053867984
388.34532043177495 294.9952582168793
389.1270020451813 295.61893590227646
389.9086836564938 296.24261359029794
390.71818367729946 296.8297334386387
391.5598539453887 297.3697252532198
392.4224908750714 297.87554886629806
393.29565543519396 298.3629744000424
394.1733999346411 298.84210339487595
395.0529639633668 299.31788393185894
395.9332075815201 299.7924059784494
396.8136944450673 300.26647652501475
397.69426587267503 300.74038997795833
398.5748661239142 301.2142498702446
399.4554760699449 301.6880917457177
400.336089247874 302.16192761483023
401.21670349679306 302.6357614935268
402.09731809920277 303.10959471526496
402.97793281797334 303.5834277207475
403.8585475749784 304.05726065517155
404.7391623445317 304.53109356627476
405.6197771181998 305.0049264697307
406.5003918932165 305.4787593706803
407.381006668675 305.9525922708088
408.26162144427826 306.4264251706682
409.1422362199289 306.9002580704395
410.02285099559515 307.374090970182
410.90346577126644 307.84792386991506
411.7840805469394 308.32175676964505
412.6646953226127 308.7955896693742
413.54531009828634 309.26942256910286
414.42592487396007 309.7432554688313
415.30653964963375 310.2170883685599
416.18715442530754 310.6909212682884
417.06776920098133 311.1647541680167
417.948383976655 311.6385870677453
418.83063082284684 312.1093741771532
419.71487579846564 312.5763975417645
420.6005088375856 313.04078328661376
421.4868712312834 313.5037754107782
422.37355872536165 313.9661446223885
423.26833519454357 314.41265897848285
422.4707286371611 313.80948091222007
421.6659801965468 313.21586491906555
420.85416323979365 312.6319529147977
420.0359899464254 312.0569812093905
419.21245236671723 311.4897194930652
418.38459106878395 310.9287866348868
417.5533666136772 310.37284967332334
416.71960101372713 309.82073109517205
415.8839620852556 309.27145194826863
415.0469715329503 308.72423460995446
414.2090242911262 308.17848336632835
413.3704115299388 307.6337553270522
412.5313430630021 307.08972949329745
411.6919670544727 306.54617828475756
410.85238625626687 306.0029434522181
410.0126707695835 305.45991684014075
409.1728677122172 304.91702566795414
408.33300832454415 304.37422164352415
407.4931096453023 303.8314784182253
406.65317014539386 303.288798368386
405.8131636901303 302.74622196352163
404.9730377506164 302.20383058660286
404.1327189587081 301.66173804102993
403.29212486262213 301.1200724932742
402.45117799004595 300.5789548004343
401.6098180121453 300.03847965060123
400.7680092503505 299.4987037632503
399.9257427626184 298.9596423904517
399.0830338477016 298.4212729218525
398.23991662690787 297.88354310865526
397.39643746007323 297.3463812195418
396.5526485936173 296.8097059463598
395.70860290766564 296.27343467169896
394.86435012809886 295.73748948402226
394.01993449843576 295.2018009136937
393.1753936874011 294.66630972002486
392.33075861762836 294.130967213857
391.486053899147 293.5957346115472
390.6412985988867 293.0605818458045
389.7965033549966 292.5254921375306
388.9516624770543 291.9904744827213
388.1067453490308 291.4555772526177
387.26169331072003 290.9208931846422
386.4164251737301 290.38655080695753
385.57084991484567 289.8526945701648
384.7248821008858 289.3194606086207
383.8784552968136 288.786955523811
383.03153035026503 288.25524306870614
382.18409768351137 287.72434018180616
381.33617451549765 287.19422104317266
380.48779885298075 286.66482635558214
379.63902219785723 286.1360748168446
378.7898963617097 285.6078842126242
377.9404533895181 285.0802037818762
377.090686152506 284.5530457003666
376.24053967026475 284.02649944529225
375.38991801806384 283.5007211604544
374.53870406323716 282.9759023316112
373.6867844102315 282.45222981483886
372.8340715025877 281.9298499749352
371.9805071578273 281.4088625380869
371.1260427993566 280.88935251883487
370.2706101097485 280.3714385167556
369.414102079606 279.8553048186681
368.55636121202696 279.34122252556244
367.697168645429 278.8295701694623
366.83624098690757 278.3208427701678
365.97321600711484 277.8156815243722
365.1076219386063 277.3149351728499
364.23836821588895 276.820568946716
363.3621555736445 276.3386442580239
362.47075348715623 275.8854309305452
361.5489474958114 275.49777939331017
360.5803635971861 275.2490923785227
359.5805033018372 275.2658073354405
358.67955712241877 275.69973818452974
358.16043492796865 276.5544382180089
358.1656794943639 277.554424465176
358.50877515260987 278.49372493323335
358.9992921342149 279.36515656609794
359.54818909145035 280.20104658897037
360.11978710555064 281.0215803849085
360.7000891592921 281.83598171498073
361.28366885284123 282.64803758822904
361.8684589623702 283.45922223292905
362.453687676248 284.2700905036444
363.03907254759986 285.0808460478082
363.62451213044096 285.89156208616123
364.2099706051577 286.70226448185423
364.79543551790425 287.51296222820775
365.3809025986149 288.3236584089093
365.96637040152126 289.1343540680564
366.55183844265565 289.94504955516004
367.1373065616746 290.755744986017
367.72277470595037 291.5664403986341
368.3082428583559 292.3771358053799
368.8937110133607 293.18783121024865
369.4791791691913 293.998526614521
370.0646473252828 294.8092220186049
370.6501154814563 295.6199174226296
371.23558363765545 296.43061282663575
371.8210517938625 297.24130823063626
372.406519950072 298.05200363463496
372.99198810628224 298.8626990386331
373.5774562624926 299.6733944426312
374.162924418703 300.4840898466293
374.74839257491357 301.2947852506272
375.33386073112416 302.1054806546252
375.9193288873348 302.9161760586231
376.5047970435454 303.726871462621
377.0902651997559 304.537566866619
377.6757333559663 305.34826227061706
378.2612015121766 306.1589576746152
378.8466696683869 306.96965307861336
379.4321378245971 307.78034848261154
380.0176059808073 308.5910438866097
380.6030741370174 309.40173929060796
381.0751495103615 310.0554201636858
380.1902865179612 310.5212715183905
379.30542352556074 310.98712287309513
378.42056053316026 311.4529742277998
377.53569754075977 311.9188255825045
376.6508345483593 312.3846769372092
375.7671474974158 312.85275513152595
374.88828321250594 313.3298270010696
374.0208228739958 313.82733334385523
373.1739739441398 314.3591668610406
372.3587958373495 314.9383772323305
371.5870228860014 315.5742754251
370.8696180098519 316.27093189975363
370.21529903136144 317.02715056812093
369.62944934451536 317.8375703016062
369.11376451973933 318.6943486635504
368.6666868474785 319.58884380326094
368.2843675173883 320.5128740678299
367.9618065853236 321.4594227697494
367.6940342784107 322.4229049915109
367.47743479380307 323.39916554242325
367.31169364789866 324.385334834459
367.20241007720824 325.37934544867653
367.1684692693635 326.37876929348056
367.251940436163 327.37527948625996
367.52440558869546 328.33744513761917
368.07283847432836 329.1736397142318
368.92462762010086 329.6975244831879
369.92447613113256 329.71493008538164
370.80855798532457 329.2475980031441
371.46605220127344 328.4941384116637
371.91387591410336 327.6000165395303
372.1771181633194 326.6352867751778
372.247343211871 325.63775560145143
372.08881108876676 324.65040178141317
371.6617866415917 323.7461617018354
370.952827729942 323.0409119151694
370.01800667607336 322.6857927841107
369.0245255850044 322.7997898090211
368.1911335591485 323.35247211490747
367.62831393727157 324.1790518589312
367.2988408484885 325.1232168253262
367.14597351146955 326.1114635441534
367.1158976055971 327.1110111617715
367.1710898764987 328.1094869067111
367.2966558741663 329.10157217533964
367.4756509265008 330.0854221492888
367.69400009213194 331.06129285889546
367.9435422471434 332.02965679506417
368.21969542015336 332.99077043300537
368.51908334712834 333.9449019067456
368.84062391787825 334.8917977095464
369.1801475670227 335.83239522797373
369.5336421353302 336.7678318052878
369.8987622376823 337.6987922291826
370.2742458407466 338.62562126618445
370.65919477308313 339.5485591403086
371.0527675918107 340.46785258440514
371.45413142150016 341.3837712905232
371.8624908142532 342.29659252513073
372.27711587236786 343.20658486640804
372.69735421166297 344.1139986299066
373.1226310644355 345.0190619417781
373.55244350661314 345.9219801354974
373.98635242560147 346.8229368769797
374.42397396405335 347.7220961448978
374.8649712776366 348.6196045679293
375.30904706785896 349.5155937936114
375.7559371365601 350.4101826748838
376.2054050364239 351.3034791581367
376.65723775817906 352.195581838074
377.11124231413123 353.08658120012467
377.5672430475077 353.9765605994144
378.02507950298735 354.8655970328826
378.48460471844385 355.75376175654577
378.94568382816857 356.6411207901818
379.4081928960581 357.5277353412241
379.87201792028964 358.4136621705371
380.33705477414304 359.29895349239575
380.80321067071105 360.1836560865453
381.2704064814001 361.0678099614305
381.73857845178907 361.95144733396637
382.20767821527136 362.8345925156329
382.67767094045666 363.71726280417386
383.1485336523229 364.5994693030017
383.6202556256336 365.4812166477076
384.0928403499033 366.36250189005926
384.5663090626936 367.24331252692093
385.04070563291305 368.12362377538034
385.5161060692644 369.0033933049259
385.99263593069327 369.88255159054154
386.4704924804012 370.7609894755973
386.949962391827 371.6385477950481
387.43142953784434 372.51501193424946
387.91537389431664 373.3901107057254
388.40236375732337 374.2635183272451
388.89304659653624 375.13485658033744
389.3881443534416 376.00369385572753
389.88961269693795 376.86886984965656
390.3980877057003 377.7299465973766
390.91402714858526 378.5865716561249
391.438548314773 379.43796906404964
391.97342005259947 380.2829023300976
392.52082638436644 381.1197692896207
393.08312970024286 381.94670035141144
393.66262415505656 382.76167653317395
394.261267457412 383.56269226119997
394.88042593907454 384.3479583145764
395.52068650752364 385.1161161137877
396.18177665271656 385.86642259778523
396.86260835176915 386.59886249126805
397.56143978966475 387.3141488824491
398.27612639963024 388.0135936976675
399.004413442075 388.6988658945404
399.74421640997105 389.3716894737143
400.4938444707262 390.03354880206786
401.25213815640706 390.6854618992338
402.0185077401911 391.3278618222184
402.79287219843457 391.96060164695626
403.57551430585625 392.5830735994895
404.36688569089296 393.19440929364214
405.16740811536533 393.7937120951681
405.977314387206 394.38027141086695
406.79655499842204 394.9537213397486
407.62477620286006 395.5141226571268
408.4613624497312 396.06195789836823
409.30553174286126 396.5980345762197
410.1564832640685 397.1232788132705
411.01357468961714 397.6384431445776
411.87648275085394 398.14380408277185
412.7453063955903 398.6389257590768
413.6205952775565 399.1225261861923
414.50330513601 399.5924445895232
415.39468923308743 400.045693297715
416.2961449595942 400.4785646101719
417.20902391913955 400.88679494370837
418.1344184214268 401.26580024068534
419.0729610903453 401.61096347542986
420.0225501963175 401.92446073190723
420.98368797411416 402.2005298755872
421.9682276321361 402.37569169158024
422.9616304012349 402.49036923230557
423.9599129877401 402.54895146067287
424.95990471591915 402.55301883985754
425.9586905675955 402.50375604973067
426.9536714385348 402.40369073873353
427.942881756747 402.25718836215714
428.92516562490727 402.06978931639617
429.90013637349716 401.8474561443456
430.8680526181094 401.596183098804
431.82970209279034 401.32190169614256
432.78777208811164 401.03536743280745
433.7496518484556 400.7618947163608
434.72059714125754 400.5225931526682
435.69951680174654 400.3183474714211
436.68808667874595 400.1675840863126
437.6597646224267 399.9312750222368
438.62931072452517 399.68636614958075
439.6012905292342 399.45130177704027
440.5777815868456 399.2357438627693
441.55972826151867 399.0465859179229
442.54721957671075 398.88891251363384
443.53967922741384 398.7663407317007
444.5360581061926 398.68131644150344
445.5350074967695 398.6354894290978
446.5349940677148 398.6303069654923
447.5343614295283 398.66587206273516
448.53166333497904 398.73928125415046
449.5262728197562 398.84297297412525
450.51956453510445 398.9586084713586
451.50434283596445 399.13242359772937
452.48595395498484 399.32331521885396
453.4686494424586 399.5085436694188
454.4307271139706 399.7813193171189
455.3811167083725 400.09238139910997
456.3276169688229 400.4150844467672
457.27474948032255 400.73592709614593
458.2250935480298 401.04712824166694
459.18030105880575 401.34306507843655
460.1415341447042 401.6188021897837
461.10955162751463 401.86968493724453
462.08467415793336 402.0913514675774
463.0667548386424 402.2798124358918
464.05518457252896 402.4314919044066
465.0489200324156 402.54324983819146
466.04652459363257 402.61242454049705
467.0462250030944 402.63690088258403
468.04598907079054 402.6151797190871
469.0436220932664 402.5464167023875
470.03687064594845 402.4304110447888
471.0235187713488 402.2675446067362
472.00146526596495 402.05868902584825
472.9687790355904 401.80510655190125
473.92373571913106 401.50836132016025
474.8635196926357 401.16659227073677
475.7867788623912 400.78241457036563
476.6937064279215 400.36112798040426
477.5598376130075 399.8613112437683
478.38283002550975 399.29325887913643
479.20816909987235 398.72862146244296
480.0283309598435 398.1564899011315
480.83929722574356 397.5713969892174
481.6386593134314 396.9705473801077
482.42485982148 396.3525758911667
483.19686372291505 395.71695810021913
483.95395916185305 395.0636538094485
484.6956136159468 394.3928716758739
485.4213692388439 393.7049190787909
486.13077198341995 393.00011574027155
486.8233297809371 392.27875335069325
487.49849444101517 391.54108629721884
488.1556617468826 390.78734155786805
488.7941841278919 390.0177383036194
489.4133907362785 389.23251019909793
490.01261126293946 388.4319261869992
490.59120166542226 387.61630792693217
491.1485709148902 386.7860431982175
491.6842075543109 385.9415946263612
492.1975006379204 385.0833812436186
492.68784712280706 384.21185366243753
493.1549244870741 383.3276372094186
493.5988212990347 382.4315592996745
494.01996747341667 381.5245665214213
494.4199266473182 380.6080335655425
494.80244451588896 379.684085471641
495.1739049369669 378.755636681684
495.5431256794926 377.82629495589697
495.9001850902677 376.89221328003725
496.26229610992004 375.96007830620226
496.56849392357447 375.00811039765006
496.8449595714632 374.0470865969367
497.0995458601299 373.0800365353458
497.3357384719533 372.108330278229
497.55580955675515 371.1328464405186
497.76152630562 370.15423486321305
497.95435810557046 369.1730030369213
498.1355576144759 368.18955667947597
498.3062032577896 367.2042242155745
498.4672343794563 366.21727488665493
498.6193457549556 365.2289115276398
498.76318542639393 364.23931052272894
498.90231539324157 363.24903639284116
499.04552990995035 362.2593447225701
499.20653744804156 361.27239154603245
499.4184589946763 360.29510486441245
499.6491416990932 359.32207583612865
499.8664736603619 358.3459780855877
499.9854245489247 357.35307794654545
499.99842376576385 356.35316243993424
499.97151358825795 355.3535245843352
