4.601461456469314
281042
872
0.0 100.0
0.0 101.0
0.0 102.0
0.0 103.0
0.0 104.0
0.0 105.0
0.0 106.0
0.0 107.0
0.0 108.0
0.0 109.0
0.0 110.0
0.28600652485224354 110.95822767009825
0.572013049704486 111.91645534019652
0.8580195745567352 112.87468301029477
1.14402609940898 113.83291068039304
1.430032624261232 114.79113835049131
1.716039149113484 115.74936602058956
2.002045673965727 116.70759369068783
2.2880521988179785 117.66582136078608
2.5740587236702277 118.62404903088434
2.860065248522473 119.5822767009826
3.146071773374721 120.54050437108086
3.4320782982269695 121.49873204117912
3.7180848230792183 122.45695971127739
4.004091347931467 123.41518738137565
4.290097872783717 124.3734150514739
4.5761043976359606 125.33164272157215
4.862110922488201 126.2898703916704
5.148117447340441 127.24809806176867
5.434123972192682 128.20632573186694
5.720130497044926 129.1645534019652
6.006137021897175 130.12278107206347
6.292143546749422 131.0810087421617
6.578150071601665 132.03923641225998
6.864156596453908 132.99746408235825
7.1501631213061625 133.95569175245652
7.436169646158406 134.91391942255476
7.722176171010642 135.87214709265302
8.008182695862887 136.8303747627513
8.294189220715133 137.78860243284953
8.580195745567375 138.7468301029478
8.866202270419619 139.70505777304606
9.15220879527187 140.66328544314433
9.438215320124122 141.62151311324257
9.724221844976363 142.57974078334084
10.010228369828612 143.53796845343908
10.296234894680854 144.49619612353735
10.5822414195331 145.4544237936356
10.868247944385349 146.41265146373388
11.154254469237605 147.37087913383215
11.440260994089863 148.32910680393042
11.154254469237623 147.37087913383215
10.86824794438538 146.41265146373388
10.582241419533133 145.4544237936356
10.296234894680882 144.49619612353735
10.010228369828637 143.53796845343908
9.724221844976391 142.5797407833408
9.438215320124144 141.62151311324254
9.152208795271896 140.66328544314428
8.866202270419645 139.705057773046
8.580195745567389 138.74683010294774
8.294189220715138 137.78860243284947
8.580195745567373 138.74683010294774
8.866202270419615 139.705057773046
9.152208795271871 140.66328544314428
9.438215320124119 141.62151311324254
9.724221844976363 142.5797407833408
10.010228369828614 143.53796845343908
10.296234894680872 144.49619612353732
10.582241419533117 145.45442379363558
10.868247944385361 146.41265146373385
11.154254469237616 147.37087913383212
11.440260994089858 148.3291068039304
11.726267518942104 149.28733447402863
12.026403576935099 150.2412308765234
12.333008399256421 151.19306777585507
12.63105434924513 152.1476192997108
12.927908500633785 153.10254213052139
13.236078270875208 154.05387350954203
13.574089810995407 154.99501547478724
13.963037511945359 155.91627531105806
14.42110534691676 156.80519255049296
14.958871066784472 157.64828686937736
15.534496046954827 158.46600068374266
16.11791376886212 159.27817293256953
16.695030631448006 160.0948345068578
17.26163596932807 160.91882382176777
17.81822130428248 161.7496142676166
18.366909380284483 162.58564141744682
18.90996858394286 163.42533582693278
19.449256277385956 164.2674574236757
19.986114582387856 165.11112984846537
20.521442953401873 165.95577387714695
21.05581362535174 166.80102412704923
21.589576372917954 167.64665840338301
22.122937733836153 168.49254590103237
22.656015546348424 169.33861211936704
23.18887437038729 170.18481627537426
23.721547592465644 171.03113727740637
24.254050819151804 171.8775652504607
24.78638980347264 172.724096529134
25.318565039002102 173.57073075870966
25.850574365588717 174.4174692522393
26.38241440770607 175.2643140843075
26.914081336852803 176.11126761104418
27.445571248663782 176.9583322329256
27.976880326084984 177.80551029227905
28.508004890329403 178.65280404137448
29.038941401151533 179.5002156423548
29.555596916189266 180.35640900765324
30.072252431226996 181.2126023729517
30.56433216264176 182.08315250817122
31.074724076012217 182.94309442177124
31.594934878987935 183.7971323134759
32.12038653029249 184.64795577468354
32.6486222042128 185.49705357399642
33.17832984294745 186.34523387173164
33.69937891821782 187.19876059138363
34.20239137755 188.06303975100545
34.71770397731832 188.92004204068735
35.240237745124944 189.7726606315601
35.766917033513906 190.62272470395823
36.295942715596325 191.47133051804227
36.8262870614125 192.31911284556554
37.35737287875436 193.16643088185316
37.8888798604562 194.0134847930077
38.42063155749551 194.86038510160122
38.95253096917952 195.70719264517308
39.492998631931655 196.5485574325984
40.049885437014055 197.37914583025702
40.59595821688448 198.2168835691017
41.13560093904002 199.05877770284093
41.67153865475351 199.9030352256832
42.205389065960304 200.74861416253907
42.739469359856244 201.59404792083834
43.27495259050002 202.4385937808716
43.81208444000343 203.28209207740161
44.350655347539984 204.1246722679801
44.89031900647696 204.96655298115905
45.43074637687215 205.8079436498307
45.97167858925463 206.64900984318706
46.51293137304314 207.48986977447242
47.05438160416092 208.33060257817556
47.595950566230556 209.1712589046984
48.1375895545724 210.01187011465697
48.679269188162294 210.852455133887
49.22097209845319 211.69302515297068
49.762688187020075 212.53358667920645
50.30441166321299 213.37414344429817
50.84613924533578 214.2146975631789
51.387869092256835 215.05525022241858
51.929600180066345 215.8958020819137
52.47621116929449 216.73318874675562
53.02995687440082 217.56587457831293
53.59065032888108 218.39389803818767
54.15698418590383 219.21807396745868
54.727443381353226 220.03939991148286
55.300721752419015 220.8587605825357
55.87583666196634 221.6768332203964
56.461599754400794 222.48731554564577
57.06185923423358 223.28712087000343
57.675866105113414 224.07642154941044
58.31357229054406 224.84670125254655
58.977341742615785 225.59463849222402
59.67803399530325 226.30810213322036
60.424063673907355 226.97401482918121
61.216533553713816 227.58392587974478
62.050336700379916 228.13598775364093
62.91749582923292 228.63401892259213
63.810009484660625 229.08503929339048
64.72132149467559 229.49675572541918
65.64671780933325 229.87575659720974
66.58311155698777 230.22670780372357
67.52860544723045 230.5523476408347
68.48205698636491 230.85389392670493
69.44273594660002 231.1315554749279
70.4100890287201 231.38498794031622
71.38359656250492 231.61364288048634
72.36269874706593 231.8170117871261
73.34677055628578 231.99478319736625
74.33512822043434 232.14693157139237
75.32705769633498 232.27372240244682
76.3218561389325 232.37558534274174
77.31886835703175 232.45282935196468
78.3174937068429 232.50524510069116
79.31714362135186 232.53170352888006
80.31714194358383 232.52987171741495
81.31657253581511 232.496130180517
82.31409064973671 232.42571986594373
83.3077287689577 232.31309976102904
84.29471239761291 232.15227900127894
85.27136519073194 231.9374550694352
86.23321458801942 231.6638755801863
87.1753248638696 231.32857239180677
88.09277414063546 230.9307196243641
88.98114094730956 230.47158520308892
89.83688778192153 229.95419042629698
90.65758651330857 229.38282925129494
91.44198336927583 228.76256997296957
92.1899328144459 228.09881427433504
92.90220150172266 227.39690735947732
93.58026500688476 226.66190403773837
94.22614072427982 225.8984614677441
94.84223195944301 225.11078666812494
95.4311652980729 224.30260505323244
95.99563195350149 223.47714918226825
96.53825483535374 222.63717274921174
97.06149559027111 221.78498784416269
97.56760290386295 220.9225173303891
98.05859418449268 220.051352844
98.53996605195937 219.17483637227136
99.01750841650608 218.2962276481722
99.49277651558637 217.41638662048786
99.96400640898307 216.5343761967573
100.42830048374984 215.6486950960577
100.883159407618 214.7581315894073
101.32714219334402 213.86209627426678
101.75993194323314 212.9606013866546
102.18210316051227 212.05408527355948
102.59479677494024 211.14321537032941
102.99941958038482 210.2287316988983
103.39741823424495 209.31134569969973
103.79013610486183 208.3916867008865
104.17873994093176 207.47028176352632
104.56419625692456 206.54755567824355
104.94727828348618 205.62384134960865
105.32858865067601 204.6993942695259
105.70858783545765 203.77440744823315
106.08762248973409 202.84902497008827
106.46595069036908 201.92335344486764
106.84376300933314 200.997471243052
107.21792955160777 200.07010971773286
107.58570572361965 199.14019537366656
107.95723113190596 198.21177258689445
108.3307547395496 197.2841519130558
108.70529217299304 196.35694011904667
109.08031154598524 195.42992314515647
109.45553359797493 194.5029881896711
109.83081471337435 193.57607714516652
110.2060818545565 192.64916044300338
110.5812976291769 191.72222294647193
110.95644203575273 190.79525656400983
111.33150318533976 189.86825649169566
111.70647307753717 188.9412195021718
112.0813441550943 188.01414255001998
112.45610895319302 187.0870226299956
112.83076063710637 186.1598569944477
113.20529480894865 185.2326438829558
113.59544360469022 184.31189206124628
113.62916602507602 184.30835369759987
113.79488676646895 183.9004947050048
114.75189668636561 184.1905498949494
115.70890660626495 184.48060508489485
116.66591652616427 184.7706602748403
117.62292644606364 185.0607154647856
118.57993636596296 185.35077065473106
119.5369462858623 185.64082584467644
120.49395620576163 185.93088103462188
121.45096612566095 186.22093622456734
122.40797604556029 186.51099141451277
123.36498596545962 186.80104660445815
124.32199588535897 187.0911017944035
125.27900580525828 187.38115698434905
126.23601572515761 187.67121217429442
127.19302564505695 187.96126736423983
128.15003556495628 188.25132255418524
129.1070454848556 188.54137774413073
130.06405540475498 188.83143293407608
131.0210653246184 189.12148812413994
131.9780752445118 189.4115433141049
132.93508516442012 189.7015985040207
133.89209508433055 189.99165369392944
134.8491050042385 190.28170888384636
135.8061149241435 190.57176407377318
136.76312484404622 190.86181926370742
137.7201347639474 191.15187445364663
138.67714468384779 191.4419296435886
139.63415460374765 191.7319848335322
140.59116452364728 192.02204002347665
141.54817444354677 192.3120952134216
142.50518436344615 192.6021504033668
143.4621942833455 192.89220559331216
144.41920420324487 193.18226078325748
145.37621412314422 193.47231597320285
146.33322404304357 193.76237116314826
147.2902339629429 194.05242635309364
148.24724388284224 194.342481543039
149.20425380274156 194.63253673298442
150.16126372264088 194.92259192292985
151.11827364254023 195.21264711287526
152.07528356243955 195.50270230282072
153.0322934823389 195.79275749276613
153.98930340223822 196.08281268271153
154.94631332213754 196.37286787265697
155.9033232420369 196.66292306260237
156.86033316193624 196.95297825254775
157.81734308183556 197.2430334424932
158.77435300173488 197.53308863243865
159.7313629216342 197.82314382238405
160.68837284153352 198.11319901232955
161.64538276143287 198.4032542022749
162.6023926813322 198.69330939222033
163.5594026012315 198.98336458216573
164.51641252113083 199.27341977211117
165.47342244103015 199.56347496205657
166.43043236092947 199.85353015200204
167.38744228082882 200.14358534194741
168.34445220072817 200.43364053189282
169.30146212050698 200.7236957222359
170.25847204024834 201.01375091270253
171.21548196000052 201.30380610313347
172.17249187982426 201.59386129332822
173.12950179972074 201.8839164832831
174.08651171966534 202.17397167307914
175.04352163963256 202.46402686280055
176.00053155960703 202.75408205249812
176.96431416492896 203.0207711780335
177.94031990119 203.23851598918998
178.92828737898662 203.393177758274
179.924145368861 203.48410005478806
180.9235155625495 203.51958548795415
181.92348089149547 203.51125836924302
182.92264122413278 203.4702872857314
183.920559268258 203.4057925013742
184.9174729434939 203.3272869338796
185.9137939266662 203.24158688434278
186.90983113233128 203.15264935047284
187.90575838336096 203.06248887877672
188.90165842553571 202.97202835702095
189.8975651671833 202.88164162159538
190.8934894957405 202.7914488736173
191.88943257178886 202.7014633788344
192.88539203773868 202.6116594692038
193.88136469088224 202.52200193081347
194.87734751752853 202.43245747802223
195.87333801265225 202.34299836097313
196.86933421114114 202.2536027649087
197.86533461803205 202.16425406892964
198.86133811557187 202.07493983216722
199.85734387644814 201.98565083899751
200.85335129198285 201.89638030522596
201.84935991595702 201.80712325525758
202.84536942195135 201.71787604819247
203.84207911710854 201.6368218466994
204.83980943959392 201.5694853514444
205.83844136042995 201.51719494422358
206.8376997686664 201.47868996313318
207.83764073934458 201.4678246440338
208.8373194443899 201.49317196497518
209.83378055381584 201.5772270504942
210.8201558160373 201.74173796830078
211.77420146352955 202.04139928128774
212.70689444418065 202.4020706051328
213.61330094736658 202.82447710482504
214.49217416795818 203.30153251264153
215.3441572694601 203.8251017962661
216.17298862157563 204.38460031257367
216.9833195110614 204.9705728798029
215.9838309330883 204.93859503589016
214.98434235511522 204.9066171919772
213.98485377714212 204.87463934806414
212.98536519916905 204.842661504151
211.98587662119598 204.81068366023783
210.9863880432229 204.77870581632465
209.9868994652498 204.74672797241146
208.98741088727667 204.71475012849822
207.98792230930357 204.682772284585
206.98843373133047 204.6507944406718
205.98894515335738 204.6188165967586
204.98945657538428 204.58683875284538
203.98996799741118 204.55486090893214
202.9904794194381 204.52288306501893
201.990990841465 204.49090522110572
200.9915022634919 204.4589273771925
199.9920136855188 204.4269495332793
198.9925251075457 204.39497168936606
197.99303652957258 204.36299384545282
196.99354795159948 204.3310160015396
195.99441561253417 204.28936784391072
194.99573314276387 204.23805191486804
193.9974494663535 204.1794882622109
192.9994608442301 204.11609496515
192.00166846618652 204.0496843461341
191.0039981917802 203.98146394181077
190.0064006468295 203.91218812851116
189.00884515484856 203.84230937338012
188.01131347324247 203.77209153951924
187.01379506687132 203.70168536826435
186.0159452736242 203.6361430909416
185.01778499432257 203.57551259676183
184.0194070858313 203.5185779690159
183.02049427903765 203.47196032832414
182.0211872419414 203.43473875380252
183.0031286419914 203.62392407793703
183.9994169993766 203.71000258244723
184.9914576900485 203.83592028593324
185.97534086177168 204.01473276983714
186.9470783001175 204.25079706386967
187.90376431399497 204.54191880962438
188.84426445060822 204.88171211890295
189.76918183138488 205.26188029055496
190.68034566111788 205.6739245544227
191.5805810153173 206.1093281683827
192.47372475429088 206.5590995119922
193.36435323887503 207.01383119380833
194.2570534889606 207.46448212690086
195.15557068959436 207.90342043710544
196.0622575670184 208.32522478310847
196.97799999331042 208.72699064612925
197.90251340796104 209.10814015240078
198.83478787168215 209.4698918964097
199.77375475782412 209.81389943517712
200.71828007441047 210.1423380539896
201.66716330559333 210.45796538737497
202.61924901982144 210.76379670160358
203.5764016685904 211.05338055293956
204.53652141071245 211.33296968146115
205.5073681229965 211.57267087304615
206.4741515446271 211.8282678520194
207.43826682944743 212.0937517829376
208.40063155660238 212.36551295000896
209.36183301022146 212.64136030917814
210.322246649767 212.91993819949764
211.28211410372307 213.2003922435688
212.2415964647754 213.48216094095994
213.20079349792465 213.7648994271936
214.15976502215494 214.04840183585253
215.11854556511497 214.332549456714
216.07715765764902 214.61726485153395
217.0356093598955 214.90251971031967
217.9939658187085 215.18809439030974
218.9523222775215 215.4736690702998
219.91028768368432 215.76055281085556
220.8680739343597 216.04803411114688
221.8256755032364 216.33612998977912
222.7830886739927 216.62485134413734
223.7403118375531 216.91420202262873
224.69734562821313 217.2041784415577
225.65419294805923 217.49476957442883
226.61085886111525 217.7859573674366
227.56735037839067 218.07771750415876
228.52367616667996 218.37002040639
229.4798462144729 218.6628323591919
230.43587148447457 218.95611666343993
231.39176357664778 219.24983473935745
232.34753441956238 219.54394712575814
233.30319600182742 219.83841433986305
234.25876018833748 220.1331974558303
235.21374270954607 220.42985952652032
236.1676429882542 220.72998326480268
237.1203619880101 221.03383603754656
238.0580539552228 221.38130369737235
238.99440092896347 221.7323796788445
239.1052392133532 221.88016171298275
239.3840464207816 221.96466394835906
239.3098332780474 222.1529494705655
239.90983937142 222.95294490049977
240.49454460405477 223.7641907269479
241.10016498222475 224.55994443102048
241.7271515265232 225.3389745159779
242.37109819777535 226.1040448948211
243.02681151968977 226.8590548546653
243.68978479104427 227.6076979214665
244.3567745480539 228.35276480708433
245.0258761547728 229.09593574293032
245.69627643331515 229.83793538344932
246.3387591777877 230.60423553551448
246.9104846195153 231.42468054846864
247.5313499512922 232.2085977888694
248.16989542622832 232.97818188202535
248.82492525772557 233.73378489938875
249.49133616753983 234.479369568813
250.16558312670833 235.21787551872274
250.83983008587683 235.9563814686324
251.5249716695227 236.68479138781203
252.21251631195355 237.41093349832806
252.90200848536838 238.1352266315274
253.59316583717526 238.85793093831083
254.28581700447387 239.57920367482586
254.9798639636922 240.29913340639675
255.67466313749867 241.01833720788687
256.37102046424565 241.73603245901074
257.06889561731685 242.45225188818443
257.76823038947794 243.1670461777856
258.46901219588875 243.88042185707636
259.1712516762649 244.59236266374575
259.8749728090833 245.30283895977874
260.5802085967005 246.01181179696218
261.2869904477385 246.71924335905376
261.995533159789 247.42491128747346
262.7062563957119 248.128383022456
263.41957862596956 248.82921923429166
264.1356929416141 249.52720224764442
264.85449656358645 250.22241541857795
265.5756736004614 250.9151662262168
266.3089602461172 251.5950858503658
267.08260091207995 252.2287104395104
267.87587535930055 252.83757467017833
268.62030720409035 253.5052731264165
269.35706575956135 254.18142904847906
270.0909399423643 254.86071446994438
270.82407695834434 255.54079543262446
271.47946262389263 256.2960898317788
272.02045593874624 257.13711672390747
272.4583143804784 258.03616065220234
272.8240669846281 258.9668727626628
273.1462133920821 259.91356262326366
273.4441299637057 260.86815453416176
273.7292674751284 261.8266411535674
274.00789284082066 262.78704102111885
274.2832784985419 263.7483748546655
274.5570806601512 264.71016088923767
274.83011920251283 265.6721639840274
275.11263283735656 266.63142726703546
275.4316522891648 267.5791754347298
275.7666036497828 268.5214108543677
276.027162143584 269.486868917314
276.2291645991273 270.4662539324916
276.48173151673 271.4338333618578
276.744531776666 272.3986836214202
277.0121717582469 273.3622026094321
277.28223057338647 274.3250464370414
277.5534796252677 275.28755563276553
277.82569226133944 276.2497927557051
278.09866306045564 277.21181507500427
278.37214772408873 278.17369143855495
278.64594354473576 279.13547927825573
278.9199140914379 280.09721736086436
279.19397787963317 281.0589288768607
279.4680896869901 282.0206267072978
279.75834873673296 282.97757481667594
280.0686065040944 283.92822728618927
280.3946508273338 284.87358176958867
280.730928753802 285.81534456146903
281.10475875377665 286.74284180196037
281.52053745879533 287.65230761685007
282.0008894751639 288.5293834062609
282.55530000785006 289.3616267368119
283.177191576231 290.1447300998341
283.8524669003245 290.882295850578
284.56678142422436 291.5821206579017
285.30882730143554 292.25246975808295
286.07088922977005 292.89997390276704
286.84820749720757 293.5290814540712
287.629820670826 294.1528449082957
288.39185364143003 294.80038313242807
289.1518554256941 295.45030411832977
289.9618504119791 296.0367409198635
290.78823878936885 296.59984148789306
291.62748355976754 297.1435953066
292.4783956287073 297.66890345514963
293.34062699894287 298.1754180790073
294.214181690544 298.66214408075933
295.0991466674044 299.1278016692624
295.9955869539661 299.5709662127778
296.90353063394116 299.9900584150356
297.82296057184715 300.3833122634367
298.75377417922385 300.74880648818225
299.69571906180585 301.08457402410187
300.6483312024317 301.3887616463553
301.6108983247817 301.65980506533236
302.5824594496477 301.89659396002384
303.5618429226204 302.09860389262093
304.54773768545726 302.2659703068467
305.5387841706034 302.39948758767406
306.53366562949293 302.5005365003738
307.5311824524753 302.5709651015747
308.5303003391177 302.61295853667235
309.5301728180338 302.6289280672254
310.53014474617345 302.62143520844563
311.5301321987603 302.6264446663842
312.529765899092 302.65350875996046
313.52875994067773 302.6983518739941
314.52718180264833 302.7545104489327
315.525223539182 302.8170619647967
316.5230510685049 302.88294232397385
317.5207718090354 302.9504206457907
318.51844666961364 303.0185739477665
319.51610767687674 303.08692974186454
320.51377078733117 303.15525483270545
321.5114435203194 303.2234392726591
322.5091291092582 303.29143534330984
323.50682865029296 303.3592263885817
324.5052361616227 303.41563951932653
325.50517585237645 303.4266219987966
326.5050987151931 303.41420151505116
327.5038846241272 303.4634631442853
328.501986859748 303.5250417708432
329.49976875121774 303.5916097590593
330.4973920523241 303.6605136710653
331.49493854411196 303.73052079014354
332.4924485712328 303.80104557864667
333.4899415093389 303.8718116611193
334.487426507135 303.94268957849664
335.4849078380851 304.01361908156787
336.482387483634 304.08457228245163
337.4798663574576 304.1555363316284
338.477344879039 304.2265053317892
339.4748232402813 304.297476585501
340.47230152870986 304.36844886257836
341.46977978414037 304.4394216034249
342.4672580246439 304.5103945540607
343.464736258406 304.58136759944335
344.4622144891278 304.6523406875546
345.4596927184803 304.7233137949107
346.4571709472168 304.7942869109248
347.4546491756764 304.8652600308298
348.4388739503238 305.04218259290235
349.41177431431345 305.273407335845
350.3785836623745 305.52890622919244
351.34250350189467 305.7950989093689
352.30511026723156 306.0660015031691
353.2671303592206 306.33898015180205
354.22889019176273 306.6128743366773
355.19053492394124 306.88717236633363
356.15212882139 307.16164855180205
357.1137002807153 307.43620333433375
358.0752618385866 307.7107927922965
359.03681902766607 307.9853975484999
359.9983742892134 308.26000905406846
360.95992870034337 308.53462353736563
361.92148273627714 308.8092393343977
362.88303660667856 309.0838557110325
363.84459040404914 309.3584723433806
364.80614416919946 309.63308908854594
365.76769792013454 309.907705883485
366.7510037990672 309.7257455898587
367.53570589158295 309.1058725173661
368.1283801572219 308.3004302693748
368.63162756660404 307.43628789398156
369.10151814098845 306.5535632211052
369.55984238244224 305.6647781572704
370.0142744458003 304.7739967588386
370.4674157697649 303.8825580674438
370.92013242884656 302.99090363517206
371.37271000453995 302.0991786002092
371.82524215232064 301.20743051065415
372.27775948687264 300.3156749040388
372.73027199604235 299.42391684882153
373.18278293435344 298.5321579964916
373.63529336148963 297.64039888477305
374.087803622325 296.74863968866754
374.54031382906624 295.85688046511274
374.99282401821335 294.9651212326301
375.4453342016384 294.07336199724386
375.8978443832025 293.18160276091334
376.35035456416153 292.28984352427574
376.8028647449236 291.3980842875382
377.25537492562177 290.5063250507683
377.7078851062991 289.6145658139878
378.16039528696973 288.72280657720387
378.61290546763803 287.8310473404188
379.0654156483056 286.9392881036334
379.517925828973 286.0475288668478
379.9704360096404 285.1557696300623
380.42294619030775 284.2640103932767
380.8754563709751 283.3722511564911
381.32796655164236 282.48049191970546
381.7804767323097 281.5887326829199
382.232986912977 280.6969734461343
382.68549709364424 279.80521420934866
383.13800727431163 278.9134549725631
383.59051745497885 278.0216957357774
384.0430276356462 277.1299364989918
384.4955378163134 276.2381772622062
384.9480479969807 275.3464180254206
385.40055817764807 274.454658788635
385.8530683583154 273.56289955184945
386.30557853898273 272.67114031506384
386.75808871965 271.7793810782783
387.2105989003172 270.8876218414926
387.66310908098455 269.99586260470704
388.1156192616519 269.1041033679214
388.56812944231916 268.21234413113586
389.02063962298644 267.32058489435025
389.47314980365377 266.4288256575647
389.925659984321 265.537066420779
390.3781701649884 264.64530718399345
390.8306803456557 263.7535479472079
391.283190526323 262.8617887104223
391.7357007069903 261.9700294736367
392.18821088765753 261.07827023685104
392.6407210683249 260.1865110000655
393.09323124899214 259.2947517632798
393.54574142965953 258.40299252649424
393.99825161032675 257.5112332897086
394.45076179099397 256.619474052923
394.90327197166135 255.72771481613745
395.35578215232863 254.83595557935183
395.8082923329959 253.94419634256622
396.2608025136633 253.05243710578063
396.7133126943306 252.16067786899504
397.16582287499796 251.26891863220945
397.6183330556653 250.37715939542386
398.0708432363325 249.4854001586382
398.52335341699984 248.59364092185263
398.9758635976671 247.701881685067
399.4283737783344 246.8101224482814
399.8808839590017 245.91836321149577
400.33339413966905 245.02660397471018
400.7859043203364 244.1348447379246
401.23841450100366 243.24308550113898
401.69092468167094 242.3513262643534
402.1434348623382 241.45956702756774
402.5959450430056 240.56780779078215
403.04845522367293 239.67604855399654
403.50096540434026 238.78428931721095
403.9534755850075 237.8925300804253
404.4059857656748 237.0007708436397
404.8584959463421 236.1090116068541
405.31100612700936 235.21725237006848
405.7635163076767 234.3254931332829
406.21602648834397 233.43373389649727
406.66853666901125 232.54197465971166
407.1210468496786 231.65021542292604
407.5735570303459 230.75845618614045
407.72693044100265 230.45620407895302
408.25855284475125 231.30318555444853
408.79017524849985 232.15016702994404
408.7901752485044 232.1501670299513
409.32179765225294 232.99714850544683
409.8534200560015 233.8441299809424
410.38504245974997 234.69111145643797
410.91666486349845 235.5380929319335
411.448287267247 236.38507440742904
411.97990967099554 237.2320558829246
412.5115320747441 238.07903735842015
413.0431544784926 238.9260188339157
413.57477688224117 239.77300030941126
414.1063992859897 240.6199817849068
414.63802168973825 241.46696326040234
415.1696440934868 242.31394473589785
415.70126649723534 243.16092621139336
416.2328889009839 244.00790768688893
416.7645113047324 244.8548891623845
417.29613370848097 245.70187063788003
417.8277561122295 246.54885211337557
418.35937851597805 247.39583358887114
418.8910009197266 248.2428150643667
419.42262332347514 249.08979653986222
419.9542457272237 249.93677801535776
420.4858681309722 250.7837594908533
421.01749053472076 251.63074096634887
421.5491129384693 252.47772244184443
422.08073534221785 253.32470391733995
422.6123577459664 254.17168539283549
423.14398014971493 255.01866686833102
423.6756025534635 255.86564834382656
424.207224957212 256.71262981932216
424.73884736096056 257.5596112948177
425.2704697647091 258.40659277031324
425.80209216845765 259.25357424580875
426.3337145722062 260.1005557213043
426.86533697595473 260.9475371967999
427.3969593797033 261.79451867229545
427.9285817834518 262.641500147791
428.46020418720036 263.4884816232866
428.99182659094896 264.33546309878216
429.52344899469756 265.1824445742777
430.0550713984461 266.0294260497733
430.58669380219465 266.87640752526886
431.1183162059432 267.7233890007644
431.64993860969173 268.57037047625994
432.1815610134403 269.41735195175545
432.7131834171888 270.264333427251
433.24480582093736 271.1113149027466
433.7764282246859 271.9582963782421
434.30805062843444 272.8052778537376
434.839673032183 273.6522593292332
435.37129543593153 274.49924080472874
435.9029178396801 275.3462222802243
436.4345402434286 276.1932037557199
436.96616264717716 277.04018523121545
437.4977850509257 277.887166706711
438.02940745467424 278.7341481822065
438.5610298584228 279.58112965770204
439.0926522621713 280.4281111331976
439.62427466591987 281.2750926086931
440.1558970696684 282.1220740841886
440.68751947341696 282.9690555596842
441.2191418771655 283.8160370351797
441.75076428091404 284.6630185106752
442.2823866846626 285.5099999861708
442.8140090884111 286.35698146166635
443.34563149215967 287.2039629371619
443.8772538959082 288.0509444126575
444.40887629965675 288.897925888153
444.9404987034053 289.7449073636485
445.47212110715384 290.5918888391441
446.0037435109024 291.4388703146396
446.5353659146509 292.2858517901351
447.06698831839947 293.13283326563067
447.598610722148 293.97981474112623
448.13023312589655 294.82679621662174
448.6618555296451 295.67377769211726
449.19347793339364 296.5207591676128
449.7251003371422 297.3677406431084
450.2567227408907 298.21472211860396
450.78834514463927 299.06170359409947
451.3199675483878 299.908685069595
451.85158995213635 300.75566654509055
452.3832123558849 301.60264802058606
452.91483475963344 302.44962949608157
453.446457163382 303.29661097157714
453.9780795671305 304.1435924470727
454.50970197087906 304.9905739225683
455.0413243746276 305.83755539806384
455.57294677837615 306.68453687355935
456.1045691821247 307.53151834905486
456.63619158587323 308.37849982455043
457.1678139896218 309.225481300046
457.6994363933703 310.0724627755415
458.23105879711886 310.919444251037
458.7626812008674 311.7664257265326
459.29430360461595 312.61340720202816
459.8259260083645 313.4603886775237
460.35754841211303 314.30737015301924
460.8891708158616 315.15435162851475
461.4207932196101 316.0013331040103
461.95241562335866 316.8483145795059
462.4840380271072 317.6952960550014
463.01566043085575 318.5422775304969
463.5472828346043 319.38925900599247
464.07890523835283 320.236240481488
464.6105276421014 321.0832219569835
465.1421500458499 321.93020343247906
465.67377244959846 322.77718490797463
466.205394853347 323.6241663834702
466.73701725709554 324.47114785896576
467.2686396608441 325.31812933446133
467.80026206459263 326.16511080995684
468.3318844683412 327.01209228545235
468.8635068720897 327.8590737609479
469.39512927583826 328.7060552364435
469.9267516795868 329.553036711939
470.45837408333534 330.4000181874345
470.9899964870839 331.2469996629301
471.5216188908324 332.09398113842565
472.05324129458097 332.94096261392116
472.5848636983295 333.78794408941667
473.11648610207806 334.63492556491224
473.6481085058266 335.4819070404078
474.17973090957514 336.3288885159034
474.7113533133237 337.17586999139894
475.2429757170723 338.02285146689445
475.77459812082077 338.86983294238996
476.3062205245693 339.71681441788553
476.9359001927337 340.4936693049143
477.6868545092725 341.1540234632806
478.52974052389743 341.69211561742316
479.42799042316926 342.1316006779862
480.35629485691186 342.50342170791043
481.30038660970513 342.83310452867573
482.2527528584049 343.13806112942007
483.20947663827803 343.42905873941925
484.1685004335376 343.7123842767893
485.1287360695149 343.99157511367207
486.08960721801134 344.268570846468
487.05080960818475 344.54441494215416
488.01218352889555 344.8196606225511
488.97364571749347 345.09459781519064
489.9351530642578 345.3693770395112
490.89668339305615 345.64407583237505
491.8582253632197 345.9187338736083
492.81977320567745 346.1933713558733
493.78132399934316 346.46799850529726
494.7428762712792 346.74262047880734
495.7044292814938 347.01723986732054
496.6659826594379 347.29185796826124
497.627536220104 347.5664754294144
498.4802993843839 348.0887732234431
499.1543436804337 348.82746415134375
