0.7296192906095011
155377
1835
0.0 100.0
0.0 101.0
0.0 102.0
0.0 103.0
0.0 104.0
0.0 105.0
0.0 106.0
0.0 107.0
0.0 108.0
0.0 109.0
0.0 110.0
0.0 111.0
0.0 112.0
0.0 113.0
0.0 114.0
0.0 115.0
0.0 116.0
0.0 117.0
0.0 118.0
0.0 119.0
0.0 120.0
0.0 121.0
0.0 122.0
0.0 123.0
0.0 124.0
0.0 125.0
0.0 126.0
0.0 127.0
0.0 128.0
0.0 129.0
0.0 130.0
0.0 131.0
0.0 132.0
0.0 133.0
0.0 134.0
0.0 135.0
0.0 136.0
0.0 137.0
0.0 138.0
0.0 139.0
0.0 140.0
0.0 141.0
0.0 142.0
0.0 143.0
0.0 144.0
0.0 145.0
0.0 146.0
0.0 147.0
0.0 148.0
0.0 149.0
0.0 150.0
0.0 151.0
0.0 152.0
0.0 153.0
0.0 154.0
0.0 155.0
0.0 156.0
0.0 157.0
0.0 158.0
0.0 159.0
0.0 160.0
0.0 161.0
0.0 162.0
0.0 163.0
0.0 164.0
0.0 165.0
0.0 166.0
0.0 167.0
0.0 168.0
0.0 169.0
0.0 170.0
0.0 171.0
0.0 172.0
0.0 173.0
0.0 174.0
0.0 175.0
0.0 176.0
0.0 177.0
0.0 178.0
0.0 179.0
0.0 180.0
0.0 181.0
0.0 182.0
0.0 183.0
0.0 184.0
0.0 185.0
0.0 186.0
0.0 187.0
0.0 188.0
0.0 189.0
0.0 190.0
0.0 191.0
0.0 192.0
0.0 193.0
0.0 194.0
0.0 195.0
0.0 196.0
0.0 197.0
0.0 198.0
0.0 199.0
0.0 200.0
0.0 201.0
0.0 202.0
0.0 203.0
0.0 204.0
0.0 205.0
0.0 206.0
0.0 207.0
0.0 208.0
0.0 209.0
0.0 210.0
0.0 211.0
0.0 212.0
0.0 213.0
0.0 214.0
0.0 215.0
0.0 216.0
0.0 217.0
0.0 218.0
0.0 219.0
0.0 220.0
0.0 221.0
0.0 222.0
0.0 223.0
0.0 224.0
0.0 225.0
0.0 226.0
0.0 227.0
0.0 228.0
0.0 229.0
0.0 230.0
0.0 231.0
0.0 232.0
0.0 233.0
0.0 234.0
0.0 235.0
0.0 236.0
0.0 237.0
0.0 238.0
0.0 239.0
0.0 240.0
0.0 241.0
0.0 242.0
0.0 243.0
0.0 244.0
0.0 245.0
0.0 246.0
0.0 247.0
0.0 248.0
0.0 249.0
0.0 250.0
0.0 251.0
0.0 252.0
0.0 253.0
0.0 254.0
0.0 255.0
0.0 256.0
0.0 257.0
0.0 258.0
0.0 259.0
0.0 260.0
0.0 261.0
0.0 262.0
0.0 263.0
0.0 264.0
0.0 265.0
0.0 266.0
0.0 267.0
0.0 268.0
0.0 269.0
0.0 270.0
0.0 271.0
0.0 272.0
0.0 273.0
0.0 274.0
0.0 275.0
0.0 276.0
0.0 277.0
0.0 278.0
0.0 279.0
0.0 280.0
0.0 281.0
0.0 282.0
0.0 283.0
0.0 284.0
0.0 285.0
0.0 286.0
0.0 287.0
0.0 288.0
0.0 289.0
0.0 290.0
0.0 291.0
0.0 292.0
0.0 293.0
0.0 294.0
0.0 295.0
0.0 296.0
0.0 297.0
0.0 298.0
0.0 299.0
0.0 300.0
0.0 301.0
0.0 302.0
0.0 303.0
0.0 304.0
0.0 305.0
0.0 306.0
0.0 307.0
0.0 308.0
0.0 309.0
0.0 310.0
0.0 311.0
0.0 312.0
0.0 313.0
0.0 314.0
0.0 315.0
0.0 316.0
0.0 317.0
0.0 318.0
0.0 319.0
0.0 320.0
0.0 321.0
0.0 322.0
0.0 323.0
0.0 324.0
0.0 325.0
0.0 326.0
0.0 327.0
0.0 328.0
0.0 329.0
0.0 330.0
0.0 331.0
0.0 332.0
0.0 333.0
0.0 334.0
0.0 335.0
0.0 336.0
0.0 337.0
0.0 338.0
0.0 339.0
0.0 340.0
0.0 341.0
0.0 342.0
0.0 343.0
0.0 344.0
0.0 345.0
0.0 346.0
0.0 347.0
0.0 348.0
0.0 349.0
0.0 350.0
0.0 351.0
0.0 352.0
0.16055636015126948 352.9870266740139
0.3211127203025402 353.97405334802784
0.4816690804538116 354.96108002204176
0.6422254406050827 355.9481066960557
0.8027818007563537 356.9351333700696
0.9633381609076246 357.9221600440835
1.1238945210588955 358.90918671809743
1.284450881210167 359.89621339211135
1.445007241361438 360.88324006612527
1.605563601512709 361.8702667401392
1.7661199616639802 362.8572934141531
1.9266763218152512 363.844320088167
2.087232681966524 364.83134676218094
2.247789042117792 365.81837343619486
2.408345402269064 366.8054001102088
2.568901762420334 367.7924267842227
2.729458122571605 368.7794534582366
2.890014482722877 369.76648013225054
3.050570842874148 370.75350680626445
3.21112720302542 371.7405334802784
3.3716835631766906 372.7275601542923
3.5322399233279627 373.7145868283062
3.6927962834792334 374.70161350232013
3.8533526436305054 375.68864017633405
4.013909003781777 376.67566685034797
4.174465363933048 377.6626935243619
4.335021724084317 378.6497201983758
4.495578084235589 379.6367468723897
4.656134444386864 380.62377354640364
4.816690804538136 381.61080022041756
4.977247164689406 382.5978268944315
5.137803524840674 383.5848535684454
5.298359884991946 384.57188024245926
5.458916245143208 385.5589069164732
5.619472605294479 386.5459335904871
5.780028965445751 387.532960264501
5.940585325597023 388.51998693851493
6.101141685748293 389.50701361252885
6.261698045899565 390.49404028654277
6.422254406050837 391.4810669605567
6.58281076620211 392.4680936345706
6.743367126353381 393.4551203085845
6.903923486504653 394.44214698259844
7.064479846655928 395.42917365661236
7.225036206807199 396.4162003306263
7.3855925669584686 397.4032270046402
7.546148927109738 398.3902536786541
7.706705287261011 399.37728035266804
7.867261647412282 400.36430702668196
8.027818007563555 401.3513337006959
8.188374367714827 402.3383603747098
8.348930727866097 403.3253870487237
8.509487088017371 404.31241372273763
8.670043448168643 405.29944039675155
8.830599808319914 406.28646707076547
8.991156168471187 407.2734937447794
9.151712528622458 408.2605204187933
9.312268888773728 409.2475470928072
9.472825248924995 410.23457376682114
9.633381609076272 411.22160044083506
9.79393796922754 412.208627114849
9.954494329378809 413.1956537888629
10.11505068953008 414.1826804628768
10.275607049681351 415.16970713689074
10.43616340983262 416.15673381090465
10.596719769983894 417.1437604849186
10.757276130135166 418.1307871589325
10.917832490286438 419.1178138329464
11.078388850437708 420.10484050696033
11.23894521058898 421.09186718097425
11.399501570740254 422.07889385498817
11.560057930891523 423.0659205290021
11.720614291042793 424.052947203016
11.881170651194061 425.0399738770299
12.041727011345335 426.02700055104384
12.202283371496605 427.01402722505776
12.362839731647876 428.0010538990717
12.524612926638325 428.9878818645158
12.689123119361927 429.9742572476688
12.854849351999224 430.96042904599597
13.02176287739307 431.94640058465245
13.18966878966581 432.9322036099186
13.358331931076984 433.91787736158767
13.527539784964638 434.903457750081
13.697123801655554 435.88897348373666
13.86695996215293 436.8744457961775
14.036963419913933 437.85988926200866
14.207073381679326 438.8453143484096
14.3772498397166 439.83072795351654
14.547467474859975 440.81613444663816
14.717710543523278 441.80153654607375
14.88796932026042 442.7869359315738
15.058237803509794 443.772333639919
15.228512285207525 444.7577303117637
15.3987904707922 445.7431263435773
15.569070939210429 446.7285219809105
15.73935281068405 447.71391737578887
15.909635541402421 448.6993126221845
16.079918796132024 449.68470777802736
16.25020236896257 450.67010287890014
16.420486133959358 451.65549794656516
16.590770014466017 452.64089299426917
16.761053964056412 453.62628803003497
16.93133795475836 454.61168305869637
17.101621969806004 455.5970780831507
17.271905999202154 456.5824731051255
17.442190037015777 457.5678681256456
17.61278100238246 458.55321005743133
17.784292647276686 459.53839215007497
17.95741512720722 460.5232924531223
18.132684671583696 461.50781293884825
18.31036866243894 462.49190053626717
18.490466011321494 463.4755493277195
18.67277462053969 464.45879068720603
18.85697782213366 465.4416788703289
19.04271983565622 466.42427741725055
19.229658351873667 467.40664903285966
19.417494033729575 468.3888494994762
19.60598207881574 469.3709249837744
19.794932147865246 470.3529116799196
19.985322495555735 471.33462014759533
20.179290060381184 472.3156280903744
20.379277680965252 473.2954265143439
20.58718334233292 474.2735753966574
20.803935567325603 475.2498020470623
21.029493999171898 476.2240316882778
21.26612262344331 477.1956318602495
21.518682393071423 478.16321315542075
21.795179460466752 479.12422791686913
22.108319860217623 480.0739347611342
22.478704175379136 481.00281336411865
22.939854220590778 481.8901355354867
23.535634505841067 482.69328300121583
24.301401971217317 483.3364005557665
25.226112824115546 483.71707080484333
26.224735087876354 483.76954531600103
27.197133153764383 483.53621721769906
28.109864032392696 483.12765590871544
28.97844656516743 482.6321113761469
29.817300346052527 482.08775456825816
30.625861414846316 481.49934229949497
31.400579010057513 480.86703489983074
32.17723575113645 480.2371108516022
33.0182310030833 479.69606835215984
33.95022009277413 479.33358202593877
34.93964705438927 479.18855000316785
35.93902988837273 479.2236776438399
36.929191972144224 479.3636027947646
37.913258710548284 479.5414022727357
38.8981232978049 479.71472781836553
39.887027160000216 479.8632847143185
40.8800031931369 479.9816003836787
41.87588803862663 480.07222805342644
42.87352909538427 480.14087440709136
43.87213936363425 480.1935767044389
44.8712630097458 480.23543288415897
45.87065627834638 480.2702623928529
46.87019254484694 480.30071320483114
47.86980582581548 480.32852127041116
48.8694610925689 480.3547767013192
49.86913937263416 480.3801407776035
50.86883025202739 480.4050033128319
51.868527988518295 480.42958858596364
52.86822942447992 480.4540229661743
53.86793283639422 480.4783763685425
54.86763729279462 480.5026868570851
55.86734229572093 480.5269748607926
56.86704758186272 480.55125120442517
57.866753013446676 480.5755215579773
58.86645851909569 480.5997888605683
59.86616406216976 480.6240546213637
60.86586962401959 480.6483196086193
61.86557519522691 480.6725842103476
62.86528077106945 480.69684862110347
63.86498634919512 480.72111293779335
64.86469192843953 480.7453772083908
65.86439750822946 480.76964145651175
66.86410308828422 480.7939056937215
67.86380866846703 480.8181699256561
68.86351424871148 480.8424341550502
69.86321982898554 480.8666983832253
70.86292540927374 480.8909626108172
71.86263098956869 480.91522683813116
72.86233656986684 480.93949106531295
73.86204215016652 480.96375529243204
74.8617477304669 480.9880195195216
75.86145331076764 481.012283746597
76.86115889106854 481.03654797366585
77.86086447136951 481.0608122007317
78.86057005167052 481.085076427796
79.86027563197155 481.10934065485964
80.85998121227257 481.1336048819229
81.8596867925736 481.1578691089861
82.85968324071689 481.16053438585857
83.85571075693659 481.0714884037302
84.81006937145106 480.77282532448874
85.60399218915111 480.1648067725224
86.08980136817095 479.2907418770026
86.24570313159376 478.3029693120051
86.16818105270839 477.30597867649976
85.95471975919405 476.3290271545852
85.66513891989796 475.3718735945372
85.38725752558537 474.4112582028768
85.24836523294906 473.4209507096979
85.45607568511993 472.44276035600444
86.31728419841956 471.9345085516591
87.22485447186607 472.35440877642236
87.91839184267467 473.0748294280502
88.54732233180218 473.85229096397705
89.15264149111549 474.64827382520474
89.84109655168973 475.37355282639646
90.74683038022849 475.79739977028134
91.61121355864599 475.29456607921753
92.185948612958 474.47622653028634
92.56781449225754 473.5520087798472
92.92690298653001 472.6187052636848
93.37323017083199 471.723835415856
93.95020701494512 470.9070749115726
94.68997192940655 470.23420949313294
95.47824223982954 469.61888037980765
96.46076004077665 469.80504904210625
97.39660062970758 470.1574726396552
98.38712567590109 470.2948048385867
99.38126254897462 470.4029338245044
100.34379376481455 470.67410472731973
101.23691560677828 471.123919550783
102.03354300390238 471.7283902201717
102.76091037466735 472.4146385046479
103.47956540425443 473.1100052772573
104.20055899091423 473.8029470121784
104.91744252925045 474.50013994993844
105.63533736868575 475.1962915135452
106.32314153052508 475.9221878112052
106.93089197107203 476.71631588778666
107.46753239715032 477.5601269170453
107.96814626116688 478.4257976160726
106.97097663266132 478.50098226866936
105.97328997656882 478.5689626794872
104.97533154087517 478.63282942065877
103.97722795992713 478.6943862374925
102.97904624606898 478.7546628176807
101.98082238022947 478.81423725572625
100.98257580266062 478.87342991044034
99.98431702538022 478.93241646469346
98.98605172002283 478.99129243703965
97.98778293547 479.0501093885709
96.98951230385947 479.1088949825878
95.99124069524035 479.1676639831323
94.99296857155775 479.2264242339675
93.99473295675844 479.28580147999844
92.99653419158821 479.3457950230894
91.99836321700792 479.4062491834542
91.00021081232438 479.4670091787181
90.00207001170003 479.5279595038115
89.00393616036175 479.58902352605537
88.00580635071066 479.6501535766514
87.0076788421888 479.7113211884404
86.00955262282996 479.77250983304407
85.01151870389616 479.8351859581448
84.0135785268904 479.89933736590564
83.01570966926447 479.96458874888197
82.01788877946142 480.0305695936222
81.0200979896541 480.0970040709341
80.02249831302014 480.1662491803628
79.02508862586907 480.23817911833885
78.02782341268359 480.3120851030093
77.03107342740017 480.3926423301059
76.0356332565162 480.4880303072859
76.90573149780327 480.980908639645
77.90320403415483 481.05196171293807
78.90271666518943 481.0831787019389
79.9023750380697 481.1093156017236
80.9020645096695 481.13423467820206
81.90201438424609 481.14424708721674
82.90067203224098 481.0924503488896
83.88160011283209 480.8980793101316
84.78418057313472 480.4675580996438
85.47013774557479 479.7399161838789
85.8427846282371 478.8119429618288
85.94222074578965 477.8168990137913
85.85784472726283 476.82046502827217
85.65813825533891 475.8406092607882
85.43651584713216 474.86547670150173
85.31224346318663 473.87322855986145
85.58294622114656 472.91056557790307
86.50073973051994 472.513507554244
87.4189074101023 472.9096995685128
88.16103927009104 473.57995347740825
88.81987377138327 474.3322413876574
89.52130548976803 475.04497804620934
90.48321068196257 475.31836129593245
91.44121092571189 475.03159391114775
92.04547988991254 474.2348135029399
92.50331740035651 473.34577761275864
92.96958620585954 472.4611345203113
93.5124494687614 471.6213134216292
94.1818341075668 470.87839740663736
94.91797524002314 470.2015693390265
95.84365594643533 469.82326360317757
96.83851577503624 469.924525251575
97.82514193799756 470.0875246827403
98.80194268345561 470.301674872263
99.75260889470947 470.61189053076566
100.65420525884082 471.0444688429649
101.49477561397099 471.58617123180613
102.28842592963085 472.19454543938974
103.05325043267635 472.83878412151086
103.79917971938167 473.5048092706121
104.53412033879668 474.18294073716845
105.25057527868535 474.88057410729147
105.92473565077589 475.6191591008452
106.54527269510001 476.4033362342924
107.11862980750773 477.2226418071109
107.68310563285931 478.0480914073856
108.26254994935441 478.86310323802456
109.23785564345441 479.0839624761291
110.22918334277266 479.2153755369884
111.22119903731961 479.34149001582625
112.21324558136307 479.46736159503075
113.20529335712338 479.5932234661794
114.19734117825385 479.7190849797181
115.18938900097433 479.8449464807245
116.18143682374885 479.97080798130474
117.17348464652518 480.09666948187083
118.16553246930155 480.2225309824365
119.15758029207792 480.3483924830022
120.14962811485432 480.47425398356785
121.14167593763068 480.6001154841336
122.13372376040708 480.72597698469923
123.12577158318348 480.85183848526486
124.11781940595986 480.97769998583055
125.10986722873625 481.1035614863962
126.10191505151263 481.2294229869617
127.093962874289 481.35528448752746
128.08601069706538 481.4811459880931
129.07805851984173 481.6070074886587
130.07010634261812 481.7328689892244
131.06215416539447 481.8587304897901
132.05420198817086 481.9845919903557
133.04624981094724 482.1104534909215
134.03829763372366 482.23631499148684
135.03034545650002 482.36217649205287
136.02239327927643 482.4880379926184
137.01444110205284 482.613899493184
138.00648892482926 482.73976099374966
138.99853674760564 482.8656224943154
139.99058457038205 482.991483994881
140.98263239315844 483.1173454954468
141.97468021593482 483.2432069960123
142.9667280387112 483.36906849657794
143.9587758614876 483.4949299971436
144.95082368426395 483.6207914977093
145.94287150704034 483.746652998275
146.93491932981672 483.8725144988405
147.92696715259308 483.9983759994063
148.9190149753695 484.12423749997197
149.91106279814588 484.25009900053755
150.90311062092226 484.37596050110324
151.89515844369865 484.50182200166876
152.887206266475 484.6276835022346
153.8792540892514 484.75354500280014
154.87130191202777 484.87940650336566
155.86334973480413 485.0052680039314
156.85539755758052 485.13112950449704
157.8474453803569 485.25699100506273
158.83949320313332 485.38285250562825
159.83154102590967 485.50871400619405
160.82358884868603 485.6345755067598
161.81563667146244 485.7604370073254
162.80768449423883 485.88629850789107
163.7997323170152 486.0121600084567
164.7917801397916 486.1380215090224
165.783827962568 486.2638830095879
166.7758757853444 486.3897445101536
167.76792360812078 486.5156060107193
168.7599714308972 486.6414675112848
169.75201925367358 486.7673290118504
170.74406707644994 486.8931905124161
171.7361148992263 487.0190520129819
172.72816272200268 487.1449135135476
173.72021054477906 487.2707750141132
174.71225836755542 487.3966365146789
175.7043061903318 487.5224980152445
174.70744203834676 487.4433660843497
173.7105841191185 487.36415567548886
172.71372930813877 487.2849061592344
171.7168760466515 487.2056371548117
170.72002355745815 487.1263584389478
169.72317145315392 487.0470748836274
168.72631954065855 486.9677889166828
167.72946772374863 486.8885017479643
166.7326159544719 486.80921398037134
165.73576420893215 486.7299259143439
164.73891247522118 486.65063769959886
163.74206074740482 486.5713494107441
162.7452090225259 486.4920610849585
161.74835729911075 486.4127727407694
160.75150557642505 486.3334843874094
159.75465385410286 486.2541960294792
158.7578021319618 486.17490766927153
157.760950409911 486.09561930792904
156.7640986879052 486.016330946021
155.76724696592183 485.93704258383116
154.77039524394962 485.85775422150084
153.77354352198296 485.77846585910055
152.77669180001908 485.69917749666536
151.77984007805657 485.6198891342128
150.78298835609476 485.5406007717516
149.7861366341333 485.46131240928605
148.78928491217198 485.3820240468184
147.79243319021077 485.30273568434967
146.79558146824962 485.22344732188037
145.79872974628847 485.1441589594109
144.80187802432732 485.0648705969412
143.80502630236617 484.9855822344714
142.80817458040505 484.9062938720016
141.81132285844393 484.82700550953183
140.8144711364828 484.7477171470621
139.8176194145217 484.66842878459227
138.82076769256057 484.58914042212245
137.82391597059944 484.50985205965264
136.82706424863832 484.43056369718283
135.8302125266772 484.351275334713
134.83336080471608 484.2719869722432
133.83650908275496 484.1926986097734
132.8396573607938 484.1134102473036
131.84280563883266 484.0341218848338
130.84595391687154 483.954833522364
129.84910219491042 483.8755451598942
128.85225047294932 483.7962567974244
127.8553987509882 483.71696843495454
126.85854702902708 483.6376800724847
125.86169530706594 483.5583917100149
124.86484358510482 483.4791033475451
123.8679918631437 483.3998149850753
122.87114014118258 483.3205266226055
121.87428841922144 483.2412382601357
120.87743669726032 483.1619498976659
119.8805849752992 483.0826615351961
118.88373325333808 483.00337317272636
117.88688153137696 482.92408481025655
116.89002980941584 482.84479644778673
115.89317808745471 482.7655080853169
114.8963263654936 482.6862197228471
113.89967816273452 482.60441287755225
112.90313375460542 482.52135119790023
111.90664165969832 482.43766425275544
110.91017578016957 482.3536657352985
109.91372300074904 482.2695119570997
108.91727675845107 482.18528080959356
107.9208337759972 482.10101110733683
106.924392418557 482.01672219239106
105.92795187103751 481.9324237033236
104.93151172715484 481.84812044324974
103.9350717844224 481.76381480567215
102.93863194192994 481.679507983329
101.94219214938994 481.59520057058944
100.94575238174255 481.51089286364146
99.94931262649976 481.42658501008253
98.9528728774385 481.342277083464
97.95643313145763 481.25796912043813
96.96133998262576 481.1590265858644
95.96699821437659 481.0527983037775
94.97305076096856 480.9429417615796
93.97930472068121 480.8312779473279
92.98566026184085 480.7187137904402
91.99910828894633 480.5552659248134
91.01706984851833 480.36658497314704
90.0607480029722 480.07426917177594
89.1582581755309 479.64355800246994
88.34031271615878 479.0682622302861
87.62912275457138 478.36526234512445
87.03671963838457 477.55962064564994
86.59714313367598 476.66141549285453
86.41079344863897 475.6789320095905
86.67114177047495 474.71341724982904
87.49953010616508 474.15326301634286
88.48747884104752 474.3080444662786
89.42132799272754 474.66571157674093
90.41048479211273 474.51884828578613
91.30100454306563 474.0639037032678
92.06912489761184 473.42359821294946
92.75660198759975 472.69739214664196
93.4344148921458 471.96215771706807
94.1851072447874 471.30150577263333
95.04757151337269 470.7953878166056
95.99906595936969 470.4877218951309
96.9925737424354 470.3739577312309
97.99113882032586 470.42750943725065
98.97139833449332 470.62522459823776
99.91739951398208 470.94938777999334
100.81947099941604 471.38097442849744
101.67552072083231 471.89786791313736
102.4902468166402 472.47771391752957
103.27114630623456 473.10237061296414
104.02293945128113 473.76176963257285
104.74490530907727 474.45369831399654
105.43276038510356 475.1795463658537
106.08465214125933 475.93785839810437
106.70564217361826 476.72167685904463
107.30818033370453 477.51976693268284
107.90782980770328 478.3200297072344
108.51571039485133 479.11405816501696
109.13660782052048 479.89794998586814
109.77340576427699 480.668980710825
110.44071667607366 481.41375997140966
111.17460705367839 482.0930278962075
112.01886523874143 482.62896456872954
112.98067828940121 482.90267181302625
113.97699327503423 482.8169020665938
114.89639177122504 482.42357471539367
115.7545130689894 481.91012769931194
116.67563882572811 481.52086257080373
117.67296636142602 481.4478024138183
118.64441956674305 481.6850336720438
119.52894867211806 482.1515186790317
120.3047024636531 482.7825543792254
120.9827646099678 483.51755895454124
121.58976705985351 484.3122589141692
122.14439878393812 485.1443548525314
122.64993548194899 486.00715995622767
123.1077795162676 486.89619248670044
123.52944810857116 487.8029425064218
123.92824686303692 488.71998097531866
124.32249567358329 489.63898471599805
124.7374992342828 490.54880450288266
125.18375721449877 491.4437088637468
125.67793294685005 492.3130708973985
126.25012347663562 493.1331916187705
126.91617869117296 493.879094059568
127.65962047592171 494.54789471199706
128.44371637833123 495.16853439476364
129.2489375383167 495.7615090008908
130.09138277954418 496.3002909749148
130.98590595642617 496.74731254712464
131.9202476181112 497.103691080765
132.8744100603201 497.4029802952014
133.83989725990517 497.6634308038156
134.81522651949615 497.8841859518546
135.79381600961153 498.0900077433047
136.77725317921866 498.2712571114004
137.77319799127122 498.36122339033653
138.77249438147078 498.32371706374823
139.7632283670699 498.1879003866468
140.74571226129814 498.0015528683319
141.72586216908422 497.80329506075066
142.7103633609036 497.62791717358635
143.699802237313 497.4829664583426
144.6864393769544 497.32003348230586
145.65033420127887 497.05375023529143
146.56738971040343 496.6549906671501
147.42348592818206 496.1381741949812
148.21003434920345 495.52064558723197
148.91734925160367 494.813746988533
149.5422575080992 494.03304879398934
150.10320570404969 493.2051978886568
150.6462741556531 492.3655094602066
151.26464139394054 491.5796201813558
152.05515227940106 490.96717219175304
152.99277052198656 490.61950564005315
153.96303047113656 490.3774402954137
154.88591814153463 489.99237101875406
155.70189454320072 489.41428580710783
154.7339353219176 489.16317836808423
153.75218469802755 488.97300551909814
152.76352882880434 488.82280707619503
151.77150118943854 488.69678659081944
150.77780009711367 488.584723487559
149.78324769327145 488.4804857016479
148.78825375621864 488.3805503964344
147.7930282193027 488.28294849752655
146.79768059811136 488.18659958477315
145.80226855476445 488.0909185314767
144.80682255016896 487.9955914527695
143.81135867567747 487.90045116381475
142.81588541830553 487.80540910019397
141.8204072446052 487.7104185444197
140.82492649989774 487.6154549360389
139.82944441303007 487.52050539825393
138.8339616266083 487.4255631951094
137.83847847608644 487.33062480968437
136.84299513630526 487.2356884087725
135.84751169826458 487.14075303819493
134.85202820926662 487.04581820195233
133.85654469387012 486.950883642524
132.86106116481164 486.8559492263554
131.86557762868955 486.76101488425616
130.8700940889188 486.6660805804167
129.8746105472651 486.5711462963218
128.87912700464054 486.47621202240737
127.88364346151585 486.3812777537374
126.88815991813374 486.28634348776677
125.89267637461924 486.1914092231844
124.8971928310367 486.0964749593153
123.90170928741924 486.0015406958124
122.90622574378385 485.9066064324975
121.91074220013928 485.81167216927895
120.91525865649001 485.71673790610964
119.91977511283834 485.6218036429657
118.92412918732987 485.5285878126664
117.92818402168987 485.4386254481003
116.93189835443656 485.352515813183
115.93530376072522 485.27005845580766
114.93846300527954 485.1906323374177
113.94144154942671 485.1135076554469
112.94429466148898 485.03802200200136
111.94706419440894 484.9636486497351
110.94977977884503 484.8900022345245
109.95246143139954 484.8168167588574
108.95512220206462 484.74391640474573
107.95777036003032 484.67118880894594
106.9604110226612 484.59856407374764
105.96304729393185 484.52599967052504
104.96568102439397 484.453470197977
103.96831330094494 484.38096072120265
102.97094475367398 484.30846257698784
101.97357574368306 484.23597079876646
100.97620647582971 484.1634825683999
99.97883706528947 484.0909963012963
98.9814675762976 484.01851111365016
97.98409804442136 483.9460265160795
96.98672848922666 483.8735422393654
95.98935892141367 483.80105813627716
94.99198934680273 483.7285741267276
93.9946197685444 483.65609016736573
92.99724011607515 483.5837449613024
91.99984145180184 483.5116623385294
91.00242037269489 483.43989054077355
90.00497814261317 483.368413288101
89.00751842970965 483.29718042255115
88.01004548629004 483.2261330640794
87.01256314301473 483.1552177987693
86.01507443135475 483.0843921670327
85.01758156233785 483.0136251107109
84.02008605911183 482.94289519452354
83.02258892719436 482.8721882513255
82.02509080871054 482.8014952274742
81.02759210292251 482.7308104911359
80.03009305269097 482.66013061573153
79.0325938030472 482.58945355467125
78.0350944392555 482.518778104654
77.03759501077201 482.4481035676898
76.0400868298336 482.37755267144513
75.04256217351733 482.3072351057798
74.04501809799265 482.23719356535094
73.04745569546347 482.1674135319588
72.04987814080437 482.0978504495059
71.052289116971 482.02845203794516
70.0546919432938 481.95917087837586
69.05708924745535 481.88996927972494
68.05948294639904 481.8208196731263
67.06187436086908 481.75170303202657
66.06426436284153 481.6826067815101
65.06664690483225 481.61361832251066
64.06901646454828 481.5448178528988
63.07137100452741 481.47623552208574
62.07371146464432 481.4078583147703
61.076040318676526 481.33965065755126
60.078360400991045 481.2715714254235
59.080674255711784 481.2035835182796
58.08298169874077 481.1356897647771
57.08528224289562 481.06789746575794
56.08757614262282 481.00020302375236
55.089864326667126 480.93259287434887
54.09215470481335 480.8649503547298
53.094454455256724 480.7971697377759
52.096788124235275 480.72889168898854
51.09917506662417 480.6598396268628
52.07909585800653 480.46045245923017
53.07909432646404 480.4622026256907
54.078864394754746 480.4836458192493
55.078578170598874 480.5075699992244
56.078282912420725 480.5318687477292
57.07798666280711 480.5562082519021
58.077690772605585 480.58053298935283
59.0773953440729 480.6048387456124
60.07710026802274 480.6291299998088
61.07680543094252 480.653411417221
62.07651074885396 480.6776864525368
63.076216165255374 480.70195743145575
64.07592164357038 480.7262258600612
65.07562716056411 480.75049269529586
66.07533270162915 480.77475853885926
67.07503825763833 480.79902376674585
68.07474382291043 480.8232886130047
69.07444939391793 480.847553222966
70.07415496847405 480.87181768672326
71.07386054522466 480.89608206006596
72.07356612333189 480.9203463775153
73.07327170227755 480.94461066042066
74.07297728174129 480.9688749219808
75.07268286152512 480.99313917035334
76.0723884415067 481.01740341057865
77.07209402161043 481.0416676457715
78.07179960178958 481.06593187785586
79.07150518201534 481.09019610802005
80.07121076226989 481.11446033699843
81.0709163425422 481.13872456524444
82.07088955854339 481.1460435324022
83.0689469420045 481.08374217351854
84.04488592888055 480.8656983845784
84.92902917070666 480.3984824517024
85.5716769105093 479.6323206655721
85.89351697995447 478.685526617376
85.95514261875076 477.68742728332006
85.84710370074482 476.69328061798535
85.63289229541066 475.7164932952662
85.40841040729569 474.74201503388304
85.29633980807309 473.7483147869324
85.61265453556011 472.79966048046725
86.56206482119399 472.4856220918384
87.45963231833684 472.9264991586867
88.19192922301409 473.6074846529522
88.84699644673238 474.36305525349854
89.5500282594098 475.07421365383107
90.51719319851352 475.3283631778686
91.46955525838514 475.0233934959048
92.05984000105191 474.2161984001722
92.51394555974564 473.32525051080745
92.98036368942157 472.44068613875214
93.52492873812022 471.6019675281706
94.19701274441515 470.8614926207749
94.93460537047208 470.18624665226685
95.86321388035627 469.8151856931635
96.8570193477147 469.926319365147
97.84344380697317 470.0905350348519
98.8200363975239 470.3056324827247
99.77013203568188 470.6175912594135
100.67067946402864 471.05234904174523
101.51001261337558 471.5959664296269
102.30276015233382 472.20551654198493
103.06704572525547 472.8503944862689
103.81262671976819 473.51680950757424
104.54736611296775 474.19515899278133
105.26348427599733 474.89313805878487
105.93686502380696 475.6324339186944
106.55641119154919 476.4173941380915
107.12890256790449 477.23730487957425
107.69321267910071 478.0628677774819
108.27291940045743 478.8776929840225
109.2507759605644 479.08696923173284
110.24227010809187 479.21712051070756
111.23429587266149 479.343155753517
112.22634291119016 479.4690234354155
113.21839070817416 479.59488513927806
114.21043853014336 479.72074664620595
115.20248635289529 479.84660814696434
116.19453417567094 479.9724696475359
117.18658199844732 480.0983311481016
118.17862982122371 480.2241926486673
119.17067764400008 480.35005414923313
120.16272546677648 480.4759156497987
121.15477328955286 480.6017771503644
122.14682111232925 480.72763865093
123.13886893510565 480.85350015149555
124.13091675788202 480.9793616520613
125.12296458065842 481.1052231526269
126.1150124034348 481.23108465319257
127.10706022621119 481.35694615375814
128.09910804898757 481.48280765432384
129.09115587176396 481.6086691548894
130.08320369454034 481.73453065545516
131.07525151731673 481.8603921560209
132.06729934009311 481.9862536565865
133.0593471628695 482.11211515715223
134.0513949856459 482.23797665771775
135.0434428084223 482.36383815828344
136.03549063119868 482.48969965884913
137.02753845397507 482.61556115941477
138.01958627675145 482.74142265998046
139.01163409952784 482.8672841605462
140.00368192230428 482.9931456611115
140.99572974508064 483.1190071616774
141.98777756785702 483.24486866224316
142.97982539063344 483.3707301628086
143.9718732134098 483.4965916633744
144.9639210361862 483.62245316393995
145.9559688589626 483.74831466450564
146.948016681739 483.8741761650712
147.9400645045154 484.0000376656369
148.93211232729178 484.12589916620266
149.9241601500682 484.2517606667682
150.91620797284455 484.377622167334
151.90825579562093 484.5034836678996
152.90030361839732 484.62934516846536
153.89235144117373 484.7552066690308
154.88439926395012 484.8810681695964
155.8764470867265 485.0069296701621
156.86849490950289 485.1327911707279
157.86054273227927 485.2586526712935
158.85259055505566 485.38451417185905
159.844638377832 485.51037567242474
160.83668620060837 485.6362371729905
161.82873402338475 485.762098673556
162.8207818461611 485.8879601741218
163.8128296689375 486.0138216746875
164.80487749171388 486.1396831752532
165.79692531449027 486.2655446758187
166.78897313726665 486.3914061763843
167.78102096004304 486.51726767695004
168.77306878281942 486.6431291775156
169.7651166055958 486.76899067808137
170.7571644283722 486.8948521786469
171.74921225114858 487.0207136792126
172.74126007392493 487.14657517977815
173.73330789670132 487.27243668034396
174.7253557194777 487.39829818090965
175.71740354225412 487.5241596814752
176.70945136503053 487.65002118204086
177.70149918780692 487.7758826826065
178.6935470105833 487.9017441831721
179.6855948333597 488.02760568373776
180.67764265613607 488.1534671843034
181.66969047891243 488.2793286848692
182.6628381236426 488.39619508622957
181.90233567902925 487.74686001730356
181.14183323441588 487.09752494837755
180.38133078980255 486.44818987945166
179.62082834518918 485.79885481052554
178.86032590057582 485.14951974159965
178.1257654652079 484.47097647341985
177.39120502984002 483.79243320524006
176.65664459447208 483.1138899370603
175.96564012138722 482.39103945585646
175.27463564830236 481.66818897465254
174.6727896057591 480.8695768403376
174.2462359619166 479.96511457527356
175.14762753553012 479.5321096895984
176.1448270753296 479.4573228069004
177.13037009467953 479.626748179884
178.1116502100657 479.8193340961594
179.08899572439358 480.03098415078534
180.06332343311217 480.25611859067226
181.03508227788473 480.49209474965085
182.00452459735874 480.7374141113263
182.97193879285913 480.9906131917834
183.93767367067352 481.2501438176695
184.90208686797536 481.51454348648554
185.86549938752583 481.78256646530144
186.82817500793178 482.05322427486186
187.79031841183894 482.3257679783626
188.75208258305958 482.5996469278207
189.7135790589758 482.8744641885608
190.67406426910222 483.1527952165265
191.6329262475714 483.4366679102577
192.58996258177677 483.72663593437545
193.54528277215542 484.0222088253091
194.49914964263877 484.32243872620893
195.4518639743733 484.6263061349707
196.403702880468 484.9329047273427
197.35358821989726 485.2455032589089
198.30062071530415 485.566641006057
199.24452720490376 485.89685387511537
200.1855203566829 486.2352794774342
201.12405354071586 486.5804685016933
202.0585910895472 486.93633304028117
202.98786612200064 487.30572160813165
203.91157274603262 487.68882221204586
204.83016155694435 488.08403683281256
205.7408736175435 488.49707864991984
206.64146285431357 488.9317498205925
207.52795183853516 489.39449951627455
208.39799299197634 489.887478614532
209.24674817730244 490.4162646160317
210.07140690354973 490.98189522448934
210.867055014381 491.58765432159856
211.63331316780787 492.23018715523966
212.38143197415206 492.8937519611133
213.13052531564006 493.5562164248684
213.8966771433163 494.19887603690916
214.68584935468482 494.8130480167354
215.49656793568707 495.39848407850275
216.326867351644 495.9558016539134
217.1788455872595 496.47937885551556
218.05966501274435 496.9528312181547
218.97916930496916 497.3459111802236
219.9416085493521 497.61740832730175
220.93267370122283 497.75078697906974
221.93252274886507 497.76816172882104
222.93088052613498 497.7108751809701
223.92465268642482 497.59944406577836
224.9105052364451 497.4318291809424
225.88240611428566 497.19643868909367
226.83937196827668 496.9062381475794
227.79275783395514 496.6044842890713
228.7598953957564 496.3502306036445
229.7464411734454 496.18674534888436
230.743255389564 496.10698684749514
231.7367863608672 495.99342537048244
232.7192125291196 495.80677375936455
233.67921153695073 495.5267703576651
234.61262046055703 495.16795594695657
235.53938864224955 494.7923221659912
236.488260119446 494.4766594983173
237.47201112319314 494.2971213056493
238.47198178353207 494.30478149241725
239.45515564783193 494.4874537468998
240.40491486640343 494.8004352587156
241.32278526299206 495.1973155115203
242.2233609808225 495.6320146907858
243.12661667704052 496.06111741420955
244.045879931885 496.4547607404488
244.9842278432858 496.80045308512797
245.9404944578128 497.09294951577476
246.9141291212933 497.3210625186246
247.904272611279 497.46111918301057
248.90398090030573 497.4852715504163
249.89765148289177 497.37293823699974
250.864647061245 497.11814508276416
251.78593007825702 496.72925229218407
252.61762062468546 496.1740128528594
253.413343557308 495.5683520447344
254.18542721532077 494.93283113632174
254.96457278223744 494.30598810528915
255.7900451476737 493.74154557154367
256.69005941781063 493.3056851425646
257.65424464093735 493.04045532617107
258.64741976127647 492.92382265347885
259.64610509051056 492.87256240403974
260.6429716535872 492.7934608527288
261.62723851866224 492.61677260095365
262.5734823780067 492.2933184950082
263.4573828187025 491.8256433824164
264.27225845308004 491.24600754803595
265.02339635877456 490.58586222567965
265.7146778004545 489.8632766124898
266.34387173224377 489.08602826337636
266.91084456734177 488.2622917737992
267.42131424519556 487.4023960196569
267.9166582008254 486.5336990842295
268.44444167066507 485.6843201293666
269.02063533123317 484.86700693020657
269.65021619292395 484.09007196600896
270.3324204669527 483.358910336479
271.0683262698396 482.6818264057308
271.8628914049388 482.07464748145503
272.7220061807597 481.5628645177231
273.6447581946254 481.17747027683885
274.61562485616815 480.93784989893913
275.61179600227325 480.85042537338904
276.6103823214512 480.90357951857686
277.5956127535168 481.074813264468
278.56014053820024 481.33879461338023
279.50199614037 481.6748125067453
280.4201949736597 482.07093231506775
281.312538077773 482.522290027466
282.17425402976903 483.0296810187888
282.99902566629544 483.59514697495376
283.781477613443 484.21785794354605
284.51799798739285 484.8942733031859
285.2061190400127 485.6198692079024
285.84270989584576 486.3910709209903
286.4289780685607 487.20118796788006
286.97298351069503 488.04026965575576
287.48642014679547 488.89839716417737
287.9827309529904 489.7665420735411
288.4743165814581 490.6373713162081
288.96789055896875 491.5070751328746
289.47040846507423 492.37164193425167
289.9833276357332 493.23007884187535
290.5210921256784 494.07317394526166
291.1113979902999 494.88035359453033
291.7794506246752 495.62446761650824
292.5397765836196 496.27400932891413
293.3948732162582 496.79247798645304
294.3649566630205 497.035249702923
295.3628523492894 497.10008950031533
296.35138949449436 496.9491116458131
297.2894417286753 496.60261777004007
298.1745141136102 496.13716436375154
299.04881265729233 495.6517758013448
299.9648259145047 495.2506278079419
300.9458051784898 495.05651525391414
301.94353334152237 495.12388373832414
302.89309108474805 495.43747597719516
303.8631248166727 495.68044626123907
304.85956986546194 495.7646915266457
305.84980091654444 495.625255285044
306.77282691819516 495.24051771178557
307.58123028812395 494.6518888036544
308.2820682152748 493.93856825869096
308.8979883193668 493.15075963638776
309.5011599518725 492.3531482136133
310.1070347285033 491.55758818756703
310.7345280162542 490.7789662165005
311.394727717372 490.02787610563234
312.08568672921024 489.304982168765
312.7953921840261 488.6004836468328
313.50796509700024 487.89888558262817
314.2086858454891 487.1854499284608
314.8871253520815 486.45079365788615
315.53978376167566 485.69314136270975
316.173211838661 484.91933979170676
316.8066276108781 484.1455281482775
317.4640571812068 483.39201214973633
318.1605878266801 482.67448510500805
318.8962091536963 481.99709211475874
319.65892784556684 481.3503617249738
320.43121372617645 480.7150865730821
321.19550832087344 480.0702193212256
321.9368213563626 479.39905988903837
322.6696632670321 478.71866093697696
323.4299590106716 478.0690838574832
324.2668494318758 477.52171339527627
325.1881713511924 477.13291277672374
326.1714138150218 476.95061012363647
327.1699775236429 477.00418735597475
328.12891885729425 477.2877918668961
329.0096797308576 477.76135314445145
329.7797455451756 478.39931759614035
330.54168176643043 479.04696965916486
331.3108024328032 479.68607325057894
332.0888369671115 480.31429475882555
332.87266842543613 480.935268385432
333.662567832531 481.54850482162203
334.4660074491759 482.1438910680247
335.2965698117075 482.70081670215006
336.16991817753103 483.18791282399184
337.09693401197944 483.5629350135779
338.0739656732153 483.7760292015388
339.07386815627257 483.7899943143535
340.0593132170102 483.6200001018995
341.0124679337055 483.3175169022976
341.95383689954986 482.9801380793921
342.90543905674974 482.6728054673697
343.8657814593236 482.39398210066844
344.8254258644969 482.1127657860284
345.77050033939463 481.78591071585686
346.6942081486856 481.4028129697725
347.6115188824824 481.00464087423944
348.5522213994912 480.6654082483124
349.53044355854877 480.4578476366139
350.53044355697267 480.45790378061537
351.49622178512067 480.71727304254784
352.4333372538447 481.06629252377815
353.3314818300332 481.50599278561924
354.1831955901795 482.03000010501233
354.98850903719926 482.62284937088776
355.74757028167426 483.2738685926747
356.46234928335343 483.97321899037144
357.1326707648037 484.71528981684713
357.7719426053837 485.4842706448536
358.42717762208065 486.23969573901854
359.2039720234642 486.86945002283016
360.14414034605164 487.21016034730394
361.0912890577599 486.8893655251679
361.9602844314263 486.39454531484245
362.7403836663711 485.7688895119935
363.42272562366543 485.0378563709419
364.0820214314714 484.28597271118497
364.6904098161197 483.4923332631829
365.25259798997536 482.6653239179051
365.7525677814326 481.7992810739129
366.20378298453534 480.9068659011995
366.64308495472335 480.008526444764
367.09521856232766 479.1165762214473
367.5771329196814 478.24035789695483
368.1337372513864 477.4095801782314
368.8320486959564 476.69378612518096
369.6811358477996 476.16553333666513
370.64411379259525 475.89595314852585
371.64352057248965 475.93039278123445
372.54309644588375 476.3671573036116
373.3707149435746 476.9284483353232
374.10854299548623 477.6034370506454
374.774550254137 478.3493823109859
375.4094857563186 479.1219474590928
376.0354719383165 479.90178160809353
376.6525654034262 480.6886714703481
377.2646491202645 481.47946444172646
377.9237543266099 482.2315151893282
378.76643197336836 482.7699335987958
379.7583354531484 482.6429395564147
380.6636785420404 482.2182586274862
381.36287704087505 481.50333103728747
382.01092755438526 480.7417336817648
382.62321553532854 479.9510988555698
383.2202897876091 479.14891288133214
383.8187139476994 478.3477334228959
384.4269471770308 477.553975059956
385.04633637331244 476.7688909730394
385.67594661478785 475.99197981735347
386.315809307377 475.2234905626254
386.966556063629 474.4641957192164
387.62755337193636 473.713807447446
388.29727577116506 472.9711959016353
388.9774637367101 472.2381581594094
389.6792231992338 471.52574419494886
390.4257315582475 470.86036815846825
391.2433193465073 470.28456419140264
392.1540628167085 469.8715916360363
393.13268760934375 469.6659377636205
394.13227834322095 469.69454483873864
395.09858656411177 469.95193252733077
395.95751576846203 470.46402687597583
396.75989316826576 471.06084385653537
397.495170346991 471.73861038746315
398.16565985417435 472.48052939972604
398.7796907557431 473.26981138477237
399.3487922535711 474.0920786680628
399.8825405628294 474.9377220576568
400.3988869432799 475.79410188892075
400.9172425732572 476.6492670430698
401.44380682455164 477.4994023789186
401.97628258731595 478.3458476294036
402.51348472170935 479.1893011650552
403.06431367692494 480.02391931852185
403.6696462889197 480.81989194924205
404.41044231380886 481.49162199137834
405.2861316317232 481.9744969425725
406.23943600135846 482.2765081655996
407.2114264204572 482.51152864381424
408.1643256742168 482.8148156566988
409.11100769336804 483.1369851068578
410.09728425510946 483.30208672332327
411.0971527513609 483.31830369603534
412.08478130497076 483.1614922165623
413.03869515206634 482.86141160686014
413.955402728379 482.46185282578926
414.842807384234 482.00086152785946
415.6936418046621 481.475427622392
416.5213067452423 480.9142050763959
417.32951721136027 480.3253113317718
418.20416243671485 479.84054775046184
419.177106229221 479.6095058135246
420.1481952126512 479.8482236098039
421.08188936852946 480.20629514354926
421.9977729673034 480.6077390792327
422.9448233340983 480.9288241189863
423.930691337689 481.096348085917
424.9300766662483 481.061291487958
425.8959395751676 480.8022377460937
426.7810675114139 480.3368899874482
427.52271602223175 479.66610128271213
428.20323341394794 478.93336935385156
428.81640869530486 478.14342247314823
429.3816884724639 477.3185232226121
429.93976541508994 476.48873401678384
430.57244963031076 475.7143241228579
431.3180797034624 475.0479640144991
432.18705969013183 474.55311678275183
433.1558490823396 474.30523149971623
434.1526086071305 474.3856706054966
435.07566869416985 474.77032639411146
436.01076350387814 475.12472404768243
436.9507129298302 475.46603779872737
437.88728610037424 475.8165099034903
438.8190400326218 476.17960026378825
439.75199371735334 476.5395966834175
440.6953955909688 476.8712484659528
441.65369505568253 477.1570143420287
442.62278727134003 477.4037131007448
443.5936569763985 477.643321146936
444.5548863110773 477.91907133488326
445.49210979429654 478.2678006604389
446.384731415837 478.71860731606694
447.2221832109125 479.2651185153344
448.0022031559183 479.8908731680483
448.728617772714 480.57812989191905
449.41007082950983 481.30999171725466
450.05681254591923 482.0727008048207
450.6792455086482 482.85537392107585
451.2891295364227 483.64786459778156
451.8971957040889 484.44175094716644
452.51550648363985 485.2276846465909
453.1583833632239 485.9936541745071
453.83423547122425 486.7306914382269
454.55128883663656 487.42770970997515
455.3178010812063 488.0699394032506
456.1325433921868 488.64976262346363
456.98140621054586 489.1783758238356
457.8430221759693 489.6859365868261
458.6951590581999 490.20925554687074
459.5262840560321 490.76534118593946
460.3321112107849 491.3574920085033
461.11512884130684 491.979491518384
461.8830127370447 492.62008056189507
462.6395151306581 493.27407148572905
463.3853498342922 493.94020255005125
464.11404957024683 494.6250358836585
464.82435421829723 495.3289302698827
465.5372350460924 496.030215465336
466.3039301669784 496.6722268294174
467.20266361920886 497.11072219067216
468.20143509527304 497.16027558208623
469.2001088423205 497.10879017679287
470.1916116390913 496.97870480484175
471.16830962191733 496.76408642179047
472.11511034823707 496.44226599882086
473.0096047534479 495.99518685700525
473.8310785293127 495.42494056322835
474.5662149984172 494.74702141480975
475.2282204365961 493.9975223822409
475.8511514688844 493.215245622384
476.49977693103796 492.4541378705866
477.29548567005605 491.8484584152224
478.2737576845056 491.6411329084828
479.27316521312537 491.60671500996716
480.2595314618319 491.7712799619239
481.20063518124834 492.10939797283197
482.0987215589256 492.54921709273304
482.9792170068179 493.02327169532737
483.8613615763111 493.4942504193836
484.7486368769426 493.9554906397561
485.64394624927166 494.40093550482885
486.55949244914984 494.8031483289514
487.5097395914118 495.11464530907006
488.4963285932706 495.27786951503
489.48616112612865 495.1356318375467
490.44475623802145 494.8508592766227
491.36072790518585 494.4496163265885
492.25271772295093 493.9975608377341
493.15789576195925 493.57252822992973
494.10318012601294 493.2462806689034
495.0685398883581 492.9853582106042
496.0073861892849 492.6410217135028
496.8794899286491 492.15170068617317
497.6399987240866 491.50237305541793
498.25687541731827 490.71531324489047
498.7215610227462 489.82983750377264
499.01858184598404 488.87496650171886
499.26085550957157 487.9047585487872
499.45033756078584 486.92287436403444
499.59466654882226 485.93334460540547
499.70281082115946 484.9392093951042
499.78301493812535 483.9424309344513
499.8421027292907 482.9441781443549
499.8854309756905 481.9451172537862
499.91708803187873 480.9456184639953
499.9401462555636 479.9458843401801
499.9568939168993 478.9460245920955
499.969025615035 477.9460981838532
499.97779108244333 476.9461366013006
499.98410875832406 475.94615655801397
499.98865144493743 474.94616687606805
499.9919104792235 473.94617218673443
499.99424359343357 472.94617490844905
499.99591047855563 471.946176297703
499.99709911724244 470.94617700413426
499.9979452132535 469.9461773620735
499.9985464762065 468.9461775428321
499.99897308661343 467.9461776338303
499.9992753358844 466.9461776795076
499.9994891851446 465.94617770237335
499.9996402967998 464.9461777137907
499.99974694957604 463.9461777194781
499.9998221402456 462.9461777223049
499.99987509492894 461.9461777237071
499.9999123531485 460.9461777244012
499.99993854363487 459.9461777247442
499.9999569383541 458.9461777249134
499.9999698473779 457.9461777249967
499.99997889980534 456.94617772503767
499.99998524328146 455.9461777250578
499.9999896854795 454.9461777250676
499.9999927942831 453.9461777250724
499.9999949686292 452.9461777250748
499.9999964885403 451.9461777250759
499.99999755041904 450.9461777250765
499.99999829191904 449.9461777250767
499.9999988094521 448.94617772507684
499.9999991705015 447.94617772507695
499.99999942227294 446.946177725077
499.99999959776875 445.94617772507706
499.9999997200491 444.94617772507706
499.99999980521847 443.94617772507706
499.9999998645186 442.94617772507706
499.99999990579295 441.94617772507706
499.9999999345115 440.94617772507706
499.9999999544875 439.94617772507706
499.99999996837846 438.94617772507706
499.99999997803513 437.94617772507706
499.9999999847464 436.94617772507706
499.9999999894095 435.94617772507706
499.99999999264867 434.94617772507706
499.9999999948982 433.94617772507706
499.99999999646 432.94617772507706
499.9999999975442 431.94617772507706
499.99999999829663 430.94617772507706
499.9999999988187 429.94617772507706
499.9999999991809 428.94617772507706
499.9999999994321 427.94617772507706
499.99999999960625 426.94617772507706
499.99999999972704 425.94617772507706
499.9999999998108 424.94617772507706
499.99999999986886 423.94617772507706
499.99999999990916 422.94617772507706
499.999999999937 421.94617772507706
499.99999999995634 420.94617772507706
499.99999999996976 419.94617772507706
499.99999999997897 418.94617772507706
499.99999999998545 417.94617772507706
499.99999999998994 416.94617772507706
499.99999999999295 415.94617772507706
499.9999999999951 414.94617772507706
499.9999999999966 413.94617772507706
499.9999999999976 412.94617772507706
499.9999999999983 411.94617772507706
499.99999999999886 410.94617772507706
499.9999999999992 409.94617772507706
499.99999999999943 408.94617772507706
499.99999999999955 407.94617772507706
499.99999999999966 406.94617772507706
499.9999999999998 405.94617772507706
499.99999999999983 404.94617772507706
499.99999999999983 403.94617772507706
499.9999999999998 402.94617772507706
499.9999999999998 401.94617772507706
499.9999999999998 400.94617772507706
499.9999999999998 399.94617772507706
499.9999999999998 398.94617772507706
499.9999999999998 397.94617772507706
499.99999999999983 396.94617772507706
499.9999999999999 395.94617772507706
499.9999999999999 394.94617772507706
499.9999999999999 393.94617772507706
499.9999999999999 392.94617772507706
499.9999999999999 391.94617772507706
499.9999999999999 390.94617772507706
499.9999999999999 389.94617772507706
499.9999999999999 388.94617772507706
499.9999999999999 387.94617772507706
499.9999999999999 386.94617772507706
499.9999999999999 385.94617772507706
499.9999999999999 384.94617772507706
499.9999999999999 383.94617772507706
499.9999999999999 382.94617772507706
499.9999999999999 381.94617772507706
499.9999999999999 380.94617772507706
499.9999999999999 379.94617772507706
499.9999999999999 378.94617772507706
499.9999999999999 377.94617772507706
499.9999999999999 376.94617772507706
499.9999999999999 375.94617772507706
499.9999999999999 374.94617772507706
499.9999999999999 373.94617772507706
499.9999999999999 372.94617772507706
499.9999999999999 371.94617772507706
499.9999999999999 370.94617772507706
499.9999999999999 369.94617772507706
499.9999999999999 368.94617772507706
499.9999999999999 367.94617772507706
499.9999999999999 366.94617772507706
499.9999999999999 365.94617772507706
499.9999999999999 364.94617772507706
499.9999999999999 363.94617772507706
499.9999999999999 362.94617772507706
499.9999999999999 361.94617772507706
499.9999999999999 360.94617772507706
499.9999999999999 359.94617772507706
499.9999999999999 358.94617772507706
499.9999999999999 357.94617772507706
499.9999999999999 356.94617772507706
499.9999999999999 355.94617772507706
499.9999999999999 354.94617772507706
499.9999999999999 353.94617772507706
499.9999999999999 352.94617772507706
499.9999999999999 351.94617772507706
499.9999999999999 350.94617772507706
499.9999999999999 349.94617772507706
499.9999999999999 348.94617772507706
499.9999999999999 347.94617772507706
499.9999999999999 346.94617772507706
499.9999999999999 345.94617772507706
499.9999999999999 344.94617772507706
499.9999999999999 343.94617772507706
499.9999999999999 342.94617772507706
499.9999999999999 341.94617772507706
499.9999999999999 340.94617772507706
499.9999999999999 339.94617772507706
499.9999999999999 338.94617772507706
499.9999999999999 337.94617772507706
499.9999999999999 336.94617772507706
499.9999999999999 335.94617772507706
499.9999999999999 334.94617772507706
499.9999999999999 333.94617772507706
499.9999999999999 332.94617772507706
499.9999999999999 331.94617772507706
499.9999999999999 330.94617772507706
499.9999999999999 329.94617772507706
499.9999999999999 328.94617772507706
499.9999999999999 327.94617772507706
499.9999999999999 326.94617772507706
499.9999999999999 325.94617772507706
499.9999999999999 324.94617772507706
499.9999999999999 323.94617772507706
499.9999999999999 322.94617772507706
499.9999999999999 321.94617772507706
499.9999999999999 320.94617772507706
499.9999999999999 319.94617772507706
499.9999999999999 318.94617772507706
499.9999999999999 317.94617772507706
499.9999999999999 316.94617772507706
499.9999999999999 315.94617772507706
499.9999999999999 314.94617772507706
499.9999999999999 313.94617772507706
499.9999999999999 312.94617772507706
499.9999999999999 311.94617772507706
499.9999999999999 310.94617772507706
499.9999999999999 309.94617772507706
499.9999999999999 308.94617772507706
499.9999999999999 307.94617772507706
499.9999999999999 306.94617772507706
499.9999999999999 305.94617772507706
499.9999999999999 304.94617772507706
499.9999999999999 303.94617772507706
499.9999999999999 302.94617772507706
499.9999999999999 301.94617772507706
499.9999999999999 300.94617772507706
499.9999999999999 299.94617772507706
499.9999999999999 298.94617772507706
499.9999999999999 297.94617772507706
499.99999999999983 296.94617772507706
499.99999999999983 295.94617772507706
499.99999999999983 294.94617772507706
499.99999999999983 293.94617772507706
499.99999999999983 292.94617772507706
499.99999999999983 291.94617772507706
499.9999999999999 290.94617772507706
499.9999999999999 289.94617772507706
499.9999999999999 288.94617772507706
499.9999999999999 287.94617772507706
499.9999999999999 286.94617772507706
499.9999999999999 285.94617772507706
499.9999999999999 284.94617772507706
499.9999999999999 283.94617772507706
499.9999999999999 282.94617772507706
499.9999999999999 281.94617772507706
499.9999999999999 280.94617772507706
499.9999999999999 279.94617772507706
499.9999999999999 278.94617772507706
499.9999999999999 277.94617772507706
499.9999999999999 276.94617772507706
499.9999999999999 275.94617772507706
499.9999999999999 274.94617772507706
499.9999999999999 273.94617772507706
499.9999999999999 272.94617772507706
499.9999999999999 271.94617772507706
499.9999999999999 270.94617772507706
499.9999999999999 269.94617772507706
499.9999999999999 268.94617772507706
499.9999999999999 267.94617772507706
499.9999999999999 266.94617772507706
499.9999999999999 265.94617772507706
499.9999999999999 264.94617772507706
499.9999999999999 263.94617772507706
499.9999999999999 262.94617772507706
499.9999999999999 261.94617772507706
499.9999999999999 260.94617772507706
499.9999999999999 259.94617772507706
499.9999999999999 258.94617772507706
499.9999999999999 257.94617772507706
499.9999999999999 256.94617772507706
499.9999999999999 255.94617772507706
499.9999999999999 254.94617772507706
499.9999999999999 253.94617772507706
499.9999999999999 252.94617772507704
499.9999999999999 251.946177725077
499.9999999999999 250.946177725077
499.9999999999999 249.946177725077
499.9999999999999 248.946177725077
499.9999999999999 247.946177725077
499.9999999999999 246.946177725077
499.9999999999999 245.946177725077
499.9999999999999 244.946177725077
499.9999999999999 243.946177725077
499.9999999999999 242.946177725077
499.9999999999999 241.946177725077
499.9999999999999 240.946177725077
499.9999999999999 239.946177725077
499.9999999999999 238.946177725077
499.99999999999983 239.946177725077
499.99999999999983 240.94617772507698
499.99999999999983 241.94617772507698
499.99999999999983 242.94617772507698
499.99999999999983 243.94617772507698
499.99999999999983 244.94617772507698
499.99999999999983 245.94617772507695
499.9999999999999 246.94617772507695
499.9999999999999 247.94617772507695
499.9999999999999 248.94617772507695
499.99999999999983 249.94617772507695
499.9999999999998 250.94617772507695
499.9999999999998 251.94617772507695
499.9999999999998 252.94617772507695
499.9999999999998 253.94617772507695
499.9999999999998 254.94617772507695
499.9999999999998 255.94617772507695
499.9999999999998 256.94617772507695
499.9999999999998 257.94617772507695
499.9999999999998 258.94617772507695
499.9999999999998 259.94617772507695
499.9999999999998 260.94617772507695
499.9999999999998 261.94617772507695
499.9999999999998 262.94617772507695
499.9999999999998 263.94617772507695
499.9999999999998 264.9461777250769
499.9999999999998 265.9461777250769
499.9999999999998 266.9461777250769
499.9999999999998 267.9461777250769
499.9999999999998 268.9461777250769
499.9999999999998 269.9461777250769
499.9999999999998 270.9461777250769
499.9999999999998 271.9461777250769
499.9999999999998 272.9461777250769
499.9999999999998 273.9461777250769
499.9999999999998 274.9461777250769
499.9999999999998 275.9461777250769
499.9999999999998 276.9461777250769
499.9999999999998 277.9461777250769
499.9999999999998 278.9461777250769
499.9999999999998 279.9461777250769
499.9999999999998 280.9461777250769
499.9999999999998 281.9461777250769
499.9999999999998 282.9461777250769
499.9999999999998 283.9461777250769
499.9999999999998 284.9461777250769
499.9999999999998 285.9461777250769
499.9999999999998 286.9461777250769
499.9999999999998 287.9461777250769
499.9999999999998 288.9461777250769
499.9999999999998 289.9461777250769
499.9999999999998 290.9461777250769
499.9999999999998 291.9461777250769
499.9999999999998 292.9461777250769
499.9999999999998 293.9461777250769
499.9999999999998 294.9461777250769
499.9999999999998 295.9461777250769
499.9999999999998 296.9461777250769
499.9999999999998 297.9461777250769
499.9999999999998 298.9461777250769
499.9999999999998 299.9461777250769
499.9999999999998 300.9461777250769
499.9999999999998 301.9461777250769
499.9999999999998 302.9461777250769
499.9999999999998 303.9461777250769
499.9999999999998 304.9461777250769
499.9999999999998 305.9461777250769
499.9999999999998 306.9461777250769
499.9999999999998 307.9461777250769
499.9999999999998 308.9461777250769
499.9999999999998 309.9461777250769
499.9999999999998 310.94617772507684
499.9999999999998 311.94617772507684
499.9999999999998 312.94617772507684
499.9999999999998 313.94617772507684
499.9999999999998 314.94617772507684
499.9999999999998 315.94617772507684
499.9999999999998 316.94617772507684
499.9999999999998 317.94617772507684
499.9999999999998 318.94617772507684
499.9999999999998 319.94617772507684
499.9999999999998 320.94617772507684
499.9999999999998 321.94617772507684
499.9999999999998 322.94617772507684
499.9999999999998 323.94617772507684
499.9999999999998 324.94617772507684
499.9999999999998 325.94617772507684
499.9999999999998 326.94617772507684
499.9999999999998 327.94617772507684
499.9999999999998 328.9461777250768
499.9999999999998 329.9461777250767
499.9999999999997 330.9461777250767
499.9999999999997 331.9461777250767
499.9999999999997 332.9461777250767
499.9999999999997 333.9461777250767
499.9999999999997 334.9461777250767
499.9999999999997 335.9461777250767
499.9999999999997 336.9461777250767
499.9999999999997 337.9461777250767
499.9999999999997 338.9461777250767
499.9999999999997 339.9461777250767
499.9999999999997 340.9461777250767
499.9999999999997 341.9461777250767
499.9999999999997 342.9461777250767
499.9999999999997 343.9461777250767
499.9999999999997 344.9461777250767
499.9999999999997 345.9461777250767
499.9999999999997 346.9461777250767
499.9999999999998 347.9461777250767
499.99999999999983 348.9461777250767
500.0 349.9461777250767
