5.171158094634137
215581
1080
0.0 100.0
0.2948337838106414 99.0444514455435
0.9261070604190651 98.26889097063514
1.61237864424104 97.54154558277703
2.2991906620906115 96.8147104899689
2.9802725172386055 96.0825032060744
3.6653622724411843 95.35404454059196
4.369658980403038 94.64413880941768
5.104995640788034 93.96643681304033
5.874035654479053 93.32723617369294
6.670160212903706 92.72210338870013
7.481212460995805 92.13712967060269
8.29342132697361 91.55376292658393
9.094309132746941 90.95494849575951
9.874771251189513 90.3297454234093
10.630359745989315 89.67469883993132
11.361609659716274 88.99258919795702
12.07363227977246 88.29043267087184
12.777071258773137 87.5796770146703
13.487848740102635 86.87626008849145
14.225438784077452 86.20101129950385
15.010215032097573 85.58123211258042
15.857987193510725 85.05087151606813
16.771526440136018 84.6441209231057
17.73650357000213 84.38178690160763
18.729034711774435 84.25979537480283
19.729001972878216 84.25170360610844
20.726321359035904 84.32487492558573
21.717449553346725 84.45778430238876
22.69934029757216 84.6472323596615
23.665640203390645 84.90465126342573
24.603469496702154 85.25174810381301
25.495570550640675 85.70358403594079
26.315047849789845 86.27669567967104
27.057343110642933 86.94676862026411
27.38748405607069 87.89070026829381
27.906166830589534 88.74566703923723
28.51794088276352 89.53669959804037
29.17641791219565 90.28930042298693
29.86232609595031 91.01698851788636
30.561307768578473 91.73212809959747
31.258874357873207 92.44864805989147
31.941719785196916 93.17921094040422
32.60088933559625 93.93120529133137
33.23410170374087 94.70518338974803
33.845572806845695 95.49645015264646
34.442396000564315 96.29882293099796
35.030709279865725 97.1074560278952
35.618105901735106 97.91675523623316
36.225204929922626 98.71138141877043
36.897721223849956 99.45146373473416
37.692102315908194 100.05888342537678
38.62862968673126 100.40947789723742
39.62833947785255 100.38538778440616
40.542726459386245 99.98054652168496
41.287348497810775 99.31306017733588
41.882368358172556 98.50934918091053
42.52208669692181 97.74073975664624
43.3911297024569 97.24600320601496
44.39065821975283 97.21529908394304
45.33614922014296 97.5409473116079
46.20691476092184 98.03264576899012
47.03695638289738 98.59034721760598
47.84813262060836 99.17514898861309
48.650038538356526 99.77259932050728
49.4467949655899 100.37689990437455
50.24041575702333 100.98531262564572
51.03204885722804 101.59630938067824
51.82241317347136 102.20894650623399
52.611973827823775 102.82261903543713
53.401031758333076 103.43693783077093
54.18977933068195 104.05165505609796
54.97833766565959 104.66661501604436
55.76678190803021 105.28172124806662
56.55515805600647 105.896914753642
57.343493930922186 106.51215986603287
58.13180618176409 107.12743524760812
58.920104677452144 107.74272825235948
59.70839521824725 108.3580314485912
60.496681186992426 108.97334050222155
61.284964542895686 109.58865290320652
62.07324641343711 110.20396720709982
62.86152744367222 110.81928258751176
63.64980800066918 111.434598574189
64.43808829227086 112.04991490086366
65.22636843562115 112.66523141746273
66.01615976225072 113.27860704493801
66.81146270002145 113.88481924967596
67.61773096360649 114.47636932121307
68.43974096210957 115.04584237796024
69.28001116723749 115.58801023238755
70.13850558332281 116.10083314290377
71.01330320611726 116.5853216558256
71.90155821679394 117.044672323625
72.80027971992236 117.48319217473167
73.70678591411985 117.90538468992064
74.61888571023088 118.31535293495213
75.53489453326367 118.71651105356133
76.45357193809029 119.11151969379725
77.3740342264025 119.5023510842907
78.29566863265399 119.89041038544643
79.22946059722983 120.2482267725692
80.19762120580253 120.49855662697759
81.19719361502696 120.52779698807785
82.15637860317331 120.24501764209461
82.96782738316591 119.66059409923507
83.58612880970571 118.8746530416876
84.04501412305233 117.98615753286676
84.39178433860035 117.04820741819712
84.68590215218339 116.0924382453666
84.95616712606163 115.12965226504978
85.21394890619364 114.16344910120071
85.46452650081154 113.1953525827298
85.71087607468631 112.2261715431651
85.95478697236999 111.25637389726616
86.19732391598468 110.28623172676636
86.43910280235411 109.3159003554782
86.68047044454426 108.34546660642391
86.9216179292659 107.3749781260119
87.16264877397006 106.40446067026924
87.40361832707043 105.4339279946325
87.64455588165617 104.46338737477662
87.88547681734444 103.492842629416
88.12638915776014 102.52229575046815
87.88548834908659 103.49284549179026
87.64458701493794 104.4633951026837
87.40368523593615 105.43394460315949
87.1627830910723 106.40449401282393
86.92188065424534 107.37504335001954
86.68097799112903 108.34559263104728
86.44007515734523 109.31614186971316
86.19917219803173 110.28669107722095
85.95826914847584 111.25724026232939
85.7173660353803 112.22778943166645
85.47646287838427 113.19833859010684
85.23555969157417 114.16888774114697
84.99465648483186 115.13943688723968
84.75375326495379 116.10998603007191
84.51285003653223 117.08053517078352
84.27194680262087 118.0510843101325
84.03104356522111 119.0216334486156
83.7901403256275 119.99218258655418
83.54923708466734 120.96273172415356
83.30833384286348 121.93328086154352
83.06743060054302 122.90382999880525
82.8265273579087 123.87437913598907
82.5856241150851 124.8449282731259
82.34472087214809 125.81547741023459
82.10381762914355 126.78602654732653
81.86291438609908 127.75657568440855
81.6220111430311 128.72712482148472
81.38110789994938 129.69767395855752
81.14020465685964 130.6682230956283
80.89930141376526 131.63877223269793
80.6583981706682 132.6093213697669
80.4174949275696 133.57987050683548
80.17659168447013 134.55041964390384
79.93568844137015 135.52096878097208
79.69478519826988 136.49151791804024
79.45388195516946 137.46206705510838
79.21297871206895 138.4326161921765
78.97207546896837 139.40316532924462
78.73117222586777 140.37371446631272
78.49026898276716 141.3442636033808
78.24936573966653 142.31481274044887
78.00846249656593 143.28536187751695
77.7675592534653 144.25591101458502
77.52665601036469 145.2264601516531
77.28575276726406 146.19700928872118
77.04484952416342 147.16755842578925
76.80394628106279 148.13810756285733
76.56304303796219 149.1086566999254
76.32213979486156 150.07920583699348
76.08123655176092 151.04975497406156
75.84033330866029 152.02030411112963
75.59943006555966 152.9908532481977
75.35852682245905 153.96140238526579
75.11762357935842 154.93195152233386
74.87672033625779 155.90250065940194
74.63581709315716 156.87304979647
74.39491385005653 157.8435989335381
74.15401060695592 158.81414807060617
73.9131073638553 159.78469720767424
73.67220412075469 160.75524634474232
73.43130087765408 161.7257954818104
73.19039763455346 162.69634461887847
72.94949439145284 163.66689375594655
72.70859114835221 164.63744289301462
72.46768790525158 165.6079920300827
72.22678466215095 166.57854116715077
71.98588141905032 167.54909030421885
71.7449781759497 168.51963944128693
71.50407493284908 169.490188578355
71.26317168974845 170.46073771542308
71.02226844664781 171.43128685249116
70.78136520354718 172.40183598955923
70.54046196044656 173.3723851266273
70.29955871734595 174.34293426369538
70.05865547424531 175.31348340076346
69.81775223114468 176.28403253783154
69.57684898804405 177.2545816748996
69.33594574494343 178.2251308119677
69.09504250184281 179.19567994903576
68.8541392587422 180.16622908610384
68.61323601564158 181.13677822317192
68.37233277254096 182.10732736024
68.13142952944034 183.07787649730807
67.89052628633972 184.04842563437614
67.6496230432391 185.01897477144422
67.40871980013847 185.9895239085123
67.16781655703784 186.96007304558037
66.9269133139372 187.93062218264845
66.68601007083657 188.90117131971652
66.44510682773596 189.8717204567846
66.20420358463534 190.84226959385268
65.9633003415347 191.81281873092075
65.72239709843409 192.78336786798883
65.48149385533345 193.7539170050569
65.24059061223284 194.72446614212498
64.9996873691322 195.69501527919306
64.75878412603157 196.66556441626113
64.51788088293097 197.6361135533292
64.27697763983035 198.6066626903973
64.03607439672973 199.57721182746536
63.795171153629106 200.54776096453344
63.55426791052848 201.51831010160151
63.31336466742785 202.4888592386696
63.07246142432723 203.45940837573767
62.8315581812266 204.42995751280574
62.59065493812598 205.40050664987382
62.34975169502535 206.3710557869419
62.10884845192473 207.34160492400997
61.867945208824096 208.31215406107805
61.62704196572348 209.28270319814612
61.386138722622846 210.2532523352142
61.14523547952221 211.22380147228228
60.90433223642159 212.19435060935035
60.66342899332096 213.16489974641843
60.42252575022034 214.1354488834865
60.18162250711971 215.10599802055458
59.94071926401909 216.07654715762266
59.69981602091846 217.04709629469073
59.458912777817844 218.0176454317588
59.218009534717226 218.98819456882688
58.97710629161661 219.95874370589496
58.73620304851598 220.92929284296304
58.49529980541536 221.8998419800311
58.254396562314724 222.8703911170992
58.0134933192141 223.84094025416726
57.77259007611348 224.81148939123534
57.531686833012856 225.78203852830342
57.29078358991222 226.7525876653715
57.049880346811605 227.72313680243957
56.80897710371099 228.69368593950765
56.56807386061037 229.66423507657572
56.327170617509736 230.6347842136438
56.086267374409104 231.60533335071187
55.84536413130848 232.57588248777995
55.60446088820785 233.54643162484803
55.36355764510723 234.5169807619161
55.1226544020066 235.48752989898418
54.88175115890598 236.45807903605225
54.64084791580535 237.42862817312033
54.399944672704734 238.3991773101884
54.1590414296041 239.36972644725648
53.91813818650348 240.34027558432456
53.67723494340285 241.31082472139263
53.436331700302226 242.2813738584607
53.1954284572016 243.2519229955288
52.954525214100975 244.22247213259686
52.71362197100036 245.19302126966494
52.47271872789974 246.16357040673302
52.23181548479912 247.1341195438011
51.9909122416985 248.10466868086917
51.75000899859788 249.07521781793724
51.50910575549726 250.04576695500532
51.43334497019762 250.35099142541833
52.42365341813359 250.4898769104269
53.413961866069855 250.62876239543544
54.40427031400611 250.767647880444
55.39457876194237 250.90653336545256
56.384887209878634 251.04541885046115
57.3751956578149 251.18430433546973
58.36550410575116 251.32318982047835
59.35581255368742 251.4620753054869
60.34612100162368 251.6009607904955
61.33642944955994 251.73984627550408
62.3267378974962 251.87873176051264
63.31704634543246 252.0176172455212
64.30735479336872 252.15650273052978
65.29766324130497 252.29538821553834
66.28794644171504 252.43445360658006
67.2782427740185 252.57342545346398
68.26854566895494 252.71235052780446
69.25756075496517 252.86016514022216
70.2465758409754 253.00797975263984
71.23926611903194 253.12866948647016
72.22957499532671 253.26755191707883
73.21988344332111 253.40643740167295
74.21019189125738 253.54532288668148
75.20050033919362 253.68420837169015
76.1908087871299 253.82309385669868
77.18111723506617 253.96197934170723
78.17142568300243 254.10086482671582
79.1617341309387 254.2397503117244
80.15204257887495 254.37863579673302
81.14235102681123 254.51752128174155
82.13265947474748 254.65640676675017
83.12296792268376 254.7952922517587
84.11327637062001 254.9341777367674
85.10358481855629 255.07306322177593
86.09389326649254 255.2119487067845
87.0842017144288 255.3508341917931
88.07451016236507 255.48971967680163
89.06481861030133 255.6286051618102
90.0551270582376 255.76749064681874
91.04543550617386 255.90637613182733
92.03574395411009 256.04526161683606
93.02605240204637 256.1841471018445
94.01636084998265 256.32303258685306
95.0066692979189 256.46191807186165
95.99697774585515 256.6008035568703
96.98728619379142 256.73968904187876
97.97759464172768 256.8785745268874
98.96790308966393 257.017460011896
99.9582115376002 257.1563454969046
100.94851998553646 257.29523098191316
101.93882843347274 257.43411646692175
102.92913688140901 257.5730019519303
103.91944532934527 257.71188743693887
104.90975377728154 257.85077292194734
105.90006222521777 257.98965840695615
106.89037067315404 258.1285438919647
107.8806791210903 258.2674293769733
108.87098756902658 258.40631486198174
109.86129601696284 258.54520034699044
110.85160446489911 258.6840858319989
111.84191291283537 258.82297131700756
112.83222136077164 258.9618568020161
113.82252980870791 259.10074228702473
114.81283825664417 259.23962777203326
115.80314670458043 259.3785132570419
116.79345515251669 259.5173987420505
117.78376360045296 259.656284227059
118.77407204838921 259.79516971206766
119.7643804963255 259.93405519707613
120.75468894426174 260.0729406820849
121.74499739219802 260.21182616709336
122.73530584013429 260.35071165210195
123.72561428807055 260.48959713711065
124.7159227360068 260.6284826221192
125.70623118394307 260.7673681071277
126.69653963187935 260.9062535921362
127.6868480798156 261.04513907714477
128.6771565277519 261.18402456215335
129.66746497568815 261.322910047162
130.65777342362446 261.46179553217036
131.6480818715607 261.60068101717917
132.63839031949695 261.7395665021877
133.6286987674332 261.8784519871962
134.61900721536946 262.01733747220476
135.6093156633057 262.1562229572134
136.59962411124192 262.2951084422221
137.5899325591782 262.4339939272306
138.58024100711444 262.5728794122393
139.5705494550507 262.7117648972478
140.56085790298695 262.8506503822564
141.55116635092324 262.9895358672649
142.5414747988595 263.1284213522735
143.53178324679573 263.26730683728226
144.522091694732 263.40619232229056
145.51240014266827 263.54507780729915
146.50270859060453 263.6839632923079
147.4930170385408 263.82284877731644
148.48332548647707 263.96173426232497
149.47363393441333 264.1006197473336
150.4639423823496 264.23950523234214
151.45425083028584 264.37839071735067
152.4445592782221 264.51727620235937
153.43486772615842 264.65616168736767
154.42517617409464 264.7950471723765
155.4154846220309 264.9339326573851
156.4057930699672 265.07281814239366
157.39610151790345 265.2117036274022
158.38640996583973 265.35058911241066
159.376718413776 265.4894745974193
160.36702686171225 265.628360082428
161.35733530964853 265.7672455674365
162.3476437575848 265.9061310524451
163.33795220552105 266.04501653745376
164.32826065345733 266.1839020224621
165.31856910139356 266.3227875074708
166.30887754932985 266.46167299247935
167.2991859972661 266.60055847748794
168.2894944452024 266.7394439624965
169.27980289313865 266.87832944750517
170.27011134107494 267.0172149325137
171.2604197890112 267.15610041752234
172.25072823694745 267.29498590253087
173.2410366848837 267.4338713875395
174.23134513282 267.57275687254804
175.22165358075625 267.7116423575567
176.21196202869254 267.85052784256516
177.0190270152586 268.4409904641248
177.64505982951084 269.2207871783263
178.18083789517115 270.0651460264219
178.6784776120282 270.9325298585323
179.16066759655536 271.8085965334045
179.63667819948392 272.6880360741915
180.11022815355219 273.5688030359935
180.58279988879107 274.4500952435236
181.05498298707514 275.33159573796183
181.52701172252443 276.2131789007492
182.01369287037448 277.0867585824768
182.50615891160146 277.9570902423848
183.00091598340055 278.82612156512573
183.49658178328485 279.6946349011345
183.99260825177598 280.56294230209124
184.48877790326483 281.43116789313393
184.98500440310602 282.2993609942672
185.48125347450525 283.1675411939582
185.97751150805092 284.0357162708531
186.47377310008252 284.90388931367016
186.97003610504066 285.7720615488343
187.4662996710135 286.64023346331203
187.96256345974223 287.5084052504582
188.4588273369181 288.37657698704635
188.95509124921284 289.2447487035598
189.45135517545177 290.11292041210254
189.9703567409943 290.96769370073787
190.498293324017 291.81697749565353
191.0297604531452 292.6640564120812
191.56262630833572 293.51025614049763
192.0960469088049 294.3561062826594
192.62968762125763 295.20181757501217
193.16341568497938 296.047473742728
193.69717841638 296.89310802926553
194.2815309542886 297.7046079438926
194.88539680366924 298.50169390911327
195.49689636518062 299.2929386792516
196.11140365401596 300.0818498225169
196.79555693199484 300.8111880789047
197.50579842573774 301.5151461888558
198.2935850299599 302.13109445470946
199.10910740191028 302.70982000352205
200.00822311016523 303.14753103053556
200.968001349971 303.4282902341164
201.95800852892296 303.5693072033914
202.95747587859728 303.60194180060074
203.9565168439383 303.5581565340089
204.95206553724498 303.4639079305427
205.94408667773027 303.33783629681704
206.93344927486058 303.19236584827325
207.92104961355693 303.03537676901345
208.90756216053774 302.87169111096904
209.89343224427293 302.70417938601827
210.87893382810762 302.5345131599763
211.86422832903475 302.36364845782066
212.84940818453308 302.1921239630094
213.83452528876379 302.0202394350493
214.81960835353846 301.8481599316385
215.8046730882263 301.6759755291092
216.78972801229332 301.50373500956954
217.7747777126812 301.33146461813294
218.7598246441234 301.15917839449247
219.7448701135281 300.9868838118578
220.72991481360413 300.81458483086215
221.71495911008657 300.6422835425113
222.70000319541543 300.46998104700225
223.68504717054023 300.2976779214636
224.6700910882736 300.1253744678231
225.65513497617803 299.95307084365317
226.64017884860678 299.7807671310102
227.62522271301953 299.60846337254037
228.6102665732864 299.436159590369
229.59531043141192 299.26385579595586
230.5803542884328 299.0915519952277
231.56539814488454 298.9192481912457
232.55044200104328 298.7469443855886
233.53518714404115 298.5729415024454
234.51952091222915 298.3966263505021
235.50347506844173 298.2182048874659
236.48713677858748 298.0381781116986
237.47059554238757 297.8570459502674
238.45392271639213 297.67520077198594
239.4371685039512 297.49291604622056
240.42036565604843 297.3103691752314
241.40353448717843 297.1276698334306
242.3866871541312 296.9448835279708
243.36983074086274 296.76204838947524
244.35296929188428 296.57918617496574
245.33610507952324 296.39630910405873
246.31923936401785 296.21342395252566
247.30237283692247 296.03053443818834
248.28550587439165 295.8476425831574
249.26863867950965 295.6647494791298
250.2517713612282 295.48185571177584
251.23490397768077 295.2989615935894
252.21803655973937 295.1160672905213
253.20116912373115 294.9331728903365
254.1843016782598 294.7502784392834
255.16743422784438 294.567383961654
256.1505667748519 294.3844894701717
257.13368050356166 294.20149385158373
258.1167685984448 294.01836057307037
259.09983331733366 293.8351018530157
260.08288020378535 293.6517474992696
261.06591480275927 293.46832727895514
262.0489414721519 293.28486456540605
263.03196325181256 293.10137565371696
264.01498211471556 292.9178711165062
264.99799928096775 292.7343574907082
265.9810154794517 292.5508386809959
266.96403113448076 292.3673169602983
267.94704648817867 292.183793625558
268.93006167653635 292.00026940519973
269.9130767749623 291.81674470313857
270.896091824833 291.6332197410007
271.8791068486532 291.44969463932836
272.8621218585728 291.26616946320024
273.8451140010356 291.0825218444943
274.82807499459176 290.8987075764217
275.81100757980937 290.7147414574829
276.7939184913445 290.53065957356944
277.7768144673715 290.3464979589206
278.7597008044112 290.1622849071008
279.7425811974171 289.97804014314636
280.72545804469377 289.79377646499074
281.70833282942834 289.6095017854145
282.6912064376829 289.4252208309003
283.6740793852773 289.24093635275005
284.6569219956826 289.05649014603443
285.6397235621712 288.87182536621003
286.6224877580805 288.6869618077712
287.6052234602108 288.50194683605685
288.58793953270094 288.31682762886976
289.57064293883695 288.1316411942458
290.55333853495154 287.9464133200556
291.53602947264227 287.76116073308197
292.51867596361376 287.5756725291944
293.5012640059846 287.38987495388767
294.4837992436645 287.2037983387065
295.46629435147173 287.0175099516961
296.4487618610955 286.8310760692235
297.43121158126723 286.6445484644718
298.4135917822157 286.4576550703016
299.3958855499165 286.2703079221083
300.3781025398812 286.08255866212386
301.36026162023313 285.8945066988739
302.34231274651177 285.7058917859562
303.324245082291 285.51665942098884
304.306076449329 285.3269038764051
305.2877543777034 285.1363561266347
306.26927394922467 284.94499434695905
307.2505872407726 284.7525775497938
308.2317020534304 284.5591512734421
309.2125632478265 284.36444298566806
310.1931809541483 284.16851209466785
311.17344604764315 283.97082459765403
312.153170594064 283.7704753697034
313.13234793248824 283.56746862125266
314.1105632885377 283.359875949925
315.0872087207808 283.14501855610575
316.06149846035635 282.91971985802303
317.0324477385688 282.6804344653667
317.9988613065788 282.4234426064173
318.95929745017975 282.1449423118665
319.91208468795855 281.8413035799402
320.8554097537345 281.5094333940558
321.7874390939738 281.14705057308737
322.70642782991024 280.75276678795035
323.6107902474564 280.3260014921143
324.4991307701168 279.8668162181785
325.37024962342474 279.37574397969274
326.2231397072152 278.85365346553647
327.05693047412905 278.3015728944156
327.8708892237434 277.72065021976243
328.66449264510146 277.11221484142817
329.4374967829078 276.4778138618148
330.1899501730953 275.8191683611126
330.92214826752354 275.1380766268244
331.63455975710144 274.4363146518518
332.32775568978644 273.71556545906066
333.0023575166673 272.9773836554587
333.65900658224905 272.2231873914328
334.29830716216617 271.45423045602115
334.9208259992454 270.67162564036926
335.5271430642 269.87640264224564
336.11789599640997 269.06955013212666
336.69378594563267 268.2520229054337
337.2555498490191 267.4247253067112
337.80392029231103 266.5884897795277
338.3395915381887 265.74406315966075
338.86320072089507 264.89210457863373
339.37532296104365 264.0331920038363
339.8764747417089 263.16783260293045
340.3671210411166 262.29647377392973
340.84768245880775 261.4195127007762
341.3185405582366 260.53730374015385
341.780042312695 259.65016444408366
342.23250308886037 258.7583801394271
342.6761786383588 257.8621926552603
343.1112677269544 256.9618052469826
343.5379455280217 256.0574015461518
343.95639386566666 255.14916094547257
344.36680773861076 254.23726157992007
344.76938056257484 253.32187361768464
345.1642799525685 252.40314924564336
345.5516255796876 251.48121466816417
345.93147396254403 250.55616590942688
346.30380856124515 249.6280673442895
346.66853425845443 248.6969523321695
347.0254741652424 247.76282498381588
347.3743681424579 246.8256627819198
347.7148799945933 245.88542255806456
348.0466271971105 244.94205423465
348.369247195959 243.9955256633205
348.68252009981296 243.0458625189841
348.9865720989666 242.0932070818975
349.282183349865 241.13789876080833
349.5711583263024 240.18056210999364
349.85663525863174 239.2221765293906
350.14320758930387 238.26411791986135
350.4371070793567 237.30828158986193
350.7458742168461 236.3571439264259
351.07763107729033 235.413778999397
351.44084015642454 234.48207133878964
351.843904531505 233.56689971032807
352.29503632063586 232.67444236746198
352.8017146385807 231.81230717961463
353.37034433470643 230.98971355656377
354.0058328257217 230.21760321614138
354.7104941751739 229.50805943131326
355.48329780370415 228.87341421410096
356.31941302073596 228.32486034815167
357.2106037949926 227.8712316410797
358.14608266915303 227.51784902124749
359.1138729162088 227.2660911262298
360.10215001141114 227.1134202937229
361.1003932909857 227.0541720466253
362.10004696659036 227.08048798951558
363.0947524217468 227.1832549953197
364.0802009975029 227.35322883018924
365.05375746526033 227.58167533177698
366.0140654724699 227.86061713805424
366.96064431246134 228.18308961700473
367.8935876223918 228.5431129224394
368.81337550366277 228.935528841417
369.720735011287 229.35588431470592
370.6165160967498 229.8003798117889
371.5015526214919 230.26590140083977
372.37662391599747 230.74989543957605
373.2424778375142 231.25019233802146
374.0998464904572 231.7648951580552
374.9494358343298 232.29233989144262
375.7919041181964 232.8310858340528
376.62784615956207 233.3799035665263
377.45778976081795 233.93775087424987
378.2821786248733 234.50377472606314
379.101398071914 235.07725488926872
379.9158124116123 235.65753868474619
380.72578178317156 236.24401086408284
381.5315845180622 236.83619491692687
382.33327221235714 237.43393803969448
383.1305226217406 238.0375867659731
383.92256584545055 238.64805177870943
384.708213361849 239.26672615184677
385.48597358310366 239.89528723736973
386.2542250983595 240.5354353525018
387.01131936354443 241.18874100349834
387.75582655986864 241.85635543909828
388.48678632075377 242.5387760044147
389.2038285441033 243.2358057383098
389.90715828496803 243.9466694915109
390.59746364384284 244.67018764021813
391.27580281369563 245.4049365569532
391.9434900855412 246.14937843313655
392.6020006375605 246.90194992667008
393.25290333182335 247.66111109704252
393.89781494760797 248.4253682578373
394.5383639478698 249.19328555694153
395.1761562083697 249.96349399135812
395.81274143942363 250.73470034740302
396.4495826187767 251.50569536183582
397.08803122023534 252.27535982333538
397.72930982699637 253.04266794170155
398.374502255852 253.80668805252807
399.02455028705583 254.56658117470255
399.6802556223541 255.3215980707131
400.34236217588995 256.0710077795939
401.01151898931414 256.81412900728697
401.68820646328453 257.5503993805682
402.37271531851206 258.27940392590045
403.0651807988627 259.0008549349945
403.7656362168985 259.71455109397556
404.4740573926505 260.4203410328003
405.19038843360573 261.1181016219453
405.9145517479379 261.8077301409144
406.64644911013477 262.489145030104
407.38595962550426 263.1622900350308
408.132938015054 263.82713835272875
408.88721455278 264.48369520832927
409.6485967311637 265.1319985157708
410.41687218949176 265.772117895364
411.1918123346568 266.4041525236966
411.97317617867486 267.028228274917
412.76071406618263 267.64449451262584
413.5541710983187 268.25312078395643
414.3532901532389 268.8542935844585
415.1578144605682 269.44821330876164
415.96748972075534 270.035091467361
416.7820657838093 270.61514822104937
417.6012979223888 271.18861025389754
418.42494775225003 271.7557089734955
419.2527838657237 272.31667899874526
420.08458224836494 272.87175687673675
420.9201265445904 273.42117996420683
421.75920822482084 273.96518541813316
422.6016266858858 274.5040092636123
423.44718929387966 275.0378855376334
424.29571136238474 275.5670455316426
425.14701605465336 276.0917171631622
426.00093420577025 276.6121244951562
426.85730407470237 277.12848739814706
427.71597104950285 277.6410213252065
428.5767873365024 278.1499371532532
429.43961166148245 278.6554410446553
430.3043089965678 279.1577343043117
431.17075030694275 279.6570132400537
432.0388122968316 280.1534690605555
432.90837713204405 280.64728785056053
433.7793321270891 281.1386506458616
434.65156940235045 281.6277335996073
435.52498552983394 282.1147082070067
436.39948118609857 282.5997415534627
437.2749608200475 283.0829965695159
438.15133233117643 283.56463229751125
439.02850674993914 284.0448041824318
439.90639791514604 284.523664393821
440.78492214679363 285.0013621794638
441.66403619816697 285.47797364038144
442.54378686462223 285.95340898285355
443.42433052658157 286.4273740231078
444.3059119378355 286.89940602978913
445.18881845505797 287.36895483646015
446.07333182601553 287.83546967716427
446.95969219114295 288.29846568484817
447.84807895185196 288.75756149554246
448.7386243490232 289.2124558740273
449.6314075328944 289.66294248492363
450.52644540345267 290.1089326308534
451.4236975339334 290.55045116313454
452.32307900962445 290.98761584741715
453.2244728661181 291.4206159807607
454.1277402333492 291.84969413599055
455.03272936314346 292.27512882540145
455.93928423171354 292.6972168141809
456.84725227400065 293.1162562325955
457.75649043832556 293.5325325357106
458.6668613651487 293.9463256912789
459.57822203189056 294.35793440731373
460.4904144465208 294.76769653183374
461.40326477102985 295.17599089261233
462.3165811701906 295.58324162008125
463.230148913053 295.98992820604303
464.1437294220948 296.39658611325603
465.05705504844707 296.80381614683455
465.9698213500916 297.21229831117245
466.8816866761544 297.6227878081445
467.792261766519 298.036131496626
468.7010797794967 298.45332428094446
469.60755662600513 298.87557980399197
470.51096761076695 299.30435549431445
471.41044050003535 299.74133206287536
472.3049566941008 300.18836760794386
473.1933585840572 300.647434141163
474.0743656715158 301.120537207997
474.9466010200583 301.60962359786384
475.8072681180032 302.1187916904572
476.65511404951934 302.64903434850305
477.48943468748644 303.2003138357526
478.3094389792116 303.77267120798797
479.1141366230678 304.3663560587062
479.9024342045669 304.98165023469255
480.6732546704198 305.61870267321103
481.4256209326834 306.27744769778997
482.15870019919305 306.9575909099252
482.87174496497494 307.6587094177333
483.56410004476385 308.3802663756309
484.2352872699456 309.1215542473466
484.8850783332279 309.88166711664854
485.5135005506141 310.6595395462252
486.1207839110837 311.45402486396034
486.70728705746933 312.2639718123957
487.27343447967627 313.08827581962146
487.81967872055793 313.92590176794425
488.34648597152545 314.7758865444715
488.85433626831787 315.6373318857717
489.3437290029848 316.5093953876196
489.81518737836683 317.3912837027038
490.26920311522287 318.28227736748886
490.7062408087827 319.1817205588066
491.12679749794927 320.08898682137635
491.53144978251436 321.0034574488961
491.92085507910747 321.92452395843014
492.295716375429 322.8516048656438
492.65673652561026 323.7841628805486
493.00452776210517 324.7217348808863
493.33965890284577 325.66390637191427
493.662811784438 326.61025314509976
493.97491000508427 327.56030298624995
494.2771406980688 328.51353779898926
494.57087810204916 329.4694239519922
493.7408407231798 328.91171618830253
492.91215107969566 328.3520078046043
492.08553878487646 327.7892359911188
491.26155589102916 327.222621315482
490.4404922909591 326.65178459220635
489.6223719776761 326.0767375045747
488.8070511498396 325.4977280506829
487.99431807464066 324.91509184473813
487.1839449707377 324.32917765949367
486.37569982098375 323.74033151838444
485.56934293808325 323.1489022517777
484.7646253993033 322.5552443681612
483.9612945138852 321.9597114232007
483.15913600898944 321.36260026686256
482.3580013098028 320.76411618707516
481.557800403083 320.1643841561773
480.75847459052136 319.5634862901695
479.9599692104966 318.9614986174788
479.1622173740128 318.3585127077041
478.3651628543533 317.7546053533108
477.5687780875144 317.14981505647484
476.77305879946437 316.5441494601057
475.9780048860672 315.9376106939977
475.1836024271919 315.33021894781336
474.38981482398026 314.7220238796094
473.59660922543696 314.11306995816733
472.8039762814126 313.5033708388902
472.0119261860563 312.89291474182335
471.2204708636011 312.28168771971343
470.4296069680913 311.66969564559895
469.6393075631089 311.05697478706344
468.84954940533567 310.44355645327266
468.0603329744423 309.82944129696415
467.27167803228497 309.21460523571625
466.48360501862777 308.59902345792773
465.69611742744894 307.9826929510246
464.9092156551086 307.3656146734231
464.1229092735183 306.7477779034989
463.337212964997 306.129165495948
462.5521331847315 305.5097708409676
461.76765664714947 304.88961234349836
460.9837462895432 304.2687383214636
460.2003708290283 303.6471895399001
459.41752550649323 303.0249731780251
458.6352274657936 302.4020688711548
457.8534965792634 301.7784529468515
457.0723548944819 301.154099146273
456.2918264248155 300.528978911406
455.5119288782656 299.9030717162999
454.7326626508011 299.27637869197844
453.9540041046279 298.64893079097675
453.17592613736053 298.0207630770236
452.39841423214006 297.3918948577277
451.62146470698644 296.76233196542574
450.84507251489487 296.13208188485515
450.0692196676999 295.50116797670336
449.2938908713947 294.869610174424
448.5190856120099 294.23741019812724
447.7448136488748 293.60455719220647
446.9710812351837 292.97104464142024
446.19789525863393 292.33686529323325
445.4252664405214 291.70200727019034
444.6532033188537 291.0664614133391
443.8817022670376 290.4302333669227
443.11075650433247 289.7933325654105
442.3403633312772 289.1557634641282
441.5705206558307 288.51752976471926
440.80121806314986 287.87864517350226
440.03244552501434 287.2391228637986
439.26419978188306 286.59896782151543
438.49647999821957 285.9581821055607
437.7292781257746 285.31677639392655
436.96258710346245 284.67476013532723
436.19640685615656 284.03213440549814
435.430739658245 283.38889748021927
434.66559204189616 282.7450425857005
433.90097311478974 282.10055992781844
433.1368867924349 281.4554459130968
432.3733348257856 280.80969952772097
431.6103182106027 280.1633206566594
430.8478324621537 279.51631564631396
430.08587260867984 278.8686913866586
429.3244353881622 278.22045272751336
428.56351445673613 277.57160811120093
427.8031049684588 276.9221641874186
427.0432051739108 276.27212395616675
426.2838109875084 275.62149313176764
425.524920240161 274.97027517010616
424.7665340097681 274.3184697347571
424.0086508771767 273.6660793935246
423.25127138332925 273.0131044305288
422.49439943954854 272.35954122722126
421.7380450737054 271.70537911178656
420.98222049418325 271.05060494843696
420.2269393177503 270.3952040447711
419.47221227154216 269.73916510863864
418.7180393650956 269.08248921660214
417.96441629898925 268.4251823824429
417.21133913215107 267.76725018169043
416.45881048297 267.1086906686912
415.70683743350384 266.44949681793366
414.9554321172693 265.78965588957715
414.2046137385184 265.1291471749262
413.45440238549213 264.4679490761762
412.70481689611097 263.8060415342119
411.9558699020739 263.14341162232824
411.2075719015203 262.48004889925176
410.45993863008516 261.8159370928191
409.71299535145545 261.15104932897486
408.9667688297828 260.4853572242055
408.22128610096985 259.8188322801549
407.476579252417 259.15144055881086
406.73269013290883 258.48313750040296
405.9896725669908 257.81386558500736
405.24759321288263 257.1435535440843
404.50654178913214 256.47210526807385
403.7666330463905 255.79939801197025
403.02800678023056 255.1252828593897
402.29080903215623 254.44960580618
401.55502486520083 253.77238969616954
400.778850778872 253.1418710305365
399.7877801260553 253.0085332597235
399.8568747915456 254.00614336753154
400.2364563631645 254.93130164074066
400.7569320780371 255.78517811320486
401.33960989023575 256.59788135988924
401.95274728856384 257.3878576448317
402.58374782793777 258.1636400365562
403.2276954593971 258.9287096072084
403.8827590149835 259.68428338794894
404.54832073207183 260.4306262051224
405.2242072910693 261.1676318763126
405.91037525589775 261.895075017763
406.60678572279625 262.61271870483495
407.313358155504 263.32035943100715
408.02995733497534 264.0178446394388
408.75639395635426 264.7050781042233
409.49243056305994 265.38201983996515
410.237789236693 266.04868350902177
410.9921594972858 266.70513267684305
411.7552452580044 267.3514299163455
412.52675275534796 267.98765014672387
413.30635111702384 268.6139299519805
414.0936567010283 269.23049293935117
414.88824770094914 269.8376380149672
415.68969082066803 270.435709018992
416.4975638681841 271.0250655656571
417.3114683047095 271.6060643334736
418.1310329415316 272.17905107509216
418.95591238943075 272.7443597486799
419.785783469374 273.30231493565634
420.62034153607914 273.8532349237647
421.4592975571682 274.3974341470996
422.30237611060386 274.93522458280563
423.14931415320336 275.46691617762144
423.9998603284948 275.9928165519293
424.85377460105906 276.51323024805106
425.71082805408673 277.028457749892
426.5708027356352 277.5387944496262
427.4334914793109 278.0445296882
428.29869765811264 278.54594595056415
429.16623485775847 279.04331825300034
430.03592647782096 279.53691372096273
430.9076052840721 280.026991325769
431.78111294139194 280.5138017330156
432.65629955202957 280.9975872191153
433.53302321110584 281.47858163240494
434.4111495762843 281.95701040116626
435.290551438728 282.4330906090416
436.17110828202556 282.9070311598723
437.05270582406007 283.37903303897735
437.9352355479735 283.8492896565908
438.81859423489584 284.31798724591545
439.70268350933986 284.78530529052
440.58740940088967 285.25141696900624
441.4726819193878 285.7164896170861
442.35841463879024 286.1806852113996
443.24452428578036 286.6441608779787
444.130947294487 287.1070369409109
445.01767424820434 287.56933047271855
445.9047816584139 288.0308935158138
446.79244124121567 288.4913937493211
447.6809023475998 288.95034566667493
448.5704567665056 289.4071748861927
449.4613994867234 289.8612905865279
450.3539960348451 290.31214688545384
451.24846139524965 290.75928413399885
452.14495071477023 291.20234947905027
453.04355928277107 291.6411007086958
453.9443284627764 292.0753988601454
454.8472545957705 292.5051946236848
455.7522952929238 292.93051960119755
456.6593718960793 293.35148520075177
457.5683717545372 293.7682816226696
458.4791538067392 294.1811690811697
459.3915578586483 294.59045974324226
460.3054155435052 294.9964943868726
461.2205604862835 295.3996193472848
462.13682950175763 295.8001828145182
463.0540543940192 296.19855261384515
463.97205277333546 296.5951367481379
464.89062573071004 296.9903882149032
465.8095560253987 297.3848081858776
466.72860339643444 297.7789552774467
467.6475021693758 298.1734486805436
468.56595596219023 298.56897697341884
469.4836291814809 298.9663129302571
470.40014383176657 299.3663140500204
471.31506939865494 299.7699366547566
472.22789333442955 300.1782900094348
473.13797723803395 300.5927140536216
474.0445229649042 301.0148216762645
474.94655542093676 301.4464898917539
475.842915662647 301.8898163144733
476.7322611382959 302.3470521671171
477.6130758615899 302.82051327769375
478.4836941572319 303.31247240535924
479.34233875473393 303.82504382007187
480.1871707489597 304.3600755028091
481.0163468843107 304.91906292356606
481.8280788620826 305.50309305657515
482.6206895679621 306.11282108522823
483.3926619556313 306.7484771499961
484.1426775695469 307.4098972728248
484.8695172195971 308.0967044678329
485.57212885514593 308.80827799853193
486.24978319872326 309.54365857390144
486.9021482955478 310.30156343629847
487.5292478738116 311.0805025346504
488.13136116865684 311.87891319350376
488.70892619094457 312.6952578786887
489.2624754818393 313.52807429456317
489.7926048771797 314.3759910500268
490.29996344529644 315.23772609246066
490.7852522033511 316.1120800375571
491.2492233800584 316.99793033370474
491.6926763817909 317.8942279601963
492.11644958490933 318.79999629278404
492.5214085821751 319.7143311387423
492.90843231396684 320.6364008926276
493.27839795260513 321.56544633082046
493.6320933191388 322.5008070033381
493.9702475251586 323.4418977178556
494.2936074342004 324.3881737712484
494.60296873860864 325.339118345519
494.8991533045537 326.2942490710723
495.18296622878364 327.25312874237625
495.4550714037572 328.21539625910566
495.71608584807177 329.1807311542893
495.9667580220814 330.1488031873412
496.2080527322678 331.1192550732356
496.4411141458453 332.09171709177474
496.6671646751007 333.0658326692209
496.8874004293134 334.0412793425795
497.10291541260744 335.0177798761051
497.3146611395762 335.9951046671089
497.52343508803244 336.97306859202945
497.7298877926102 337.95152517296316
497.93453962599347 338.9303600043279
498.1378010353584 339.90948451094744
498.3399925515747 340.88883051250673
498.54016927398516 341.8685903197069
498.7371502681099 342.8489976268776
498.9304432545164 343.8301387081733
499.12031914833375 344.81194680803145
499.31360501065257 345.793089292805
499.4946410022642 346.77656576417644
