3.203215356341778
201342
1035
0.0 100.0
0.0 101.0
0.0 102.0
0.31037992968487044 102.95061259156863
0.6649513351382986 103.88564153146021
1.0656439018012958 104.80185409796485
1.5161652971769486 105.69461972919669
2.0172563400428256 106.56001430207058
2.562186778577547 107.39849555836577
3.140877057981679 108.2140429576769
3.743534516027255 109.0120429503223
4.362325406664251 109.79759869860797
4.99165350599849 110.57473841795601
5.627798566096705 111.34630789798527
6.268392352856187 112.1141878367551
6.912084236972982 112.87947259311849
7.558278071572744 113.64264592082672
8.20919025393618 114.40179895602509
8.869608616547072 115.15269680948211
9.541561767478363 115.89329046524315
10.223539338682013 116.62466355223444
10.912336749292884 117.34961743155074
11.60478870490673 118.07108142175855
12.298772803158533 118.79107174903638
12.99343463727567 119.51040820454313
13.689014937650391 120.22885656436492
14.386437579253684 120.94551663649054
15.08682255337831 121.65928192565809
15.791294354023833 122.36901390471445
16.50088767910198 123.07362536715637
17.21658665077485 123.77203426024579
17.939284636950262 124.4631982210959
18.669816979041506 125.14607631941115
19.409031920205514 125.81954589612556
20.157784371301297 126.48239562794873
20.917543540508433 127.13260021483327
21.689345117456796 127.76846366386931
22.473453968978127 128.3890869868003
23.269602948519797 128.9941876415469
24.07732965575081 129.58374473498716
24.89617764655239 130.15775515994494
25.725744622714295 130.716162387747
26.565615642746096 131.25894841346133
27.415308894170593 131.78622573943284
28.27426779022921 132.29827028327816
29.141876546766447 132.795517752432
30.017477519246107 133.27855288261685
30.900384527842075 133.74810076534249
31.789894888427646 134.20501576664026
32.685303084445934 134.65026194854784
33.58591630210948 135.08488343003455
34.491070047907044 135.5099677704526
35.40014167282023 135.92660763985745
36.31256030775994 136.33586579141314
37.227812698083646 136.73874674406136
38.14544522284794 137.13617667435688
39.065062836158305 137.52899144659608
39.98632581212889 137.91793171078302
40.908945119954254 138.3036435369277
41.83267710479684 138.6866829868265
42.75731797504478 139.06752319093727
43.68269843611054 139.446562769712
44.608678681238864 139.82413473057784
45.53514385318233 140.200515236417
46.46215364651982 140.57555235865476
47.39036296007413 140.94761078179693
48.321582636115174 141.31206916756133
49.2592432150535 141.65962152146653
50.208002467588045 141.9756213327483
51.172146800288786 142.24099975259634
52.15324954291731 142.43448724161516
53.14811746576381 142.53566933534273
54.14809062743936 142.52834294956205
55.140252324431934 142.40338228766876
56.11022404788344 142.1601645751055
57.0454051493299 141.80599469002578
57.9373427217636 141.35383612615567
58.782528108490936 140.81936286951643
59.581790039795024 140.2183800368431
60.338958021634696 139.56515982337993
61.05944017820116 138.87168634726902
61.7491053523928 138.14755794186897
62.413574154044696 137.40024193666682
63.05785233374976 136.63545070557436
63.68619309389686 135.85751247593285
64.30209259562331 135.06968774683816
64.90835466364072 134.27442281935598
65.50718592106743 133.47354759491165
66.10029868533907 132.66842819453797
66.68900876470383 131.86008393467444
67.27432150195627 131.0492763128491
67.85700347920505 130.23657605236588
68.43763988675681 129.42241306977246
69.01667903081862 128.6071133275646
69.59446610257726 127.79092578801956
70.17126843075953 126.97404202994653
70.74729422788734 126.15661051535753
71.32270649403708 125.33874700353883
71.89763337437853 124.52054221116661
72.4721759384831 123.70206750658977
73.04641408377931 122.88337919441793
73.6204110642082 122.06452177919931
74.19421699923726 121.24553047953525
74.76787161578123 120.42643318316698
75.34140640462603 119.60725197855793
75.91484632413133 118.78800436109557
76.48821115018194 117.96870418640503
77.06151654757281 117.14936242540264
77.63477492089265 116.32998776298095
78.20799609032903 115.51058707289704
78.78118782825035 114.69116579444575
79.35435628502975 113.87172823114204
79.927506326777 113.0522777874634
80.50064180304955 112.23281715641524
81.07376575894986 111.41334846807311
81.6468806030878 110.59387340717817
82.21998824054361 109.77439330620572
82.79309017809469 108.954909219005
83.36618760747359 108.13542197905596
83.93928147123367 107.3159322455507
84.51237251484952 106.49644053984082
85.08546132792591 105.67694727426343
85.65854837679066 104.85745277493868
86.23163403027206 104.03795729979939
86.8047185800859 103.21846105284968
87.37780060732581 102.39896304183648
87.95087158632427 101.57945730480364
88.52390691108008 100.75992663632198
89.09685656568735 99.94033607190252
89.66963981632546 99.12062920491383
90.24214689612626 98.30072942836918
90.8142478738531 97.480546234635
91.38580639849684 96.65998493107074
91.95669480749143 95.83895726742253
92.52680728250641 95.01739061411173
93.09606884757953 94.19523413841473
93.6644393938869 93.3724614346318
94.2319130975693 92.5490699143761
94.79851433649996 91.72507778089287
95.36429148921601 90.90051958800134
95.9293099218944 90.07544130642216
96.4936451863846 89.24989560250701
97.05737709809662 88.42393777566747
97.62058503042857 87.59762256646557
98.18334450195388 86.77100186916326
98.74572495843424 85.94412326733047
99.30778855644414 85.11702925103478
99.86958972102406 84.28975695518737
100.43117525607624 83.46233826623954
100.99258481538209 82.63480016637948
101.55385158075477 81.80716521177202
102.11500303313198 80.97945206853038
102.67606173739338 80.151676053915
103.23704609019074 79.3238496494578
103.79797100174824 78.49598296719898
104.35884849806854 77.66808416050732
104.91968824035906 76.84015977780834
105.48049796494797 76.0122150617756
106.04128385057209 75.18425419888123
106.60205065340534 74.35628041134919
107.16280140371114 73.528295752052
107.7235366915803 72.70030062106494
108.28425387818689 71.87229323182014
108.84494668621193 71.04426933420064
109.40560547877647 70.2162224041779
109.96621825117691 69.38814431642197
110.52677210294432 68.56002634217631
111.08725483340827 67.73186023030522
111.64765632364208 66.90363914282692
112.20796948177225 66.07535829382327
112.76819067148858 65.24701523772102
113.32831966473952 64.41860983520381
113.88835923468416 63.59014397586124
114.44831453222915 62.761621154961716
115.00819238036188 61.93304599532304
115.56800059064454 61.10442378484343
116.12774736954239 60.27576007530048
116.68744060930456 59.447060203595086
117.24708676502313 58.61832853387959
117.80668933432622 57.78956743173411
118.36624738680484 56.96077627233005
118.92575475490627 56.13195089564313
119.4852002951688 55.30308378477411
120.04456922802467 54.47416497273298
120.60384520471567 53.6451834398287
121.16301257821962 52.81612864766555
121.72205801470842 51.98699162645552
122.28097064354836 51.157765075190284
122.83974066775347 50.328442423835696
123.39835721766842 49.49901638725309
123.95680660141925 48.669477789122595
124.51507129906989 47.83981488929096
125.07312925741925 47.01001291585216
125.63095316829093 46.18005358886088
126.18850941908792 45.34991442751671
126.74575659372215 44.51956776114046
127.30264339665192 43.68897936203856
127.85910626895082 42.858106885810805
128.41506701051262 42.02689833566104
128.97043053371624 41.19529064143565
129.52508306165416 40.36320857021187
130.0788916344408 39.530564549811785
130.6317061316078 38.697260204616114
131.1833647327805 37.86319019091691
131.73370295169306 37.0282483697077
132.28256549608295 36.19233575025167
132.82981955800383 35.355369208679605
133.37537149221862 34.51729219129129
133.91917756966782 33.67808128208593
134.46125005340528 32.83774954855761
135.0016565202726 31.996345453863512
135.54051431382433 31.153948707473447
136.0779825947999 30.31066474169136
136.61425228955864 29.46661805193814
137.14955041936207 28.62195485738723
137.68413144849256 27.776837632800156
138.21825524806053 26.931431359618394
138.75216551647975 26.085890216162607
139.28607578489897 25.240349072706824
139.34197899976235 25.151816465236315
139.5203046036942 24.863383650113036
139.52270934962627 24.865598057912944
139.52030394651896 24.863384713061343
139.52270934956516 24.865598057838806
140.25858335004085 25.542716552213264
140.99432584419213 26.219977936244618
141.72996646389458 26.897349974820003
142.4655465394926 27.574787759700058
143.20110056643057 28.252253827821054
143.93665095040325 28.929723851244706
144.6722093478013 29.607185174138667
145.4080194290055 30.284373127662846
146.14460931698915 30.96071278857313
146.88231723693178 31.63583279631537
147.62098334539968 32.309904291188786
148.36004895709834 32.98353773869901
149.09885198051052 33.65745916779666
149.83687821616303 34.33223118521337
150.57387205073164 35.00813065096834
151.3098241177322 35.68516429494596
152.04489450788128 36.3631550924691
152.77932389481595 37.041840200311285
153.51336258225285 37.72094785403482
154.24722705519386 38.40024376551597
154.98108125330714 39.07955077704426
155.71503493905126 39.75875029646592
156.44915139956245 40.43777387662092
157.18345864013082 41.11659113954876
157.91796049904198 41.79519781447618
158.65264595278637 42.47360571836324
159.3874960887411 43.15183523533172
160.12248888229806 43.82991015259333
160.85760219494006 44.50785441105156
161.5928154660202 45.18569026583326
162.32811051809574 45.86343740628702
163.0634718040987 46.541112681804776
163.7988863317969 47.21873017895963
164.53434342306485 47.89630147919573
165.26983440667755 48.573835989773954
166.00535230217724 49.25134128525117
166.74089152527523 49.92882342618512
167.47644762842367 50.606287240068255
168.2120170803845 51.283736560196395
168.9475970833468 51.96117442394626
169.68318542365876 52.63860323466892
170.41878035136943 53.31602489237285
171.15438048378184 53.9934408983801
171.88998472864665 54.67085243868396
172.62559222321866 55.34826045009915
173.36120228601482 56.02566567263072
174.09681437868304 56.70306869087044
174.83242807588888 57.38046996669085
175.56804304154417 58.05786986505515
176.30365901004495 58.73526867438881
177.03927577146294 59.4126666226592
177.77489315985548 60.09006389006919
178.5105110440361 60.76746061907933
179.24612932028555 61.444856922322714
179.98174790659468 62.12225288885672
180.71736673811603 62.79964858910225
181.45298576356976 63.47704407874659
182.1886049424031 64.154439401828
182.92422424254528 64.83183459317371
183.6598436386327 65.50922968032741
184.3954631106057 66.1866246850729
185.1310826425991 66.86401962463901
185.866702222065 67.54141451265221
186.6023218390789 68.21880935988997
187.33794148579136 68.89620417487652
188.07356115599384 69.57359896435395
188.80918084477585 70.25099373365488
189.54480054825336 70.92838848699714
190.28042026335442 71.60578322771677
191.01603998764918 72.28317795845247
191.75165971921575 72.9605726812913
192.48727945653405 73.63796739788404
193.22289919840173 74.31536210953637
193.95851894386777 74.99275681728102
194.69413869217996 75.67015152193487
195.42975844274338 76.34754622414403
196.1653781950874 77.0249409244195
196.90099794883983 77.70233562316554
197.63661770370624 78.37973032070184
198.37223745945377 79.05712501728128
199.1078572158982 79.73451971310388
199.84347697289388 80.41191440832786
200.5790967303256 81.08930910307835
201.3147164881022 81.76670379745431
202.05033624615157 82.44409849153405
202.78595600441668 83.12149318537949
203.52157576285245 83.7988878790396
204.2571955214232 84.47628257255315
204.99281528010073 85.15367726595075
205.7284350388627 85.83107195925663
206.46405479769146 86.50846665248999
207.19967455657303 87.18586134566598
207.93529431549527 87.86325603879781
208.6709140744482 88.54065073189633
209.40653383342493 89.21804542496903
210.14215467440218 89.89543894303658
210.877778440079 90.57282928498978
211.61340206824323 91.2502197762771
212.34902267602547 91.92761354758451
213.08464024598936 92.60501061781765
213.8202562605029 93.28240937718411
214.55587223795553 93.95980817679661
214.57366839629222 93.97619593435557
215.19714265278344 94.75812547958722
215.82053899105983 95.5400314876365
216.44386418307442 96.32199421373022
217.0671363941879 97.10399916950334
217.69038238314062 97.8860250240979
218.31362205850837 98.668055910347
218.9368663823102 99.45008309200296
219.56011966682007 100.23210313224979
220.18338237888838 101.0141156588408
220.80665322220943 101.79612170476744
221.42993037572677 102.57812272132901
222.0532121060974 103.36012008998583
222.67649700108856 104.1421149363089
223.2997840068389 104.92410810025777
223.92307238116825 105.7061001733799
224.54636162275023 106.48809155525578
225.16965140354807 107.27008250734728
225.79294151425987 108.05207319647911
226.41623182406323 108.83406372692386
227.0395222525819 109.61605416274583
227.66281275114915 110.3980445427351
228.28610329066652 111.18003489008484
228.90939385392534 111.96202521851129
229.53268443084656 112.74401553604801
230.15597501557727 113.52600584736014
230.7792656047447 114.30799615513592
231.40255619641874 115.08998646091382
232.0258467895017 115.87197676556872
232.6491373833729 116.65396706959535
233.27242797768315 117.43595737327203
233.89571857223703 118.21794767675456
234.5190091669255 118.99993798012977
235.14229976168818 119.78192828344588
235.76559035649151 120.56391858672954
236.38888095131716 121.34590888999544
237.01217154615497 122.12789919325165
237.63546214099938 122.90988949650259
238.25875273584742 123.69187979975064
238.8820433306974 124.47387010299715
239.5053339255484 125.25586040624283
240.12862452040002 126.03785070948805
240.7519151152519 126.81984101273304
241.37520571010396 127.60183131597789
241.9984963049561 128.38382161922266
242.62178689980828 129.1658119224674
243.2450774946605 129.94780222571214
243.86836808951273 130.72979252895684
244.49165868436495 131.51178283220153
245.1149492792172 132.29377313544623
245.73823987406945 133.0757634386909
246.36153046892173 133.8577537419356
246.98482106377395 134.6397440451803
247.60811165862623 135.421734348425
248.23140225347848 136.20372465166966
248.85469284833073 136.98571495491433
249.47798344318295 137.76770525815903
250.10127403803523 138.54969556140372
250.72456463288748 139.33168586464842
251.34785522773973 140.11367616789312
251.97114582259195 140.89566647113782
252.59443641744423 141.6776567743825
253.21772701229645 142.4596470776272
253.84101760714867 143.2416373808719
254.46430820200095 144.02362768411658
255.08759879685323 144.80561798736127
255.71088939170545 145.58760829060594
256.33417998655773 146.36959859385064
256.957470581249 147.15158889722358
257.5807611756968 147.93357920079066
258.20405177017835 148.7155695043308
258.82734236485464 149.4975598077157
259.45063295972557 150.27955011094554
260.0739235547199 151.061540414077
260.6972141497736 151.84353071716114
261.32050474485345 152.62552102022437
261.94379533994606 153.4075113232775
262.56708593504044 154.18950162632922
262.66974656408706 154.31830128583238
261.6841162338626 154.48721798761625
260.6984859036658 154.65613468939537
259.7128555734413 154.82505139117902
258.72722524321676 154.99396809296283
257.74159491299224 155.16288479474662
256.7559645827678 155.3318014965304
255.77033425254328 155.50071819831425
254.78470392231876 155.66963490009803
253.79907359209426 155.83855160188187
252.81344326186976 156.00746830366563
251.82781293164527 156.17638500544948
250.84218260142077 156.3453017072333
249.85655227119625 156.5142184090171
248.87092194097175 156.6831351108009
247.88529161074726 156.85205181258476
246.89966128052274 157.02096851436852
245.9140309502982 157.18988521615233
244.92840062007372 157.35880191793618
243.9427702898492 157.52771861971996
242.9571399596247 157.69663532150378
241.97150962940017 157.8655520232876
240.98587929917565 158.0344687250714
240.00024896895115 158.20338542685522
239.01461863872663 158.37230212863898
238.02898830850214 158.5412188304228
237.04335797827764 158.7101355322066
236.05772764805312 158.8790522339904
235.0720973178286 159.04796893577424
234.08646698760407 159.21688563755808
233.10083665737955 159.3858023393419
232.11520632715502 159.55471904112568
231.12957599693053 159.72363574290952
230.14394566670603 159.89255244469337
229.15831533648154 160.06146914647718
228.17268500625704 160.230385848261
227.18705467603255 160.3993025500448
226.20142434580802 160.56821925182862
225.2157940155835 160.7371359536124
224.23016368535897 160.9060526553962
223.24453335513445 161.07496935718
222.25890302490993 161.2438860589638
221.2732726946854 161.41280276074764
220.2876423644609 161.58171946253145
219.30201203423638 161.75063616431524
218.3163817040119 161.91955286609908
217.33075137378736 162.08846956788287
216.34512104356287 162.25738626966668
215.35949071333835 162.4263029714505
214.37386038311385 162.5952196732343
213.38823005288933 162.76413637501815
212.4025997226648 162.93305307680194
211.4169693924403 163.10196977858573
210.4313390622158 163.27088648036957
209.4457087319913 163.43980318215338
208.4600784017668 163.60871988393717
207.4744480715423 163.77763658572098
206.48881774131777 163.9465532875048
205.50318741109325 164.1154699892886
204.51755708086876 164.28438669107243
203.53192675064423 164.45330339285624
202.54629642041974 164.62222009464008
201.5606660901952 164.79113679642384
200.57503575997072 164.96005349820766
199.58940542974622 165.12897019999144
198.6037750995217 165.29788690177526
197.61814476929717 165.46680360355907
196.63251443907268 165.63572030534286
195.64688410884818 165.80463700712667
194.66125377862366 165.9735537089105
193.67562344839916 166.1424704106943
192.68999311817467 166.31138711247812
191.70436278795015 166.48030381426193
190.71873245772562 166.64922051604574
189.73310212750113 166.81813721782956
188.7474717972766 166.98705391961337
187.7618414670521 167.1559706213972
186.77621113682758 167.32488732318097
185.7905808066031 167.49380402496476
184.80495047634585 167.66272072655752
183.81932014605687 167.83163742796512
182.8336898157581 168.0005541293158
181.84805948547074 168.1694708307329
180.86242915520606 168.33838753228216
179.87679882496576 168.50730423397385
178.89116849474593 168.67622093578504
179.87679882505967 168.50730423452197
180.8624291553511 168.3383875331287
181.84805948562246 168.1694708316183
182.8336898158782 168.00055413001672
183.8007903929432 168.25494845747022
184.68214577228514 168.7274023655978
185.5074485947863 169.292092768537
186.3050160603202 169.89532252403802
187.08992960562284 170.51492782291825
187.86923259278763 171.14157513536446
188.64607567132117 171.77126937174788
189.42184522270773 172.40228569732233
190.19714720313564 173.0338764185529
190.97224570826955 173.66571683142564
191.7472556986961 174.29766581254603
192.52222719011303 174.92966200516983
193.29718193775352 175.56167872892757
194.0721294035039 176.1937043813556
194.84707370239255 176.82573391675723
195.62201662403493 177.45776514082485
196.39695894672394 178.08979709927743
197.17190100893316 178.72182937710738
197.94684295786203 179.35386179383164
198.72178485752625 179.98589427095982
199.4967267357657 180.61792677435716
200.2716686046877 181.2499592891787
201.04661046955763 181.88199180896854
201.8215523326654 182.51402433091906
202.59649419500676 183.1460568538092
203.37143605701482 183.77808937710802
204.14637791887793 184.41012190058453
204.92131978067803 185.04215442413832
205.6962616424507 185.67418694772573
206.47120350421147 186.30621947132778
207.24614536596704 186.93825199493617
208.02108722772036 187.57028451854734
208.7960290894727 188.2023170421597
209.57097095122464 188.83434956577258
210.3459128129764 189.4663820893857
211.12085467472804 190.0984146129989
211.89579653647965 190.73044713661216
212.67073839823126 191.36247966022546
213.44568025998285 191.9945121838387
214.22062212173444 192.62654470745198
214.99556398348602 193.25857723106526
215.7705058452376 193.89060975467856
216.5454477069892 194.52264227829184
217.32038956874078 195.15467480190512
218.09533143049237 195.7867073255184
218.87027329224395 196.41873984913167
219.64521515399554 197.05077237274497
220.42015701574712 197.68280489635828
221.1950988774987 198.31483741997158
221.97004073925032 198.94686994358483
222.7449826010019 199.57890246719813
223.51992446275352 200.21093499081144
224.2948663245051 200.84296751442474
225.0698081862567 201.475000038038
225.84475004800828 202.1070325616513
226.61969190975987 202.7390650852646
227.39463377151145 203.3710976088779
228.16957563326307 204.00313013249115
228.94451749501465 204.63516265610446
229.71945935676627 205.26719517971773
230.49440121851785 205.89922770333104
231.49390002070942 205.8675710386669
232.45550161636845 205.59312182437398
233.39932528813105 205.26267231745868
234.33857281251386 204.9194317488471
235.27673957873387 204.57324809995495
236.21465563471935 204.2263857757907
237.15251376632736 203.87936686423586
238.0903585274216 203.53231181948345
239.02820020289872 203.18524843660035
239.96604116631917 202.8381831295894
240.90388196542273 202.49111737856117
241.84172272660803 202.14405152507027
242.7795634790432 201.79698564793475
243.71740422945913 201.4499197653429
244.6552449794091 201.10285388149197
245.59308572925158 200.75578799735047
246.53092647906922 200.4087221131419
247.46876722888118 200.0616562289179
248.40660797869177 199.7145903446903
249.34444872850207 199.36752446046188
250.28228947831232 199.0204585762333
251.2201302281225 198.67339269200465
252.15797097793273 198.326326807776
253.09581172774296 197.97926092354734
254.03365247755315 197.63219503931867
254.78183831140063 197.355314579556
254.65158427480995 198.34679523289816
254.52133023821926 199.33827588624035
254.52133023821898 199.33827588624254
254.39107620162832 200.3297565395847
254.2608221650377 201.3212371929269
254.130568128447 202.31271784626907
254.00031409185635 203.30419849961123
253.8700600552657 204.29567915295343
253.73980601867504 205.28715980629562
253.60955198208438 206.2786404596378
253.47929794549373 207.27012111297998
253.34904390890307 208.26160176632214
253.2187898723124 209.25308241966434
253.08853583572176 210.24456307300653
252.9582817991311 211.23604372634873
252.82802776254044 212.22752437969092
252.6977737259498 213.2190050330331
252.56751968935907 214.21048568637528
252.43726565276845 215.20196633971744
252.30701161617782 216.19344699305964
252.17675757958713 217.1849276464018
252.04650354299645 218.17640829974397
251.9162495064058 219.16788895308616
251.78599546981513 220.15936960642836
251.65574143322448 221.15085025977055
251.52548739663382 222.14233091311274
251.94254819423873 223.05120950297012
252.59932611771598 223.8052935561319
253.3342715441843 224.48341981289624
254.0952586498451 225.13218681654087
254.86526395920566 225.77022429471634
255.638450189636 226.40440333337415
256.41276646463086 227.03720212151939
257.18748525400787 227.66950805806135
257.96234755245194 228.30163812256544
258.73726103379 228.93370544211342
259.51219277186 229.56575037827838
260.2871310223148 230.1977873297156
261.06207159584756 230.82982143282456
261.8370129980661 231.46185451987583
262.6119546958931 232.0938872444787
263.3868964991695 232.72591983978904
264.1618383400618 233.3579523889781
264.9367801943725 233.98998492171478
265.71172205346977 234.62201744858254
266.4866639142745 235.2540499733568
267.2616057756884 235.88608249738425
268.0372487098373 236.51725445391025
268.81314149948764 237.14811924050764
269.589123388103 237.77887442957933
270.36513705633223 238.4095905200047
271.1411620605003 239.0402926627837
271.9171911083608 239.67098983011266
272.69322159867846 240.30168522259407
273.4767156733994 240.92308447820773
274.26284532734917 241.54114609906824
275.04991164268466 242.15801449286406
275.8448411478828 242.76471629916222
276.64254375057686 243.36776733983385
277.4449024117485 243.96460951230733
278.24367946072607 244.56623666098557
279.03264061383345 245.18067974125216
279.8077048563798 245.81256218279174
280.5659789406344 246.46449807929375
281.30521568860325 247.1379437196037
282.0235304483705 247.8336619857866
282.71977345011476 248.5514681452211
283.3936092277013 249.29034928914368
284.04514269450726 250.0489691818645
284.67445452590556 250.82612207471252
285.2814366685191 251.62083754489555
285.86673181165105 252.43165786742463
286.43583637569196 253.2539230285423
286.9939525301815 254.08368586098163
287.54162254184644 254.92038028448576
288.074835071384 255.76636160717808
288.58792693359584 256.62469530739725
289.0769631868802 257.4969587670088
289.54014440623445 258.38322236100186
289.9953643834241 259.27360136590227
290.46592884598766 260.155966985457
290.9321971961652 261.0406103178925
291.37868408474264 261.9354004934803
291.80697115014374 262.8390432268711
292.22884424426917 263.74569811846607
292.44616530063325 264.2127466255711
292.54889084347013 264.74888991527456
292.71558633238817 264.79176410675495
293.68406575888343 265.0408576643903
294.6525451853787 265.2899512220256
295.62102461187396 265.5390447796609
296.5895040383692 265.78813833729623
297.5579834648645 266.03723189493155
298.52646289135976 266.28632545256687
299.494942317855 266.53541901020225
300.4634217443503 266.7845125678376
301.43190117084555 267.03360612547294
302.4003805973408 267.28269968310826
303.3688600238361 267.5317932407436
304.33733945033134 267.7808867983789
305.3058188768266 268.0299803560143
306.27429830332187 268.27907391364965
307.24277772981713 268.52816747128503
308.2112571563124 268.7772610289204
309.17973658280766 269.0263545865557
310.1482160093029 269.27544814419105
311.1166954357982 269.52454170182637
312.08517486229346 269.7736352594617
313.0536542887887 270.022728817097
314.022133715284 270.2718223747323
314.99061314177925 270.52091593236764
315.9590925682745 270.77000949000296
316.9275719947698 271.01910304763834
317.89605142126504 271.2681966052737
318.8645308477603 271.51729016290903
319.83301027425557 271.76638372054435
320.80148970075084 272.0154772781797
321.7699691272461 272.264570835815
322.73844855374136 272.5136643934503
323.7069279802366 272.76275795108563
324.6754074067319 273.01185150872095
325.64388683322716 273.2609450663563
326.6123662597224 273.5100386239917
327.5808456862177 273.759132181627
328.54932511271295 274.00822573926234
329.5178045392082 274.25731929689766
330.4862839657035 274.506412854533
331.45476339219874 274.75550641216836
332.423242818694 275.00459996980373
333.39172224518927 275.2536935274391
334.36020167168454 275.5027870850745
335.3286810981798 275.7518806427098
336.29716052467506 276.0009742003451
337.26563995117033 276.25006775798045
338.2341193776656 276.49916131561577
339.20259880416086 276.7482548732511
340.1710782306561 276.9973484308864
341.1395576571514 277.2464419885217
342.10803708364665 277.49553554615704
343.0765165101419 277.74462910379236
344.0449959366372 277.9937226614277
345.01347536313244 278.242816219063
345.9819547896277 278.4919097766984
346.95043421612297 278.74100333433375
347.91891364261824 278.9900968919691
348.8873930691135 279.23919044960445
349.85587249560876 279.4882840072398
350.82435192210403 279.73737756487515
351.7928313485993 279.98647112251047
352.76131077509456 280.23556468014584
353.7297902015898 280.4846582377812
354.6982696280851 280.73375179541654
355.66674905458035 280.98284535305186
356.6352284810756 281.2319389106872
357.6037079075709 281.4810324683225
358.57218733406614 281.7301260259578
359.5406667605614 281.9792195835932
360.5091461870567 282.22831314122857
361.47762561355194 282.4774066988639
362.4461050400472 282.72650025649926
363.41458446654246 282.9755938141346
363.60572423880234 283.0247550916747
363.59479464997145 282.97338432701906
363.40071134255777 282.97202563734703
363.60572423880234 283.0247550916747
363.59479464997133 282.9733843270186
364.59477014703 282.9803847043195
365.59430059967394 283.01102575908806
366.59288016188975 283.0643066930603
367.59024396426145 283.13687008409704
368.58636668503345 283.2248446552064
369.58136256028615 283.3247606610812
370.5753897875122 283.43389301894643
371.56858997204995 283.55031206135027
372.5610579444796 283.6728164437264
373.5528290663537 283.80084004239734
374.5438729440603 283.93437667579883
375.5340870034032 284.07393353403114
376.5232871887819 284.2205043129971
377.5111949129089 284.3755473025529
378.49741983253944 284.54095712057983
379.48143806873395 284.7190248347691
380.46236211106134 284.91341625223436
381.43914905898055 285.12762936661954
382.4106591130429 285.36462771019126
383.37559897602665 285.62709877683477
384.33243553022237 285.9177253560647
385.2793334997685 286.23925954595666
386.2141384943443 286.5944209488653
387.1344062153263 286.98571025579645
388.0374688442607 287.4152191476976
388.9205266255384 287.88448341751257
389.7807531163877 288.39439555155246
390.61540447627397 288.9451741889741
391.4219252004964 289.5363800088031
392.1980441737826 290.1669665130237
392.9418557910175 290.8353558292656
393.6518816017397 291.53953148072503
394.3271090080253 292.2771410995621
394.96700524545884 293.0456024228037
395.57150707514876 293.84220617492997
396.1409888890464 294.66421010657496
396.6762080405523 295.5089233477766
397.1782384566174 296.373773312421
397.6484061367088 297.25635042100555
398.0882322336478 298.15443338179
398.499382093751 299.06600114807895
398.883616999991 299.989236511801
399.24274758005424 300.9225238343675
399.5785904184965 301.8644418710708
399.8929304524983 302.813752327678
400.1874911921989 303.76938508696736
400.463913504673 304.73042135327916
400.72374243023205 305.69607601693633
400.9684206787043 306.66568034588937
401.19928717145166 307.63866578387217
401.41757906073366 308.61454930718514
401.62443589757254 309.592920529704
401.82090493347806 310.5734305591939
402.0079468651139 311.5557824899244
402.18644161885857 312.53972335343485
402.35719543400955 313.52503707738845
402.52094852499545 314.5115384332885
402.67838117607494 315.49906815961276
402.83011707371605 316.48748923252
402.9767244923482 317.4766839882693
403.1187175703467 318.46655163891785
403.2566187890243 319.4569976262827
403.39097816047536 320.4479302977106
403.5223221686082 321.4392671483964
403.65108356606027 322.43094275187076
403.7775618502231 323.42291212823034
403.9019284034896 324.41514847125984
404.02426406692535 325.4076372547994
404.1446097671886 326.4003692994258
404.2630364300903 327.39333210110266
404.37963461793674 328.38651127053333
404.49711409568806 329.37958658102457
404.6148864035939 330.3726272063217
404.7312862982269 331.3658296350991
404.84512781437513 332.3593285576959
404.956280785171 333.3531318667482
405.065492029884 334.3471504299693
405.17388247589656 335.3412588301014
405.2510957393562 336.04942414015005
405.3369752184735 336.8962798598444
405.34332733058864 336.8953307949681
406.3323492166222 336.74756168809347
407.3213711026558 336.5997925812188
408.3103929886894 336.45202347434423
409.299414874723 336.30425436746964
410.2884367607566 336.1564852605951
411.2774586467902 336.0087161537205
412.26648053282383 335.8609470468459
413.2555024188574 335.71317793997133
414.244524304891 335.56540883309674
415.2335461909246 335.4176397262222
416.2225680769582 335.26987061934767
417.21158996299187 335.1221015124731
418.20061184902545 334.9743324055985
419.18963373505903 334.82656329872395
420.1786556210926 334.67879419184936
421.1676775071262 334.5310250849748
422.1566993931598 334.3832559781002
423.1457212791934 334.2354868712256
424.13474316522706 334.08771776435094
425.12376505126065 333.9399486574763
426.11278693729423 333.79217955060176
427.1018088233278 333.6444104437272
428.0908307093614 333.4966413368527
429.07985259539504 333.34887222997816
430.0688744814287 333.20110312310356
431.05789636746226 333.053334016229
432.04691825349585 332.90556490935444
433.03594013952943 332.7577958024798
434.024962025563 332.61002669560526
435.0139839115966 332.4622575887306
436.00300579763024 332.31448848185596
436.9920276836638 332.1667193749813
437.98104956969746 332.0189502681068
438.97007145573104 331.87118116123224
439.9590933417646 331.7234120543577
440.9481152277982 331.57564294748306
441.9371371138318 331.4278738406085
442.9261589998654 331.28010473373394
443.91518088589896 331.13233562685934
444.90420277193255 330.98456651998475
445.89322465796613 330.8367974131102
446.8822465439997 330.6890283062356
447.87126843003335 330.5412591993611
448.860290316067 330.39349009248656
449.8493122021006 330.24572098561197
450.8383340881342 330.0979518787374
451.82735597416786 329.95018277186284
452.8163778602015 329.8024136649882
453.80539974623514 329.6546445581136
454.7944216322687 329.506875451239
455.7834435183023 329.35910634436436
456.7724654043359 329.21133723748983
457.7614872903695 329.06356813061524
458.75052837408487 328.9159275714079
459.73962958109087 328.7686903400456
460.728863681852 328.6223486375431
461.7183441387573 328.47768203668966
462.7082293416277 328.33581137327326
463.69872024486614 328.19823313879584
464.6900497776127 328.06683390932915
465.6825573637501 327.94465088489494
466.67650581584047 327.83480337883697
467.67202208152935 327.74021286795505
468.6690944487027 327.66374918625354
469.66756131873376 327.6083965941697
470.6670778792989 327.57730567658973
471.66707152357765 327.5737403712611
472.66670085553545 327.6009653357176
473.6648296708227 327.66211162009535
474.66002277608374 327.7600436538785
475.65056667737315 327.89723978945983
476.6345150058569 328.075693388118
477.609755665418 328.29683962014303
478.5740891764382 328.56152977773013
479.52531169174495 328.87003541199556
480.4613018858761 329.2220614855901
481.3801088205805 329.61676874006986
482.2800320820908 330.05281704403694
483.1596828300868 330.5284372302676
484.0180178734188 331.04152684562564
484.8543459897433 331.58975606944085
485.66831197181693 332.1706686102135
486.45986662211357 332.78176699475864
487.2292241786445 333.4205853963477
487.97682548495686 334.0847331862258
488.70332163282364 334.77190372338134
489.4095739355557 335.4798639517033
490.09665364077455 336.2064460039702
490.7658261921812 336.9495530598134
491.4185144526027 337.7071796398038
492.0562450045418 338.4774391695231
491.0569140174984 338.44086625146997
490.0575830304551 338.4042933334168
489.0582520434117 338.36772041536364
488.05892105636826 338.3311474973105
487.05959006932494 338.2945745792573
486.06025908228156 338.25800166120416
485.0609280952382 338.22142874315097
484.06159710819486 338.18485582509777
483.0622661211514 338.14828290704463
482.0629351341081 338.1117099889915
481.06360414706467 338.07513707093835
480.06427316002134 338.03856415288516
479.064942172978 338.00199123483196
478.06561118593464 337.9654183167788
477.06628019889126 337.9288453987257
476.0669492118478 337.8922724806725
475.0676182248045 337.8556995626193
474.0746096400558 337.7376574065245
473.08160105530726 337.6196152504296
472.0885924705586 337.50157309433484
471.09558388581 337.38353093824
470.1025753010613 337.26548878214516
469.10956671631266 337.14744662605034
468.11655813156403 337.02940446995547
467.12354954681547 336.9113623138607
466.1305409620668 336.7933201577659
465.13753237731817 336.675278001671
464.1445237925695 336.5572358455762
463.15151520782086 336.4391936894814
462.15850662307224 336.32115153338657
461.167043436808 336.19076460811107
460.1755802505438 336.06037768283556
459.1841170642796 335.92999075756006
458.19265387801534 335.79960383228456
457.2011906917511 335.66921690700906
456.20972750548697 335.53882998173356
455.2182643192227 335.408443056458
454.22680113295854 335.27805613118255
453.2371515981565 335.1345507366282
452.24750206335455 334.99104534207396
451.2578525285526 334.84753994751964
450.2682029937505 334.70403455296537
449.27855345894864 334.5605291584111
448.28890392414655 334.4170237638568
447.3027982921543 334.2509042810944
446.3166926601621 334.08478479833207
445.33058702816993 333.9186653155697
444.3444813961777 333.7525458328073
443.36629830231766 333.54480119416075
442.3881152084576 333.33705655551415
441.4257245555245 333.06538721394793
440.4989472673451 332.68977590139866
440.91470583920807 331.78030088254303
441.91412448516434 331.7462073330813
442.9089052150491 331.8482431084244
443.89736938483685 331.9996980028513
444.8796734367959 332.1869912208406
445.8576488070667 332.3957115484169
446.8337008352346 332.6132487597383
447.8099056011821 332.8300995262611
448.78716677545793 333.04213866711257
449.7666495591403 333.2436665224323
450.748986946487 333.4307848203643
451.73429838625805 333.6015518155837
452.7223878424914 333.75543237472147
453.71289035808707 333.89292698042874
454.7053780195417 334.01527174680757
455.69943380185475 334.1241436975112
456.6946934543285 334.2213970992918
457.69086085137184 334.3088643335454
458.68770636177976 334.38823075200827
459.6850571364888 334.46097298312117
460.6827717007711 334.52854256369574
461.6807266209879 334.59246421272934
462.6788146803493 334.6542721876212
463.67694601629904 334.7153773117524
464.6750291276798 334.7772651358892
465.67295901818545 334.8415763606896
466.6705956840688 334.9102864973879
467.6677534208378 334.9856287033668
468.66417065989043 335.07020225548996
469.6594645330627 335.16710481492817
470.6530840607105 335.27988883098084
471.64427684305167 335.4123156720472
472.63208477295575 335.5679932029196
473.61538080103355 335.7500067221054
474.5929483254327 335.96062897933405
475.56359089612454 336.2011554850685
476.5262494763182 336.4718738959304
477.4801023475373 336.772148270573
478.4246290842633 337.10058280531285
479.35963119824834 337.45522494443856
480.28521315904413 337.833772212094
481.20173490658834 338.23375706965544
482.1097494935074 338.65269562116634
483.00993803983033 339.0881960012685
483.9030506185994 339.5380292166322
484.7898577616056 340.00016890451155
485.67111405637337 340.47280760683316
486.5475331802865 340.9543566897306
487.41977260798734 341.4434358047663
488.28828574380395 341.93910195543026
489.1530023587091 342.44136202343
490.0132990913425 342.9511556403186
490.8679978633479 343.47027991169534
491.7155542172438 344.0009853167656
492.55402668933647 344.5459292712626
493.38346345154525 345.10452989558786
494.20405882757024 345.6760395007971
495.0218850909811 346.2515047064138
495.8389140882901 346.82810128770467
496.6557162459975 347.4050191632853
497.4724539901009 347.98202822504857
498.261288326512 348.59663410664984
499.03965023634606 349.2244499533114
499.8176377728601 349.85272966254036
