0.09324300136108106
159877
1931
0.0 100.0
0.0 101.0
0.0 102.0
0.0 103.0
0.0 104.0
0.0 105.0
0.0 106.0
0.0 107.0
0.0 108.0
0.0 109.0
0.0 110.0
0.0 111.0
0.0 112.0
0.0 113.0
0.0 114.0
0.0 115.0
0.0 116.0
0.0 117.0
0.0 118.0
0.0 119.0
0.0 120.0
0.0 121.0
0.0 122.0
0.0 123.0
0.0 124.0
0.0 125.0
0.0 126.0
0.0 127.0
0.0 128.0
0.0 129.0
0.0 130.0
0.0 131.0
0.0 132.0
0.0 133.0
0.0 134.0
0.0 135.0
0.0 136.0
0.0 137.0
0.0 138.0
0.0 139.0
0.0 140.0
0.39694758529533125 140.91784127959477
0.7938951705906536 141.83568255918956
1.190842755885976 142.75352383878436
1.587790341181312 143.67136511837913
1.9847379264766485 144.58920639797392
2.3816855117719853 145.50704767756872
2.7786330970673196 146.42488895716352
3.1755806823626487 147.3427302367583
3.572528267657975 148.2605715163531
3.969475852953306 149.1784127959479
4.366423438248653 150.09625407554267
4.763350885904927 151.01410406399236
5.160118930282536 151.93202297051994
5.556418684649959 152.85014415243893
5.951741076959031 153.7686865881157
6.345355958536178 154.68796202290173
6.736301258832696 155.6083759364081
7.123382679026347 156.5304214744055
7.505184087634593 157.45466586004426
7.880089718322909 158.38172883960834
8.246319875664817 159.31225313905105
8.601981130219766 160.24686807152773
8.945130136771514 161.1861490514813
9.27384799030281 162.1305772238532
9.586320133578312 163.08050414718826
9.880915651317537 164.0361261859295
10.156259473742615 164.9974720027157
10.411291550478158 165.96440459593816
10.64530821801074 166.93663718092847
10.857982770190706 167.913760271872
11.049364548367954 168.8952759441777
11.21985822922267 169.88063471375793
11.370186826389297 170.86927080093758
11.50134291546184 171.86063253123547
11.614532783274601 172.8542059074008
11.711117849195638 173.84953064086272
11.792557079102355 174.84620894996362
11.860353384543668 175.84390813356984
11.916006244106363 176.84235831220798
11.960972027029346 177.8413468398529
11.996632764558132 178.84071079347484
12.024273441153568 179.8403287169823
12.045067311518368 180.84011250108526
12.060068327816854 181.8399999795097
12.070209501188717 182.83994855648888
12.076305915975858 183.83992997317958
12.07906113852615 184.83992617754672
12.079075879245341 185.8399261774381
12.076857939157678 186.83992371780596
12.072832667505923 187.8399156163672
12.067353349652958 188.83990060479246
12.060711118248179 189.83987854493012
12.05314412662418 190.83984991483914
12.044845839060724 191.83981548345812
12.035972379301445 192.83977611353907
12.026648940208059 193.83973264933624
12.016975298268438 194.83968585856735
12.007030501418924 195.83963640785248
11.996876811365944 196.83958485781295
11.986560563572766 197.83953164391284
11.976120346621393 198.8394771433627
11.965587184616568 199.83942166807304
11.95498482096472 200.83936546143593
11.944330779529782 201.83930870552587
11.933637649699985 202.8392515323787
11.92291419479961 203.8391940344832
11.912166147593174 204.8391362725556
11.901396705303265 205.83907828043044
11.890606790937666 206.83902006761008
11.879795156050402 207.83896162017757
11.868958392638651 208.838902900733
11.858090911739932 209.83884384791884
11.847184936914864 210.8387843760069
11.836230551810758 211.83872437493034
11.825215831213864 212.83866371105535
11.814127073651129 213.8386022288932
11.802949140659141 214.83853975384864
11.791665893876802 215.83847609599349
11.780260707101222 216.83841105473562
11.768717017505901 217.83834442413104
11.757018869507062 218.8382759984567
11.745151397334062 219.83820557752927
11.733101189055873 220.83813297113363
11.720856476105912 221.83805800182583
11.708407098133637 222.83798050531703
11.695744202464192 223.83790032763943
11.682859648974224 224.83781731833483
11.669745102634895 225.83773131897405
11.656390805088886 226.8376421463667
11.642784021805214 227.83754956980584
11.628907162398232 228.83745328155663
11.61473557041683 229.83735285950468
11.600234979230095 230.83724772040517
11.585358638006195 231.83713706151838
11.570044131878403 232.8370197875928
11.554209957336433 233.83689441919248
11.53775196841633 234.83675897732059
11.520539877453121 235.83661083831032
11.502414067099263 236.8364465523149
11.483183035093917 237.83626161891874
11.46262183515484 238.8360502151015
11.440471882719176 239.83580487480913
11.416442453589127 240.83551612638917
11.390214113929876 241.83517210431296
11.36144418642358 242.8347581642754
11.32977419216156 243.8342565441958
11.29483902935211 244.83364612508979
11.256277479463424 245.8329023519256
11.213743490057755 246.8319973723042
11.16691758887611 247.8309004381612
11.11551774727954 248.82957859266537
11.05930903705872 249.82799763339693
10.998111509279948 250.82612330814624
10.931805856794345 251.82392266695967
10.860336587802943 252.8213654691242
10.78371261825762 253.81842553115212
10.702005367524663 254.81508190381908
10.615344598393847 255.81131978258782
10.52391236678331 256.80713108349914
10.42793553082667 257.8025146512557
10.327677310956396 258.79747610244283
10.223428394211545 259.7920273396134
10.11549804296347 260.7861857974457
10.004205608533644 261.7799734981337
9.88987277273984 262.7734159990664
9.772816754087785 263.76654131265843
9.653344627979923 264.75937886789256
9.53174882828848 265.7519585682177
9.408303825547453 266.74430998344224
9.283263917752286 267.7364616963665
9.15686202467827 268.72844080976927
9.029309345843023 269.7202726070625
8.900795724896145 270.7119803509221
8.7714905578136 271.703585198513
8.64154408689228 272.6951062092309
8.511088935071065 273.6865604206614
8.38024175339994 274.6779629701077
8.249104876471524 275.66932724196215
8.117767904424532 276.66066502484625
7.986309154064826 277.65198666637025
7.85479694434529 278.643301217204
7.723290701823592 279.63461655965455
7.591841889012885 280.6259395189421
7.460494772293473 281.61727595776074
7.329287056077939 282.60863085647543
7.198250416266617 283.6000083824598
7.06741096893014 284.59141195266756
6.936789709987515 285.582844293633
6.806402958895668 286.574307502804
6.6762628346006005 287.5658031145182
6.546377785874396 288.5573321731531
6.416753191406569 289.5488953151209
6.2873920384233415 290.5404928605489
6.158295682981937 291.5321249147967
6.029464691170173 292.5237914794992
5.900899758795894 293.5154925726536
5.77260270802367 294.5072283574084
5.644577562619158 295.49899927961985
5.5168317082924245 296.4908062148156
5.389377149874637 297.48265062576854
5.262231881086646 298.4745347322169
5.135421383621442 299.4664616941111
5.0089802684022 300.4584358088854
4.88295406184665 301.4504627214544
4.757401123167858 302.44254964284244
4.632394655578116 303.4347055696305
4.50802474628337 304.4269414920109
4.384367613915032 305.41926649603647
4.2608890708791165 306.41161373839157
4.131670205398551 307.4032298358829
3.9568095211889953 308.3878230214767
3.6217168510602695 309.3300081956469
2.9167098894425125 310.0392085792272
1.9306180636936503 309.8730071616903
1.6565681652093747 308.91129168758124
1.6152824723525179 307.9121443052771
1.599442343182433 306.9122697679936
1.588614708534536 305.91232838854785
1.5795192401270364 304.9123697531761
1.571152117689248 303.9124047581577
1.5631070694604516 302.91243712008185
1.5552071885926826 301.9124683246276
1.5473734973133284 300.91249900845787
1.539570204085639 299.91252945461395
1.5317809035741896 298.91255979167533
1.523998015474923 297.9125900788076
1.5162180236882883 296.9126203434017
1.5084393004110763 295.9126505981273
1.5006610997427654 294.91268084878766
1.4928830877629315 293.9127110979803
1.4851051217095514 292.9127413468158
1.4773271459957948 291.9127715957263
1.4695491434322046 290.9128018448458
1.461771112628764 289.91283209418486
1.4539930577954094 288.9128623437109
1.4462149843646874 287.91289259338157
1.4384368972960646 286.9129228431583
1.4306588005698975 285.9129530930102
1.4228806971720407 284.91298334291395
1.4151025889744913 283.91301359285507
1.4073244751479659 282.91304384283995
1.399546346529976 281.91307409293984
1.3917681731065852 280.9131043433883
1.3839898837327127 279.91313459473866
1.3762113411773853 278.9131648480584
1.368432319582898 277.9131951051046
1.360652493076228 276.9132253684128
1.3528714423455297 275.9132556412462
1.3450886811543374 274.9132859273907
1.3373036990369347 273.9133162308231
1.3295160120155678 272.9133465553175
1.3217252114845275 271.9133769040645
1.313931002568852 270.9134072793721
1.306133226442586 269.91343768249055
1.2983318650031819 268.91346811357374
1.290527029776757 267.9134985717641
1.2827189392463592 266.9135290553676
1.2749078897392765 265.91355956208014
1.2670942247690662 264.9135900892262
1.259278306706746 263.91362063398026
1.2514604932943774 262.9136511935505
1.2436411201727966 261.9136817653158
1.2358204895018086 260.9137123469154
1.227998864002855 259.913742936296
1.2201764653488758 258.91377353172436
1.2123534757016654 257.9138041317761
1.20453004126824 256.91383473530755
1.196706276930523 255.91386534142012
1.1888822712293907 254.91389594942115
1.1810580912076218 253.9139265587861
1.1732337868092628 252.91395716912425
1.1654093943311359 251.9139877801516
1.157584937316364 250.9140183916839
1.149760421693722 249.91404900367482
1.1419358216190167 248.91407961632655
1.134111054983276 247.9141102302816
1.1262859526067726 246.9141408468639
1.1184602302414295 245.91417146829798
1.1106334746008255 244.91420209781901
1.1028051521681752 243.91423273960456
1.0949746433423624 242.91426339850875
1.0871412971576837 241.91429407963562
1.0793044961835832 240.91432478783187
1.0714637190391847 239.91435552719744
1.0636185894372179 238.9143863007002
1.0557689047249446 237.91441710994982
1.0479146418815786 236.91444795514795
1.0400559433707173 235.91447883519587
1.0321930882038874 234.91450974791934
1.0243264547754773 233.9145406903588
1.016456481721678 232.91457165907624
1.0085836317516303 231.91460265043983
1.0007083616604264 230.91463366086015
0.9928311000206483 229.91466468696692
0.9849522326526711 228.91469572572413
0.9770720950184602 227.91472677449067
0.9691909697349 226.9147578310408
0.9613090857606033 225.91478889357072
0.953426613877022 224.9148199607348
0.945543652845153 223.91485103175484
0.9376602039537791 222.9148821066209
0.929776138135531 221.9149131863508
0.9218911663192468 220.91494427322425
0.914004826455213 219.91497537088603
0.906116497783561 218.91500648423465
0.8982254454517836 217.9150376190728
0.8903308896965484 216.91506878156363
0.8824320869563166 215.9150999775926
0.8745284076390614 214.9151312121538
0.8666193970775133 213.91516248886694
0.8587048111508712 212.91519380969262
0.8507846241429349 211.9152251748656
0.8428590118210169 210.9152565830242
0.8349283163243031 209.91528803148424
0.8269930009126261 208.91531951659525
0.8190536022425797 207.91535103411755
0.811110686237007 206.91538257957242
0.8031648109127781 205.91541414853805
0.7952164954690015 204.91544573689615
0.7872661905467642 203.91547734106973
0.779314242774905 202.91550895830622
0.7713608501165812 201.9155405870338
0.7634060125171742 200.91557222725498
0.7554494907390804 199.91560388087535
0.7474907899661464 198.9156355518359
0.7395291811346236 197.91566724594574
0.731563763289518 196.91569897038968
0.7235935587208462 195.91573073297454
0.7156176237666629 194.91576254124962
0.7076351548322218 193.91579440166234
0.69964557168847 192.9158263188911
0.6916485667451667 191.91585829544638
0.6836441171106138 190.91589033156652
0.6756324627534569 189.91592242538428
0.6676140564783553 188.91595457332062
0.6595894901062426 187.91598677067168
0.6515593999733755 186.9160190123652
0.6435243576343689 185.91605129383896
0.6354847587607771 184.91608361193624
0.6274407304907288 183.91611596565502
0.6193920793578208 182.91614835657214
0.6113382955378471 181.91618078881498
0.603278616151967 180.91621326855832
0.5952121357142315 179.9162458031409
0.587137940897543 178.91627839998313
0.5790552429097353 177.91631106552003
0.5709634832611377 176.91634380434306
0.5628623940530699 175.91637661870465
0.5547519999192562 174.91640950849202
0.5466325568136756 173.91644247171348
0.5385044352346409 172.91647550543928
0.5303679708712551 171.9165086070133
0.5222233181654076 170.91654177524723
0.5140703451262641 169.91657501128424
0.5059085980546413 168.91660831889655
0.4977373456963792 167.9166417041364
0.4895556898081451 166.91667517444307
0.4813627090424655 165.91670873747324
0.4731575912588212 164.91674240001873
0.46493971159733993 163.91677616736192
0.45670863204037715 162.91681004327103
0.44846402735233654 161.91684403060182
0.4402055703375284 160.91687813223942
0.43193282412131406 159.91691235198988
0.4236451834915791 158.9169466950732
0.41534188240412107 157.91698116807186
0.4070220517664793 156.91701577846172
0.39868478798421814 155.9170505340494
0.3903291918502698 154.91708544265205
0.3819543592532992 153.91712051217752
0.3735593347508599 152.9171557510166
0.3651430560068507 151.91719116851775
0.3567043122393613 150.91722677534986
0.34824172208969273 149.91726258370701
0.3397537233461245 148.91729860741722
0.3312385668236681 147.91733486201971
0.32269431189939457 146.91737136483204
0.31411882159873583 145.91740813502503
0.30550975167361194 144.9174451937542
0.29686452704303584 143.91748256440692
0.2881803005482909 142.9175202730128
0.27945389046215774 141.91755834885416
0.27068169280487997 140.91759682532023
0.26185956183714587 139.91763574107486
0.25298264563740963 138.91767514167168
0.24404515497344934 137.91771508183896
0.23504003384271296 136.9177556287643
0.22595847374338046 135.91779686698152
0.23290254426215926 134.91782097732985
0.30095061040331694 133.9201389334429
0.487785287219087 132.93774756360133
0.8266516259369512 131.99691303804227
1.3032335661842782 131.11778298268635
1.8692761352644411 130.2934069701841
2.471707369004363 129.49523618105775
3.0690870802126264 128.69327765305476
3.6350854230815344 127.86887127518663
4.157247382315534 127.01602493009925
4.633977161905092 126.13697503546726
5.070517579984366 125.23729038883647
5.475084208737022 124.32278186350732
5.856111081369617 123.39821790015388
6.220804349672129 122.46709018600569
6.574680810693452 121.53179801222521
6.9216585689035615 120.59392465440578
7.264370456876413 119.65448409649798
7.604510813378688 118.71410941698002
7.943130990511404 117.7731862662187
8.280859367445053 116.83194265088112
8.618049658073476 115.89050613793617
8.954870750017804 114.9489374723459
9.291352201543749 114.00724737853638
9.627397669609618 113.06540161441553
9.962776684590308 112.12331832918508
10.297104139529376 111.18086135251508
10.629816406225665 110.23783296079517
10.960152514417532 109.29396959376335
11.287147760058131 108.3489436103489
11.609645159372066 107.40237326038238
11.926327415565142 106.45384158004036
12.23576888587082 105.50292308907751
12.53650393942415 104.5492153625888
12.827105574561394 103.59237123230656
13.10626658349441 102.63212692428309
13.372875104829422 101.66832201853113
13.626077104249234 100.7009085870088
13.865320020538451 99.72994884170241
14.090374214620075 98.75560259435177
14.301331565784935 97.77810732787243
14.498583136264584 96.79775442307574
14.682779885655686 95.81486503076664
14.854781702486008 94.82976839844723
15.015600447554412 93.84278444151853
15.166342357133983 92.85421128959891
15.308154237764713 91.86431766374209
15.442176652880043 90.87333936314884
15.569505996703015 89.88147886983256
15.691166159685043 88.88890705643911
15.808089527975033 87.8957661168199
15.9211063753284 86.9021730450776
16.030941295688503 85.90822320214312
16.138215151178528 84.9139936914524
16.24345101979214 83.91954640176976
16.347082762525833 82.92493066597126
16.44946503883167 81.93018553806239
16.550883839327582 80.93534171770365
16.651566844004428 79.94042316195687
16.751693131771113 78.94544842534388
16.851401951374985 77.95043176654202
17.21090348243579 78.88357626187215
17.523102880456726 79.83359285955629
17.785742669794118 80.79848681282618
18.00032721923838 81.77519222959205
18.171074893127667 82.76050701780005
18.303677339412758 83.75167632283285
18.404255486991396 84.74660548424569
18.478654045250362 85.7438340711449
18.532058441452282 86.74240703816649
18.568851086827426 87.74172995957193
18.592616325868605 88.74144752639434
18.60622222904723 89.74135496180958
18.61193154486301 90.74133866353321
18.611514385830457 91.7413385765224
18.606349289091952 92.74132523732126
18.59750786942187 93.74128615120651
18.585822901927507 94.74121787964333
18.57194177531099 95.74112153216385
18.55636792221584 96.74100025235933
18.53949277118413 97.74085785685992
18.52162039914651 98.74069813326298
18.502986623093477 99.74052450938535
18.483773862658534 100.74033992726831
18.4641227713276 101.740146825929
18.44414137756987 102.73994717795108
18.423912288034572 103.73974254898286
18.40349836838309 104.73953416321277
18.38294721933181 105.73932296604698
18.362294694682024 106.73910967991429
18.34156765604944 107.7388948517735
18.32078611976072 108.738678892329
18.2999649209966 109.73846210767223
18.279114996153112 110.7382447243615
18.258244364909842 111.73802690901549
18.237358877567544 112.73780878343536
18.216462780133032 113.73759043615358
18.195559138883237 114.73737193117262
18.174650157351174 115.73715331452163
18.15373741153533 116.73693461913902
18.13282202337936 117.73671586848224
18.111904787972733 118.73649707917934
18.090986266286784 119.73627826296432
18.070066852410235 120.73605942808149
18.049146822034785 121.73584058029886
18.028226367237636 122.73562172363528
18.007305621307637 123.7354028608797
17.98638467637688 124.73518399395994
17.965463595877505 125.73496512420334
17.944542423281135 126.73474625251953
17.923621188137474 127.73452737952687
17.90269991004025 128.73430850563537
17.88177860071705 129.73408963109046
17.86085726380866 130.73387075596827
17.839935890820264 131.7336518800911
17.81901444979019 132.73343300279006
17.798092859844637 133.73321412237283
17.77717093919324 134.7329952350351
17.75624830530476 135.7327763327716
17.735324192961407 136.73255739956704
17.7143971377671 137.73233840476814
17.693464449115318 138.73211929203586
17.67252136814208 139.73189996166263
17.65155977465247 140.73168024332375
17.630566275906965 141.73145985554356
17.609519484721723 142.731238347301
17.588386281318222 143.73101501621957
17.56711686035697 144.73078879649788
17.54563839901575 145.73055810773843
17.52384724966013 146.7303206524508
17.50159966437341 147.73007314429512
17.478701196728203 148.72981094000932
17.454895091761813 149.72952753453313
17.429850155773774 150.72921386092824
17.40314877616766 151.7288573155295
17.3742759178646 152.7284404076501
17.342610035806857 153.72793891786085
17.307416893689286 154.72731944736296
17.26784725286018 155.72653626243596
17.222939284590986 156.72552739071784
17.17162636379554 157.72421001505825
17.112750630974634 158.72247533454237
17.045082377067764 159.7201832113346
16.96734493421071 160.71715707758085
16.878244369567966 161.71317971255473
16.776502907706178 162.70799058650928
16.66089467926711 163.7012854760145
16.530282140066568 164.69271896576737
16.383651353467258 165.68191025789505
16.220144303381595 166.66845242352827
16.039086520139332 167.65192488329896
15.84000855817778 168.63190853880616
15.622660248196237 169.6080026490989
15.387017125027576 170.57984230588562
15.133278959508942 171.54711524738622
14.861860843286472 172.50957678229878
14.573377735296514 173.46706176724865
14.268623732477254 174.4194928659459
13.948547546382912 175.36688467248388
13.61422574308574 176.30934365399986
13.266835246643137 177.24706421097903
12.907626442037769 178.18032142884235
12.53789797594916 179.1094612791145
12.15897407880243 180.0348891153995
11.772184951219945 180.9570573054733
11.378850496845043 181.87645276282646
10.9802674574019 182.79358501101547
10.577699822542552 183.70897525531774
10.172372247790175 184.6231467693923
9.76546611566629 185.53661674680808
9.358117812537262 186.4498896304184
8.951418760778925 187.36345182386714
8.546416736830277 188.27776761209213
8.14411801576863 189.19327607138246
7.745489908399 190.11038873186365
7.351463294645805 191.0294877622484
6.962934805088667 191.95092447347847
6.580768359044315 192.87501797930884
6.205795831085609 193.80205390271
5.838816686703982 194.73228307210263
5.480596500188975 195.66592020609696
5.131864341675013 196.60314263520235
4.793309093335426 197.54408915005945
4.465574824220969 198.48885909499208
4.149255416333155 199.43751184083405
3.844888688160128 200.39006677089384
3.552950303125936 201.34650389864646
3.2738477765811123 202.3067652066644
3.007914904076503 203.27075675606795
2.7554069246029984 204.23835156811595
2.51649670528705 205.20939322896598
2.2912721900418047 206.18370011990567
2.0797352965279616 207.16107013309542
1.881802377272642 208.1412857009554
1.6973062865704311 209.12411894851857
1.5260000199127783 210.1093367736739
1.36756182216687 211.0967056700318
1.221601599041957 212.08599612953566
1.0876684171595985 213.07698649416636
0.9652588438459531 214.06946616466908
0.853825860110168 215.06323811543834
0.7527880798403843 216.05812070497245
0.6615390251748732 217.05394880762003
0.5794562421561521 218.0505743224108
0.5059100918168058 219.04786613716226
0.4402721189686899 220.04570964018285
0.38192298221324783 221.04400587789985
0.33026001996471754 222.04267045538907
0.28470462133068075 223.04163226930154
0.24470965648626586 224.04083215060012
0.20976728408805984 225.04022147944607
0.17941747649665585 226.03976081793115
0.15325757078880675 227.03941858903752
0.13095305252712172 228.03916981232516
0.11224960582562202 229.03899488756656
0.09698622448980945 230.03887839537646
0.08510889490422757 231.0388078574096
0.07668406400905695 232.03877236789205
0.07191083599499966 233.0387609759743
0.0711306431118302 234.03876067162378
0.07483304905324746 235.0387538176954
0.08365639652986301 236.0387148912074
0.0983822161321254 237.0386064604473
0.1199226643701185 238.03837443807498
0.1493007289347923 239.03794280958462
0.18762348728932668 240.03720822287187
0.2360492789205294 241.03603500600542
0.29575019586505935 242.0342513154875
0.36787175566049946 243.03164716499396
0.4534919470473565 244.02797501406116
0.5535819936078974 245.0229533970321
0.6689711411918 246.0162737605704
0.8003175381882572 247.00761029474842
0.9480868639689806 247.99663214807538
1.112539817114694 248.9830170760835
1.293728974948272 249.9664653406524
1.4915049769146649 250.946712581427
1.7055315827261264 251.9235404127283
1.9353090405718765 252.89678360939908
2.180205505059399 253.866332845736
2.439497099672635 254.8321319288599
2.7124187392408214 255.7941681956687
2.998230092692884 256.75245409780746
3.296304085520786 257.70699686520953
3.6062490098991775 258.65775137813705
3.9280793385606207 259.60454873742447
4.26245414068557 260.54698891680135
4.611004481591358 261.4842789785509
4.976770263026038 262.41498591047497
5.364758279451943 263.3366503283137
5.7826071750708135 264.2451668666497
6.241280355779171 265.13377190450336
6.7555621926454945 265.991393145069
7.3438325064100525 266.8000574993863
8.026051862004554 267.5312050568959
8.8181566063701 268.1415902418026
9.720896447779712 268.5717771531932
10.704139371116625 268.75407732792667
11.697271911705332 268.637082640766
12.60554927605386 268.218714107757
13.353882856127925 267.5553915218808
13.919031784345929 266.7304026195711
14.321549767677404 265.81499054127266
14.599120957007301 264.85428546953943
14.788113631845206 263.8723069723932
14.917077811015968 262.88065771963755
15.006439590965813 261.8846584865634
15.070105574688974 260.8866872231913
15.117203357393132 259.88779693949425
15.153444286257514 258.8884538577275
15.182047125888218 257.8888630026447
15.204295512040577 256.8891105286225
15.219835950288775 255.88923128852446
15.226828431401074 254.88925573621935
15.222055235286799 253.88926712798482
15.20107603411067 252.8894872156451
15.158488743041193 251.8903944658769
15.08831852561674 250.8928594336166
14.984517221731284 249.89826137947026
14.841518441026267 248.90853851486781
14.654766463421144 247.9261314206036
14.421127289225318 246.95380805038099
14.139103209705235 245.9944007236574
13.808806731817025 245.0505234876279
13.431694064086955 244.12435609679756
13.010094943322732 243.21757377376142
12.546590702854601 242.33147907280218
12.043285340168204 241.46737045006364
11.500997543788746 240.6271776472512
10.918395500636063 239.8144200823437
10.291126537564034 239.0356173807777
9.611105640460897 238.30242465065615
8.866435169352286 237.63499233988682
8.04322370478101 237.0672574681391
7.132420261211042 236.65441719977724
6.147872502479251 236.47930092190393
5.161247433169434 236.6423069727407
4.3330034763258745 237.2026746627016
3.856369178510253 238.08177633267263
3.800352439725205 239.0802061624433
4.07681564275118 240.04123066648708
4.563020176675699 240.9150757049185
5.1720764180881655 241.7082027406426
5.852566369005144 242.44096015391182
6.576700382063866 243.13061944017676
7.3378170317056295 243.77923446130876
8.152587152966634 244.35901860174408
9.050567188212565 244.79905480059566
10.032791711779714 244.98676464397977
11.018623419054897 244.81902721544665
11.871604364377145 244.2970851622289
12.51607965594894 243.53246002626133
12.973341405995084 242.6431278656235
13.299848175755244 241.69793300248642
13.543127618988652 240.7279767599167
13.733899736966983 239.74634240894784
13.890510105955787 238.7586819448585
14.023932380860948 237.7676226648156
14.141008200835449 236.77449968533253
14.246233822284776 235.78005131131272
14.34269751464059 234.78471480738196
14.432580794088759 233.788762501257
14.517445892428807 232.79237005092241
14.598416530043652 231.79565356372848
14.676301017420297 230.7986911739534
14.751680321368822 229.8015362408882
14.824972385479118 228.80422572087025
14.896479151998086 227.80678560620572
14.96642053784768 226.80923450348195
15.034958475242211 225.81158599266377
15.102213418031718 224.81385016957714
15.168275208567199 223.81603463560742
15.233209812138536 222.81814511403752
15.297063123238228 221.82018581894494
15.359862812089787 220.8221596674438
15.421618996468576 219.82406840223257
15.482324378127785 218.82591267458403
15.541954360387702 217.82769212519844
15.60046755048202 216.8294054897149
15.657806937419252 215.83105074579586
15.71390191876081 214.8326253088862
15.768671228737862 213.834126273992
15.822026701351312 212.83555069170384
15.873877694623616 211.8368958591933
15.924135916106785 210.83815960212974
15.972720333850962 209.83934052223964
16.01956183676351 208.8404381878721
16.06460732466412 207.84145325103884
16.10782295774958 206.84238748290494
16.149196370054305 205.84324372910658
16.188737741632174 204.8440257949532
16.22647971842119 203.84473827717466
16.26247625656803 202.84538636256127
16.296800540848704 201.84597561441586
16.329542179026888 200.84651176558017
16.360803902989492 199.8470005327194
16.39069801370795 198.8474474615199
16.419342793318727 197.84785780741123
16.446859078363662 196.84823645206845
16.473367148744963 195.8485878527073
16.498984042537675 194.84891601917772
16.523821362207325 193.84922451298613
16.547983596787294 192.84951646239332
16.571566949815228 191.84979458834036
16.594658635788655 190.85006123687162
16.617336589020834 189.85031841472323
16.63966951767705 188.85056782567733
16.661717231485966 187.85081090606346
16.6835311728462 186.85104885839297
16.705155086352203 185.85128268254752
16.726625769750513 184.85151320424046
16.747973858765018 183.85174110066112
16.769224608076566 182.85196692333218
16.79039864023358 181.85219111828278
16.811512642874867 180.8524140436844
16.832580002048115 179.85263598512466
16.853611365471092 178.85285716870948
16.874615134306687 177.8530777721951
16.895597885502106 176.85329793435466
16.916564729129213 175.85351776278276
16.937519606638002 174.8537373403356
16.95846553668543 173.85395673039437
16.97940481540375 172.85417598112645
17.00033917778252 171.8543951289034
17.0212699263896 170.8546142010183
17.042198033053563 169.85483321782675
17.063124218455396 168.85505219441987
17.0840490138893 167.85527114192084
17.10497280879188 166.8554900684818
17.125895887030893 165.85570898004443
17.146818454402712 164.85592788091594
17.16774065931757 163.85614677420233
17.18866260825202 162.8563656621319
17.209584377215055 161.8565845462953
17.230506020201425 160.85680342782248
17.25142757538502 159.85702230751227
17.272349069629172 158.85724118592685
17.293270521752177 157.85746006346
17.314191944878303 156.85767894038636
17.335113348121112 155.85789781689664
17.35603473778241 154.85811669312272
17.37695611820172 153.8583355691554
17.397877492355292 152.858554445057
17.418798862276315 151.85877332086997
17.439720229348374 150.85899219662335
17.460641594509447 149.85921107233673
17.48156295839307 148.8594299480234
17.5024843214256 147.85964882369225
17.523405683892964 146.85986769934928
17.544327045986225 145.86008657499846
17.565248407832655 144.8603054506425
17.58616976951672 143.86052432628313
17.607091131094293 142.86074320192154
17.62801249260226 141.8609620775585
17.64893385406484 140.8611809531945
17.669855215497904 139.86139982882986
17.690776576911855 138.86161870446483
17.711697938313446 137.86183758009955
17.732619299707064 136.8620564557341
17.753540661095553 135.86227533136855
17.77446202248076 134.86249420700292
17.795383383863868 133.86271308263727
17.81630474524564 132.8629319582716
17.83722610662655 131.86315083390588
17.858147468006916 130.86336970954017
17.879068829386945 129.86358858517445
17.899990190766758 128.86380746080872
17.92091155214644 127.86402633644298
17.941832913526028 126.86424521207724
17.962754274905564 125.8644640877115
17.983675636285064 124.86468296334576
18.00459699766455 123.86490183898002
18.025518359044014 122.86512071461428
18.04643972042348 121.86533959024852
18.067361081802932 120.86555846588278
18.088282443182386 119.86577734151705
18.10920380456184 118.8659962171513
18.13012516594129 117.86621509278555
18.151046527320744 116.86643396841981
18.17196788870019 115.86665284405407
18.192889250079638 114.86687171968833
18.213810611459085 113.86709059532258
18.23473197283853 112.86730947095683
18.255653334217982 111.86752834659107
18.27657469559743 110.86774722222533
18.297496056976875 109.8679660978596
18.31841741835632 108.86818497349385
18.339338779735762 107.8684038491281
18.360260141115205 106.86862272476236
18.38118150249465 105.8688416003966
18.4021028638741 104.86906047603087
18.423024225253542 103.86927935166513
18.44394558663299 102.86949822729937
18.46486694801244 101.86971710293362
18.48578830939189 100.86993597856788
18.506709670771343 99.87015485420213
18.527631032150786 98.87037372983639
18.548552393530237 97.87059260547065
18.56947375490968 96.8708114811049
18.590395116289127 95.87103035673915
18.611316477668574 94.8712492323734
18.632237839048024 93.87146810800766
18.653159200427474 92.87168698364192
18.674080561806917 91.87190585927617
18.695001923186368 90.87212473491043
18.715923284565815 89.87234361054469
18.736844645945265 88.87256248617895
18.7577660073137 87.87278136181298
18.778687368409482 86.8730002374413
18.79960872619 85.87321911300026
18.820530057130817 84.87343798799756
18.841451218833708 83.87365685945342
18.86237145440716 82.87387571152976
18.883287132353285 81.87409446824898
18.904182753452215 80.87431280557513
18.92499991321184 79.87452950612492
18.94554260255057 78.87474052943297
18.965214517249535 77.87493404027016
18.98233788753419 76.87508065592318
18.992464829936175 75.87513193471914
18.98429954726325 74.87516527119536
18.929815506376958 73.87665062969594
18.7584932058742 72.89143559258453
18.295583015394136 72.00503040557933
17.353786017922587 71.66884828893185
16.640880256764788 72.37010813785237
16.44163123457079 73.35005702792509
16.35820597450722 74.34657106494781
16.293716538634687 75.34448945472768
16.23213987368943 76.34259181136964
16.17100770861946 77.34072149151841
16.109955970619723 78.33885609430864
16.048929103593984 79.33699221804177
15.987915529070676 80.33512915440065
15.926910610901292 81.33326661986277
15.865911495177787 82.33140443994623
15.804916231730068 83.32954249544603
15.743923484727397 84.32768070472021
15.682932354659947 85.32581901279833
15.621942247569875 86.32395738338487
15.56095323317904 87.32209582073894
15.49996698928106 88.32023442737392
15.438987532160004 89.31837344865764
15.378020876653556 90.31651325194991
15.317073623843648 91.31465424017499
15.25615123306647 92.31279674618403
15.195256794201551 93.31094095786656
15.134390670301046 94.3090868965756
15.073550898489293 95.30723444186431
15.012733993632185 96.30538338069239
14.95193580240129 97.30353345955982
14.891152185621086 98.30168442606293
14.830379449989614 99.2998360551273
14.769614548478204 100.29798816114337
14.708855113045846 101.29614059990506
14.6480993888419 102.29429326456936
14.587346125126816 103.29244607899608
14.52659445900773 104.29059899066029
14.465844304564532 105.28875199433013
14.40509736829696 106.28690519386119
14.344357930191252 107.28505884969711
14.28363246463732 108.28321335568967
14.222928100100825 109.2813691451966
14.162250738495084 110.2795265765613
14.10160371908789 111.27768585194625
14.040987427960259 112.2758469938717
13.9803997310454 113.27400987185432
13.919836844778533 114.27217425551416
13.859294261862416 115.27033987085754
13.798767491036859 116.26850644513931
13.738252525142448 117.2666737351778
13.677746058352536 118.26484154044734
13.617245521563504 119.2630097051612
13.556749010957779 120.2611781139002
13.496255169637505 121.25934668441438
13.435763596051753 122.25751539236165
13.375275923025615 123.25568433668515
13.31479664200561 124.25385378951734
13.254332672730373 125.25202416997325
13.193891678340504 126.25019594186281
13.133480015640552 127.24836948940343
13.073101278920463 128.24654502915186
13.012755871209658 129.2447225843835
12.952441470047246 130.24290201365082
12.892153968850067 131.24108306796882
12.831888478873863 132.2392654514629
12.771640130131006 133.23744886971517
12.711404578162922 134.23563306027276
12.651178239159428 135.2338178067452
12.590958328117564 136.23200294103347
12.530742781293407 137.23018833860283
12.470530705962897 138.22837394558402
12.410323532706483 139.2265598482537
12.350125883246225 140.2247463253207
12.289945080732004 141.2229338182341
12.229789306424495 142.22112281978517
12.169743821783586 143.21931846181846
12.110036621943859 144.21753439551583
12.050982639211052 145.21578918619977
11.992850154494882 146.2140980633619
11.935761275770542 147.21246716340755
11.879678134176329 148.21089326544464
11.82445207896618 149.20936714233173
11.769889456794646 150.20787749293495
11.71580246329949 151.20641372018696
11.662035939232092 152.2049672545003
11.608474637759507 153.20353181775326
11.55503934192985 154.20210313176122
11.501678742138218 155.20067844008298
11.44836113235966 156.19925604472243
11.395067652813148 157.19783493746843
11.341787431460538 158.196414537707
11.28851436265625 159.1949945195513
11.235245092181064 160.19357470402477
11.181977811475477 161.1921549946405
11.128711560847382 162.19073534020316
11.075445838001118 163.18931571391857
11.022180383145798 164.187896101929
10.968915063295617 165.18647649714075
10.915649810985515 166.18505689595514
10.862384592258016 167.18363729656087
10.80911939013869 168.1822176980525
10.755854196193784 169.18079809998017
10.702589006255309 170.17937850212152
10.649323818273135 171.17795890436724
10.596058631243023 172.17653930666373
10.542793444674908 173.17511970898485
10.489528258330374 174.17370011131794
10.436263072093794 175.17228051365674
10.38299788590924 176.17086091599836
10.3297326997497 177.1694413183413
10.27646751360217 178.1680217206849
10.22320232746041 179.16660212302878
10.16993714132141 180.16518252537284
10.116671955183735 181.16376292771696
10.06340676904668 182.1623433300611
10.010141582909917 183.16092373240528
9.956876396773303 184.15950413474945
9.90361121063677 185.15808453709363
9.850346024500258 186.15666493943777
9.797080838363767 187.15524534178192
9.743815652227275 188.15382574412607
9.690550466090796 189.1524061464702
9.637285279954323 190.15098654881436
9.584020093817848 191.14956695115856
9.530754907681366 192.14814735350274
9.477489721544885 193.1467277558469
9.424224535408399 194.14530815819109
9.370959349271914 195.14388856053523
9.317694163135439 196.1424689628794
9.264428976998964 197.14104936522355
9.211163790862491 198.1396297675677
9.157898604726013 199.13821016991184
9.104633418589529 200.13679057225602
9.051368232453044 201.13537097460016
8.998103046316565 202.13395137694434
8.944837860180089 203.1325317792885
8.891572674043617 204.13111218163266
8.838307487907139 205.1296925839768
8.785042301770655 206.12827298632098
8.731777115634177 207.12685338866515
8.678511929497697 208.1254337910093
8.625246743361217 209.12401419335347
8.571981557224738 210.12259459569765
8.518716371088258 211.12117499804185
8.46545118495177 212.11975540038603
8.41218599881529 213.1183358027302
8.358920812678813 214.11691620507438
8.305655626542336 215.11549660741855
8.252390440405858 216.1140770097627
8.199125254269385 217.11265741210687
8.145860068132903 218.11123781445102
8.092594881996428 219.1098182167952
8.039329695859948 220.10839861913934
7.986064509723475 221.1069790214835
7.9327993235869965 222.10555942382769
7.879534137450507 223.10413982617186
7.826268951314026 224.10272022851603
7.7730037651775445 225.1013006308602
7.719738579041066 226.09988103320438
7.66647339290459 227.09846143554853
7.613208206768113 228.09704183789268
7.5599430206316365 229.09562224023685
7.506677834495163 230.09420264258102
7.453412648358675 231.0927830449252
7.400147462222202 232.0913634472694
7.34688227608572 233.08994384961358
7.293617089949244 234.08852425195775
7.240351903812763 235.08710465430192
7.187086717676284 236.0856850566461
7.133821531539795 237.08426545899027
7.080556345403316 238.08284586133445
7.027291159266838 239.08142626367862
6.974025973130361 240.0800066660228
6.920765645281655 241.0785873275006
6.867524064779607 242.07716898871095
6.814320737743697 243.07575268875433
6.761172485021403 244.0743393215672
6.708087203030984 245.0729293039103
6.655062923737144 246.07152252730276
6.6020907948513425 247.07011851846298
6.549159116388551 248.06871665455935
6.496256478884205 249.06731632957687
6.443373428710025 250.06591704207625
6.3905029315290465 251.0645184192673
6.337640146376268 252.0631202047383
6.284781935030897 253.06172223232156
6.231926357040212 254.06032439929058
6.179072257594307 255.05892664451727
6.1262189707268275 256.05752893275184
6.073366122320858 257.0561312441929
6.0205135067983075 258.05473356795966
5.9676610132905505 259.0533358981843
5.914808582956116 260.05193823175244
5.861956184993331 261.0505405670339
5.80910380346935 262.04914290318544
5.756251430227381 263.0477452397753
5.703399061129008 264.0463475765844
5.650546694091038 265.04494991350265
5.597694328072101 266.04355225047476
5.5448419625547425 267.0421545874735
5.491989597283235 268.04075692448515
5.439137232131776 269.0393592615032
5.386284867038734 270.0379615985243
5.3334325019740545 271.03656393554695
5.280580136923086 272.03516627257034
5.2277277718787385 273.03376860959406
5.174875406837578 274.0323709466179
5.122023041797961 275.03097328364186
5.06917067675909 276.0295756206658
5.016318311720581 277.0281779576898
4.96346594668223 278.02678029471383
4.910613581643951 279.02538263173784
4.857761216605724 280.02398496876185
4.804908851567513 281.0225873057859
4.752056486529315 282.02118964280993
4.699204121491113 283.019791979834
4.646351756452903 284.01839431685806
4.593499391414707 285.0169966538821
4.540647026376511 286.01559899090614
4.487794661338308 287.01420132793015
4.434942296300107 288.01280366495416
4.382089931261913 289.01140600197823
4.329237566223706 290.01000833900224
4.276385201185514 291.0086106760263
4.223532836147314 292.0072130130503
4.170680471109116 293.00581535007433
4.117828106070913 294.0044176870984
4.064975741032717 295.00302002412246
4.012130789932603 296.0016227535115
3.959314448029297 297.0002269964566
3.9065564824822374 297.99883432522574
3.8538825627001616 298.9974460907156
3.8013047391095123 299.9960629203687
3.7488200085543473 300.9946846470793
3.696414862138667 301.99331055332703
3.644071445173645 302.9919396970538
3.5917723462626263 303.9905711627373
3.5395031386822353 304.98920419340413
3.4872530876593983 305.9878382265555
3.4350148056181657 306.98647287540825
3.382783503460892 307.98510788935226
3.3305562199492242 308.9837431134742
3.2783311927790755 309.9823784555972
3.226107405648767 310.981013862569
3.1738842876350817 311.97964930453213
3.1216615250143946 312.97828476508033
3.0694389485950255 313.9769202353657
3.017216468581667 314.9755557106925
2.964994037969223 315.97419118860273
2.912771632443323 316.9728266678248
2.860549239556201 317.97146214770777
2.8083268529924332 318.9700976279214
2.7561044695729753 319.9687331082995
2.7038820877086063 320.96736858875886
2.651659706609682 321.96600406925836
2.5994373258859094 322.9646395497774
2.5472149453453543 323.963275030306
2.4949925648939666 324.9619105108393
2.4427827638443667 325.9605466491171
2.3906215045715067 326.95918532402965
2.3385592937096846 327.9578291675495
2.286639685442707 328.95648043514865
2.2348831265494034 329.9551401662941
2.1832845220009967 330.9538080710596
2.131820951161314 331.9524829435163
2.0804621194893347 332.9511632078699
2.0291784844074807 333.94984733649756
1.9779455674549553 334.9485340682711
1.9267451544243288 335.94722246697484
1.8755647104417623 336.9459118892447
1.824396109596566 337.9446019183767
1.773234327399814 338.94329229684365
1.7220763736569427 339.94198287143064
1.6709205239550233 340.9406735537949
1.6197658095784093 341.93936429431324
1.5686324945377024 342.93805613071373
1.51757974523102 343.93675208884525
1.4666909078566759 344.9354564125721
1.4160379080217769 345.9341727254496
1.365654508824404 346.93290267547883
1.3155322671796086 347.93164576601436
1.2656332800889518 348.93040003563596
1.2159074584589669 349.929162941767
1.1663059586109574 350.9279320298013
1.1167883102030365 351.92670527859013
1.0673574825360248 352.9254828280355
1.0180873306327145 353.9242683165822
0.9690972507738886 354.9230675817378
0.920493484934648 355.92188572031273
0.8723248689223325 356.9207249388216
0.8245751566961859 357.91958427075093
0.7772306724784043 358.9184628919128
0.7303486738537622 359.9173633264932
0.6840445414796165 360.9162907149079
0.6384205619354958 361.91524939898375
0.5935747584170749 362.91424331983956
0.549648105090338 363.91327807855794
0.5068638451188907 364.91236241288544
0.46550053465864294 365.9115065849386
0.42586179854393713 366.91072066140026
0.388235015060235 367.9100125232528
0.3528943946102953 368.9093878484166
0.32014003631880134 369.90885128047046
0.2902948545725807 370.9084058138135
0.2636381881828889 371.90805046174444
0.2403288294671718 372.9077787617321
0.22037325909826277 373.90757962951096
0.20365398321845032 374.9074398526492
0.18999918340071673 375.90734662152414
0.17926579227778103 376.90728901702255
0.17141508017980772 377.9072581997075
0.16657051230681122 378.9072464647197
0.1650556305936363 379.90724531728574
0.16741413801972332 380.90724253600325
0.1744164978285546 381.9072180191813
0.1870585050718886 382.9071381058147
0.2065579069253409 383.90694797440335
0.23435493146815392 384.9065615624595
0.2721229947366474 385.9058480946398
0.3217950274411126 386.90461367733025
0.38560382057294573 387.9025758198582
0.4661226799225822 388.8993289052756
0.56628566470473 389.89429994831124
0.6893690638593022 390.8866962788428
0.8389213774995199 391.87545009323986
1.0186356099519207 392.85916895279985
1.2321676182199395 393.8361050210484
1.4829162591794862 394.8041572505572
1.7737905205332543 395.7609185395326
2.1069936704998886 396.7037735977745
2.4838546421326018 397.63004343322206
2.904732612867016 398.5371606989328
3.3690131474820446 399.4228488975544
3.87520620745727 400.28526908866365
4.4211447772435 401.12309429598304
5.004262535912277 401.93548193715264
5.6219077258705585 402.721938814115
6.271639922047361 403.48210200268124
6.951459527514692 404.2154813751906
7.659935947977423 404.92121585900753
8.396223395146531 405.5978847552494
9.15997471131868 406.2433953493107
9.951176367571284 406.85495069361167
10.769932342299509 407.4290923606651
11.616224712654677 407.9618110705661
12.489678643736692 408.448717868914
13.389359280614869 408.8852665507657
14.313625500286854 409.26701510043324
15.260061187600884 409.5899074815426
16.225497320087666 409.8505472215842
17.20612523363306 410.04642701935717
18.197684331065165 410.17608254874034
19.19569323391884 410.2391557587808
20.195689359601207 410.23637212442026
21.193447363682022 410.16944705219265
22.18515600461673 410.04094035394144
23.167542107109288 409.8540779831187
24.137938239573128 409.6125591513494
25.094297684712007 409.32036638673384
26.035166464264556 408.98159516649326
26.95962614521413 408.6003153502184
27.867220786897146 408.18046779885213
28.75787749062721 407.72579139073235
29.631826456474066 407.23977369033946
30.489525479146202 406.7256215858925
31.331593783300438 406.1862506827667
32.15875822122008 405.62429072632756
32.97181143461738 405.0421013480456
33.7718212183946 404.4421143933035
34.56094472799738 403.8278798399021
35.34370510398149 403.20555661697915
36.12786024480412 402.5849917814289
36.92386209037306 401.97969758696576
37.742667306146615 401.40562614661883
38.59276578295052 400.87900239123394
39.477886567081306 400.4136410289576
40.39648841600536 400.01845671353846
41.34309416427599 399.6960632313757
42.3105422122317 399.4429935285137
43.29199502281029 399.2512896406883
44.28205658335496 399.1106549851732
45.27701685222894 399.0103850327337
46.27458425246691 398.9406764824514
47.27346070711191 398.8932863109404
48.272961796558526 398.8617019446332
49.27274787762321 398.8410188087657
50.272658945918 398.82768256110916
51.27262295123124 398.81919798228
52.27260870365647 398.81385991647466
53.272603158907316 398.81052983125323
54.2726010224997 398.80846275344464
55.2726001995515 398.807179828767
56.27259987814821 398.80637807664334
57.272599748298695 398.8058684699122
58.27259969254692 398.8055345484422
59.27259966628437 398.80530536489175
60.272599652301274 398.8051381339709
61.27259964374095 398.80500728812814
62.27259963773332 398.80489767400206
63.27259963299997 398.8048003769925
64.27259962893292 398.804710187784
65.27259962522571 398.80462408066717
66.27259962171676 398.80454030782045
67.27259961831831 398.80445786458006
68.2725996149818 398.80437617602263
69.27259961168008 398.8042949144655
70.2725996083979 398.8042138938172
71.27259960512669 398.80413300873937
72.27259960186164 398.8040521997777
73.27259959860005 398.80397143346426
74.27259959534038 398.80389069100283
75.27259959208178 398.80380996185943
76.27259958882378 398.8037292401415
77.27259958556611 398.8036485225581
78.27259958230863 398.80356780727425
79.27259957905125 398.80348709326813
80.27259957579393 398.80340637997176
81.27259957253665 398.8033256670685
82.27259956927938 398.80324495438316
83.27259956602212 398.80316424181876
84.27259942890439 398.80368791675414
85.27259068019023 398.8078709003497
86.27246585450028 398.8236707673889
87.27160157961683 398.8652376147055
88.26786211581059 398.9516375222455
89.25633504057765 399.1030352666225
90.22888937331314 399.3357111568162
91.17554404321378 399.65796096047063
92.08732522639578 400.0686373220928
92.95899580027243 400.5587295691622
93.7901543758488 401.11476501969196
94.58449513567214 401.7222374530445
95.34809296999411 402.3679295990543
96.08769844776535 403.04097026443105
96.80956559779885 403.7330019238965
97.51887802172725 404.43789616082915
98.21961521066206 405.1513156671813
98.91466494977843 405.87027732134254
99.60603414362902 406.59277897379354
100.29507055259685 407.3175056996128
100.98265445702161 408.0436106330598
101.6693477192969 408.77055792382146
102.35550208442102 409.49801389308766
103.04133415309374 410.2257737254363
103.72697542489497 410.9537133152394
104.41250475672744 411.68175832428574
105.09796893172455 412.40986467970066
105.78339544486911 413.13800648943175
106.4688003224061 413.86616866494523
107.15419283816524 414.59434247616156
107.83957832447834 415.32252290376954
108.52495983024245 416.0507070779703
109.21033909019846 416.7788933659641
109.89571708712992 417.5070808427325
110.58109437572426 418.2352689861948
109.8957181289586 417.5070798621553
109.21034185667324 416.7788907621351
108.52496556308128 416.0507016821689
107.83958925163753 415.32251261900484
107.15421292516743 414.59432356998366
106.46883658598756 413.86613453292506
105.78346023600957 413.1379455060297
105.09808387682492 412.4097564877997
104.41270750977151 411.68156747697583
103.72733113598468 410.9533784724895
103.04195475643567 410.22518947342655
102.35657837196052 409.4970004790001
101.67120198328189 408.76881148853005
100.98582559102574 408.04062250142715
100.30044919573447 407.3124335171809
99.61507279787759 406.58424453534946
98.92969639786057 405.85605555555117
98.24431999603242 405.12786657745744
97.55894359269237 404.39967760078684
96.87356718809596 403.6714886252987
96.1881907824602 402.94329965078873
95.5028143759686 402.21511067708434
94.81743796877551 401.4869217040401
94.13206156101009 400.7587327315347
93.4466851527799 400.0305437594667
92.761308744174 399.3023547877523
92.07593233526582 398.5741658163224
91.39055592611564 397.8459768451203
90.70517951677276 397.1177878740995
90.01980310727743 396.38959890322224
89.33442669766254 395.66140993245756
88.64905028795505 394.93322096177997
87.96367387817726 394.20503199116854
87.27829746834806 393.47684302060554
86.59292105848385 392.74865405007546
85.90754464859955 392.0204650795643
85.22216823870937 391.29227610905866
84.53679182882755 390.5640871385451
83.85141541896901 389.83589816800975
83.16603900915004 389.1077091974371
82.4806625993885 388.37952022681037
81.79528618970447 387.6513312561107
81.10990978012028 386.9231422853171
80.42453337066061 386.1949533144063
79.73915696135253 385.4667643433528
79.05378055222515 384.73857537212916
78.36840414330939 384.0103864007064
77.68302773463736 383.28219742905424
76.99765132624185 382.55400845714183
76.31227491815554 381.8258194849384
75.62689851041034 381.0976305124139
74.9415221030366 380.36944153953976
74.25614569606233 379.6412525662896
73.57076928951251 378.91306359264
72.88539288340846 378.18487461857086
73.57077021341094 378.91306272305945
74.2561466379691 379.64125167975953
74.9415230325609 380.3694406646641
75.6268994261606 381.0976296505024
76.31227581972739 381.82581863637176
76.99765221329312 382.55400762224207
77.68302860685876 383.2821966081125
78.3684050004245 384.0103855939828
79.05378139399023 384.73857457985315
79.73915778755592 385.46676356572345
80.42453418112157 386.1949525515938
81.10991057468723 386.9231415374642
81.79528696825291 387.65133052333454
82.48066336181859 388.37951950920484
83.16603975538425 389.1077084950752
83.85141614894988 389.8358974809456
84.53679254251554 390.56408646681604
85.2221689360813 391.29227545268634
85.907545329647 392.0204644385567
86.59292172321268 392.74865342442706
87.27829811677836 393.4768424102974
87.96367451034413 394.20503139616767
88.64905090390984 394.933220382038
89.33442729747549 395.6614093679084
90.01980369104112 396.3895983537788
90.7051800846069 397.1177873396491
91.39055647817251 397.84597632551953
92.07593287173825 398.57416531138983
92.76130926530391 399.3023542972602
93.44668565886965 400.0305432831305
94.1320620524353 400.7587322690009
94.81743844600099 401.4869212548713
95.50281483956672 402.2151102407416
96.18819123313239 402.94329922661194
96.87356762669803 403.67148821248236
97.55894402026384 404.3996771983526
98.24432041382958 405.12786618422285
98.92969680739517 405.85605517009327
99.61507320096084 406.58424415596363
100.30044959452655 407.312433141834
100.98582598809219 408.0406221277044
101.67120238165786 408.76881111357477
102.35657877522358 409.4970000994451
103.04195516878922 410.22518908531544
103.72733156235496 410.95337807118574
104.41270795592067 411.6815670570561
105.09808434948643 412.40975604292635
105.78346074305193 413.1379450287969
106.46883713661767 413.8661340146672
107.15421353018331 414.59432300053754
107.83958992374897 415.32251198640796
108.52496631731468 416.05070097227826
109.21034271088037 416.77888995814857
109.89571910444604 417.507078944019
110.58109549801169 418.23526792988935
111.26647189157741 418.96345691575965
111.95184828514316 419.69164590162995
112.63722467870889 420.41983488750026
113.32260107227454 421.1480238733706
114.0079774658402 421.876212859241
114.69335385940587 422.60440184511134
115.37873025297156 423.3325908309817
116.0641066465373 424.060779816852
116.74948304010302 424.78896880272237
117.43485943366872 425.5171577885927
118.12023582723452 426.245346774463
118.80561222080019 426.97353576033333
119.49098861436578 427.70172474620375
120.1763650079314 428.42991373207417
120.86174140149713 429.1581027179445
121.54711779506275 429.88629170381483
122.23249418862842 430.6144806896852
122.91787058219413 431.3426696755555
123.6032469757598 432.07085866142586
124.28862336932558 432.7990476472961
124.97399976289113 433.5272366331665
125.65937615645687 434.2554256190369
126.34475255002262 434.98361460490713
127.03012894358831 435.7118035907775
127.71550533715389 436.43999257664797
128.40088173071956 437.1681815625184
129.0862581242853 437.8963705483887
129.77163451785106 438.624559534259
130.45701091141677 439.3527485201293
131.14238730498246 440.08093750599966
131.82776369854813 440.8091264918701
132.51314009211382 441.5373154777404
133.1985164856794 442.2655044636108
133.88389287924508 442.99369344948116
134.56926927281083 443.72188243535146
135.25464566637655 444.4500714212218
135.94002205994227 445.1782604070921
136.62539845350798 445.90644939296243
137.31077484707356 446.6346383788329
137.99615124063914 447.3628273647034
138.68035080640334 448.0921221982297
139.36427789323832 448.82167256653435
139.9830541495614 449.6072398422089
140.70121309907924 450.3031189432225
140.76030240951027 450.299643478227
141.08447673375522 450.6440676145604
141.99340535901655 450.2271158737415
142.9037717988469 449.81331284664935
143.81400783076703 449.39922304214525
144.72406797557673 448.9847468271112
145.6339222169238 448.56981880985677
146.54355578750136 448.1544072461295
147.45296776166413 447.73851079116815
148.36216882664877 447.32215346454734
149.27117860004006 446.9053786669898
150.18002281903807 446.4882429749256
151.08873066234685 446.07081027914205
151.99733239112817 445.65314666035823
152.90585742183288 445.2353162299406
153.81433287827755 444.8173780227405
154.7227826175767 444.399383918515
155.6312266863405 443.98137749042104
156.53968113967176 443.5633936316147
157.44815814423794 443.1454587895945
158.3566662855084 442.7275916369667
159.26521100529322 442.30980402088517
160.17379510628268 441.89210205604763
161.08241927302822 441.4744872531419
161.99108257191415 441.05695760238905
162.8997829048693 440.6395085577295
163.808517402083 440.2221338896269
164.71728274745237 439.80482639262294
165.62607543684308 439.3875784474992
166.53489197363643 438.97038244745727
167.44372900874504 438.5532311036802
168.3525834336285 438.136117648647
169.26145243516868 437.71903595636195
170.17033352087714 437.30198059787654
171.07922452206958 436.884946848701
171.98812358156368 436.46793066238365
172.89702913129472 436.0509286220192
173.80593986411188 435.63393787899275
174.71485470298404 435.21695608601135
175.62377276994727 434.79998132952386
176.53269335638407 434.38301206500745
177.441615895631 433.9660470573042
178.3505399384582 433.54908532720106
179.25946513163194 433.13212610471754
180.16839119953886 432.7151687890613
181.07731792869967 432.2982129148767
181.98624515491048 431.88125812421856
182.89517275270606 431.46430414358576
183.80410062682833 431.0473507653244
184.71302870539273 430.6303978327322
185.62195693446935 430.21344522824626
186.53088527382522 429.79649286416156
187.43981369360753 429.37954067540124
188.348742171781 428.9625886139298
189.25767069216243 428.5456366444691
190.16659924292432 428.1286847412357
191.0755278154631 427.7117328854746
191.9844564035489 427.29478106360506
192.89338500269074 426.8778292658369
193.8023136096648 426.4608774851426
194.7112422221667 426.0439257164986
195.62017083855585 425.6269739563286
196.52909945766888 425.2100222020964
197.43802807868389 424.7930704520104
198.34695670102252 424.37611870480987
199.25588532427912 423.95916695961046
200.16481394817035 423.5422152157945
201.07374257249882 423.1252634729317
201.98267119712756 422.70831173072344
202.89159982196188 422.29135998896334
203.80052844693648 421.874408247509
204.70945707200644 421.4574565062626
205.61838569714104 421.0405047651571
206.5273143223193 420.62355302414676
207.43624294752698 420.2066012832005
208.3451715727543 419.7896495422971
209.25410019799477 419.3726978014224
210.16302882324396 418.9557460605667
211.0719574484989 418.53879431972354
211.98088607375763 418.1218425788886
212.8898146990188 417.70489083805904
213.7987433242816 417.2879390972329
214.70767194954536 416.87098735640893
215.61660057480975 416.45403561558635
216.52552920007452 416.0370838747647
217.4344578253395 415.62013213394346
218.34338645060464 415.20318039312247
219.25231507586986 414.7862286523017
220.1612437011351 414.36927691148105
221.07017232640038 413.9523251706604
221.97910095166566 413.53537342983975
222.88802957693093 413.1184216890191
223.7969582021962 412.70146994819845
224.70588682746146 412.28451820737774
225.6148154527267 411.86756646655704
226.52374407799192 411.4506147257363
227.43267270325714 411.0336629849155
228.34160132852236 410.61671124409474
229.2505299537876 410.19975950327404
230.15945857905297 409.78280776245356
231.06838720431966 409.3658560216361
231.97731582959744 408.94890428084267
232.8862444549428 408.5319525401966
233.79517308062594 408.1150008002868
234.70410170774613 407.69804906350976
235.61303034021546 407.28109733839347
236.52195899046174 406.86414565202983
237.43088769426942 406.44719408242673
238.3398165461511 406.030242835616
239.24874577728582 405.6132924155552
240.15767591548132 405.1963439728433
241.06660809289264 404.77939997556507
241.9755446036878 404.3624654251336
242.8844898601788 403.9455499412492
243.79345194909882 403.5286711568213
244.70244504310324 403.11185998248413
245.61149296550764 402.6951684001691
246.52063422416055 402.2786804990063
247.42992880558938 401.8625274452098
248.3394669343418 401.4469069544426
249.2493798372267 401.0321075943134
250.15985229500012 400.618537885998
251.07113641071817 400.2067597170284
251.98356558382318 399.7975250605451
252.8975671800177 399.39181447138833
253.81367187996773 398.9908753504118
254.7325172502023 398.596257578893
255.6548428041064 398.2098438464566
256.58147381910516 397.83387182350486
257.5132915551294 397.47094523749803
258.4511883645579 397.12403087506283
259.3960075368499 396.79643854964996
260.3484695582364 396.4917812047256
261.3090886774002 396.21391269643993
262.27808603522925 395.96684161249783
263.25530780593635 395.7546209470197
264.2401583642552 395.58121570552134
265.2315589333334 395.4503535198779
266.2279410166782 395.3653667915635
267.2272809127236 395.32903812283047
268.2271768689932 395.3434629845541
269.2249645692443 395.4099438481728
270.217860743095 395.528927830089
271.2031200580507 395.69999530886014
272.1781882520071 395.9219007327115
273.1408352755765 396.19266023487705
274.0892558248811 396.5096751582747
275.02213011291883 396.8698772719805
275.9386437160116 397.26988079114756
276.8384705637357 397.7061280193506
277.72172675640115 398.1750187295572
278.58890459749625 398.6730173158139
279.44079621649666 399.1967354360626
280.2784149216616 399.74299078364095
281.1029205334317 400.3088445599468
281.9155528990426 400.89162122245284
282.717575917416 401.4889143481451
283.51023289091796 402.0985822268781
284.2947129218503 402.7187363053686
285.0721273602063 403.3477250103829
285.8434949180755 403.9841148992614
286.6097339157314 404.62667057659314
287.37166014020806 405.2743344002353
288.12998891693 405.92620667790584
288.88534017118286 406.58152681547125
289.6382454549582 407.2396557038078
290.38915611331504 407.9000595069208
291.13845194891314 408.5622949263566
291.8864499062255 409.2259959553272
292.63341243498985 409.8908620926977
293.37955530554194 410.55664795671424
294.1250547384059 411.22315421744963
294.87005377952664 411.8902197530075
295.61466790384696 412.5577149259209
296.3589898666236 413.22553587178015
297.10309384679806 413.8935996911032
297.84703894240914 414.5618404371792
298.59087208658207 415.23020579656725
299.33463045581806 415.8986543646647
300.0783434415381 416.56715342589916
300.822034252245 417.23567715627087
301.5657212081586 417.90420517483403
302.3094187834853 418.572721379913
303.05313844420596 419.2412130150569
303.79688932189754 419.90966991862894
304.5406787570418 420.5780839192062
305.28451273882274 421.2464483464074
306.02839626277716 421.91475763318203
306.77233362296363 422.58300699092115
307.51632865157035 423.2511921429625
308.2603849160521 423.91930910524195
309.00450588186266 424.587354005111
309.74869504748494 425.25532293086314
310.4929560576035 425.92321180546526
311.2372927997577 426.59101627855546
311.9817094895195 427.2587316310853
312.7262107490513 427.92635268719096
313.47080168373884 428.5938737280437
314.21548796141224 429.26128840262385
314.96027589843925 429.92858963060036
315.70517255668295 430.5957694928095
316.45018585494347 431.26281910521845
317.1953246980162 431.92972847278224
317.94059912583543 432.59648632030917
318.68602048424884 433.2630798984519
319.43160161767196 433.9294947643452
320.17735708210284 434.59571453834735
320.9233033746544 435.2617206408935
321.6694591728834 435.92749201664435
322.4158455738625 436.5930048568161
323.16248631938663 437.2582323345432
323.9094079903008 437.92314437197274
324.65664015016114 438.58770746097963
325.4042154168317 439.2518845613546
326.1521694406697 439.9156351005066
326.900540770023 440.5789150967389
327.6493705889667 441.24167742386743
328.39870231835914 441.9038722285327
329.1485810788824 442.56544750355135
329.89905302295244 443.2263498118873
330.6501645502932 443.88652514730643
331.4019614285934 444.5459199105387
332.1544878452305 445.20448197463236
332.9077854180983 445.8621618106556
333.6618921930939 446.5189136449932
334.4168416532469 447.17469662175813
335.17266176061037 447.829475947413
335.9293740479146 448.4832239984562
336.6869927736466 449.1359213758221
337.4455241525111 449.78755789051263
338.2049656736227 450.4381334633799
338.96530552127103 451.08765891790665
339.726522117206 451.73615663885346
340.48858380822 452.38366106284514
341.25144872721336 453.0302189607702
342.0150648587427 453.6758894678155
342.77937034023205 454.32074381645964
343.544294026855 454.9648647318499
344.3097563412712 455.60834545821905
345.0756704190567 456.2512883992722
345.8419435473179 456.8938033741209
346.60847887847297 457.5360055121514
347.3751773845637 458.17801283357244
348.14194000095256 458.819943585374
348.90866989316663 459.46191342297186
349.6752747683222 460.10403254384255
350.4416691442468 460.7464028891662
351.2077764895454 461.38911552750426
351.9735311589104 462.03224831810473
352.7388800637287 462.6758639284604
353.50378401408545 463.3200082808603
354.26821864794766 463.9647095221744
355.0321748585591 464.6099776124038
355.7956586638396 465.2558045854193
356.5586905217476 465.90216546280703
357.3213041548287 466.5490197328238
358.08354498297683 467.1963132673999
358.84546827051327 467.84398054610836
359.60713708088383 468.49194707557467
360.36862011306584 469.1401319193491
361.1300122127303 469.78842357483177
361.8914043123948 470.43671523031446
362.2809463949703 470.7683930632003
362.5831079565004 471.03453463154204
362.5969920963632 471.0374919822137
362.5831079565004 471.03453463154204
362.2808669460668 470.76832308522063
362.5831079565004 471.03453463154204
363.5611668520156 471.24286321072293
363.5611668520217 471.24286321072424
364.5392257475371 471.4511917899042
365.51728464305245 471.65952036908425
366.49534353856785 471.8678489482644
367.47340243408325 472.0761775274445
368.45146132959866 472.2845061066246
369.42952022511406 472.49283468580467
370.4075791206294 472.70116326498476
371.3856380161448 472.9094918441648
372.3636969116602 473.11782042334494
373.34175580717556 473.32614900252497
374.3198147026909 473.534477581705
375.29787359820625 473.74280616088515
376.2759324937216 473.9511347400653
376.6112595480201 474.0225601001361
377.04893518327486 473.1234271632267
377.48667329874166 472.2243246427834
377.92446397259124 471.3252477128768
378.36236084991293 470.4262225047586
378.800451016272 469.52729146950645
379.23887002416706 468.6285207682059
379.67781940694755 467.73000897676593
380.11758569509004 466.83189672776064
380.5585594260487 465.93437671761916
381.0012522393263 465.03770338073866
381.44630995415105 464.1422014932616
381.894519591111 463.24827301662816
382.34680863503155 462.35640160170925
382.8042354159778 461.46715431322696
383.2679702431229 460.58118026727936
383.7392677713995 459.69920598203043
384.2194319118935 458.82202732395467
384.70977531701914 457.9504980100187
385.2115760010208 457.08551473068
385.72603394093994 456.22799911679647
386.254230517719 455.37887699585104
386.7970934060526 454.5390556550469
387.3553690371449 453.709400112229
387.9296040969865 452.8907096358896
388.52013675864094 452.08369589652744
389.1270975648181 451.28896413060585
389.75041916050776 450.50699853779065
390.389853496317 449.7381528249274
391.0449947307403 448.98264639678905
391.71530587474285 448.24056623250357
392.40014723628065 447.5118740412958
393.0988049027266 446.79641791747247
393.81051779685794 446.0939474509565
394.534502202909 445.40413111322965
395.2699730329351 444.7265747257749
396.0161614505864 444.0608399096784
396.7723287631275 443.40646158222216
397.53777672041684 442.7629637775005
398.3118545199488 442.1298732940214
399.0939629161429 441.5067308892674
399.8835558803142 440.8930999326402
400.6801402671337 440.2885725844786
401.48327392530064 439.6927736862591
402.29256265435646 439.10536262658854
403.1076563637431 438.52603349309163
403.9282447399625 437.9545138374247
404.7540526769187 437.3905623756302
405.58483567574297 436.8339659249906
406.42037537516865 436.2845358469246
407.260475332717 435.7421042278911
408.1049571410211 435.206519990405
408.9536569326958 434.67764508684917
409.80642230120793 434.1553508917192
410.6631096440133 433.63951487448395
411.5235819175124 433.1300176060523
412.38770678073996 432.6267401271682
413.25535509570244 432.1295616868244
414.1263997464276 431.63835784274016
415.0007147355782 431.15299890365833
415.87817451641615 430.6733486842153
416.7586535184944 430.19926353690585
417.64202582727114 429.73059162171745
418.52816498049685 429.26717237187944
419.41694384739026 428.80883611347986
420.3082345600483 428.3554037971088
421.2019084700233 427.9066868009632
422.09783610642654 427.4624867668245
422.99588711519743 427.0225954329185
423.895930162294 426.58679443088533
424.7978327865111 426.1548550179691
425.7014611904627 425.7265377201957
426.6066799610311 425.30159186786796
427.51335171335046 424.87975501131535
428.42133665521885 424.46075221258934
429.33049207177453 424.0442952177537
430.2406717333435 423.63008152451533
431.1517252325703 423.2177933709788
432.063497260225 422.8070966829152
432.975826832351 422.397640028525
433.88854648455373 421.9890536404957
434.80148145206147 421.58094857424237
435.71444885654245 421.1729160775521
436.6272569223517 420.76452724935825
437.53970424575516 420.35533306316546
438.451579140642 419.94486482313334
439.3626590833115 419.5326351079679
440.2727102772856 419.11813924026075
441.18148735717904 418.7008572983313
442.0887332491189 418.28025666642714
442.99417920494426 417.8557951003466
443.8975450293532 417.42692427213603
444.7985395239366 416.9930937513904
445.69686117952773 416.55375538168425
446.5921991572045 416.10836801575476
447.48423460585155 415.6564025764156
448.37264236634786 415.19734740425224
449.2570931045038 414.7307138309044
450.1372558927732 414.2560418745537
451.01280122289836 413.77290589483783
451.8834043807063 413.28091997876413
452.74874905884815 412.7797427765577
453.60853103823644 412.2690814916348
454.46246175396556 411.74869477703265
455.3102715971973 411.21839441900966
456.15171290607145 410.67804589840455
456.9865627685764 410.1275681903405
457.8146259813541 409.56693344681815
458.6357387408047 408.99616743848605
459.4497738266959 408.4153517371331
460.2566481032287 407.8246285347196
461.056333042299 407.2242086830956
461.8488686256289 406.6143830119764
462.6343804038677 405.9955363053938
463.4130987312009 405.3681625996367
464.1853783579887 404.7328798452286
464.95171580195614 404.0904415820674
465.71276140454796 403.4417432000934
466.46932287693085 402.7878206217205
467.2223575626805 402.1298397997675
467.9729516166864 401.46907617630524
468.7222857371414 400.80688407734766
469.4715887959511 400.1446568308088
470.22208242032036 399.48377914183675
470.974920987365 398.82557393677513
471.7311323448094 398.17124650889815
472.49156469852096 397.521829358348
473.2568444767678 396.8781315557989
474.0273486974912 396.2406966604194
474.8031936565079 395.60977305207336
475.58423992539133 394.9852998934323
476.3701120116144 394.3669108054825
477.160167588822 393.75387558225043
477.9535175722053 393.1451097784591
478.74910322875434 392.53926865812014
479.54579566060033 391.9348837070837
480.3424880924464 391.3304987560473
480.9300490280199 390.884764652041
481.1156643922468 390.85113287756445
481.09334251718315 390.76088732685554
480.2966500853371 391.36527227789185
480.9300490280169 390.88476465204155
481.1156643922468 390.85113287756445
481.09334251718275 390.7608873268541
481.0785384897076 390.8578597451738
481.1156643922468 390.85113287756445
481.09334251717996 390.7608873268427
481.2442563142119 389.7723404003565
481.5244270445846 388.81239021318925
481.8314586022473 387.86069087905094
482.1465773169457 386.91163861724084
482.47071493492524 385.96562867828106
482.80710203719707 385.0239048772517
483.1578749953387 384.08744434319993
483.52390575013106 383.15684158877343
483.9051541975441 382.2323689708203
484.3009955716481 381.31405006839725
484.7104594400141 380.40172373396274
485.13240432687246 379.4951022515049
485.56564901075313 378.5938259099264
486.00906299754774 377.6975089814268
486.4616579976833 376.8057927901124
486.9226556781102 375.91839144988296
487.39141666297695 375.03506640265135
487.8674221657786 374.1556241013589
488.35008833042144 373.27981968625875
488.83934980176826 372.4076825338248
489.33643542806624 371.539981041301
489.8283149461959 370.6693177656057
