5.7247199082107185
203475
752
0.0 100.0
0.4201064216281683 100.90747484510965
1.0178903752437711 101.70913209406315
1.7676411508324892 102.3708524084741
2.6591872393361946 102.82378239431489
3.611599575568541 103.12859502822701
4.602160503926031 103.26566817370616
5.601823375183708 103.23970389384215
6.6012132402957135 103.20477686259977
7.601195255973915 103.19877950316727
8.599543442789832 103.25623294415536
9.584287504931527 103.43024194414292
10.542016407491197 103.71791423895397
11.466276665645498 104.09967722196377
12.3625615067141 104.54315606437976
13.254869756493411 104.99458267787944
14.147178006272721 105.4460092913791
15.039486256052033 105.89743590487878
15.931794505831345 106.34886251837845
16.824102755610657 106.80028913187813
17.71641100538997 107.2517157453778
18.60871925516928 107.70314235887747
19.50102750494859 108.15456897237713
20.3933357547279 108.6059955858768
21.285644004507212 109.05742219937648
22.177952254286524 109.50884881287615
23.070260504065836 109.96027542637583
23.962568753845147 110.4117020398755
24.85487700362446 110.86312865337517
25.74718525340377 111.31455526687483
26.63949350318308 111.76598188037451
27.531801752962394 112.21740849387419
28.424110002741706 112.66883510737387
29.316418252521018 113.12026172087353
30.20872650230033 113.57168833437319
31.101034752079634 114.02311494787287
31.993343001858953 114.47454156137255
32.885651251638265 114.92596817487221
33.77795950141757 115.37739478837187
34.67026775119688 115.82882140187156
35.56257600097619 116.28024801537124
36.45488425075551 116.7316746288709
37.34719250053482 117.18310124237058
38.23950075031413 117.63452785587026
39.13180900009345 118.08595446936991
40.02411724987276 118.53738108286959
40.916425499652064 118.98880769636926
41.808733749431376 119.44023430986894
42.70104199921069 119.8916609233686
43.59335024899 120.34308753686827
44.48565849876931 120.79451415036797
45.37796674854862 121.24594076386762
46.27236211090569 121.69321801099089
47.16675747326276 122.14049525811417
48.06115283561982 122.58777250523744
48.955548197976896 123.0350497523607
49.849943560333955 123.48232699948397
50.74433892269103 123.92960424660724
51.63873428504809 124.37688149373051
52.53312964740516 124.82415874085379
53.42752500976222 125.27143598797707
54.321920372119294 125.71871323510032
55.21631573447636 126.1659904822236
55.59970877962679 126.35772111167272
55.06205886984497 127.20088928855773
54.52440896006314 128.04405746544273
53.98675905028132 128.88722564232776
53.449109140499495 129.73039381921276
52.911459230717675 130.5735619960978
52.373809320935855 131.4167301729828
51.836159411154036 132.25989834986783
51.29850950137221 133.10306652675283
50.76085959159039 133.94623470363786
50.22320968180856 134.78940288052286
49.68555977202674 135.63257105740786
49.14790986224492 136.4757392342929
48.610259952463096 137.31890741117792
48.072610042681276 138.16207558806292
47.53496013289945 139.00524376494792
46.99731022311762 139.84841194183292
46.4596603133358 140.69158011871795
45.92201040355398 141.53474829560298
45.384360493772164 142.37791647248798
44.84671058399034 143.22108464937298
44.30906067420851 144.064252826258
43.77141076442669 144.907421003143
43.23376085464487 145.75058918002804
42.696110944863044 146.59375735691304
42.158461035081224 147.43692553379807
41.620811125299404 148.2800937106831
41.083161215517585 149.1232618875681
40.54551130573576 149.96643006445308
40.00786139595394 150.8095982413381
39.47021148617212 151.6527664182231
39.0394791387145 152.32826138534517
39.938794564252156 152.76556192889618
40.83810998978982 153.2028624724472
41.737425415327486 153.6401630159982
42.636740840865144 154.07746355954924
43.53605626640281 154.51476410310025
44.435371691940475 154.95206464665128
45.33468711747813 155.38936519020228
46.23400254301579 155.8266657337533
47.133317968553456 156.2639662773043
48.03263339409112 156.70126682085532
48.931948819628786 157.13856736440636
49.831264245166444 157.5758679079574
50.7305796707041 158.01316845150836
51.62989509624177 158.4504689950594
52.529210521779426 158.8877695386104
53.4285259473171 159.32507008216143
54.327841372854756 159.76237062571244
55.22715679839242 160.19967116926344
56.12647222393009 160.63697171281444
57.025787649467745 161.07427225636548
57.9251030750054 161.5115727999165
58.82441850054307 161.9488733434675
59.67259330804767 162.36130628280722
60.52949411430944 161.84582494635757
61.38639492057123 161.33034360990794
62.24329572683301 160.8148622734583
63.10019653309479 160.29938093700866
63.95709733935657 159.783899600559
64.81399814561834 159.26841826410936
65.67089895188013 158.75293692765973
66.52779975814191 158.23745559121008
67.3847005644037 157.72197425476043
68.24160137066548 157.2064929183108
69.09850217692725 156.69101158186115
69.95540298318903 156.17553024541152
70.81230378945082 155.66004890896187
71.66920459571261 155.14456757251224
72.52610540197438 154.62908623606256
73.38300620823617 154.11360489961294
74.23990701449794 153.5981235631633
75.09680782075974 153.0826422267137
75.9537086270215 152.567160890264
76.81060943328329 152.05167955381438
77.66751023954507 151.53619821736473
78.52441104580684 151.02071688091507
79.38131185206862 150.50523554446545
80.23821265833041 149.9897542080158
81.09511346459219 149.47427287156617
81.95201427085398 148.95879153511652
82.80891507711576 148.4433101986669
83.66581588337755 147.92782886221724
84.52271668963931 147.4123475257676
85.3796174959011 146.89686618931796
86.23651830216289 146.3813848528683
87.09341910842465 145.86590351641865
87.95031991468643 145.350422179969
88.80722072094822 144.83494084351938
89.66412152721001 144.31945950706975
90.50513137030894 143.81353761422056
91.39952673266602 144.26081486134385
92.29392209502308 144.7080921084671
93.18831745738015 145.15536935559038
94.0827128197372 145.60264660271366
94.97710818209427 146.04992384983692
95.87150354445134 146.4972010969602
96.7658989068084 146.94447834408345
97.66029426916546 147.39175559120673
98.55468963152254 147.83903283833
99.4490849938796 148.28631008545327
100.34348035623667 148.73358733257655
101.23787571859374 149.18086457969983
102.1322710809508 149.6281418268231
103.02666644330787 150.07541907394636
103.92106180566493 150.52269632106965
104.815457168022 150.96997356819293
105.70985253037907 151.4172508153162
106.6075487439349 151.85786573581655
107.50524495749073 152.29848065631688
108.40294117104656 152.73909557681722
109.3006373846024 153.17971049731756
110.19833359815823 153.6203254178179
111.09602981171406 154.06094033831823
111.9937260252699 154.5015552588186
112.89142223882573 154.9421701793189
113.78911845238156 155.38278509981924
114.68681466593739 155.82340002031958
115.58451087949324 156.26401494081995
116.48220709304906 156.70462986132029
117.3799033066049 157.14524478182062
118.27962850408866 157.58170161704356
119.17935370157242 158.0181584522665
120.07907889905616 158.45461528748942
120.97880409653993 158.8910721227124
121.87852929402366 159.3275289579353
122.77825449150743 159.76398579315824
123.67797968899119 160.20044262838118
124.57770488647495 160.6368994636041
125.4774300839587 161.07335629882704
126.37715528144244 161.50981313404998
127.27688047892619 161.94626996927292
128.17916415133078 162.37741283945877
129.08144782373537 162.8085557096446
129.98373149613994 163.23969857983045
130.88601516854453 163.67084145001627
131.78829884094915 164.10198432020218
132.69058251335372 164.533127190388
133.59286618575828 164.96427006057382
134.49514985816288 165.39541293075968
135.3974335305675 165.82655580094556
136.30285425988845 166.2510711751264
137.2082749892094 166.6755865493073
138.11369571853035 167.10010192348818
139.01911644785127 167.52461729766904
139.92453717717223 167.9491326718499
140.8299579064932 168.37364804603075
141.73537863581416 168.79816342021164
142.6443750192569 169.2149674207779
143.55337140269964 169.63177142134413
144.4623677861424 170.04857542191036
145.37136416958515 170.4653794224766
146.28036055302786 170.88218342304276
147.18935693647063 171.29898742360905
148.10271287092687 171.70614947610608
149.0160688053831 172.1133115286031
149.9294247398393 172.5204735811001
150.84278067429554 172.92763563359713
151.760197281295 173.32556372911384
152.6776138882945 173.72349182463057
153.595030495294 174.12141992014728
154.5124471022935 174.519348015664
155.43488273211486 174.90549890435403
156.3573183619362 175.29164979304403
157.27975399175756 175.67780068173403
158.2071710812529 176.05182948024023
159.13458817074823 176.42585827874643
160.06200526024358 176.79988707725266
160.99520540248605 177.15924413439586
161.92840554472852 177.51860119153912
162.861605686971 177.87795824868232
163.8020202015888 178.21798845424675
164.7424347162066 178.55801865981118
165.68825753175133 178.88270189250886
166.63760796588707 179.1969211681848
167.5869584000228 179.5111404438607
168.5411283012343 179.81040587725067
169.49529820244578 180.10967131064064
170.45505405843886 180.39050702219987
171.41763315601796 180.66150790947478
172.3826659168893 180.92363721047914
173.34769867776063 181.1857665114835
174.3166610050777 181.43297494224646
175.28842376394687 181.66893498224255
176.26519804408633 181.88320585207333
177.2497755131942 182.05815500847356
178.24334114177958 182.17141286336127
179.24293562306832 182.19988869481665
180.24005463473884 182.12403570169715
181.2213288486725 181.9314197182771
182.1713065976177 181.6191021291006
183.07649475113533 181.1940910625019
183.9289025234282 180.67121345757448
184.72729938719263 180.0690818706841
185.47589325727546 179.40605304953493
186.18177249916943 178.69772085637752
186.85265751591672 177.95615946694033
187.49561327419306 177.19025614869494
188.1165802666415 176.40641943464698
188.72035052373866 175.6092610585103
189.31071343149466 174.80212312906707
189.88661274406167 173.98460249826633
190.45734347054866 173.16346521507694
191.02301223007845 172.33883265781762
191.58421748025827 171.5111559895645
192.1416876362576 170.68095900982408
192.6961215486404 169.84873125445907
193.24812857888082 169.01489179834948
193.79821513704167 168.17978415347324
194.3467910454341 167.34368339834174
194.89418290837182 166.50680697473453
195.44064866700558 165.66932552739326
195.9863909479592 164.83137244828944
196.53156842604835 163.99305179520712
197.07630513258323 163.1544446639749
197.62069792035965 162.31561423259024
198.1648223779211 161.4766097184883
198.70873748230898 160.6374694684593
199.25248924453302 159.79822336565138
199.79611355926338 158.9588947027106
200.33963842965528 158.1195016390834
200.88308570320072 157.2800583349371
201.42647242567395 156.44057583372592
201.96981189709157 155.60106274937309
202.51311449527478 154.76152580152183
203.05638831815588 153.9219702325616
203.59963968481156 153.08240013267311
204.14287352634722 152.24281869325796
204.6860936908623 151.40322840456696
205.2293031813833 150.56363120983133
205.7725043415007 149.72402862548137
206.31569900020776 148.88442183492276
206.85888858491327 148.04481176169384
207.4020742096264 147.20519912654294
207.94525674377104 146.36558449196335
208.48843686588782 145.52596829694494
209.03161510554338 144.68635088409272
209.5747918760379 143.84673252079
210.11796749993098 143.00711341571417
210.6606229505454 142.16715802289949
211.20218933211885 141.32650003397092
211.74242360498644 140.48498536955964
212.28144613266198 139.64269402171243
212.81959749133767 138.79984580574737
213.3572766319756 137.9566962687595
213.894832762749 137.11346830061095
214.4325184833691 136.27032295973476
214.97048565783626 135.42735717205662
215.50880286354493 134.58461487097162
216.047479323735 133.74210215816717
216.58648713275846 132.89980139133164
217.12577855835508 132.0576821846406
217.6652980153308 131.21570905232306
218.20498954999573 130.3738462087369
218.74480101399274 129.53206026009116
219.2846860162054 128.6903214737769
219.82460450181478 127.84860416440439
220.36452255651542 127.0068865786262
220.90441182596157 126.16515052929903
221.44424878756135 125.32338093202748
221.9840140078169 124.48156533048373
222.52369145194504 123.63969345406825
223.0632678722422 122.79775682542017
223.6027322787565 121.95574842041215
224.1420754837643 121.11366237539542
224.6812897060537 120.27149373285354
225.2203682192718 119.42923821545602
225.75930502895991 118.58689201871552
226.2980945643685 117.74445161338454
226.83673137055303 116.90191354835521
227.37520979391013 116.05927424973518
227.91352365653646 115.21652981320396
228.4516659228857 114.37367579193545
228.98962834705392 113.53070697271198
229.52740185396271 112.68761762082393
230.07011211518946 111.84769764108825
230.62119626820945 111.0132479683756
231.18096632987474 110.18459998638129
231.74566576642914 109.3593033449516
232.31286001337057 108.53571929566667
232.37176779439582 108.60774720898172
232.91493934813633 107.76812547081201
233.45811090187684 106.9285037326423
233.89415116772898 106.25448300492641
234.47961932393915 107.06517840892465
235.06508748014932 107.87587381292288
235.6505556363595 108.68656921692111
236.23602379256968 109.49726462091934
236.82149194877985 110.30796002491758
237.40696010499 111.1186554289158
237.99242826120022 111.92935083291404
238.57789641741036 112.74004623691228
239.16336457362056 113.55074164091052
239.74883272983072 114.36143704490875
240.33430088604092 115.17213244890698
240.91976904225106 115.9828278529052
241.50523719846126 116.79352325690346
242.09070535467143 117.60421866090168
242.6761735108816 118.4149140648999
243.2616416670918 119.22560946889814
243.84710982330196 120.03630487289638
244.43257797951213 120.8470002768946
245.0180461357223 121.65769568089283
245.60351429193247 122.46839108489107
246.18898244814267 123.2790864888893
246.7744506043528 124.08978189288754
247.359918760563 124.90047729688578
247.94538691677317 125.71117270088399
248.53085507298334 126.52186810488223
249.11632322919354 127.33256350888047
249.70179138540368 128.1432589128787
250.2872595416139 128.95395431687695
250.87272769782405 129.76464972087516
251.45819585403422 130.57534512487342
252.0436640102444 131.38604052887166
252.62913216645458 132.19673593286987
253.21460032266475 133.00743133686808
253.80006847887492 133.81812674086632
254.38553663508515 134.62882214486459
254.9710047912953 135.4395175488628
255.55647294750545 136.25021295286103
256.1419411037156 137.06090835685927
256.7274092599258 137.8716037608575
257.31287741613596 138.68229916485572
257.89834557234616 139.49299456885396
258.4838137285563 140.3036899728522
259.0692818847665 141.11438537685044
259.6547500409767 141.92508078084867
259.9153067362404 142.28587259008827
260.50096682106016 143.0964293524738
261.08676973047284 143.9068828991522
261.67401901290845 144.7162890272973
262.2648751674613 145.52306595100484
262.86238710051373 146.3249259698734
263.47034424111 147.11889581514333
264.1022722297781 147.89392292250017
264.75000789893204 148.6557880699546
265.41802648334044 149.39993265999402
266.1092212250577 150.122601207132
266.82509005050827 150.82083599912397
267.5658963965444 151.49255465873722
268.33137301590057 152.13601836806276
269.1203661881974 152.75042033263395
269.930810613104 153.33623586173667
270.7600272207507 153.8951632430688
271.60509321526774 154.42982525304416
272.46312970867143 154.94341397564966
273.3314670768998 155.43938798196274
274.20770920901987 155.9212590496745
275.08973466889324 156.39246079854135
275.9756680579244 156.85627329319811
276.86369894529224 157.31605709356592
277.75192081833916 157.77547183455823
278.63875516029685 158.23755932619207
279.5230356648943 158.7045154153364
280.4039114455291 159.1778629188589
281.2807347613469 159.6586756400283
282.15299182837873 160.14772329518365
283.02027659421526 160.6455356443152
283.88228954684575 161.1524218933861
284.738844595811 161.66847755713968
285.58987340623435 162.193596556824
286.43542259575486 162.7274940826669
287.27564331209396 163.26973862882159
288.11077491979836 163.81978880636274
288.9411253329025 164.37703039800653
289.7670504626557 164.94081021322003
290.5889347338816 165.51046470913093
291.40717396216303 166.08534257903148
292.22216126176534 166.66482139787385
293.03427616153306 167.2483189467764
293.84387676747406 167.8353000868993
294.6512946123171 168.4252801067551
295.45683174287353 169.01782540569425
296.2607595815434 169.61255225914172
297.0633191293764 170.2091242767407
297.8647221326252 170.8072490349507
298.66515289779454 171.406674251446
299.46477050269414 172.00718377338097
300.2637112080399 172.60859357488212
301.0620909235194 173.21074789888127
301.86000762340694 173.81351563195977
302.6574044436153 174.41697094192193
303.45373498190304 175.0218326399904
304.2475454567557 175.62999785604126
305.0361557625057 176.24489116846615
305.81555723489134 176.87141598429002
306.58054144321477 177.51546502047887
307.3250134998123 178.18311864096287
308.04242613833634 178.87976712196746
308.72630206582824 179.60936544693612
309.3708034735017 180.373968569809
309.9712757406038 181.1736141515771
310.52467098326696 182.00653293837314
311.0297677765139 182.8695956414554
311.4871485848899 183.75886657662042
311.89895853588655 184.6701363304585
312.26852018514836 185.5993425440596
312.5998984138276 186.54284054064328
312.8974963095691 187.49753184805644
313.16573113948465 188.46088540517874
313.40880666334766 189.43089277097485
313.6305747536401 190.4059922090467
313.8344678809658 191.38498536154032
314.02348167640406 192.36695979355676
314.2001894026489 193.35122316252128
314.3667745288743 194.33725023908687
314.5250718744029 195.32464172699758
314.6766112186993 196.3130929534778
314.82265974838117 197.3023703801776
314.96426137062645 198.29229410480363
315.1022796219379 199.28272379049815
315.2374458205354 200.27354673066287
315.37040498411363 201.26466824734013
315.5017496846061 202.25600500629366
315.63203656152797 203.24748134474152
315.7617866812771 204.23902806901884
315.891475349232 205.23058283271274
316.02151819635947 206.22209120782156
316.152293176921 207.2135032838319
316.28421011678097 208.20476405728056
316.41779514629746 209.19580141272638
316.5537990334543 210.1865097162538
316.6933466917798 211.17672507215164
316.8381021413371 212.1661925348928
316.9903835932585 213.15452970377834
317.15316403597524 214.14119202061676
317.3299294356577 215.12544503355352
317.524414040208 216.10635060423442
317.7402672519257 217.08277642885767
317.9807190398085 218.05343751167902
318.2483029122908 219.01697208354835
318.5446751693733 219.97204458615315
318.87054507441576 220.917459206829
319.2257089932423 221.85226324552576
319.609166049685 222.77582195284452
320.0192849241479 223.68785402947853
320.4539908309908 224.58842649994153
320.91097589876927 225.47790086597325
321.38795053513536 226.35681792478113
321.8829286437131 227.22572336959593
322.39450420420025 228.08496166361704
322.9220602184386 228.9344819116635
323.4658605922341 229.7736965167914
324.02700213913266 230.60141637540556
324.60723501605037 231.41586699302695
325.2086861092741 232.2147766139854
325.83353587951933 232.99552162013305
326.4837031300005 233.75531274037712
327.1605851394135 234.4914042736344
327.8648857170157 235.20130616572175
328.59654505124684 235.8829766276258
329.35476676055634 236.53497343707483
330.1381226958736 237.15654682663
330.94470712897015 237.7476657252336
331.77230990474 238.30897993807525
332.61858219361903 238.84173054865715
333.4811764962968 239.34762685126051
334.3578517584797 239.82870946856923
335.2465424582217 240.28721665519993
336.14539598328025 240.7254658314568
337.05278530251724 241.14575694882035
337.967304410416 241.5502996552039
338.8877531353237 241.94116298786085
339.81311642374243 242.32024448892219
340.7425416778717 242.6892549182961
341.67531641367725 243.04971475273388
342.61084739467185 243.40295940393082
343.54864162347985 243.7501509712455
344.4882892503608 244.092294709018
345.4294484629155 244.43025822276385
346.3718325107684 244.76479119027576
347.3151990177149 245.09654355812197
348.25934160560615 245.42608076957168
349.20408366048366 245.75389542718446
350.1492686819624 246.08043068588148
351.09473739156743 246.40614362568837
352.04028582447086 246.73162505531832
352.9856088951393 247.05776044447742
353.9302424778271 247.38588754555008
354.87351834963954 247.7178975298224
355.81454119483186 248.05624055816224
356.7306675565958 248.45713018047886
357.6164664672766 248.9211994531491
358.4730013618501 249.43728856791324
359.30396732878546 249.99361182088336
360.1137000079651 250.5804107543082
360.9062745512931 251.19018578927472
361.6851894215965 251.81731546073055
362.45331953599884 252.45760924279338
363.21297455569083 253.10793550787628
363.96598749649445 253.76594121528487
364.7138032119803 254.4298475759054
365.45755614524836 255.09830219235675
366.1981349717989 255.7702716869509
366.9362348836004 256.4449631128625
367.67239925661323 257.1217659023859
368.4070525822199 257.800208597958
369.1405263683823 258.47992633717956
369.8730794525666 259.16063624518154
370.60491390412096 259.84211869948103
371.33618746023154 260.5242029949558
372.06702324442136 261.2067563310019
372.797517358085 261.8896753231985
373.527744808882 262.57287944357716
374.25776413948375 263.25630594068406
374.98762104113484 263.9399058990751
375.7173511744433 264.62364117865457
376.44698237119223 265.3074820349441
377.1765363529282 265.99140526728314
377.90603007233784 266.67539277692197
378.63547676018254 267.35943044371555
379.3648867424131 268.0435072506769
380.0927662043785 268.7292123540916
380.81923009009256 269.4164169981047
381.54455530894495 270.1048233656644
382.2689858907266 270.7941711241866
382.99271675861803 271.4842534604778
383.71590093814785 272.17490868740214
384.4386581384666 272.8660107271817
385.16108191802044 273.55746129138356
385.8832453684966 274.24918374352484
386.6052055782935 274.94111831808374
387.3270071285678 275.63321839901255
388.0486848287151 276.32544762196557
388.77026585542285 277.01777761690687
389.4917714245937 277.7101862488977
390.2132180977118 278.4026562466932
390.93461880231337 279.09517413339387
391.65598362896964 279.7877293924621
392.37732045362907 280.4803138172005
393.09863542352804 281.17292100327325
393.81993333654407 281.8655459527796
394.54121793733617 282.5581847653364
395.2624921485128 283.2508343970345
395.983758251074 283.94349247234743
396.70495539285616 284.6362223494894
397.4260896376017 285.32901770242944
398.1471734766577 286.0218655190907
398.86821778396734 286.7147544762089
399.58923120979534 287.40767556823585
400.3102205293893 288.10062174293586
401.0311910342486 288.7935874932605
401.7521468548195 289.48656852098406
402.4730912148975 290.1795614716493
403.1940266305705 290.8725637273661
403.9149550655576 291.5655732450692
404.6358780524635 292.25858843029283
405.3567967874193 292.9516080386661
406.0777122039495 293.6446310990394
406.7986250306247 294.3376568534924
407.51953583605757 295.0306847105155
408.24044506402083 295.7237142084717
408.9613530608557 296.4167449870808
409.6822600968628 297.10977676516563
410.4030780625546 297.8029011842536
411.1238137122528 298.4961111980691
411.8444832589009 299.18938993316357
412.5651009429193 299.88272257589716
413.28567810941564 300.57609732819503
414.0062236469384 301.26950494883096
414.7267444979794 301.9629382211904
415.44724608186516 302.6563915127812
416.1677326284224 303.3498604278956
416.88820743895747 304.04334153606266
417.608673090047 304.73683216008004
418.32913159262006 305.43033021059654
419.04958451612686 306.12383405702457
419.7700330854556 306.8173424268025
420.4904782565749 307.51085432678036
421.2107768943404 308.2045184187104
421.9309403049592 308.89832290270135
422.65099514017527 309.59224006943094
423.3709647888611 310.2862456205407
424.09086788340267 310.98032020908965
424.8107190224288 311.6744486825315
425.5305296089857 312.3686192087572
426.25030854473664 313.06282255335395
426.97006277775745 313.75705150985794
427.68979773105804 314.45130045439976
428.4095176372417 315.1455649981026
429.12902274746006 315.84005214439816
429.848330754241 316.53474343654227
430.5674806309253 317.2295984249139
431.28650645281414 317.92458178259733
432.0054353516296 318.61966540234965
432.72428858481777 319.31482727496274
433.44308275748097 320.01005021571297
434.1618308328766 320.70532081347693
434.8805429297328 321.4006286027563
435.5989306864126 322.0962714932199
436.3170222729614 322.7922201072193
437.03487640507194 323.48841364712894
437.7525442583682 324.18479921012204
438.47006656543476 324.8813347360372
439.18747524127804 325.5779872978102
439.90479521841894 326.2747311893475
440.6216479926619 326.97195575866516
441.338078232484 327.66961449434365
442.0541701668759 328.3676204696038
442.76999674526377 329.06589857299355
443.4856159812156 329.7643891664418
444.2010733290598 330.46304557943444
444.9158458666586 331.1624025837567
445.63000249882066 331.86238851557175
446.3436663318789 332.5628768690685
447.05694361760584 333.2637588232277
447.7699188284529 333.96494806210524
448.4819010711516 334.66714553154077
449.1929975357257 335.37023999039405
449.9033859938025 336.07404979327504
450.61321908707305 336.77841971007865
451.3216652479066 337.4841845697877
452.0288887374146 338.1911746233869
452.7351364696866 338.8991394111135
453.43954978534947 339.60892943690754
454.1423725139155 340.32029447133857
454.84392886245325 341.0329084550818
455.5430511526316 341.7479105693275
456.2400583119248 342.46497473653574
456.9339748202801 343.1850302062268
457.6252616294868 343.9076106843861
458.3128078202478 344.6337513288689
458.99717736189257 345.36288665956477
459.6770218426928 346.0962429726388
460.35302044894576 346.833145872853
461.0234790146351 347.57509284649313
461.68748596343517 348.3228192482907
462.3461173851825 349.0752849619861
462.9976417188633 349.833912698509
463.6413130101875 350.5992147752898
464.2767412231747 351.37137472383665
464.9037171010754 352.15041339330736
465.5221781633979 352.9362288388103
466.1336757447044 353.72747513931114
466.7369295027088 354.52502445029677
467.3320015785488 355.32869678685904
467.9194067982155 356.1379897547689
468.4998915063518 356.9522609034779
469.0743921407557 357.77076503973467
469.64402725924174 358.592662741269
470.21009473755333 359.4170216497536
470.77407062231515 360.2428129075223
471.33761141164837 361.0689011466092
471.90256311573637 361.8940251203539
472.4709810130505 362.7167651120967
473.0451635606961 363.5354924183344
473.62770188134385 364.34829565711783
474.2215422908476 365.1528785105521
474.83005354894607 365.94642375108185
475.4570833399039 366.72541902786566
476.10698074954206 367.48544097290767
476.78455325076925 368.22089695770944
477.49491753664194 368.9247311578991
478.2433497808181 369.5879424182659
479.034755568921 370.1992335752093
479.87269789521724 370.7449923660695
480.75818249753746 371.20966108575453
481.6884361488561 371.57657816658934
482.6723250369962 371.7553591940905
483.66879581710816 371.8392995561525
484.66833705705494 371.8090124360257
485.6565911412308 371.6561927216239
486.61814294892025 371.38156912262116
487.53965326460354 370.9932152400741
488.41199816417065 370.5043242745212
489.2309797040913 369.93050440969495
489.9966758553771 369.28730195019546
490.7120611589379 368.5885717680442
491.381609474698 367.84580326247675
491.99276432537044 367.05429220854285
492.57956131182027 366.2445581184284
493.1399928116505 365.41635733721773
493.6744831740866 364.57118276799383
494.184507070572 363.71102253581967
494.67188039948974 362.83782883551044
495.1383022728911 361.9532664374781
495.5854245071204 361.0587935716751
496.0149573498379 360.1557423344648
496.42821506046414 359.24512822046916
496.8262502572484 358.3277580759141
497.21126401261535 357.4048472415546
497.5856112460375 356.4775586409403
497.94694659482684 355.5451227097818
498.3082819436162 354.61268677862347
498.6696172924055 353.680250847465
499.03095264119486 352.7478149163066
499.3922879899842 351.81537898514813
499.70973108221426 350.8671016611572
