9.203856425770466
262519
658
0.0 100.0
0.0 101.0
0.0 102.0
0.0 103.0
0.0 104.0
0.4362641604037127 104.89981863858627
0.8725283208074217 105.79963727717254
1.3087924812111293 106.69945591575879
1.7450566416148359 107.59927455434506
2.1813208020185426 108.49909319293133
2.61758496242225 109.3989118315176
3.0538491228259588 110.29873047010386
3.490113283229673 111.19854910869012
3.926377443633385 112.09836774727638
4.362641604037092 112.99818638586265
4.798905764440796 113.89800502444892
5.235169924844503 114.79782366303519
5.671434085248212 115.69764230162146
6.107698245651921 116.59746094020772
6.543962406055627 117.497279578794
6.98022656645934 118.39709821738026
7.416490726863042 119.29691685596654
7.852754887266753 120.19673549455281
8.289019047670465 121.09655413313908
8.725283208074174 121.99637277172535
9.161547368477885 122.89619141031162
9.597811528881596 123.79601004889788
10.034075689285306 124.69582868748415
10.470339849689015 125.59564732607042
10.896896450303897 126.50010819668445
11.32345305091878 127.40456906729847
11.75000965153366 128.30902993791247
12.17656625214854 129.21349080852653
12.603122852763422 130.11795167914053
13.029679453378302 131.02241254975456
13.456236053993184 131.92687342036857
13.882792654608064 132.8313342909826
14.309349255222948 133.73579516159663
14.735905855837828 134.64025603221066
15.16246245645271 135.5447169028247
15.589019057067592 136.4491777734387
16.015575657682472 137.35363864405272
16.442132258297352 138.25809951466672
16.868688858912236 139.16256038528076
17.295245459527116 140.06702125589482
17.721802060141997 140.97148212650882
18.14835866075688 141.87594299712285
18.57491526137176 142.78040386773688
19.00147186198664 143.68486473835088
19.428028462601524 144.5893256089649
19.854585063216405 145.49378647957892
20.281141663831285 146.39824735019295
20.707698264446165 147.30270822080698
21.134254865061045 148.207169091421
21.56081146567593 149.111629962035
21.987368066290813 150.01609083264907
22.41392466690569 150.92055170326307
22.840481267520573 151.8250125738771
23.267037868135453 152.72947344449113
23.693594468750334 153.63393431510514
24.120151069365217 154.53839518571917
24.546707669980098 155.4428560563332
24.97326427059498 156.3473169269472
25.39982087120986 157.25177779756123
25.826377471824742 158.15623866817526
26.252934072439626 159.06069953878927
26.679490673054502 159.96516040940332
27.106047273669382 160.86962128001733
27.532603874284266 161.77408215063136
27.95916047489915 162.67854302124536
28.38571707551403 163.5830038918594
28.81227367612891 164.48746476247342
29.238830276743794 165.39192563308745
29.665386877358674 166.29638650370148
30.091943477973558 167.20084737431552
30.51850007858844 168.10530824492952
30.94505667920332 169.00976911554352
31.3716132798182 169.91422998615755
31.79816988043308 170.81869085677158
32.22472648104796 171.72315172738558
32.65128308166284 172.62761259799962
33.07783968227773 173.53207346861367
33.50439628289261 174.43653433922768
33.93095288350749 175.34099520984168
34.35750948412237 176.2454560804557
34.78406608473725 177.14991695106974
35.21062268535213 178.05437782168377
35.637179285967015 178.95883869229777
36.06373588658189 179.86329956291183
36.490292487196776 180.76776043352584
36.916849087811656 181.67222130413987
37.34340568842654 182.57668217475387
37.769962289041416 183.48114304536793
38.1965188896563 184.38560391598193
38.64913872607556 185.27730750108174
39.10175856249483 186.16901108618148
39.55437839891408 187.06071467128123
40.00699823533335 187.95241825638107
40.45961807175261 188.84412184148084
40.912237908171875 189.73582542658062
41.364857744591134 190.6275290116804
41.817477581010394 191.51923259678017
42.27009741742965 192.41093618187995
42.72271725384891 193.30263976697972
43.17533709026818 194.19434335207953
43.62795692668744 195.08604693717928
44.080576763106706 195.97775052227905
44.533196599525965 196.86945410737886
44.985816435945225 197.76115769247866
45.43843627236449 198.6528612775784
45.89105610878375 199.5445648626782
46.34367594520301 200.43626844777796
47.199417645292755 200.9536717167351
48.05515934538249 201.4710749856922
48.764244864110914 201.89980618498024
48.7729241628217 202.89976851915782
48.781603461532484 203.8997308533354
48.79028276024327 204.89969318751298
48.79896205895407 205.8996555216906
48.807599482914156 206.8947933677567
49.767252186043 207.1759813642599
50.72690488917184 207.45716936076317
51.68655759230069 207.73835735726638
52.64621029542954 208.01954535376964
53.60586299855838 208.30073335027285
54.56551570168723 208.58192134677608
55.52516840481607 208.8631093432793
56.484821107944924 209.14429733978255
57.44447381107376 209.42548533628576
58.40412651420261 209.706673332789
59.363779217331455 209.98786132929223
60.3234319204603 210.26904932579546
61.28308462358915 210.5502373222987
62.24273732671799 210.8314253188019
63.20239002984683 211.11261331530514
64.16204273297568 211.39380131180837
64.75281468090732 211.56690349751327
65.71246738410551 211.8480914937798
66.67212008721894 212.12927949033565
67.6317727903265 212.41046748691153
68.59142549344092 212.69165548346396
69.5510781965615 212.9728434799954
70.51073089968592 213.25403147651372
71.47038360281248 213.5352194730248
72.43003630594015 213.81640746953204
73.3896890090684 214.09759546603732
74.34934171219695 214.3787834625416
75.30899441532563 214.65997145904538
76.2686471184544 214.9411594555489
77.22829982158319 215.22234745205225
78.18795252471202 215.50353544855557
79.14760522784084 215.78472344505886
80.10725793096967 216.06591144156215
81.0669106340985 216.3470994380654
82.02656333722734 216.62828743456868
82.98621604035618 216.90947543107194
83.94586874348502 217.1906634275752
84.90552144661386 217.47185142407847
85.8651741497427 217.75303942058173
86.82482685287155 218.03422741708496
87.78447955600038 218.31541541358823
88.7441322591292 218.59660341009152
89.70378496225804 218.87779140659478
90.66343766538688 219.15897940309802
91.6230903685157 219.44016739960128
92.58274307164454 219.7213553961045
93.54239577477338 220.0025433926078
94.50204847790224 220.28373138911104
95.46170118103106 220.5649193856143
96.42135388415991 220.84610738211757
97.38100658728875 221.12729537862083
98.34065929041759 221.4084833751241
99.30031199354642 221.68967137162736
100.25996469667525 221.97085936813062
101.2196173998041 222.25204736463388
102.17927010293295 222.53323536113714
103.13892280606179 222.81442335764038
104.09857550919062 223.09561135414364
105.05822821231945 223.37679935064693
106.0178809154483 223.65798734715017
106.97753361857716 223.93917534365343
107.93718632170598 224.2203633401567
108.89683902483482 224.50155133665993
109.85649172796366 224.7827393331632
110.8161444310925 225.06392732966646
111.77579713422134 225.34511532616972
112.73544983735017 225.62630332267298
113.69510254047901 225.90749131917624
114.65475524360785 226.18867931567948
115.61440794673669 226.46986731218274
116.57406064986552 226.75105530868598
117.53371335299435 227.03224330518924
118.4933660561232 227.3134313016925
119.45301875925202 227.59461929819577
120.41267146238084 227.87580729469906
121.37232416550968 228.15699529120232
122.33197686863852 228.43818328770556
123.29162957176734 228.71937128420882
124.25128227489617 229.00055928071208
125.210934978025 229.28174727721535
126.17058768115385 229.5629352737186
127.13024038428267 229.84412327022187
128.08989308741153 230.12531126672513
129.04954579054038 230.4064992632284
130.0091984936692 230.68768725973166
130.96885119679806 230.9688752562349
131.9285038999269 231.25006325273813
132.88815660305576 231.5312512492414
133.84780930618462 231.81243924574466
134.80746200931344 232.09362724224792
135.76711471244226 232.37481523875118
136.7267674155711 232.65600323525445
137.6864201186999 232.9371912317577
138.64607282182874 233.21837922826097
139.60572552495756 233.4995672247642
140.5653782280864 233.78075522126747
141.5250309312152 234.06194321777076
142.48468363434404 234.34313121427402
143.4443363374729 234.62431921077726
144.40398904060174 234.9055072072805
145.36364174373057 235.18669520378376
146.3232944468594 235.46788320028702
147.28294714998822 235.74907119679028
148.24259985311704 236.03025919329355
149.20225255624587 236.3114471897968
150.16190525937472 236.59263518630007
151.12155796250357 236.87382318280333
152.08121066563243 237.1550111793066
153.04086336876128 237.43619917580986
154.0005160718901 237.71738717231312
154.96016877501893 237.99857516881636
155.91982147814775 238.27976316531962
156.8794741812766 238.56095116182289
157.83912688440546 238.84213915832612
158.79877958752752 239.1233271548274
159.18299148698617 239.23590514672932
159.68967514846918 239.28337952227193
160.649612663639 239.56359366711388
161.6095501788089 239.84380781195574
162.56948726507852 240.1240234260892
163.52942413689715 240.40423977486816
164.4893609014901 240.68445649096984
165.44929761247016 240.96467339073288
166.40923429664377 241.24489038232656
167.3691709674141 241.5251074198356
168.32910763148283 241.80532448030226
169.28904429220074 242.08554155224778
170.24898095124325 242.3657586299327
171.20891760944806 242.64597571048733
172.168854267234 242.92619279247685
173.12879092481052 243.2064098751838
174.08872724894934 243.48662810014213
175.04866340636883 243.76684689622599
176.0085994804285 244.0470659778726
176.96853551280824 244.32728520230057
177.92847152434803 244.60750449811923
178.8884075254678 244.88772382963322
179.8483435213776 245.1679431789949
180.808279114723 245.44816390740124
181.7682145067855 245.72838532532967
182.72814979820635 246.00860708801912
183.68808503930632 246.28882902308905
184.64802025524585 246.56905104434924
185.60795492958496 246.84927492092203
186.56788933312248 247.1294997251507
187.52782360125894 247.40972499320722
188.48775780169473 247.68995049317763
189.44769122194867 247.9701786657078
190.40762425210886 248.25040817451708
191.3675564605596 248.5306404980968
192.3274882581525 248.81087422906086
193.28741914658832 249.09111107429504
194.24734958044178 249.3713494766632
195.20727897420943 249.65159144172355
196.16720734354075 249.93183691582237
197.1271352006491 250.21208414443905
198.08706208610346 250.49233470123036
199.04698821137183 250.7725878618321
200.00691377065846 251.0528429610333
200.96683891948283 251.3330994661398
201.9267637776855 251.61335696667197
202.88668843470487 251.8936151562869
203.84661295526863 252.17387381328155
204.806537384918 252.45413278167035
205.76646175491203 252.73439195438647
206.72638608626005 253.01465125947024
207.68631039283673 253.29491064939904
208.64623468367353 253.57517009323888
209.60615896458032 253.85542957109033
210.56608323925877 254.13568907027462
211.5260075100491 254.4159485827762
212.48593177842156 254.69620810355926
213.4458560452951 254.9764676294763
214.4057803112418 255.25672715856797
215.3657045766165 255.53698668961871
216.3256288416389 255.81724622187636
217.28555322824326 256.0975053376999
218.2454778671437 256.3777635893748
219.20540282468485 256.6580207496573
220.16532809993686 256.93827682172775
221.12525365076718 257.2185319498933
222.08517941986946 257.498786330436
223.04510535132138 257.7790401548991
224.00503139819108 258.0592935840326
224.96495752441848 258.3395467413494
225.92488370385362 258.61979971641847
226.8848099182832 258.9000525716241
227.8447361553881 259.1803053491618
228.8046624070159 259.46055807695535
229.7645886678605 259.7408107731794
230.72451493451217 260.021063449513
231.6844412048016 260.3013161133865
232.64436747735934 260.58156876949056
233.6042939448884 260.8618207577746
234.56422081445186 261.1420713689963
235.5241481910699 261.4223202434261
236.48407607300715 261.70256738699675
237.4440043931467 261.98281302959265
238.40393306031876 262.2630574834918
239.36386198559114 262.54330105331167
240.32379109434282 262.82354399465214
241.28372032924466 263.10378650388435
242.2436496487254 263.38402872340373
243.20357902383228 263.6642707523839
244.16350877124586 263.944511506077
245.1234392386545 264.2247497935051
246.08337060064383 264.50498501661104
247.04330284913414 264.7852172030357
248.0032358642996 265.0654467632097
248.96316948571723 265.3456742466441
249.92310400155733 265.6258986661703
250.8830397575186 265.90611883751257
251.8429768951301 266.18633427576356
252.80291533834716 266.46654524134846
253.76279512060933 266.7469570877536
254.72255176487533 267.0277901053764
255.68215221373882 267.30915637652674
256.64140533762344 267.59170450396283
257.60012418822987 267.87606020637054
258.5306994315829 268.2421608980642
259.4070620432012 268.7238128190169
260.24196206614533 269.274214446638
261.07112659902464 269.83321907758045
261.91992634198505 270.3619335528414
262.7964363432685 270.8433172019718
263.69833669795867 271.27526135369715
264.6198344036043 271.6636451567707
265.55524119106644 272.01721854656364
266.5001129967229 272.34465903104217
267.4512929246118 272.65329594520074
268.40663283547184 272.94880509009795
269.36469911262384 273.2353517853923
270.3245436660643 273.5158841956959
271.28554280568443 273.7924355537641
272.2472880473822 274.0663809681656
273.2095130817405 274.33863633221597
274.1720451526153 274.60980420003494
275.13469360458083 274.8805586236892
276.0972998017173 275.1514632364855
277.0598185480304 275.4226783964523
278.02231059218684 275.6939883021611
278.9848717735938 275.9650528185561
279.9475680613615 276.2356371076756
280.91041053745346 276.5057007413494
281.873365243017 276.77536392948036
282.8363762912945 277.04482583939614
283.7993872155607 277.31428819250675
284.76235446520633 277.5839065822913
285.72525260011486 277.85377170006245
286.6880734102409 278.12391256625676
287.6508218314246 278.39431130425004
288.6135110156722 278.6649208653019
289.57615799358155 278.93568052980515
290.53878052441394 279.2065270973187
291.5013951669283 279.4774016993339
292.4640163265402 279.74825314028885
293.426655959805 280.0190389162592
294.38932365301764 280.2897249196738
295.3520268686291 280.5602845594049
296.31477123128553 280.8306977472736
297.27756078732403 281.1009499827558
298.24039821371014 281.37103161921095
299.203284977224 281.6409373076465
300.16622145668595 281.91066557187065
301.1292070445111 282.1802184565539
302.0922402423636 282.4496011951139
303.05531876164355 282.71882185869976
304.0184396346782 282.9878909649252
304.981599337896 283.25682104152014
305.94479392457754 283.5256261534272
306.9080191623012 283.79432141094446
307.87145627751215 284.06225596458376
308.8358491238598 284.3267298534905
309.8028671774316 284.58143769409673
310.77497245726875 284.81598262564046
311.75454725139804 285.01706276565085
312.7427096796268 285.1704740280702
313.7383323786747 285.26393760996405
314.73799890222597 285.2897608880488
315.7370481015622 285.2461639007036
316.73105882896533 285.1368813595202
317.71695539395324 284.9695255614581
318.69336177913465 284.75358443296
319.66034658898525 284.4987504134134
320.6189060015131 284.2138577096558
321.5704619006758 283.9063819044798
322.51650111410845 283.58232973792684
323.4583694290495 283.2463474804934
324.39718410327 282.90192476424437
325.3338200678792 282.55162051105793
326.2689340695869 282.19727350061464
327.20300342154826 281.84018185169737
328.1363663011074 281.4812476863396
329.06925740061195 281.1210891150614
330.00183682078045 280.7601242620936
330.93421220937455 280.3986327203613
331.8664550627676 280.0367995235738
332.7986123732446 279.67474600746846
333.73071475501746 279.3125511015222
334.66278200475426 278.9502657968684
335.59482684593735 278.5879228460276
336.5268574175521 278.2255431921072
337.45887890698725 277.8631401799355
338.3908946114898 277.5007222905308
339.3229066236196 277.1382949057406
340.2549162712519 276.7758614405083
341.1869243982861 276.41342406503196
342.11893154268216 276.0509841627105
343.05093804885837 275.68854261922365
343.9829441384661 275.32610000454633
344.9149499549449 274.96365668753015
345.8469555916347 274.6012129081954
346.7789611095874 274.23876882353443
347.71096654891744 273.8763245366997
348.6429719360832 273.5138801157274
349.57497728858925 273.15143560562944
350.5069826180438 272.7889910362561
351.4389879321583 272.42654642743656
352.37099323606134 272.0641017923589
353.3029985331665 271.70165713980094
354.23500382574673 271.3392124756074
355.16700911531564 270.9767678036703
356.09901440288115 270.61432312658167
357.03101968911426 270.2518784460668
357.96302497446163 269.88943376327427
358.89503025922033 269.5269890789681
359.82703554358807 269.16454439365657
360.75904082769614 268.80209970767737
361.6910461116319 268.439655021255
362.62305139545333 268.0772103345386
363.55505667919886 267.71476564762713
364.48706196289413 267.3523209605864
365.4190672465561 266.9898762734599
366.35107253019595 266.62743158627666
367.2830778138212 266.26498689905577
368.2150830974367 265.90254221181
369.1470883810458 265.5400975245476
370.0790936646507 265.17765283727437
371.01109894825277 264.81520814999385
371.94310423185294 264.4527634627086
372.8751095154519 264.0903187754202
373.80711479905005 263.7278740881296
374.7391200826477 263.36542940083774
375.67112536624495 263.0029847135449
376.60313064984194 262.6405400262514
377.5351359334388 262.2780953389576
378.4671412170356 261.9156506516635
379.39914650063224 261.5532059643692
380.3311517842289 261.1907612770748
381.2631570678255 260.82831658978023
382.1951623514221 260.4658719024857
383.1271676350186 260.1034272151911
384.0591729186152 259.7409825278965
384.9911782022118 259.37853784060195
385.92318348580835 259.01609315330734
386.85518876940495 258.6536484660128
387.7871940530015 258.29120377871817
388.719199336598 257.9287590914235
389.6512046201946 257.5663144041289
390.58320990379116 257.2038697168342
391.51521518738775 256.8414250295396
392.44722047098435 256.478980342245
393.3792257545809 256.1165356549503
394.3112310381774 255.7540909676557
395.243236321774 255.3916462803611
396.17524160537056 255.0292015930665
397.1072468889671 254.66675690577182
398.0392521725637 254.3043122184772
398.97125745616023 253.94186753118254
399.4958853371194 253.73784659738854
399.54945643522046 254.73641063511883
399.60302753332155 255.73497467284915
399.60302753332184 255.73497467285497
399.65659863142287 256.73353871058526
399.71016972952395 257.7321027483156
399.76374082762504 258.7306667860459
399.81731192572613 259.7292308237762
399.8708830238272 260.7277948615065
399.9244541219283 261.72635889923674
399.9780252200294 262.724922936967
400.0315963181305 263.72348697469727
400.08516741623157 264.7220510124275
400.13873851433266 265.72061505015785
400.19230961243375 266.71917908788816
400.24588071053483 267.7177431256184
400.2994518086359 268.71630716334874
400.353022906737 269.71487120107906
400.4065940048381 270.7134352388093
400.4601651029392 271.7119992765396
400.5137362010403 272.71056331426985
400.56730729914136 273.7091273520001
400.62087839724245 274.70769138973037
400.67444949534354 275.7062554274607
400.7280205934446 276.704819465191
400.7835875065705 277.70327443070806
400.8462172529107 278.70131126112733
400.9237826183625 279.6982985298938
401.0259214133754 280.69306868754495
401.16276047389795 281.68366198023136
401.3437793032522 282.6671416106352
401.576953161151 283.639576673759
401.86820424470636 284.5962233202946
402.2211723042608 285.53185869207914
402.6372944317989 286.4411674267634
403.1161648852262 287.3190530052042
403.65597769022463 288.16083809390545
404.2538716012752 288.96241333749066
404.9061343618789 289.72040627355904
405.608325568336 290.43239469310976
406.35539914665264 291.09713604775914
407.14199072532983 291.7146096814911
407.9625649159228 292.28614970435274
408.8116020410789 292.81448289477976
409.6838685469168 293.30351371466065
410.57466659097275 293.7579131476556
411.47997353517803 294.1826711220052
412.39645384844016 294.5827509083015
413.32138522830553 294.96288501955735
414.2525506479776 295.3274820041952
415.1881312129093 295.68059530969674
416.1266162650036 296.02591517155753
417.0667364283088 296.36675835917765
418.00742100956427 296.7060407173811
418.9477796373443 297.04622544831363
419.88710669320596 297.38924830779433
420.8249046863764 297.7364297070736
421.76091946338477 298.0883904111614
422.6951770169795 298.4449893785619
423.6280094852906 298.8052997809438
424.5600574889937 299.1676345968159
425.492244748784 299.5296109947822
426.4257104548934 299.8882776582982
427.3616937149159 300.24032216820825
428.30138932903924 300.58233408729484
429.2458114583692 300.91106930237197
430.1956990458534 301.2236610027471
431.1514786373167 301.5177449576686
432.11327870764507 301.7914978110168
433.0809763520189 302.04361141452387
434.05425536535085 302.27323711475714
435.0326607176256 302.47993246216544
436.0156432908191 302.6636312939469
437.002595761115 302.8246431611396
437.992882920237 302.9636803593212
438.9858714402178 303.08189118448684
439.98096101159376 303.18086969194616
440.97761388024753 303.2626196730115
441.9753771841568 303.3294656853984
442.97389357218003 303.3839177087676
443.9728990299137 303.42850577239653
444.9722104761604 303.4656087830615
445.97170795914406 303.49730707180703
446.9713164692082 303.5252861105201
447.97099069860326 303.55080933687174
448.97070377629484 303.5747626725972
449.9704393483073 303.59775802110414
450.9701859376313 303.62026928795046
451.9699328556623 303.64276595186914
452.9696673326965 303.6658088559659
453.96937269448983 303.6900820840501
454.96902759408204 303.71635149061433
455.9686067376866 303.7453607248444
456.9680839485068 303.77769190253946
457.9674381718903 303.8136242863386
458.9666618408512 303.8530204712845
459.96576938635945 303.8952592272847
460.9648023691881 303.9392262515242
461.9638275379255 303.9833704723137
462.9629257334509 304.02582981401713
463.96217298440104 304.0646232602233
464.9616192345226 304.09789777175945
465.961273104844 304.124206316975
466.96110058576966 304.14278071833456
467.9610403250102 304.15375878226394
468.96102970829264 304.1583667451945
469.9610295068153 304.15900153234713
470.96102949334306 304.15916568003706
471.9610210593652 304.1632727330709
472.960935061162 304.1763871911446
473.96055475281685 304.2039638489538
474.95941634893757 304.2516661737927
475.9567075109083 304.3252211753563
476.95117764607267 304.4302409366693
477.9410786579051 304.5720012511903
478.92415092516853 304.75521947445816
479.8976502296804 304.98390944825445
480.85841152096145 305.2612859814649
481.80295554168816 305.5896708058849
482.7276401766381 305.97040473645507
483.6288286159239 306.4038322354646
484.5030565085925 306.88934803508414
485.3471948618021 307.4254734314613
486.1585987761 308.00995926350686
486.93521979255513 308.63992735539745
487.67564740468555 309.3120634660141
488.37909275571496 310.0228128157254
489.0453485957408 310.76853605904796
489.67474132106565 311.5456234397898
490.2680690852354 312.350584410437
490.8265199028322 313.18012204329375
491.351575367342 314.03119005420035
491.844901581533 314.90103443476045
492.30825460811207 315.78720821724335
492.74342092882546 316.6875583009978
493.1521885842993 317.6001967857432
493.5363316980145 318.5234703466043
493.8975945732927 319.45593435928566
494.23767123540244 320.39633207508905
494.55818332667025 321.34357649938045
494.86066120122405 322.2967329059609
495.1465315518041 323.2550012100695
495.41710509417794 324.2177005183519
495.6735808967012 325.1842511702683
495.91707699923853 326.1541530457429
496.1486754764628 327.1269645101836
496.3694609588583 328.1022869034277
496.58053800166 329.0797563310837
496.7830247305717 330.0590413379201
496.97802931858445 331.0398436679816
497.1666192313212 332.0218995955203
497.3497920223658 333.0049803290417
497.5284532032007 333.98889098680627
497.70340332586636 334.97346828421837
497.87533391430634 335.95857735064635
498.0448304941333 336.9441081261308
498.21238050491934 337.92997170385627
498.3782092719828 338.9161262657857
498.5419936123753 339.90262243396995
498.7030682282695 340.8895646653667
498.86082645447533 341.8770424332503
499.01498579748375 342.865088432667
499.1648407668348 343.8537964219949
499.30959113567894 344.8432646280124
499.44899873916165 345.83349971125836
499.5836739440515 346.8243895079502
499.71491291938594 347.8157402689592
499.84433407441105 348.80732998483563
499.97375522943616 349.79891970071213
