10.093122152573653
274457
625
0.0 100.0
0.0 101.0
0.0 102.0
0.0 103.0
0.0 104.0
0.0 105.0
0.0 106.0
0.0 107.0
0.0 108.0
0.0 109.0
0.0 110.0
0.0 111.0
0.0 112.0
0.0 113.0
0.0 114.0
0.0 115.0
0.0 116.0
0.0 117.0
0.0 118.0
0.9411038862913151 118.33811754643523
1.8822077725826303 118.67623509287047
2.823311658873948 119.0143526393057
3.764415545165266 119.35247018574093
4.705519431456584 119.69058773217616
5.646623317747897 120.0287052786114
6.587727204039215 120.36682282504663
7.528831090330533 120.70494037148185
8.469934976621852 121.04305791791708
9.41103886291317 121.38117546435231
10.352142749204488 121.71929301078754
11.293246635495805 122.05741055722277
12.234350521787123 122.395528103658
13.17545440807844 122.73364565009322
14.116558294369757 123.07176319652845
15.057662180661072 123.40988074296368
15.99876606695239 123.74799828939891
16.939869953243708 124.08611583583414
17.833136479664354 124.53564326856366
18.58741542924726 125.19219735332447
18.71265424449791 126.18432397788135
18.724200275783137 127.18425732024052
18.711125543577086 128.18417184227616
18.653240116966096 129.18249507519528
18.56652478222115 130.17872820590318
18.473564497321483 131.17439802337853
18.376531798135826 132.16967921745825
18.276970347654824 133.16471063283072
18.190249285507402 134.16094326499052
18.1172080866129 135.15827218929988
18.052438059677122 136.1561724065615
18.053254080502523 137.15617207361646
18.053397424946247 137.33183474243188
17.998935462234158 137.6316635635976
18.053675922263935 137.67312165119048
17.99898220238338 137.63140624558807
17.998935462234158 137.6316635635976
18.053675922268962 137.67312165119492
18.848799180810808 138.27956950857904
19.644153081387863 138.88571484827645
20.439894543194917 139.49135131180978
21.236114813285305 140.0963581559836
22.032839325992796 140.70070081611198
22.830026903175323 141.3044325171066
23.627586726623246 141.90767237655035
24.425403483535128 142.5105723868262
25.223361296333817 143.11328569263048
26.02136081125501 143.71594378324698
26.8193278818895 144.31864483201247
27.6172150644981 144.92145163674257
28.414998355166574 145.52439593029726
29.212671637257305 146.12748575365578
30.01024072914661 146.73071335884543
30.807718177936877 147.33406211261143
31.60511929912739 147.93751173927808
32.402459517415764 148.54104183488215
33.19975281929176 149.1446339080439
33.997011035961606 149.7482723229517
34.7942436777315 150.35194451453964
35.591458090053166 150.9556407798806
36.388659764291475 151.55935386619865
37.185852694615946 152.16307849866007
37.98303971846153 152.76681093029867
38.78022281036963 153.3705485537543
39.577403319524215 153.97428958749646
40.37458215285568 154.57803283399141
41.1717599110759 155.18177750005395
41.96893698676749 155.78552306731868
42.76611363336559 156.38926920115193
43.563290012642476 156.99301568795164
44.360466226790614 157.59676239278446
45.15764233974542 158.20050923123105
45.95481839114981 158.80425615094768
46.751994405379136 159.40800311974954
47.54917039730418 160.01175011800154
48.34634637593084 160.61549713381248
49.14352234667559 161.21924416003054
49.940698312774934 161.82299119238232
50.73787427615099 162.42673822832987
51.53505023793866 163.03048526637468
52.33222619880431 163.63423230563694
53.12940215913722 164.2379793456026
53.92657811916366 164.84172638597295
54.723754079014554 165.44547342657506
55.52093003876529 166.04922046730942
56.31810599845909 166.65296750811896
57.11528195812062 167.2567145489711
57.91245791776397 167.86046158984726
58.709633877397096 168.46420863073695
59.50680983702448 169.0679556716342
60.30398579664865 169.67170271253568
61.101161756271026 170.2754497534395
61.89833771589241 170.87919679434464
62.695513675513254 171.48294383525047
63.492689635133786 172.08669087615675
64.28986559475416 172.69043791706324
65.08704155437444 173.29418495796983
65.88421751399468 173.89793199887652
66.6813934736149 174.5016790397832
67.47856943323508 175.10542608068994
68.27574539285524 175.70917312159668
69.07292135247542 176.31292016250342
69.87009731209557 176.9166672034102
70.66727327171574 177.52041424431695
71.46444923133589 178.12416128522372
72.26162519095605 178.7279083261305
73.05880115057622 179.33165536703723
73.85597711019638 179.93540240794397
74.65315306981654 180.53914944885074
75.45032902943672 181.14289648975748
76.24750498905688 181.74664353066424
77.04468094867703 182.35039057157104
77.84185690829719 182.9541376124778
78.63903286791736 183.55788465338458
79.43620882753754 184.16163169429132
80.23338478715772 184.76537873519806
81.03056074677788 185.36912577610482
81.82773670639804 185.9728728170116
82.62491266601819 186.57661985791836
83.42208862563834 187.18036689882513
84.21926458525849 187.78411393973187
85.01644054487866 188.3878609806386
85.81361650449884 188.99160802154535
86.61079246411899 189.59535506245211
87.40796842373915 190.19910210335888
88.20514438335931 190.80284914426565
89.00232034297947 191.40659618517242
89.79949630259965 192.01034322607916
90.5966722622198 192.61409026698595
91.39384822183997 193.2178373078927
92.19102418146014 193.82158434879943
92.98820014108028 194.42533138970617
93.78537610070045 195.02907843061294
94.58255206032061 195.63282547151974
95.37972801994079 196.23657251242648
96.17690397956098 196.84031955333322
96.97407993918115 197.44406659423998
97.77125589880133 198.04781363514672
98.5684318584215 198.65156067605346
99.36560781804167 199.2553077169602
100.16278377766183 199.85905475786697
100.959959737282 200.46280179877374
101.75713569690215 201.06654883968048
102.55431165652232 201.67029588058722
103.35148761614249 202.274042921494
104.14866357576267 202.87778996240075
104.94583953538285 203.48153700330752
105.74301549500301 204.0852840442143
106.54019145462317 204.68903108512103
107.33736741424333 205.2927781260278
108.1345433738635 205.89652516693457
108.93171933348367 206.5002722078413
109.72889529310382 207.1040192487481
110.526071252724 207.70776628965484
111.32324721234419 208.31151333056158
112.12042317196435 208.91526037146835
112.9175991315845 209.51900741237512
113.71477509120464 210.1227544532819
114.51195105082482 210.72650149418868
115.30912701044497 211.33024853509545
116.10630297006513 211.9339955760022
116.53272372350312 212.25694845103885
116.80167881085909 211.29379573158812
117.07063389821505 210.3306430121374
117.07063389821546 210.3306430121359
117.36692685078125 209.37554590384804
117.67745932870753 208.42498313361506
118.01066975078646 207.4821306453551
118.3764304334704 206.55142170964933
118.78571870586252 205.63901658576947
119.24977124143882 204.75320890674135
119.7788198876743 203.90461740907216
120.38058249977976 203.1059424071646
121.05881046349808 202.37109083764153
121.81230970280069 201.7136420591269
122.63483733112245 201.14491690525432
123.51604322321596 200.6721842368891
124.44323224892227 200.29759044274704
125.40339175616889 200.01813790537454
126.38487942103387 199.82661254486607
127.37840904324611 199.71303926549632
128.37731081629897 199.66618579399398
129.37727382805218 199.6747866733358
130.3758374599517 199.72836533557756
131.37184080732817 199.81768124689717
132.36494751997398 199.934894971767
133.3552881215083 200.07355099562704
134.34321708561578 200.22845858704045
135.3291625382139 200.39552613176755
136.31354245068823 200.57158347446318
137.29672445044332 200.7542119370795
138.27901193835277 200.94159200831595
139.26064461601678 201.13237273622678
140.24180586208595 201.32556333954886
141.2226325065979 201.52044559480936
142.20322461065763 201.71650457944338
143.18365413010383 201.9133749870686
144.1639720732877 202.1108002394344
145.14421414883526 202.30860184035362
146.1244050769632 202.50665674288234
147.10456179846435 202.70488086173805
148.08469581538677 202.90321721461248
149.0648148699181 203.10162749394442
150.0449241313943 203.3000861434626
151.0250270250143 203.49857623872623
152.00512580390625 203.6970866505804
152.98522193998534 203.89561011025924
153.9653163884809 204.09414190123533
154.94540976539048 204.29267898225032
155.92550232663723 204.49122008980436
156.9055931563562 204.68976974480475
157.88567743181466 204.88835175053302
158.86574011451756 205.08704029568133
159.84573228067774 205.2860763584054
160.82549941470728 205.48621721649172
161.8044623344794 205.69025545239685
162.78061900123333 205.90732263543435
163.74769558376448 206.16180816256679
164.68562112852197 206.50864482800364
165.5258332906356 207.05090262890315
166.04578832575942 207.90509626119584
165.7989241638643 208.87414635565526
164.87633956142386 209.25994118628398
163.88446186087066 209.13274595388384
164.8745051232786 209.27350936731443
165.86622373314137 209.40193911017738
166.85969354055567 209.5160344289077
167.85468505904993 209.61599381128093
168.85056161733797 209.70671250093395
169.8469466906036 209.79166416821278
170.84362121681974 209.87314968098536
171.841863003762 209.93242307132465
172.84095623961755 209.9749989573129
173.84049478023007 210.00537503063035
174.84025582940018 210.02723468667347
175.84012184376596 210.04360396632438
176.840032069756 210.05700321856358
177.83995278953518 210.06959504751245
178.8398586070459 210.08331933649876
179.83971938746717 210.1000052519771
180.83948939717118 210.12145117691443
181.83909694990595 210.1494643972856
182.83843465554946 210.18585327029828
183.83735233324404 210.23236642101162
184.835656638869 210.29057735959418
185.8331228041407 210.36171981624426
186.8295234135429 210.446489065285
187.82467436663404 210.54484851100182
188.81849190927363 210.65587414741887
189.81104486913432 210.7776880295168
190.8025787373208 210.90753635734234
191.79349551882007 211.0420128688346
192.78434874069325 211.17695690428462
193.77585152758593 211.3070423515263
194.76881196779993 211.42548881272307
195.76378342460106 211.52564768727285
196.76104476260014 211.59960594396057
197.7602841826059 211.6386005782913
198.7602775455959 211.63495723148867
199.7589893073508 211.58421457751314
200.7542036254919 211.48649835078032
201.74437016353386 211.34660472354176
202.72915119033476 211.17280504214688
203.70940153974146 210.97504444827638
204.68673537714795 210.7633404798196
205.66299874944292 210.546753712183
206.6398612482699 210.33288539198222
207.61858927264996 210.12772337236578
208.59997741219567 209.93568868914687
209.5843862495194 209.75979314912692
210.57183548741892 209.6018564448061
211.56211291458789 209.46274994876939
212.55487387974028 209.3426430544224
213.54971861647164 209.24123324327007
214.5462441515311 209.15794544119547
215.54407331353244 209.0920898153178
216.5428661898775 209.04296965486998
217.54232031994485 209.00993267723413
218.54216593339734 208.99236141490542
219.5421621304895 208.98960355318428
220.54209888159548 209.000850498885
221.5418077521948 209.0249787819776
222.5411817674996 209.0603564236955
223.54020005092053 209.10465619108416
224.53894603998674 209.15472064278563
225.53762849687436 209.20603682254324
226.53653424712792 209.25280542430096
227.53590718036278 209.2882136199272
228.53574115979234 209.30643485967704
229.53573980615033 209.30478947760713
230.53553739487216 209.28467029308047
231.53497864276105 209.2512458705972
232.5342290021884 209.21253257592548
233.53420754355488 209.21908366793554
234.53298869627952 209.26844163549885
235.52816073315236 209.36658753213413
236.51869374918957 209.50386223534002
237.51073599069124 209.62976772003526
238.50468407010817 209.7396185981538
239.50037869147639 209.83231283194635
240.49737938206437 209.90970548642377
241.49523390619234 209.97517569856146
242.49050959580373 210.07226484145917
243.48248318284857 210.19871009682817
244.4705900023057 210.3524791227805
245.45437757542442 210.53181682371692
246.4334253389386 210.7354475599968
247.40717610620868 210.96306443819552
248.3748450544913 211.2152881613652
249.3355363064222 211.49290717811914
250.28824015926605 211.79680743935046
251.23241543082844 212.12625099532033
252.16629815156134 212.4838304465148
253.09044347169862 212.86587157946815
254.00747182553593 213.26469359272522
254.93652415463845 213.63464192667095
255.87791009015143 213.97197339632413
256.83187106342893 214.27190415743974
257.79805630641863 214.52975309815685
258.77512356301486 214.74268401673726
259.76093064527265 214.91056610801076
260.75306686923926 215.03572885443833
261.74933871860725 215.12199821259563
262.743892818531 215.22621981460287
263.73668437666987 215.34607356751934
264.7277092226845 215.47975136889897
265.71294642561094 215.6509461526094
266.6929267295999 215.85004061208468
267.6627950119057 216.09367048500093
268.6338915459536 216.33235756374665
269.60521133789786 216.57013447973583
270.5764396550145 216.8082847600856
271.547569242328 217.04683732168235
272.5187222718246 217.28529443166138
273.48998182200296 217.52331730070392
274.4613124926332 217.76104977280852
275.432587991971 217.99900755138736
276.40372440046053 218.23753234277387
277.3747398912643 218.47654890416456
278.3456968274663 218.7158032208261
279.3166039148615 218.95525974641242
280.2874768696389 219.19485462465855
281.25830462159536 219.43463259702298
282.2291780817288 219.67422542748446
283.20008862451186 219.913667942324
284.17115866165534 220.1524627977169
285.1425966741068 220.38975626152134
286.1141056427459 220.62675905444547
287.08560710034646 220.86379263409208
288.05638496071003 221.10377252039083
289.0266886393139 221.34566251871198
289.9978416782055 221.58411959042851
290.97149500915623 221.8121529018733
291.9412566998791 222.05620671398532
292.91353025878107 222.29005308804344
293.87628221304885 222.56043924625715
294.83232992750703 222.85365037783185
295.78375470587764 223.16153167168142
296.7317745271862 223.47974295118934
297.6770392897264 223.80604730099148
298.6199495188872 224.1390942942881
299.5608236014521 224.47785078611912
300.4977161553193 224.82746820918055
301.436364740946 225.17234330642754
302.37706210890684 225.51159021048335
303.31960930852216 225.84566322121205
304.2634989981853 226.17592410861414
305.20793766709346 226.50461180335037
306.15198082194513 226.83443375801332
307.09479507199444 227.16775235921028
308.0358725234509 227.5059434743512
308.97510472586055 227.8492259672878
309.9127323759334 228.19686714698162
310.8492162598244 228.5475777616091
311.7942467242997 228.87456005656344
312.7457525123549 229.18219089912856
313.7021694710446 229.47419535308555
314.6622831306993 229.75380536818602
315.62512980397315 230.0238540374392
316.5899315837621 230.28683222230643
317.5560507185353 230.5449287496468
318.5229554743174 230.80006634633907
319.4901934728872 231.05393768013386
320.4573705993241 231.30804082080164
321.42413466863826 231.5637109877808
322.3901636123675 231.82214488624885
323.35515824865706 232.08441450311733
324.31884413049306 232.35145292947198
325.280975890601 232.6240377349759
326.24134012355137 232.90278590101408
327.19976103962273 233.18814418044
328.1561096315219 233.48037246581382
329.11031731179173 233.77951741882833
330.06239604645157 234.08537046035073
331.01246481721205 234.39741105198226
331.96074920735765 234.7148330351627
332.907610697563 235.03647463440973
333.8535815116269 235.3607264176574
334.7993774625419 235.68548789818243
335.7458821735437 236.0081778919093
336.69410281339265 236.325790262834
337.64512365579566 236.63491702860347
338.6001289261654 236.93150585773577
339.56029346596233 237.21094110339476
340.5265274972018 237.46860716028746
341.4994121902533 237.69989783028126
342.47888579022367 237.90147031590624
343.4642838913084 238.07173652623163
344.45579020323436 238.20179510307702
345.4515516313724 238.29376889408547
346.4476029299614 238.38254845580556
347.4439713481109 238.46769524267603
348.44081884164 238.5470367491194
349.4385993327812 238.61362572341716
350.4372934106865 238.66471524051195
351.43675686165454 238.6974690216538
352.4366675453268 238.71083407601407
353.436656789171 238.7061959518342
354.43646792972316 238.6867618779478
355.435076348595 238.63402455000696
356.43478544112645 238.6099054639998
357.4347320610143 238.6202378100507
358.433554784169 238.66874727005296
359.429472149454 238.75901687470383
360.4199594240413 238.89662123103224
361.40176918173245 239.08648855234463
362.37159545925266 239.33028558151295
363.32691691525514 239.6258543817969
364.25784302607764 239.99106196138536
365.18649582296683 240.36201206966123
366.1155929348648 240.7318479206313
367.0463597601924 241.0974612640279
367.9791520265711 241.45787573069657
368.91376985963973 241.81352936291512
369.8496218525909 242.1659226762588
370.7858144534492 242.51741010718368
371.7212130389265 242.8710051952251
372.6544777767224 243.23019446175022
373.5839155314235 243.59917340442337
374.507450768783 243.98268698352507
375.42288343704183 244.38515813762737
376.32775277784924 244.81084755030622
377.22023880621424 245.26192258749327
378.099791444753 245.73772418063845
378.96708449215055 246.23552210142145
379.8069826058618 246.7782662018817
380.662344726052 247.29629674474927
381.5355736923863 247.78360688455217
382.4260470714402 248.23864222515374
383.3315517695311 248.6629784618051
384.24958795729 249.05947506704285
385.1780125667698 249.4309959204444
386.11509467587916 249.78010495897973
387.05946929049156 250.1089766471435
388.01006047486516 250.4194221338093
388.9660047933889 250.71297018759634
389.92658775580423 250.99096366291062
390.8911971047145 251.25464681367106
391.859291956662 251.50523084674722
392.8303844192411 251.7439344896229
393.80402973007085 251.97200204255253
394.7798214936033 252.19070374401412
395.757389539284 252.4013235817883
396.7363988432528 252.60513914238808
397.71654866326105 252.80339738392627
398.6975715113034 252.99728954885
399.67923187056385 253.18792779017798
400.6613247029915 253.37632542417109
401.6436738370377 253.56338204351096
402.62613031166404 253.74987406871503
403.60857071553437 253.93645073618205
404.5908955228866 254.1236350647472
405.5730274030088 254.31182903395904
406.55490947237 254.5013220466718
407.53650346569157 254.69230171123064
408.51778782204406 254.8848660173153
409.49875571436667 255.07903603104583
410.4794130979143 255.27476823609544
411.4597769135259 255.47196557136994
412.43987363971667 255.6704861176873
413.41973842950745 255.87014831673423
414.3994150753796 256.0707316399013
415.3789570706983 256.2719714953152
416.35843013289605 256.47354659404766
417.33791674498514 256.6750558413247
418.3175228544783 256.8759833661781
419.29738685162476 257.075649455177
420.2777058680516 257.27306937826455
421.2587403223759 257.46690281043936
422.24077161334185 257.65562096951203
423.22409531064477 257.8374849470407
424.2089014591314 258.0111422241785
425.1952135256834 258.17603160338155
426.18361036165436 258.32792529858534
427.1737336756063 258.46812452529105
428.1628014506572 258.615586168968
429.15073603869837 258.7704578892785
430.13752198167947 258.93248721605266
431.1232055201408 259.1010931530965
432.10787700370315 259.27551238787055
433.09165014291193 259.45492925043203
434.07464381468446 259.63856868316714
435.0569683600959 259.8257543863667
436.0387164876001 260.01594012227235
437.0199580775756 260.2087222327036
438.0007379201192 260.4038398906954
438.98107544348454 260.6011678924638
439.9609656456996 260.800705336576
440.9403806339295 261.00256241678534
441.91927135653066 261.2069467439866
442.8975692608547 261.4141500508983
443.87518772134894 261.62453575787714
444.8520231612367 261.83852763477745
445.8279558439158 262.05659963866304
446.8028503439592 262.27926691013585
447.77655572757146 262.5070778535179
448.74890548229075 262.74060719749275
449.71971723846036 262.9804499253018
450.68879232332 263.2272159681526
451.6559151857408 263.4815255609385
452.6208527290615 263.744005155365
453.5833535936365 264.0152837680354
454.54314743967825 264.2959896160335
455.4999442917009 264.5867468755465
456.45343401276045 264.8881724083632
457.4032859736827 265.2008723481331
458.349148965935 265.5254385199496
459.29065137775666 265.8624447640074
460.22740161787783 266.2124433177656
461.1589887394491 266.5759614533828
462.08498319877157 266.95349855262486
463.00493768561904 267.34552373310345
463.91838798474123 267.75247403846475
464.8248538652873 268.17475310188826
465.72384003576644 268.61273011645324
466.61483723578544 269.066738915441
467.49732355484787 269.5370769818014
468.3707660714202 270.02400425588235
469.23462289577947 270.52774167459154
470.0883456833658 271.0484694364364
470.9313826653605 271.5863250369364
471.7631822201338 272.141401158454
472.58319697981744 272.71374353317475
473.3908884266842 273.3033489322835
474.1857318830479 273.91016346727406
474.96722173993066 274.53408141347313
475.734876713013 275.1749447704393
476.4882448722344 275.8325437490512
477.22690817714215 276.50661831613024
477.9504862736288 277.196860837484
478.6586393720985 277.9029197508388
479.3510701259901 278.6244040895913
480.0275245469114 279.3608885880133
480.6877921052712 280.11191904770027
481.33170524850664 280.8770176452475
481.9591386036243 281.65568791236046
482.5700081104927 282.4474192086841
483.16427026950294 283.2516906096232
483.74192161640735 284.06797421317015
484.30299851419556 284.8957378960944
484.84757743950047 285.73444749667954
485.37577617117654 286.58356827716705
485.887756614262 287.44256538187585
486.3837303433783 288.31090290843247
486.86396825904586 289.1880411782368
487.3288158241231 290.0734319062444
487.77871479837756 290.9665113612566
488.21423365879434 291.8666909667917
488.6361096215396 292.77334452359145
489.0453123857928 293.6857880000477
489.4431246344373 294.6032548467666
489.8312018345413 295.5248817163616
490.2116098884744 296.44970046211824
490.58711762915294 297.3765197199515
490.9611877949488 298.30392012487994
491.3374275619316 299.23044246014274
491.71972720986776 300.15448086799597
492.1108412637757 301.0748230852368
492.5171639843626 301.9885527207061
492.93962012559825 302.89493608812427
493.37575423075634 303.79481777052365
493.7869186780788 304.7063789573115
494.17432084991265 305.6282897758066
494.5397499853874 306.5591289385765
494.8855667373 307.4974310083262
495.2145045025745 308.44178260946643
495.52945200847273 309.39089170147247
495.83327096777964 310.34362148476134
496.1286818896377 311.29899177278946
496.4183909543963 312.25610652964815
496.70509012714183 313.21412718931424
496.9912071823931 314.17232186196395
497.2791204403358 315.1299783535625
497.5704591939549 316.08659830455645
497.8658605908313 317.0419715377608
498.16527638621847 317.9960942664874
498.468435649061 318.9490341708637
498.77520759885346 319.90081721905295
499.0638103871761 320.8582661370493
499.33254978347725 321.8214790610052
499.5735813901739 322.79199632750453
499.77052123374165 323.7724119016442
499.89584838125745 324.7645273717864
499.9527818220354 325.76290534796635
499.97856725116657 326.7625728485107
499.98505329579524 327.76255181390195
