0.7296482500290074
145393
1274
0.0 100.0
0.0 101.0
0.0 102.0
0.0 103.0
0.0 104.0
0.0 105.0
0.0 106.0
0.0 107.0
0.0 108.0
0.0 109.0
0.0 110.0
0.0 111.0
0.0 112.0
0.0 113.0
0.0 114.0
0.0 115.0
0.0 116.0
0.0 117.0
0.0 118.0
0.0 119.0
0.0 120.0
0.0 121.0
0.0 122.0
0.0 123.0
0.0 124.0
0.0 125.0
0.0 126.0
0.0 127.0
0.0 128.0
0.0 129.0
0.0 130.0
0.0 131.0
0.0 132.0
0.0 133.0
0.0 134.0
0.0 135.0
0.0 136.0
0.0 137.0
0.0 138.0
0.0 139.0
0.0 140.0
0.0 141.0
0.0 142.0
0.0 143.0
0.0 144.0
0.0 145.0
0.0 146.0
0.0 147.0
0.0 148.0
0.0 149.0
0.0 150.0
0.0 151.0
0.0 152.0
0.0 153.0
0.0 154.0
0.0 155.0
0.0 156.0
0.0 157.0
0.0 158.0
0.0 159.0
0.0 160.0
0.0 161.0
0.0 162.0
0.0 163.0
0.0 164.0
0.0 165.0
0.0 166.0
0.0 167.0
0.0 168.0
0.0 169.0
0.0 170.0
0.0 171.0
0.0 172.0
0.0 173.0
0.0 174.0
0.0 175.0
0.0 176.0
0.0 175.0
0.0 174.0
0.0 173.0
0.0 172.0
0.0 171.0
0.0 170.0
0.0 169.0
0.0 168.0
0.0 167.0
0.0 166.0
0.0 165.0
0.0 164.0
0.0 163.0
0.0 162.0
0.0 163.0
0.0 164.0
0.0 165.0
0.0 166.0
0.0 167.0
0.0 168.0
0.0 169.0
0.0 170.0
0.0 171.0
0.0 172.0
0.0 173.0
0.0 174.0
0.0 175.0
0.0 176.0
0.0 177.0
0.0 178.0
0.0 179.0
0.0 180.0
0.0 181.0
0.0 182.0
0.0 183.0
0.0 184.0
0.0 185.0
0.0 186.0
0.0 187.0
0.0 188.0
0.0 189.0
0.0 190.0
0.0 191.0
0.0 192.0
0.0 193.0
0.0 194.0
0.0 195.0
0.0 196.0
0.0 197.0
0.0 198.0
0.0 199.0
0.0 200.0
0.0 201.0
0.0 202.0
0.0 203.0
0.0 204.0
0.0 205.0
0.0 206.0
0.0 207.0
0.0 208.0
0.0 209.0
0.0 210.0
0.0 211.0
0.0 212.0
0.0 213.0
0.0 214.0
0.0 215.0
0.0 216.0
0.0 217.0
0.0 218.0
0.0 219.0
0.0 220.0
0.0 221.0
0.0 222.0
0.0 223.0
0.0 224.0
0.0 225.0
0.0 226.0
0.0 227.0
0.0 228.0
0.0 229.0
0.0 230.0
0.0 231.0
0.0 232.0
0.0 233.0
0.0 234.0
0.0 235.0
0.0 236.0
0.0 237.0
0.0 238.0
0.0 239.0
0.0 240.0
0.0 241.0
0.0 242.0
0.0 243.0
0.0 244.0
0.0 245.0
0.0 246.0
0.0 247.0
0.0 248.0
0.0 249.0
0.0 250.0
0.0 251.0
0.0 252.0
0.0 253.0
0.0 254.0
0.0 255.0
0.0 256.0
0.0 257.0
0.0 258.0
0.0 259.0
0.0 260.0
0.0 261.0
0.0 262.0
0.0 263.0
0.0 264.0
0.0 265.0
0.0 266.0
0.0 267.0
0.0 268.0
0.0 269.0
0.0 270.0
0.0 271.0
0.0 272.0
0.0 273.0
0.0 274.0
0.0 275.0
0.0 276.0
0.0 277.0
0.0 278.0
0.0 279.0
0.0 280.0
0.0 281.0
0.0 282.0
0.0 283.0
0.0 284.0
0.0 285.0
0.0 286.0
0.0 287.0
0.0 288.0
0.0 289.0
0.0 290.0
0.0 291.0
0.0 292.0
0.0 293.0
0.0 294.0
0.0 295.0
0.0 296.0
0.0 297.0
0.0 298.0
0.0 299.0
0.0 300.0
0.0 301.0
0.0 302.0
0.0 303.0
0.0 304.0
0.0 305.0
0.0 306.0
0.0 307.0
0.0 308.0
0.0 309.0
0.0 310.0
0.0 311.0
0.0 312.0
0.0 313.0
0.0 314.0
0.0 315.0
0.0 316.0
0.0 317.0
0.0 318.0
0.0 319.0
0.0 320.0
0.0 321.0
0.0 322.0
0.0 323.0
0.0 324.0
0.0 325.0
0.0 326.0
0.0 327.0
0.0 328.0
0.0 329.0
0.0 330.0
0.0 331.0
0.0 332.0
0.0 333.0
0.0 334.0
0.0 335.0
0.0 336.0
0.0 337.0
0.0 338.0
0.0 339.0
0.0 340.0
0.0 341.0
0.0 342.0
0.0 343.0
0.0 344.0
0.0 345.0
0.0 346.0
0.038574004425228875 346.9992557461344
0.09321880691424814 347.99776160268254
0.16231203491340285 348.9953718100505
0.24262701813132076 349.9921413438298
0.3309452753527506 350.9882336515209
0.4246577047239617 351.9838329587632
0.5218615129194734 352.9790974561066
0.6212570902675678 353.97414545454876
0.7219960051863067 354.9690583507467
0.8235424885625771 355.9638891462662
0.9255667736973764 356.95867105464754
1.0278699923080876 357.9534243162466
1.1303342007615491 358.9481610080329
1.23289041653715 359.9428882181794
1.3354987663323126 360.93761005193613
1.4381364347699264 361.93232886095586
1.54079048126258 362.92704597990917
1.6434536224553282 363.92176216025433
1.7461217869113257 364.9164778221433
1.8487927124562988 365.9111931990465
1.9514651490060553 366.9059084199881
2.0541384091448265 367.9006235559202
2.1568121165450016 368.8953386456865
2.2594860660188023 369.8900537104661
2.3621601461044586 370.88476876176395
2.464834296459779 371.8794838058086
2.5675084845196174 372.8741988459615
2.6701826927603265 373.86891388403126
2.772856911777585 374.8636289209887
2.875531136537048 375.8583439573534
2.9782053643499964 376.8530589934029
3.080879593783577 377.8477740292851
3.183553824075763 378.8424890650787
3.2862280548220664 379.8372041008255
3.3889022858081708 380.8319191365475
3.491576516920719 381.8266341722565
3.594250748099838 382.8213492079585
3.6969249793139562 383.81606424365697
3.7995992105464547 384.8107792793535
3.902273441788587 385.8054943150491
4.004947673035776 386.8002093507441
4.107621904285605 387.7949243864389
4.2102961355368125 388.7896394221335
4.312970366788743 389.7843544578281
4.415644598041052 390.7790694935227
4.518318829293567 391.7737845292172
4.620993060546179 392.7684995649117
4.723667291798842 393.76321460060615
4.826341523051534 394.7579296363007
4.929015754304238 395.75264467199514
5.031689985556954 396.7473597076896
5.134364216809673 397.742074743384
5.2370384480623855 398.7367897790785
5.3397126793151015 399.73150481477296
5.442386910567817 400.7262198504675
5.5450611418205344 401.72093488616196
5.647735373073253 402.7156499218564
5.750409604325974 403.7103649575509
5.853083835578691 404.70507999324536
5.955758066831409 405.6997950289399
6.05843229808413 406.69451006463436
6.161106529336848 407.6892251003288
6.263780760589565 408.68394013602335
6.366454991842289 409.6786551717178
6.469129223095012 410.6733702074123
6.5718034543477355 411.66808524310676
6.674477685600456 412.6628002788012
6.7771519168531755 413.65751531449575
6.879826148105897 414.6522303501903
6.982500379358617 415.6469453858848
7.085174610611338 416.64166042157933
7.187848841864058 417.63637545727386
7.2905230731167805 418.6310904929683
7.393197304369502 419.6258055286628
7.495871535622221 420.6205205643572
7.598545766874938 421.6152356000517
7.701219998127662 422.60995063574615
7.803894229380387 423.60466567144067
7.906568460633108 424.5993807071352
8.009242691885834 425.5940957428297
8.111916923138553 426.58881077852425
8.218325264534599 427.58313329404996
8.330326357284523 428.5768413775548
8.447910874744307 429.5699042563564
8.570140415726932 430.5624061149497
8.69584811047163 431.55447343901693
8.823986841387129 432.5462296921555
8.953743981967468 433.5377754976877
9.0845401494209 434.5291847787515
9.21598488660446 435.5205082784562
9.347825486439753 436.5117792082403
9.47990331924198 437.50301855677435
9.612121169522553 438.4942392385941
9.744420600993498 439.48544903497043
9.876767043693722 440.47665255549714
10.009140318748813 441.4678524929725
10.14152878117488 442.4590504020787
10.273925776602074 443.45024717144474
10.417596437506038 444.4398727274989
10.583771325267058 445.4259690243572
10.77796014128473 446.4069331948209
11.0266698333104 447.3755112707097
11.367119702750124 448.3157739395414
11.818100587125544 449.20830754783185
12.369108028943156 450.0428078768082
12.9953416739572 450.82244331844254
13.668256593173435 451.56216320562703
14.360923721557345 452.2834206140856
15.05377739910326 453.0044988217102
15.739736756333802 453.73213867783943
16.421281270182043 454.46391533478015
17.09800033440724 455.2001566730071
17.758276670554586 455.95117941562137
18.38185949329974 456.73293670735404
18.954893348481164 457.5524684033951
19.473207840722033 458.40765849169895
19.949821206208824 459.2867715105079
20.409378794170117 460.17491948429785
20.871691818489403 461.0616362753562
21.356918085941807 461.9360249014111
21.900652101134455 462.7752825023433
22.557040504638927 463.5297056354357
23.327170144638004 464.1675930374079
24.16238632776782 464.71751478405747
25.012284615031 465.2444615568032
25.842597475890912 465.80175910128963
26.63527665006775 466.4113981148266
27.388456341758264 467.0692129459341
28.113539487218674 467.7578742793697
28.828080497140284 468.4574678364728
29.548638838831423 469.1508621515773
30.287360151515927 469.82487314717434
31.05186963827383 470.46948562351747
31.84589705131428 471.07736757533075
32.66926777560375 471.644871452307
33.51777994421724 472.1740473207239
34.38379488121342 472.67406544929474
35.257402125821116 473.16069711921455
36.12739905535804 473.6537542584959
36.9817415890068 474.173464596279
37.807849500075754 474.73697654758905
38.59334300608073 475.3558464466987
39.327375846144875 476.0349604207173
40.00221039506769 476.77292947940487
40.61446661391922 477.5635889019615
41.16562232269137 478.39799131368375
41.66162788989179 479.2663106543103
42.11176787407291 480.15926865704137
42.527162525799795 481.06890995080323
42.91941018211471 481.98876960103007
43.29971147508051 482.91363225384316
43.6784709167386 483.83912741069435
44.06508144032607 484.7613704931034
44.46763219389385 485.67676816122474
44.89253991045784 486.5820048332638
45.34425530640575 487.47416692675563
45.82514565648417 488.35094766970195
46.336800513486466 489.2101387469985
46.879259611726006 490.05022096127107
47.451543419205876 490.870276595784
48.05258238907342 491.66949631319625
48.68173076396469 492.4467815390765
49.33900693288715 493.2004313501735
50.025458949920775 493.927606451721
50.74378248255081 494.62331565998966
51.49887775328012 495.2789307392261
52.29774400013463 495.8804394421029
53.14790858793826 496.4069564633327
54.05351775160999 496.8310697060802
55.00959257909479 497.1241924180114
55.99899630375326 497.2693828778631
56.99896612727943 497.2771515352142
57.99515730864547 497.18995560544363
58.9872785748701 497.0646743494441
59.97963238107073 496.94124856883434
60.972867182567654 496.8251252331289
61.96343074780035 496.6880711444139
62.94449115166745 496.49436909495614
63.911041244110685 496.2378911840204
64.87261711043172 495.96335183655094
65.85116293908425 495.7573225638086
66.84942851583108 495.6984511931576
67.84721978313033 495.76487849854743
68.84600612434632 495.81413136242725
69.83603935152718 495.6732973854265
70.73557904992933 495.23645836359054
71.46444912945806 494.5518063299503
72.1477755109847 493.821693286436
73.02071425530457 493.33386345066816
73.99141314530257 493.574162566265
74.58073240376103 494.3820628148167
74.93918479062157 495.3156108244841
75.18733696043914 496.28433188888545
76.06813743021036 496.7578195153878
77.06813068018971 496.7614937494228
78.06812120748725 496.7571411277771
79.05611550527786 496.9116314754796
79.98177436106027 497.2899906734801
80.84983989765013 497.7864402924597
81.80114015457332 498.0947061212145
82.80112649665399 498.0894796834108
83.69770695557567 497.64659879572224
84.50053464471549 497.0503876740963
85.49586443502226 496.95385473397795
86.48316648427486 497.11270895501605
87.48290719159507 497.1354799481184
88.48278492633247 497.1511169419599
89.47271884748513 497.292647262921
90.46043312698411 497.4489178681984
91.46026592299353 497.4306318072778
92.4093263265931 497.11553761450455
93.17737288741625 496.4751436104666
93.77627858286866 495.6743240502942
94.74620848191903 495.4309395994184
95.73005315654919 495.60996377712047
96.72500307206741 495.7103364108922
97.7247635310743 495.6884497801251
98.72248919460841 495.75585527192953
99.66540135617161 496.08889679423
100.48087181424273 496.6676954915448
101.22915459101402 497.33107538722106
102.08193295249825 497.85334836774393
103.0673693162108 498.0233929885734
104.04653487565905 498.22645654313305
104.9430485407986 498.66947262435133
105.89347233666089 498.3585150576984
106.51945621639751 497.5786790606389
107.00042964282274 496.70194388792555
107.43223792623193 495.799978474853
107.91633290804737 494.9249630186574
108.47978501834076 494.0988142914867
109.05914821752971 493.2837447954156
109.58509537649853 492.43322754928084
110.01364494905987 491.5297092794836
110.33840962784757 490.583914426774
110.66027972754316 489.637130587177
111.06905930720413 488.7244974433278
111.57362868298658 487.86112629195515
112.10742819221251 487.0155152206285
112.60562480802054 486.14845113303323
113.56076869171055 486.4445932635205
114.5212007546324 486.7231076303163
115.51856316123092 486.79569020332144
116.50670770630242 486.64216379502165
117.4435441670342 486.29239609233383
118.31295009700271 485.79829759108577
119.12125358169095 485.2095315283402
119.88161237573465 484.56002825327505
120.6092173327623 483.87403187827823
121.3113495114559 483.16198524803343
121.98302998831886 482.42114428196777
122.60921761900654 481.6414718820627
123.17235184088291 480.81510643738847
123.66791793203636 479.9465362045927
124.12186116566266 479.0555055986959
124.56761673271025 478.16035087774196
125.03171937555842 477.27456945046924
125.52681420671898 476.4057305078809
126.04807682818006 475.5523341876009
126.57233433511033 474.7007744031892
127.08542573937142 473.8424404292179
127.59988832116463 472.98492760019747
128.12451772930427 472.13359688648217
128.6566690790145 471.2869476432878
129.1890765241439 470.44045941987844
129.72351272731197 469.5952506026366
130.37424639491397 468.83594454191456
131.26310748619537 468.3777677633607
132.2580466836834 468.4782465835263
133.0688022973832 469.0636313585711
133.69977761765128 469.83943426215717
134.2992463844595 470.6398324115937
134.95335838498593 471.39623011833754
135.66663785329803 472.09710985130494
136.402302655993 472.7744556256889
137.11823432695914 473.4726259791899
137.77771325703083 474.2243490271215
138.37551621409668 475.02599210513273
137.3755550555568 475.0348058110273
136.37558466103235 475.042500619317
135.37560833997054 475.0493822844987
134.37562831090852 475.0557022114869
133.375645996449 475.0616495443476
132.37566228783396 475.06735765300937
131.3756777364269 475.07291615525696
130.3756926802355 475.07838309168136
129.3757073246137 475.08379498063255
128.37572179310303 475.0891742714109
127.37573615925504 475.09453450439554
126.375750466401 475.0998837180983
125.37576473980998 475.10522662126414
124.37577899407782 475.110565940744
123.37579323756154 475.1159032401148
122.37580747500795 475.1212394082262
121.37582170909381 475.1265749465439
120.37583594131883 475.1319101360871
119.37585017251824 475.137245133398
118.37586440315484 475.14258002521206
117.37587863348375 475.1479148593555
116.37589286364508 475.15324966208516
115.37590709371541 475.1585844477589
114.37592132373649 475.16391922420013
113.37593555373098 475.1692539956572
112.37594978371118 475.1745887644305
111.37596401368367 475.17992353176203
110.37597824365204 475.1852582983206
109.3759924736182 475.1905930644657
108.37600670358319 475.19592783039
107.37602093354754 475.20126259619656
106.37603516351156 475.2065973619405
105.3760493934754 475.21193212765115
104.37606362343914 475.2172668933441
103.37607785340283 475.22260165902776
102.3760920833665 475.22793642470634
101.37610631333015 475.2332711903823
100.37612054329381 475.238605956057
99.37613477325745 475.24394072173084
98.37614900322109 475.24927548740436
97.37616323318473 475.25461025307754
96.37617746314837 475.2599450187507
95.37619169311202 475.2652797844239
94.37620592307566 475.270614550097
93.3762201530393 475.2759493157701
92.37623438300295 475.28128408144323
91.37624861296659 475.2866188471163
90.37626284293023 475.29195361278937
89.37627707289387 475.29728837846244
88.37629130285751 475.3026231441355
87.37630553282115 475.3079579098086
86.37631976278479 475.31329267548165
85.37633399274843 475.3186274411547
84.37634822271207 475.3239622068278
83.3763624526757 475.32929697250086
82.37637668263935 475.3346317381739
81.37639091260297 475.339966503847
80.37640514256661 475.34530126952006
79.37641937253025 475.35063603519313
78.37643360249389 475.3559708008662
77.37644783245753 475.36130556653933
76.37646206242118 475.36664033221246
75.37647629238482 475.3719750978855
74.37649052234846 475.3773098635586
73.3765047523121 475.38264462923166
72.37651898227574 475.38797939490473
71.37653321223937 475.3933141605778
70.376547442203 475.39864892625087
69.37656167216664 475.40398369192394
68.37657590213028 475.409318457597
67.37659013209392 475.4146532232701
66.37660436205756 475.41998798894315
65.3766185920212 475.4253227546162
64.37663282198484 475.4306575202893
63.37664705194848 475.43599228596236
62.37666067007539 475.44121110463715
61.37667197624663 475.44596633487845
60.37667886799258 475.4496789410262
59.37668081959352 475.4516545923257
58.376680904307605 475.4512429757839
57.3766862673115 475.4479679217362
56.37670659210407 475.44159225141533
55.37675147889148 475.4321174659303
54.376828098474974 475.4197387221965
53.37693998609777 475.40478002149257
52.37708706680026 475.38762951793603
51.37726649846023 475.36868667960016
50.37747380531337 475.3483256695526
49.37770391154099 475.326874340774
48.37795188830722 475.3046057072281
47.37821338775777 475.2817380331195
46.378484823201276 475.2584400244099
45.37876338013354 475.2348384085635
44.37904693421309 475.2110260639457
43.37933393121239 475.187069611134
42.37962326272373 475.1630159355323
41.37991415502601 475.13889747815597
40.380206077796515 475.11473634568847
39.38049867324703 475.09054739596036
38.38079170332465 475.06634049015634
37.38108501158985 475.0421220983708
36.38137849637491 475.01789642115045
35.38167209227221 474.9936661591613
34.38196575758968 474.96943303316357
33.382259465977526 474.94519813041836
32.382553200913364 474.92096213257486
31.382851359875268 474.89654433117823
30.38316748001649 474.87140192973175
29.383525894798872 474.84463065588056
28.38396065297733 474.81514629829496
27.384512342914817 474.7819337176486
28.255347426762906 475.27350899849506
29.243922200921386 475.42424026896515
30.23457817176654 475.5606248261146
31.22530903588215 475.6964642713753
32.21604272855036 475.83228308528567
33.20677652804765 475.96810111992636
34.197510331574215 476.10391912517525
35.188244135252596 476.2397371293167
36.1789779389367 476.3755551334164
37.16971174262099 476.51137313751474
38.16044554630532 476.64719114161284
39.151179349989654 476.78300914571093
40.14191315367398 476.918827149809
41.1326469573583 477.0546451539071
42.12338076104263 477.1904631580052
43.11411456472695 477.3262811621033
44.104848368411275 477.46209916620137
45.09558217209559 477.5979171702995
46.08631597577991 477.7337351743977
47.07704977946424 477.8695531784957
48.067783583148554 478.0053711825939
49.05851738683288 478.141189186692
50.04925119051719 478.2770071907902
51.03998499420153 478.41282519488817
52.03071879788587 478.5486431989862
53.021452601570175 478.6844612030844
54.012186405254496 478.8202792071825
55.00292020893882 478.9560972112806
55.99365401262314 479.09191521537866
56.98438781630745 479.2277332194768
57.975121619991775 479.3635512235749
58.96585542367609 479.499369227673
59.9565892273604 479.63518723177117
60.94732303104472 479.7710052358693
61.93805683472904 479.9068232399674
62.92879063841337 480.0426412440656
63.919524442097675 480.1784592481638
64.91025824578202 480.3142772522617
65.90099204946632 480.45009525635993
66.89172585315066 480.5859132604579
67.88245965683497 480.72173126455607
68.8731934605193 480.8575492686541
69.86430812007487 480.9905595374834
70.85545826948818 481.12330508851227
71.8466105930185 481.25603440539624
72.83776302694426 481.38876289790267
73.82891546592468 481.5214913526633
74.82006790512237 481.65421980580146
75.81122034432903 481.7869482588727
76.80237278353607 481.91967671194107
77.79352522274311 482.0524051650094
78.78467766195016 482.18513361807777
79.77583010115717 482.31786207114635
80.76698254036421 482.45059052421465
81.75813497957127 482.58331897728294
82.74928741877831 482.7160474303514
83.74043985798535 482.8487758834198
84.73159229719238 482.98150433648823
85.72274473639945 483.1142327895565
86.71389717560648 483.24696124262493
87.70504961481352 483.37968969569334
88.69620205402056 483.51241814876175
89.6873544932276 483.64514660183016
90.67850693243464 483.77787505489863
91.6696593716417 483.9106035079669
92.66081181084874 484.0433319610352
93.65196425005577 484.17606041410374
94.64311668926281 484.3087888671722
95.63426912846985 484.4415173202405
96.62542156767688 484.57424577330886
97.61657400688394 484.70697422637716
98.60772644609095 484.83970267944574
99.5991497236665 484.9703927122767
100.59059831468694 485.1008905718897
101.58204845684027 485.2313766463349
102.57349867775686 485.3618621223253
103.56494890227975 485.49234757091443
104.55639912695767 485.6228330183256
105.54784935164196 485.75331846568827
106.53929957632653 485.88380391304895
107.53074980101108 486.0142893604097
108.52220002569565 486.14477480777026
109.51365025038025 486.2752602551307
110.50510047506482 486.40574570249134
111.49655069974939 486.536231149852
112.48800092443396 486.6667165972126
113.47945114911855 486.79720204457317
114.47090137380313 486.9276874919338
115.46235159848771 487.0581729392944
116.45380182317228 487.1886583866551
117.44525204785688 487.31914383401556
118.4370930978044 487.44662454486644
119.42897051783778 487.5738219647613
120.42085016562002 487.7010020116058
121.41272992651938 487.8281811762447
122.40460969259794 487.95536030049044
123.39648945889915 488.08253942299984
124.38836922520954 488.2097185454376
125.3802489915203 488.33689766787256
126.37212875783108 488.46407679030744
127.36400852414184 488.5912559127423
128.3558882904526 488.71843503517715
129.3477680567634 488.84561415761186
130.3396478230742 488.97279328004674
131.33212949887522 489.09518659358616
132.32466672033354 489.2171286454789
133.31720734139003 489.33904302343655
134.30974813505563 489.4609559961248
135.30228893662425 489.5828689044714
136.29482973853257 489.7047818100524
137.2873705404549 489.82669471551924
138.2799113423778 489.9486076209813
139.27323302765905 490.06398538985417
140.2666260997511 490.1787469004731
141.26002353701776 490.29347061917167
142.25342119590215 490.4081924188571
143.24681886493318 490.5229141306807
144.24110767676254 490.6296369430076
145.23547716404696 490.73560544190104
146.22985157975887 490.8415276840298
147.22422624566187 490.9474475773942
148.21973305156683 491.04213759480285
149.2153400261803 491.1357685304014
150.21178599197822 491.22000294881224
151.20830622166383 491.3033542045156
152.20566286476708 491.3760159307393
153.2030922529171 491.4476721632297
154.20133316376229 491.50696030635237
155.1996424875436 491.56508512077187
156.19869660990864 491.60856914755664
157.19804831193852 491.64457158705693
158.19757890529772 491.67520805126173
159.19722498620303 491.70181092574313
160.19694527591116 491.72546134531365
161.19671292595427 491.74701699253836
162.19651070532564 491.7671267007427
163.19632762672842 491.7862610592807
164.19615669621956 491.8047497531364
165.19599346290158 491.8228174035324
166.19583509612565 491.8406137085369
167.1956797986434 491.8582367289132
168.1955264321372 491.87574985231015
169.19537427767864 491.8931936410644
170.1952228824998 491.91059385477485
171.19507196219087 491.92796676014325
172.19492133849064 491.9453225866273
173.19477089986972 491.9626677476272
174.19462057664796 491.98000625524526
175.1944703253386 491.9973406154378
176.1943201188239 492.01467239167334
177.1941699402037 492.0320025586308
178.19401977895032 492.0493317235952
179.19386962850768 492.06666026479525
180.19371948479397 492.08398841773544
181.1935693452682 492.10131632902534
182.1934192083488 492.1186440899227
183.19326907305143 492.13597175722606
184.19311893876346 492.1532993662843
185.19296880510362 492.1706269390968
186.19281867183466 492.18795448935344
187.192668538809 492.2052820255738
188.19251840593466 492.22260955306
189.19236827315453 492.2399370751107
190.19221814043303 492.2572645937789
191.192068007748 492.27459211034244
192.19191787508566 492.2919196255964
193.19176774243743 492.30924714003515
194.19161760979802 492.32657465396693
195.19146747716405 492.343902167583
196.19131734453347 492.3612296810025
197.19116721190503 492.3785571943
198.19101707927788 492.3958847075214
199.1908669466516 492.41321222069564
200.19071681402582 492.4305397338403
201.19056668140033 492.4478672469666
202.19041654877506 492.4651947600815
203.1902664161499 492.48252227318926
204.19011628352484 492.4998497862926
205.1899661508998 492.51717729939327
206.18981601827483 492.5345048124923
207.18966588564984 492.5518323255902
208.18951575302486 492.5691598386875
209.18936562039988 492.58648735178417
210.18921548777493 492.6038148648807
211.18906535514998 492.621142377977
212.18891522252503 492.63846989107327
213.18876508990007 492.6557974041694
214.18861495727515 492.6731249172657
215.1884648246502 492.69045243036186
216.18831469202524 492.70777994345804
217.18816455940032 492.72510745655404
218.18801442677537 492.7424349696502
219.18786429415042 492.75976248274634
220.18771416152546 492.77708999584246
221.1875640289005 492.79441750893864
222.18741389627556 492.8117450220349
223.1872637636506 492.82907253513093
224.18711363102565 492.8464000482271
225.1869634984007 492.8637275613232
226.18681336577575 492.88105507441924
227.18666323315082 492.89838258751536
228.18651310052587 492.91571010061153
229.1863629679009 492.93303761370754
230.18621283527594 492.9503651268037
231.186062702651 492.96769263990006
232.18591257002606 492.985020152996
233.18576243740108 493.0023476660921
234.18561230477616 493.0196751791882
235.1854621721512 493.0370026922844
236.18531203952625 493.05433020538055
237.1851619069013 493.0716577184767
238.18501177427635 493.08898523157274
239.1848616416514 493.1063127446689
240.18471150902644 493.1236402577649
241.1845613764015 493.14096777086104
242.18441124377654 493.1582952839572
243.18426111115159 493.17562279705334
244.18411097852663 493.1929503101495
245.18396084590168 493.2102778232455
246.1838107132767 493.2276053363416
247.18366058065175 493.24493284943776
248.1835104480268 493.2622603625338
249.18336031540187 493.27958787563
250.18321018277692 493.296915388726
251.18306005015194 493.31424290182224
252.18290991752698 493.33157041491836
253.18275978490203 493.3488979280146
254.18260965227708 493.36622544111066
255.18245951965216 493.38355295420683
256.1823093870272 493.40088046730307
257.1821592544022 493.41820798039913
258.1820091217773 493.4355354934952
259.1818589891524 493.45286300659143
260.1817088565274 493.4701905196874
261.1815587239024 493.48751803278344
262.18140859127743 493.5048455458797
263.1812584586525 493.5221730589758
264.1811083260276 493.53950057207186
265.1809581934026 493.5568280851679
266.1808080607777 493.5741555982641
267.18065792815275 493.59148311136016
268.1805077955278 493.60881062445634
269.18035766290285 493.6261381375524
270.1802075302779 493.64346565064864
271.180057397653 493.66079316374464
272.179907265028 493.6781206768408
273.1797571324031 493.69544818993694
274.1796069997782 493.7127757030332
275.1794568671532 493.7301032161293
276.17930673452827 493.7474307292254
277.17915660190334 493.7647582423216
278.17900646927836 493.7820857554176
279.17885633665344 493.7994132685137
280.1787062040285 493.8167407816099
281.17855607140353 493.83406829470596
282.1784059387786 493.85139580780196
283.17825580615363 493.868723320898
284.1781056735287 493.8860508339943
285.1779555409038 493.9033783470904
286.1778054082788 493.9207058601865
287.1776552756539 493.9380333732827
288.1775051430289 493.9553608863788
289.17735501040397 493.97268839947486
290.177204877779 493.99001591257104
291.17705474515407 494.00734342566716
292.17690461252914 494.0246709387633
293.17675447990416 494.04199845185946
294.1766043472792 494.0593259649555
295.1764542146542 494.07665347805175
296.1761798606264 494.10007638960144
297.1759055065986 494.12349930115107
298.1756311525708 494.1469222127008
299.175356798543 494.17034512425045
300.17508244451517 494.19376803580013
301.17480809048743 494.2171909473498
302.17453373645964 494.24061385889956
303.1742593824318 494.26403677044925
304.173985028404 494.2874596819989
305.1737106743762 494.31088259354857
306.1734363203484 494.3343055050983
307.1731619663206 494.35772841664794
308.1728876122928 494.3811513281976
309.1726132582651 494.4045742397473
310.1723389042372 494.427997151297
311.1720645502094 494.4514200628467
312.17179019618163 494.4748429743963
313.17151584215384 494.498265885946
314.17124148812604 494.5216887974957
315.17096713409825 494.5451117090454
316.17069278007045 494.5685346205951
317.1704184260426 494.59195753214476
318.1701440720148 494.61538044369445
319.169869717987 494.638803355244
320.1695953639592 494.6622262667938
321.1693210099314 494.68564917834345
322.1690466559036 494.7090720898931
323.16877230187583 494.7324950014428
324.16849794784804 494.7559179129926
325.16822359382024 494.77934082454226
326.16794923979245 494.8027637360919
327.16767488576465 494.8261866476416
328.16740053173686 494.8496095591912
329.16712617770906 494.8730324707409
330.1668518236813 494.89645538229064
331.1665774696535 494.9198782938403
332.1663031156257 494.94330120539007
333.1660287615979 494.96672411693964
334.16575440757003 494.9901470284894
335.1654800535423 495.013569940039
336.16520569951444 495.0369928515887
337.16493134548665 495.0604157631384
338.16465699145886 495.0838386746881
339.16438263743106 495.10726158623777
340.16410828340327 495.13068449778746
341.1638339293754 495.15410740933714
342.1635595753477 495.17753032088683
343.1632852213198 495.20095323243646
344.16301086729203 495.22437614398615
345.16273651326424 495.24779905553584
346.16246215923644 495.2712219670856
347.16218780520865 495.2946448786352
348.16191345118085 495.3180677901849
349.16163909715306 495.34149070173453
350.1613647431253 495.36491361328433
351.1610903890975 495.38833652483396
352.16081603506973 495.41175943638365
353.1605416810419 495.43518234793333
354.1602673270141 495.45860525948297
355.1599929729863 495.4820281710327
356.1597186189585 495.50545108258234
357.1594442649307 495.528873994132
358.1592078974819 495.55061517689734
359.15897153003306 495.57235635966265
360.1587351625843 495.59409754242796
361.15849879513553 495.6158387251932
362.1582624276867 495.6375799079586
363.1580260602379 495.6593210907239
364.1577896927891 495.68106227348915
365.1575533253403 495.7028034562545
366.15731695789145 495.72454463901977
367.15708059044266 495.74628582178514
368.15684422299387 495.7680270045504
369.1566078555451 495.78976818731576
370.1563714880963 495.811509370081
371.1561351206475 495.8332505528463
372.1558987531987 495.85499173561163
373.1556623857499 495.8767329183769
374.15542601830106 495.89847410114226
375.15518965085226 495.92021528390757
376.1549532834035 495.9419564666729
377.1547169159546 495.9636976494382
378.15448054850583 495.9854388322035
379.1542441810571 496.00718001496875
380.15400781360825 496.0289211977341
381.15377144615945 496.0506623804995
382.1535350787106 496.0724035632647
383.15329871126187 496.09414474603005
384.1530623438131 496.1158859287953
385.15282597636417 496.1376271115606
386.15258960891543 496.1593682943259
387.15257849221075 496.1640835128621
388.15256737550595 496.16879873139834
389.15255625880127 496.17351394993455
390.1525451420966 496.1782291684708
391.1525340253919 496.18294438700707
392.15252290868716 496.18765960554333
393.1525117919824 496.1923748240796
394.15250067527774 496.19709004261586
395.15248955857305 496.2018052611521
396.1524784418683 496.2065204796883
397.15246732516357 496.2112356982245
398.1524562084589 496.2159509167608
399.15244509175415 496.220666135297
400.1524339750494 496.22538135383326
401.15207881433656 496.1987318644093
402.15172365362366 496.1720823749854
403.1513684929108 496.1454328855614
404.15101333219803 496.1187833961375
405.1506581714852 496.09213390671357
406.1503030107723 496.06548441728955
407.14994785005945 496.0388349278656
408.14727676602166 495.96579361499585
409.14460568198376 495.89275230212604
410.1419345979459 495.81971098925624
411.1392635139081 495.74666967638655
412.1294102395425 495.6066358886227
413.11955696517686 495.4666021008588
414.1097036908113 495.3265683130948
415.07953841829556 495.0828049004065
416.040732282607 494.8069310973551
416.9945389960944 494.5065101371903
417.94834570958176 494.2060891770254
418.9009858065416 493.90198911838627
419.8617180822362 493.6245121023314
420.827055456277 493.36350682598624
421.80208284142475 493.1414221614731
422.78577864626584 492.9615817779715
423.77596809120007 492.82185038156786
424.7706567286322 492.7189207232406
425.7672437405929 492.6363717826587
426.7661255881311 492.5890954179654
427.7660752067816 492.57905748188887
428.7656616481472 492.6078141548178
429.7631615107584 492.6784825642429
430.7564294660471 492.7943219746204
431.743157264224 492.956705016546
432.72156882677734 493.1633709650277
433.691341090643 493.40738276031004
434.6542553822404 493.6771902232117
435.61381568473826 493.958693377493
436.5738785023268 494.2384779129555
437.53726964393377 494.5065777232377
438.5052875220248 494.7574589455245
439.4780946331234 494.9890757078625
440.45542270244374 495.20080630300345
441.43707102245077 495.39150652803596
442.4229845312531 495.55876247908395
443.4130465895416 495.699393630461
444.40667254560736 495.81212099817793
445.4029144908291 495.89873500732625
446.40080480753784 495.96365739036156
447.39959911610185 496.0127484198898
448.3988294462821 496.0519752888441
449.39824213977863 496.0862428840043
450.3977213783245 496.11851131619164
451.39724870156965 496.14925428427125
452.3968821331813 496.1763283014153
453.3967021640465 496.1952994869555
454.3966904265388 496.2001445749345
455.39656310003204 496.18418723175176
456.3956372055639 496.1411647765019
457.3928372549599 496.0663846890147
458.3869269519297 495.95782284314555
459.37693337108124 495.81680053980784
460.3625709778529 495.64792630223
461.3444264738372 495.4582956480481
462.3237959924027 495.25621807357555
463.3022605079758 495.0498029777991
464.28120364843187 494.8456698649682
465.26146351506094 494.64795645147177
466.2432060088093 494.4577416361477
467.22594937851056 494.272767396568
468.2086794814578 494.08772268639933
469.18996134433485 493.89514567430126
470.16799789739116 493.68671222956226
471.1407038311149 493.4546709261298
472.1059230375121 493.1932289945239
473.0618501750898 492.89962499652216
474.00754343027313 492.5745645912117
474.94330134981635 492.2219215478773
475.8707461854703 491.8479615542699
476.79263453450585 491.4605059156318
477.712530454373 491.06834332612107
478.63445942544683 490.68098435527526
479.5625713174627 490.3086829774927
480.5007679265253 489.9625802142224
481.45222882176756 489.6548105522593
482.4188380186765 489.3985554831368
483.4004161157771 489.2074941335853
484.39397344213734 489.09416347032146
485.39360161687654 489.0668960489626
486.3918604733108 489.1258812636398
487.38333004715446 489.2562196085054
488.36787435359037 489.4313552949451
489.3502621578407 489.61820871894446
490.3386735965882 489.7700073610765
491.335915529708 489.84422681154246
492.3331305959626 489.76964724574196
493.3098474324527 489.55511468104186
494.24580974081726 489.2030144718388
495.1184669471666 488.71468118380017
495.90663693988046 488.09922357958567
496.59645332737415 487.3752392209527
497.1846816881097 486.5665443491832
497.6773873247675 485.6963483048313
498.05061860243757 484.76860997245046
498.37660263463977 483.8232346973617
498.65424184925087 482.8625492824052
498.88732459427575 481.8900923764337
499.08141147429876 480.9091080325204
499.2423005473627 479.92213553737747
499.37535045282607 478.9310261979723
499.4852428591622 477.9370827091211
499.5759522546822 476.9412053042342
499.6496578024007 475.9439252571884
499.70993916259044 474.94574383198875
499.75970759156326 473.9469830480782
499.8010564885795 472.9478382794308
499.83549964988896 471.94843162113847
499.8641892189654 470.9488432515451
499.8880505561601 469.9491279737848
499.9078545810778 468.9493240927176
499.9242550370091 467.9494585892396
499.9378089757906 466.9495504480869
499.94899011971546 465.94961295903045
499.95819942494785 464.94965536558107
499.96577445869616 463.94968405656084
499.9719980249883 462.94970342313707
499.97710605948254 461.94971646923034
499.9812947265949 460.9497252417349
499.9847266789318 459.94973113090066
499.98753648834503 458.9497350784229
499.98983529783965 457.949737720689
499.9917147673329 456.94973948689335
499.9932503962119 455.94974066597206
499.9945043061507 454.94974145211745
499.99552756263313 453.9497419756445
499.9963621059005 452.9497423238758
499.9970423533827 451.94974255524414
499.9975965271185 450.94974270879845
499.9980477517454 449.9497428106003
499.9984149615776 448.9497428780219
499.9987136491385 447.949742922629
499.9989564822366 446.94974295211296
499.9991538121948 445.9497429715825
499.9993140920577 444.94974298442736
499.9994442204289 443.949742992894
499.9995498239284 442.9497429984701
499.99963548904043 441.9497430021393
499.9997049522714 440.9497430045519
499.9997612559945 439.94974300613694
499.9998068760786 438.9497430071775
499.99984382633335 437.9497430078602
499.9998737439223 436.94974300830773
499.9998979591642 435.94974300860093
499.999917552538 434.9497430087929
499.9999334012074 433.9497430089185
499.99994621696806 432.94974300900066
499.99995657718046 431.9497430090544
499.9999649499697 430.9497430090894
499.9999717147439 429.94974300911224
499.9999771788905 428.9497430091272
499.99998159135697 427.9497430091369
499.99998515368986 426.9497430091433
499.9999880290052 425.9497430091474
499.9999903492726 424.9497430091501
499.99999222122943 423.94974300915186
499.9999937311786 422.94974300915294
499.9999949488804 421.94974300915374
499.999995930707 420.9497430091542
499.99999672220014 419.94974300915453
499.9999973601418 418.94974300915476
499.9999978742318 417.9497430091549
499.9999982884457 416.949743009155
499.99999862213326 415.949743009155
499.9999988909077 414.949743009155
499.99999910736443 413.949743009155
499.9999992816621 412.949743009155
499.9999994219926 411.949743009155
499.99999953496035 410.949743009155
499.99999962588913 409.949743009155
499.99999969906963 408.949743009155
499.999999757959 407.949743009155
499.9999998053427 406.949743009155
499.99999984346454 405.949743009155
499.9999998741316 404.949743009155
499.99999989879916 403.949743009155
499.999999918639 402.949743009155
499.9999999345945 401.949743009155
499.99999994742495 400.949743009155
499.99999995774147 399.949743009155
499.99999996603606 398.949743009155
499.99999997270436 397.949743009155
499.9999999780648 396.949743009155
499.99999998237365 395.949743009155
499.9999999858369 394.949743009155
499.9999999886204 393.949743009155
499.9999999908573 392.949743009155
499.9999999926549 391.949743009155
499.9999999940993 390.949743009155
499.99999999525994 389.949743009155
499.9999999961925 388.949743009155
499.9999999969417 387.949743009155
499.99999999754357 386.949743009155
499.9999999980271 385.949743009155
499.9999999984155 384.949743009155
499.9999999987275 383.949743009155
499.99999999897807 382.949743009155
499.9999999991793 381.949743009155
499.9999999993409 380.949743009155
499.9999999994707 379.949743009155
499.9999999995749 378.949743009155
499.99999999965866 377.949743009155
499.9999999997259 376.949743009155
499.9999999997799 375.949743009155
499.99999999982333 374.949743009155
499.9999999998581 373.949743009155
499.99999999988603 372.949743009155
499.9999999999085 371.949743009155
499.99999999992644 370.949743009155
499.9999999999409 369.949743009155
499.9999999999525 368.949743009155
499.9999999999618 367.949743009155
499.9999999999693 366.949743009155
499.99999999997533 365.949743009155
499.9999999999801 364.949743009155
499.99999999998397 363.949743009155
499.99999999998704 362.949743009155
499.99999999998954 361.949743009155
499.9999999999915 360.949743009155
499.99999999999307 359.949743009155
499.99999999999443 358.949743009155
499.99999999999545 357.949743009155
499.9999999999963 356.949743009155
499.99999999999704 355.949743009155
499.99999999999767 354.949743009155
499.9999999999983 353.949743009155
499.9999999999988 352.949743009155
499.99999999999926 351.949743009155
499.99999999999966 350.949743009155
