9.156454018745704
290832
689
0.0 100.0
0.0 101.0
0.0 102.0
0.0 103.0
0.0 104.0
0.0 105.0
0.0 106.0
0.0 107.0
0.0 108.0
0.0 109.0
0.0 110.0
0.0 111.0
0.0 112.0
0.0 113.0
0.0 114.0
0.0 115.0
0.0 116.0
0.0 117.0
0.0 118.0
0.0 119.0
0.0 120.0
0.0 121.0
0.0 122.0
0.0 123.0
0.0 124.0
0.0 125.0
0.0 126.0
0.0 127.0
0.09621343262916396 127.99536072626044
0.1967952150924121 128.99028952021334
0.2768194803774626 129.98708243600157
0.31814094770888457 130.98622833942989
0.3359131112438517 131.9860704020594
0.3337968303043669 132.98606816273437
0.32098839577946964 133.9859861313723
0.30185111208457616 134.98580299678957
0.2786601577687001 135.98553405044248
0.25279998083266386 136.9851996201451
0.22525522990569918 137.9848201915102
0.19679748471072264 138.98441518786544
0.16805082078175243 139.98400191712557
0.13951585718916487 140.983594712144
0.11158486176646899 141.98320456578426
0.08455920646308095 142.98283930605464
0.05867109720684722 143.98250415279037
0.03417377898977908 144.98220404845915
0.01669443948458376 145.98205127313423
0.008190198383412596 146.98201511142204
0.004037590943317002 147.9820064893106
0.002001028802215418 148.98200441551577
0.003811867679699709 149.98200277594572
0.03889534918142142 150.98138716111777
0.07397883068314313 151.98077154628982
0.1895843423489045 152.97406675199278
0.3645742104017326 153.95863698619593
0.608259571392399 154.92849132826944
0.9267750605064283 155.87640898460592
1.3719478268493195 156.77185368312539
1.8463858517223546 157.65214259056123
2.3886811626999034 158.4923305431598
2.9906662387899563 159.29083788073714
3.636510093010787 160.05430740597387
4.308074841276813 160.79525328043866
4.988508949140092 161.52806254952327
5.6643330871003945 162.26512546037293
6.326203452601593 163.01474377609856
6.968845952461303 163.78090995740263
7.590467857171808 164.56422739470634
8.191856614544777 165.36318394077466
8.775571531480631 166.17514261937018
9.345017702925595 166.997171242854
9.903663839699838 167.82657735198705
10.454561351696835 168.66115025549848
11.000148245632488 169.49920451458058
11.542243010787367 170.33952187462478
12.082132972664077 171.18125747982677
12.620691185661444 172.02384578452433
13.158486580918918 172.8669211742967
13.695873578643038 173.71025694057076
14.233059360159478 174.55372089127437
14.770152237286146 175.3972440037851
15.30719588735922 176.2407984584092
15.844193675239163 177.0843821091588
16.381126106232188 177.9280073604096
16.94986309819294 178.75052680332598
17.485588300279023 179.5949191930654
18.01951080591871 180.44045260930122
18.553333592531423 181.28604898612235
19.08714944586674 182.13164973986366
19.620964062520873 182.97725127430314
20.15477814191767 183.82285314790428
20.688591937111685 184.66845520091772
21.222405579120935 185.51405735063403
21.75621913868828 186.35965955239445
22.29003265403345 187.20526178207152
22.82384614573562 188.050864026674
23.35765962483644 188.8964662792315
23.89147309724052 189.74206853601652
24.42528656609543 190.58767079504204
24.959100033074268 191.4332730552519
25.492913499063814 192.27887531608627
26.02672696453286 193.12447757724922
26.560540429728693 193.97007983858467
27.094353894781392 194.81568210001046
27.628167359759274 195.6612843614835
28.161980824698112 196.50688662298117
28.695794289616586 197.35248888449172
29.229607754524498 198.19809114600892
29.763421219426903 199.0436934075296
30.297234684326455 199.88929566905207
30.83104814922453 200.73489793057547
31.36486161412185 201.58050019209935
31.898675079018776 202.42610245362349
32.4324885439155 203.27170471514776
32.96630200881212 204.1173069766721
33.500115473708696 204.96290923819646
34.03392893860524 205.80851149972085
34.56774240350178 206.65411376124524
35.10155586839831 207.49971602276963
35.63536933329482 208.34531828429402
36.16918279819133 209.19092054581844
36.702996263087854 210.03652280734283
37.236809727984365 210.88212506886723
37.77062319288088 211.72772733039164
38.304436657777394 212.57332959191606
38.83825012267392 213.41893185344045
39.37206358757043 214.26453411496485
39.90587705246695 215.11013637648927
40.439690517363466 215.95573863801366
40.97350398225998 216.80134089953805
41.507317447156495 217.64694316106244
42.041130912053 218.49254542258683
42.57494437694949 219.33814768411122
43.108757841845986 220.1837499456356
43.6425713067425 221.02935220716003
44.176384771639015 221.87495446868442
44.710198236535525 222.7205567302088
45.24401170143204 223.5661589917332
45.77782516632855 224.4117612532576
46.31741490790123 225.25368934448008
46.85156771557753 226.09907728977592
47.385699154075176 226.94447873666874
47.91985573372691 227.78986429865498
48.454040639031945 228.63523196242278
48.98825715802332 229.48057964878427
49.52250908248426 230.32590495966156
50.056800809002986 231.171205114029
50.59113746158416 232.01647687015736
51.125525044586716 232.86171642858602
51.66000382003455 233.70689832533714
52.19453737884433 234.55204557552855
52.72914254652581 235.39714753073176
53.2638350240895 236.24219424804198
53.79863154898007 237.08717512176932
54.33355141209606 237.93207792093853
54.868617785994886 238.77688794427087
55.40385913169963 239.62158712258713
55.93931086026012 240.4661529556526
56.47501736655555 241.31055720665609
57.01103446473938 242.1547643319841
57.54743203103527 242.99872976425715
58.08429606515341 243.84239854338222
58.6221287010412 244.68545017630512
59.16160950550385 245.52744807512454
59.70326027667514 246.36805169282408
60.244911047846436 247.20865531052362
60.791178272379234 248.0462662699799
61.33908721611073 248.8828042484238
61.887145759924195 249.71924422388713
62.433555859161324 250.5567619869535
62.97716372396339 251.39610130411035
63.51819003441179 252.2371069707991
64.05777632243613 253.07903727538263
64.5970458421801 253.92117051013537
65.1366679771015 254.76307783965737
65.67690785779433 255.60458890393937
66.21780208276813 256.4456795277071
66.75929002895073 257.2863880408905
67.30128288029027 258.1267711375177
67.8436931953856 258.9668848501056
68.38644503139578 259.8067779650361
68.92947579930963 260.6464907642114
69.47273508952621 261.4860557370357
70.0161826776486 262.3254988375279
70.55978654987086 263.16484074051203
71.10352121229558 264.00409792211843
71.64736632480441 264.8432835354366
72.19130562347466 265.6824081026864
72.7353260771933 266.52148005784625
73.2794172269135 267.3605061723362
73.82357066496944 268.1994918908391
74.36777962137265 269.03844159837263
74.91203863219908 269.87735883453735
75.45634327164885 270.7162464667465
76.00275361964331 271.5537640675195
76.55345007187519 272.38846965483714
77.10952382101645 273.2196026078092
77.67093497737265 274.0471396242132
78.23695004121942 274.87153452200096
78.8065814024756 275.6934348275572
79.37887002833317 276.5134870994973
79.95301667526668 277.33223958212864
80.52310296308677 278.1538244069882
81.09938943828467 278.9710721653234
81.68142038281441 279.7842388023725
82.27360585236632 280.59004049612327
82.87797580738311 281.3867443039923
83.49408564235988 282.17440455514435
84.12865316246346 282.9472719838988
84.78747997520428 283.6995666275151
85.4805664535446 284.42042107436396
86.21679842775853 285.0971503260925
86.99906818652566 285.72009015024764
87.82373710558409 286.2857058978529
88.68318333296946 286.796932053515
89.56882196710961 287.26130712790894
90.4730469558653 287.68836352899643
91.38994260388932 288.0874905396517
92.31524576826207 288.4667187743624
93.2460227097915 288.83230636320684
94.18031374583585 289.1888175972054
95.1168385927709 289.5394188109416
96.05477773420166 289.88621870565345
96.9936182036956 290.23057110195754
97.93304730201673 290.5733144012758
98.8728802157582 290.91494884662376
99.81301126114315 291.25576201758906
100.75338160120984 291.595914370988
101.69395930534972 291.93549290752253
102.63472836890635 292.2745409410735
103.57568308777212 292.61307338714664
104.51682471782655 292.95108586055335
105.45815865826337 293.2885623968958
106.39969167094011 293.62548313837647
107.34143029103338 293.9618287514367
108.28338098089388 294.2975799954722
109.22555110405573 294.63271498174066
110.16794938530504 294.9672078508699
111.11058521160383 295.30103070655537
112.05346700658596 295.63415819069814
112.9966015320837 295.96656948234477
113.93999497996252 296.2982452313818
114.88365477237562 296.6291624358044
115.82759045478211 296.95929184600567
116.77181293726234 297.2886000657313
117.71633371952164 297.6170517240926
118.66116524977632 297.94460840535044
119.60632170696836 298.27122633417275
120.55181887553896 298.596856652517
121.49767382747791 298.9214462547728
122.4439051064419 299.24493716146134
123.39053279480177 299.5672662163579
124.33757873100423 299.88836432398614
125.28506688140388 300.2081552007357
126.23302299039172 300.52655622999384
127.18147273533285 300.8434837947797
128.1304403779 301.158857245407
129.07994917113157 301.4725976660988
130.03002234167974 301.78462486139523
130.98068452146563 302.09485287419335
131.93196323599483 302.40318517429125
132.88389039882176 302.7095096373566
133.83650295211342 303.0136959672781
134.78984271696538 303.3155954418587
135.74395521895883 303.6150438239546
136.6988883434457 303.9118648605368
137.6546908756567 304.2058742471541
138.6114116185235 304.49688184184606
139.56909869448194 304.78469335054956
140.527799387969 305.06911026338594
141.48755992232773 305.3499299861396
142.44842579244272 305.6269440284699
143.41044360719502 305.8999307023191
144.37366265561948 306.16864814639797
145.33813537804969 306.43283059791224
146.30588309683242 306.6847519205327
147.27528013134219 306.9302501679474
148.2454599270217 307.172636562069
149.2160119305258 307.4135282566002
150.1867416366273 307.6537028549493
151.15755637698854 307.8935335033188
152.12841185422695 308.133199191969
153.099286857793 308.3727857680758
154.0701712233536 308.6123344034507
155.04106007813937 308.8518648433802
156.01195108571113 309.0913865572524
156.98284312567114 309.3309040863444
157.9537356607293 309.5704196085311
158.92462843322124 309.8099341682616
159.89552131957947 310.0494482664249
160.8664142605447 310.28896214323356
161.8373072266408 310.52847591817164
162.82738833666738 310.66897287745735
163.82336804557363 310.7585520014041
164.82117415013954 310.82475606239024
165.81962536393758 310.88039034737017
166.81833082506714 310.9312568580627
167.81714344844096 310.97997383035215
168.81600286245524 311.02772182544186
169.81488305982967 311.0750330428565
170.81377256277028 311.1221473815978
171.81266624746755 311.1691729775208
172.81156181449586 311.21615857287867
173.81045822945313 311.2631261381291
174.80935502650428 311.3100855763813
175.80825199576097 311.357041351423
176.80714904263422 311.403995475288
177.80604612449187 311.4509488548924
178.8049432221184 311.4979018990242
179.80384032685265 311.5448547919435
180.80273743479069 311.5918076167044
181.80163454417283 311.638760410743
182.80053165420588 311.6857131909337
183.79942876453234 311.73266596488253
184.79832587499104 311.779618736018
185.7972229855093 311.82657150588517
186.79612009605447 311.8735242751807
187.79501720661176 311.9204770442187
188.79391431717448 311.9674298131405
189.79281142773968 312.01438258200994
190.79170853830598 312.06133535085576
191.7906056488728 312.10828811969094
192.78950275943984 312.15524088852146
193.78839987000697 312.2021936573497
194.78729698057415 312.24914642617694
195.78619409114134 312.2960991950038
196.78509120170855 312.3430519638304
197.78398831227577 312.39000473265696
198.78288542284298 312.4369575014835
199.7817825334102 312.48391027031
200.7806796439774 312.5308630391365
201.77957675454465 312.57781580796296
202.77847386511186 312.62476857678945
203.77737097567908 312.67172134561594
204.7762680862463 312.7186741144424
205.77516519681348 312.7656268832689
206.7740623073807 312.8125796520954
207.7729594179479 312.8595324209219
208.77185652851512 312.90648518974837
209.77075363908233 312.9534379585748
210.76965074964954 313.0003907274012
211.76854786021676 313.0473434962277
212.767444970784 313.0942962650542
213.7663420813512 313.1412490338807
214.7652391919184 313.18820180270717
215.7641363024856 313.23515457153366
216.76303341305285 313.28210734036014
217.76193052362007 313.3290601091866
218.76082763418728 313.3760128780131
219.7597247447545 313.4229656468396
220.7586218553217 313.4699184156661
221.7575189658889 313.5168711844926
222.7564160764561 313.5638239533191
223.75531318702335 313.61077672214554
224.75421029759056 313.65772949097203
225.75310740815777 313.7046822597985
226.752004518725 313.751635028625
227.7509016292922 313.7985877974515
228.74979873985941 313.845540566278
229.74869585042663 313.89249333510446
230.7475929609938 313.93944610393095
231.74649007156103 313.9863988727575
232.74538718212824 314.0333516415839
233.74428429269545 314.0803044104104
234.7431814032627 314.1272571792369
235.7420785138299 314.1742099480634
236.74097562439712 314.22116271688986
237.73987273496434 314.26811548571635
238.73876984553155 314.31506825454284
239.7376669560988 314.36202102336927
240.736564066666 314.40897379219575
241.73546117723322 314.45592656102224
242.73435828780043 314.5028793298487
243.73325539836765 314.54983209867515
244.73215250893486 314.59678486750164
245.73104961950207 314.6437376363281
246.7299467300693 314.6906904051546
247.7288438406365 314.7376431739811
248.7277409512037 314.78459594280764
248.82277037049687 314.7890627635728
249.55159975187252 315.4737581212227
250.2804291332686 316.15845347889194
251.0092585146648 316.84314883656106
251.73808789606082 317.5278441942304
252.46691727745704 318.21253955189945
253.19574665885312 318.8972349095687
253.92457604024924 319.5819302672379
254.65340542164537 320.2666256249071
255.38223480304154 320.95132098257625
256.1110641844377 321.6360163402455
256.8398935658338 322.32071169791465
257.5687229472299 323.0054070555838
258.29755232862607 323.690102413253
259.0263817100222 324.3747977709222
259.75521109141835 325.0594931285913
260.48404047281446 325.7441884862606
261.21286985421057 326.42888384392984
261.94169923560673 327.113579201599
262.67052861700284 327.79827455926824
263.399357998399 328.48296991693735
264.1281873797951 329.1676652746065
264.85701676119123 329.8523606322758
265.5858461425874 330.537055989945
266.31467552398345 331.2217513476142
267.0435049053797 331.9064467052833
267.7723342867758 332.59114206295254
268.5011636681719 333.2758374206217
269.22999304956807 333.9605327782909
269.9588224309642 334.6452281359601
270.6876518123603 335.3299234936293
271.41648119375645 336.0146188512984
272.14531057515245 336.6993142089677
272.8741399565487 337.3840095666368
273.6029693379447 338.068704924306
274.5664602856491 338.33644583207257
275.5369865825528 338.57744107480244
276.50786045650955 338.81703222837075
277.4787524483605 339.0565499524742
278.44964538738884 339.2960638371342
279.4205383759418 339.5355775210413
280.39143136708424 339.7750911944516
281.36232435836206 340.01460486731304
282.33321734964693 340.25411854014584
283.30411034093225 340.4936322129771
284.2750033322175 340.73314588580826
285.24589632350285 340.97265955863935
286.2167893147882 341.2121732314705
287.18768230607344 341.45168690430177
288.15857529735877 341.6912005771329
289.1294682886441 341.930714249964
290.10036127992936 342.1702279227952
291.0712542712147 342.4097415956263
292.04214726249995 342.6492552684575
293.0130402537853 342.8887689412888
293.9839332450706 343.12828261411994
294.9548262363559 343.36779628695103
295.92571922764125 343.60730995978224
296.8966122189265 343.84682363261345
297.86750521021185 344.08633730544466
298.83839820149717 344.32585097827575
299.8092911927825 344.56536465110696
300.7801841840678 344.8048783239381
301.7510771753531 345.0443919967693
302.7219701666384 345.2839056696004
303.69286315792374 345.5234193424315
304.66375614920906 345.7629330152628
305.6346491404944 346.0024466880939
306.60554213177966 346.2419603609251
307.576435123065 346.48147403375623
308.54732811435025 346.72098770658744
309.5182211056356 346.96050137941864
310.4891140969209 347.2000150522498
311.4600070882062 347.4395287250809
312.4309000794915 347.6790423979121
313.4017930707768 347.9185560707432
314.3662848987105 348.1826687623147
315.3304248799154 348.4480629910427
316.294546423228 348.71352419295476
317.258667002663 348.9789888955234
318.22278753171577 349.24445378107134
319.18690805813503 349.50991867618376
320.1510285844167 349.77538357179606
321.1151491106911 350.04084846743444
322.07926963696514 350.30631336307425
323.04339016323917 350.5717782587141
324.0075106895132 350.837243154354
324.9716312157873 351.1027080499938
325.9357517420613 351.3681729456337
326.89987226833534 351.6336378412736
327.8639927946094 351.8991027369134
328.80822827101025 352.2283736969235
329.75130823057395 352.5609397653509
330.69432761060034 352.8936775733838
331.6373438303647 353.22642433784785
332.5803598853097 353.55917156941575
333.39076265602245 354.1450447205509
333.2442417307326 355.13425229151477
333.1116954390765 356.12542910751085
333.4197696987465 357.07679142047516
334.1632808329956 357.7455149756515
335.0766454809675 358.1526574812132
336.0426749423281 358.41108944476133
337.0296097069493 358.57220980468543
338.0256640702048 358.66095497604516
339.02514209146534 358.6932610902824
340.02505303716174 358.67991565373757
341.02362939968526 358.6265747856407
342.0197583871838 358.53867120058794
343.01188283600715 358.41341515064624
344.0004173364482 358.26241998039984
344.98538673537234 358.0896910506196
345.9612729320649 357.8714111131427
346.93536705168344 357.64526813596984
347.9062630826547 357.4057667851504
348.8731698823917 357.15063693463827
349.8356257321441 356.8791986593757
350.79335981349857 356.59154360655714
351.74621750142853 356.28812602869993
352.69411799004354 355.9695594521677
353.6370296166531 355.6365164153023
354.57495512868644 355.289679661372
355.50792255182216 354.9297188477167
356.435979203549 354.557279790708
357.3591874773715 354.172979799626
358.27762164335843 353.7774059345288
359.1913652619636 353.371114660369
360.1005090026699 352.9546321772625
361.0051487639274 352.5284550986297
361.90538404536187 352.0930513342216
362.80131654993806 351.64886111906173
363.69304900532825 351.19629816432086
364.58068419704034 350.7357509176303
365.4816225314107 350.30180378068627
366.37012419312094 349.8429303807836
367.2505298620634 349.36870906315437
368.12509831333466 348.8838069863997
368.9949994093728 348.39058078767175
369.86085536470637 347.8902874091294
370.72301673595257 347.3836536460117
371.58169949879766 346.87114617017085
372.4370523989194 346.35310040360827
373.2891899091022 345.82978246607956
374.13820836100194 345.3014192687108
374.99539246352685 344.78640915776293
375.8436212867175 344.25677922704847
376.6859866336692 343.71787234988415
377.52407223318664 343.17233359976507
378.35869875113 342.6215173186461
379.1903069887035 342.066154609059
380.01914975447005 341.50667300110706
380.8453869228297 340.9433505875453
381.66913237325576 340.3763907715951
382.4904771749432 339.80595872766605
383.3095010571868 339.2321993004542
384.1262780842741 338.65524584650626
384.9408794391538 338.0752246118707
385.75337474222283 337.49225687477815
386.56383260983944 336.9064599433946
387.37429047745604 336.3206630120111
388.18080803055057 335.72945286616573
388.9854872308545 335.13574301733536
389.7883950179869 334.53963976674686
390.58959444524874 333.9412423421574
391.38914672106176 333.34064584013447
392.18711100774595 332.7379411054785
392.9835442721331 332.13321467528243
393.77850120143853 331.5265488030354
394.57203418253533 330.9180215580318
395.36419333790013 330.30770698949226
396.15502660829094 329.6956753412559
396.9445798705802 329.08199330142713
397.7328970789044 328.46672427160365
398.52002041806657 327.84992864179895
399.30599045960275 327.2316640594334
400.09084631277466 326.61198568338517
400.8746257647209 325.99094641674674
401.6573654058912 325.3685971143927
402.4391007385791 324.7449867635907
403.21986626778414 324.1201626376119
403.9893866556313 323.4815403919239
404.763556236484 322.8485621457872
405.53958984190695 322.21787058626353
406.31612883271123 321.58780138707937
406.89388401058113 320.77159127047673
407.35084505996997 319.88210456493164
407.74597100552205 318.963477607374
408.11103402005153 318.0324947958126
408.4617235188033 317.0960030043562
408.80558288671716 316.15698184639547
409.1462047698774 315.21678147800986
409.4852937629825 314.27602717706037
409.82365732178437 313.33501171381073
410.1616776508954 312.3938729051817
410.4995356029775 311.4526757928748
410.8373167407401 310.51145111036175
411.1750615414809 309.5702133882253
411.51278915318505 308.6289694983155
411.8505086337499 307.6877226909121
412.20648109730894 306.75322624619565
412.5710427628457 305.8220469981338
412.9396561171854 304.8924641911702
413.3101832228315 303.9636425376858
413.6816148454826 303.0351822263667
414.05347411411805 302.10689310958793
414.42553559957696 301.178685023522
414.86538746208964 300.2806146815976
415.3365499031845 299.3985682235799
415.80875850199993 298.5170813891889
416.3980895044392 297.7091897073627
417.038017259776 296.94075463011177
417.8420889392935 296.3462222641317
418.7851462372944 296.0135919397665
419.78338827600464 295.95432278968343
420.7720785043973 296.1042948946928
421.7319284497425 296.3848088558799
422.6671514703678 296.7388680341149
423.5863034772698 297.13277105290007
424.49593431020133 297.54818861124375
425.4000276119108 297.97552372775544
426.30078453654073 298.4098472969191
427.1993691178804 298.8486476503585
428.0963877847955 299.2906403100326
428.99215362467635 299.7351665298471
429.8864538576091 300.1826339514281
430.7775678709049 300.63641343014865
431.6632454460195 301.1007142302116
432.54242373038574 301.57720719374714
433.4160157216808 302.0638662455947
434.2863740153781 302.5562852141493
435.1560590370746 303.04989230793626
436.0267792702124 303.5416709935302
436.8989587997111 304.0308569176157
437.7718770989415 304.5187233366987
438.6440944161377 305.00784188223054
439.5139096549301 305.5012194763352
440.3797214097658 306.0015893447209
441.2402584413296 306.5109772296448
442.09469049849173 307.0305403727696
442.94264454240056 307.56061012234863
443.7841546487231 308.10085149521535
444.63432676479124 308.6273563603973
445.4704741381569 309.1758612099781
446.2981796548835 309.73702391150084
447.1202589764287 310.3063968903888
447.93829336062856 310.8815662100388
448.7532923464363 311.46102859288374
449.5659713150016 312.0437402660565
450.37686961043687 312.62892737669733
451.18640492672887 313.21599855779544
451.9949026295061 313.80449789050874
452.8026149783027 314.3940746553167
453.62488863242197 314.96316694813163
454.4370746666963 315.5465654789232
455.24502300628035 316.1358188035327
456.05115710723226 316.7275516919903
456.8564801659104 317.320387901378
457.6614148977677 317.913751261765
458.4661458843135 318.50739091617925
459.2707584064796 319.1011911259919
460.0752950647384 319.69509411934837
460.8797792212341 320.28906822816737
461.6690196228701 320.9031525777689
462.46764406318255 321.5049822906742
463.26995030327237 322.1018949284303
464.07371173053707 322.6968466643227
464.8780492873409 323.2910192778912
465.68261456427825 323.8848835007122
466.4872694132963 324.478626352418
467.29195916114617 325.0723219054629
468.09666226632623 325.6659993536732
468.90137031239396 326.259670104674
469.7060800616285 326.8533385470615
470.5107903046098 327.44700632018134
471.31550061563473 328.0406740010687
472.12021086422465 328.63434176658603
472.9249210256485 329.2280096502561
473.72963110902646 329.8216776397164
474.5343411311959 330.41534571214413
475.3390511080497 331.0090138459966
476.14376105230684 331.6026820240335
476.9484709734745 332.19635023336787
477.7531808784263 332.79001846468265
478.55789077204486 333.3836867113596
479.3626006577647 333.97735496874304
480.16731053798867 334.57102323357606
480.97202041439255 335.1646915035873
481.77673028814263 335.7583597771956
482.5814401600499 336.35202805330186
483.38615003067787 336.94569633114224
484.1908599004179 337.5393646101863
485.01151824144097 338.11078379721914
485.8227811222597 338.69546536714046
486.6303106836235 339.2852924668261
487.436359475637 339.87714155645426
488.2418113745608 340.46980270628615
489.0470111937158 341.06280629078867
489.85202490777493 341.6560624919166
490.656672025207 342.2498158215143
491.46053833329347 342.84462584053165
492.26273294028715 343.44168849428775
493.06188634558765 344.04281563125335
493.8559514378088 344.65064836261604
494.6430834737077 345.2674328939247
495.4223991505344 345.89406442509136
496.19175980574363 346.5328790947852
496.9524668070807 347.18197451004914
497.70261733004645 347.84324162165706
498.4485103640633 348.5093073705175
499.16609987107057 349.20577366505944
