11.91469860121249
316033
925
0.0 100.0
0.4999916371462945 100.86603023202643
0.917643376078489 101.77463742161218
1.264414764248326 102.71258710275012
1.551598923554111 103.67046249059754
1.7895668454671916 104.64173550481155
1.9874426308391773 105.62196260786646
2.1530309524859934 106.60815757222909
2.2928747393243665 107.59833115058932
2.412369838809082 108.59116594107519
2.515896808956162 109.58579258783877
2.6069496442544366 110.58163865083452
2.6882512585390135 111.57832819503308
2.761852027331577 112.57561598039554
2.829213791210071 113.5733445971883
2.8912862640133126 114.57141624197143
2.9485837655357696 115.56977339065084
3.0012677274786013 116.56838462639476
3.0492366262816293 117.56723345617215
3.092222212890217 118.56630914867193
3.1298902762447627 119.56559945534119
3.162033800916279 120.56508271874367
3.1887553031775298 121.56472563564795
3.210586672029047 122.56448730291373
3.2285642257636638 123.56432569363582
3.2442938252044087 124.5642019758335
3.2600234246451536 125.56407825803116
3.254682865896475 126.56406399714558
3.2050753597350132 127.56283278687243
3.1167326377177735 128.55892292509617
3.0003675494022977 129.55212943243558
2.8618748516453256 130.5424928872682
2.7062260668028797 131.53030534708893
2.538570662910798 132.51615100719286
2.3641911169081378 133.50082952017866
2.188175107898874 134.48521682432903
2.0150675667364397 135.47011975314624
1.8486008556231868 136.45616682813358
1.6915470317563766 137.44375687284284
1.5457002704169607 138.43306406588593
1.4119682693078488 139.4240815994742
1.2905336387657813 140.4166810305163
1.1810427767569713 141.41066883282403
1.0827876983111415 142.4058300959164
0.9948595688318181 143.4019569171828
0.9162655278910313 144.39886362130738
0.8460095925967853 145.39639262016203
0.7831433897534678 146.39441458411878
0.7267940862023646 147.3928256998368
0.6761764901157791 148.39154380769628
0.6305949972060776 149.39050443129668
0.5894395675879291 150.38965718769228
0.5521785993184749 151.38896275669688
0.5183505374319175 152.38839042402904
0.487555322395349 153.38791613892127
0.45944628828410655 154.38752100195532
0.43372280672690905 155.38719009845505
0.4101237828908945 156.38691160271213
0.38842200198391635 157.38667609133205
0.3620877120334454 158.38632928378073
0.3252151766839426 159.38564926063344
0.28162693034998665 160.38469884137584
0.10476155297593318 161.36893389373188
0.043000685283487015 162.36702486915541
0.021430863268921584 163.3667922134802
0.01176437203775931 164.3667454918624
0.0065843671064324 165.36673207554685
0.003665328688136098 166.36672781514514
0.0020207901078887524 167.36672646289065
0.0011041066623349446 168.3667260427363
5.986165282553678E-4 169.36672591497617
3.2243314633176654E-4 170.36672587683753
1.727000874313089E-4 171.36672586562753
9.20524624164833E-5 172.36672586237552
4.885786707726293E-5 173.36672586144263
2.5835014960626907E-5 174.3667258611776
1.3615705119097035E-5 175.3667258611029
7.154542388637643E-6 176.36672586108205
3.7494178580359585E-6 177.36672586107625
1.960186243049156E-6 178.36672586107466
1.022535316145911E-6 179.3667258610742
5.323412938252551E-7 180.3667258610741
2.7663411702660304E-7 181.36672586107406
1.4351231030057566E-7 182.36672586107406
7.433563426819858E-8 183.36672586107406
3.8448530512481924E-8 184.36672586107406
1.986013234814446E-8 185.36672586107406
1.0245766612804512E-8 186.36672586107403
5.27962279045759E-9 187.36672586107403
2.7176286651033355E-9 188.36672586107403
1.3974481723714626E-9 189.36672586107406
7.179043256353165E-10 190.36672586107406
3.684742991785103E-10 191.36672586107406
1.8896440368305409E-10 192.36672586107403
9.682901022580741E-11 193.36672586107403
4.957954395651554E-11 194.36672586107403
2.5368130613868163E-11 195.36672586107403
1.2971175124249358E-11 196.36672586107403
6.628113141240504E-12 197.36672586107403
3.3848073930173126E-12 198.36672586107403
1.727524466588887E-12 199.36672586107403
8.81195965849163E-13 200.36672586107403
4.4925185542472375E-13 201.36672586107403
2.2892153252427363E-13 202.36672586107403
1.1659298528486906E-13 203.36672586107403
5.935485143630569E-14 204.36672586107403
3.020275014692144E-14 205.366725861074
1.5362119951033378E-14 206.36672586107403
7.810478795629017E-15 207.36672586107403
3.969474511501144E-15 208.36672586107403
2.016618914971139E-15 209.36672586107406
1.0241329606172722E-15 210.36672586107406
5.199198783343454E-16 211.36672586107406
2.63857615529075E-16 212.36672586107403
1.3386321131601697E-16 213.366725861074
6.789162828606044E-17 214.366725861074
3.4422254876649815E-17 215.36672586107403
1.744757196681707E-17 216.36672586107403
8.841125032118179E-18 217.366725861074
4.478792773349415E-18 218.36672586107403
2.2682930466092577E-18 219.36672586107403
1.1484861985751137E-18 220.36672586107403
5.813588980336405E-19 221.366725861074
2.942104724929621E-19 222.36672586107403
1.4885738147047427E-19 223.36672586107403
7.529811563844078E-20 224.36672586107403
3.8080464106436476E-20 225.36672586107403
1.9254290917782448E-20 226.36672586107403
9.733357132385199E-21 227.36672586107403
4.919377703542562E-21 228.36672586107403
2.4858361555834827E-21 229.36672586107403
1.2558911371142707E-21 230.36672586107403
6.34382070571595E-22 231.36672586107403
3.2038440615541364E-22 232.36672586107403
1.6177651496970356E-22 233.36672586107403
8.167425976468533E-23 234.36672586107406
4.122707066329063E-23 235.36672586107406
2.080698374060618E-23 236.3667258610741
1.0499459163559878E-23 237.36672586107406
0.005748936968140201 236.36674238634873
0.01118659074589776 235.36675717049732
0.016314780101301704 234.36677031974682
0.021145682181760203 233.36678198862234
0.02570032848049227 232.3667923610776
0.03000609221227682 231.3668016309212
0.034093914339024596 230.36680998610098
0.037995762880750725 229.36681759834096
0.04174258012752914 228.36682461768532
0.045362789215418906 227.36683117066372
0.048881324668308405 226.36683736072874
0.05231911185669781 225.36684326993657
0.055692920084152595 224.36684896124376
0.05901552406693304 223.36685448110762
0.0622961116376876 222.3668598622495
0.06554086901374699 221.36686512648856
0.0687536657996369 220.3668702875335
0.07193675867080818 219.36687535358644
0.0750914403399846 218.36688032960703
0.07821857855106706 217.36688521911566
0.08131901414396808 216.36689002547763
0.08439381197528432 215.36689475267966
0.08744437883330639 214.36689940566959
0.09047247571733094 213.36690399036547
0.09348015747174221 212.36690851345048
0.09646967197579025 211.36691298205895
0.09944334596429046 210.36691740343724
0.10240347729704494 209.3669217846356
0.10535224016253686 208.36692613224628
0.10829159227894657 207.36693045215105
0.11122316415714786 206.36693474921714
0.1141481202709565 205.36693902691042
0.11706700684603351 204.36694328686892
0.11997962543141809 203.3669475285514
0.12288498001052758 202.36695174910295
0.12578133265534205 201.3669559435411
0.1286663746964693 200.36696010528354
0.13153748941598867 199.3669642269419
0.1343920599319139 198.3669683012366
0.13722776835110864 197.3669723218658
0.1400428391688638 196.3669762841855
0.14283619653518279 195.3669801856158
0.14560752502632435 194.366984025754
0.1483572414251574 193.3669878062313
0.1510863887890156 192.3669915303609
0.1537964538316486 191.3669952025939
0.1564891027187129 190.36699882777947
0.15916584564136813 189.36700241026222
0.16182767377428403 188.367005952933
0.1644747427121182 187.3670094564261
0.16710618309139638 186.36701291867132
0.16972009484878342 185.36701633494448
0.1723137359778563 184.3670196984373
0.1748838681142541 183.36702300123238
0.17742718676480732 182.3670262354725
0.17994074094898527 181.36702939445482
0.18242223621018092 180.3670324733689
0.18487013234046298 179.36703546947112
0.18728350311389014 178.3670383816546
0.1896617046237326 177.36704120957978
0.1920041728116631 176.36704395316215
0.19431129769091154 175.36704661457833
0.19658806688848146 174.3670492064207
0.19885243213612258 173.36705177009895
0.2011496559149452 172.36705440872097
0.20357231625054342 171.36705734336684
0.20628378201508613 170.36706101939689
0.20954157000787027 169.36706632600226
0.21371657339014757 168.36707504136683
0.21930476958090878 167.36709065545705
0.22692938768651105 166.36711972328015
0.2373332159626293 165.3671738445661
0.2513623417860396 164.36727225759438
0.26994376968082845 163.36744490722964
0.29405986856514854 162.36773574263498
0.3247225195363287 161.3682059522658
0.3509069233511164 160.36854882254738
0.37365482288789953 159.36880758949422
0.39385040315336883 158.36901154102347
0.41223629507810955 157.3691805758208
0.24042537184317503 158.3543105198673
0.21015820499764465 159.3538523642196
0.19402254566148042 160.353722175994
0.060849145199711394 161.34481492917578
0.020787968709316835 162.34401215802413
0.010322735449378048 163.3439573959711
0.006578544402731103 164.34395038646323
0.004463676949304019 165.34394815012857
0.003024439289908028 166.3439471144255
0.0020213189188728552 167.34394661130014
0.0013313078569971188 168.3439463732425
8.649870577708002E-4 169.34394626451493
5.550500521928954E-4 170.34394621648445
3.52134339020693E-4 171.34394619589708
2.2108001292067133E-4 172.34394618730948
1.374739515765197E-4 173.3439461838145
8.473169261620142E-5 174.34394618242362
5.17983166085838E-5 175.34394618188134
3.142600088561411E-5 176.3439461816738
1.8932120476334927E-5 177.34394618159575
1.1330678396780588E-5 178.34394618156688
6.739825606620582E-6 179.34394618155636
3.9861098278732E-6 180.34394618155255
2.3448429574236675E-6 181.34394618155122
1.3724113548995563E-6 182.34394618155073
7.99448850847881E-7 183.34394618155056
4.636088509208812E-7 184.3439461815505
2.677172933866083E-7 185.3439461815505
1.539802590729838E-7 186.3439461815505
8.822871424004974E-8 187.3439461815505
5.037283891572716E-8 188.3439461815505
2.8661794671460728E-8 189.3439461815505
1.6255634983369196E-8 190.3439461815505
9.19106847314541E-9 191.3439461815505
5.181466791321387E-9 192.34394618155054
2.9128821864849642E-9 193.34394618155054
1.6331703688909508E-9 194.34394618155054
9.133342087730422E-10 195.34394618155054
5.095251339512869E-10 196.34394618155056
2.8358556959527E-10 197.34394618155056
1.574807487988419E-10 198.3439461815506
8.72640345117575E-11 199.3439461815506
4.825528354992457E-11 200.3439461815506
2.6631237321235316E-11 201.34394618155062
1.4669247005713464E-11 202.34394618155062
8.065393453720546E-12 203.34394618155062
4.426638833899283E-12 204.34394618155062
2.4253887013179678E-12 205.34394618155062
1.3267031551710966E-12 206.34394618155062
7.245632383716984E-13 207.34394618155062
3.9510500141343595E-13 208.34394618155062
2.1513184552292742E-13 209.34394618155062
1.1696981819463367E-13 210.34394618155062
6.350964444696201E-14 211.34394618155062
3.443666047056452E-14 212.34394618155065
1.864814220757621E-14 213.34394618155065
1.0085561806272838E-14 214.34394618155068
5.447917472982973E-15 215.34394618155068
2.93928689774315E-15 216.34394618155068
1.5839770093764304E-15 217.3439461815507
8.526384947416524E-16 218.3439461815507
4.584619291846701E-16 219.3439461815507
2.462501120421515E-16 220.3439461815507
1.3212847505955643E-16 221.3439461815507
7.082307064318263E-17 222.34394618155073
3.792472894362323E-17 223.34394618155073
2.0288514770168773E-17 224.34394618155073
1.0843470375966676E-17 225.34394618155073
5.790105443868012E-18 226.34394618155073
3.08897428530348E-18 227.34394618155073
1.646496982422648E-18 228.34394618155073
8.768701392458834E-19 229.34394618155073
4.666012454961307E-19 230.34394618155073
2.480853240021215E-19 231.34394618155073
1.3179800942366235E-19 232.34394618155076
6.996438245683845E-20 233.34394618155076
3.711189014276456E-20 234.34394618155076
1.9670906127165522E-20 235.34394618155076
1.0418806443080761E-20 236.34394618155076
5.51443173540379E-21 237.34394618155076
1.323478265876758E-21 238.3439461815508
2.255063589227696E-23 239.34394618155076
4.0388053528693287E-25 240.34394618155073
7.619271643886057E-27 241.3439461815507
1.5167529545992648E-28 242.3439461815507
3.1907105737297646E-30 243.34394618155073
7.100930554016983E-32 244.34394618155073
1.673155759773188E-33 245.34394618155073
4.1758453938123623E-35 246.34394618155073
1.1040589807815477E-36 247.34394618155073
0.2034644925099645 248.32302850714328
0.5461883742013474 249.26246468960508
0.9503183758831668 250.17716624844306
1.4045914209053343 251.06802875218105
1.896926350108858 251.93843458711447
2.4668135033950405 252.76015755291218
3.049885474170874 253.57257805788208
3.721878443237131 254.31313558402405
4.643364543372032 254.70154692172952
5.56418920288828 255.09152377543597
6.481788169634771 255.4890311794246
7.397233426438681 255.89147369928952
8.302358895510789 256.31661824557585
9.256036534748945 256.61744869685555
10.223994597691853 256.8685606009617
11.214834752163783 257.00360055166533
11.291440039406913 257.01404095839115
11.291803561722304 256.9950935996503
11.793448837626421 257.0824588995277
11.291492329574057 257.0113155120746
11.291803561722304 256.9950935996503
11.793448837628516 257.08245889952786
12.783553666596907 257.2227886100437
13.77079408775871 257.382025386023
14.756704781285613 257.5492979312577
15.741985464459002 257.72024229462005
16.726868573854958 257.89346256140936
17.7114327067223 258.0684867547975
18.69575083516486 258.2448891981461
19.679922269496778 258.4221082373181
20.664054639600003 258.5995440795682
21.648239044488683 258.77669107269514
22.63253624718228 258.95321024097314
23.616975489913973 259.12893553047314
24.6015609892905 259.3038394881684
25.586280841302795 259.4779854414745
26.571115034951916 259.6514836000223
27.556041259221843 259.82445854833963
28.541038436101232 259.9970290021828
29.526088461182454 260.16929753699833
30.511176747288204 260.3413471478007
31.496292079172836 260.5132418332504
32.48142614158611 260.6850291409105
33.46657294715109 260.8567433554797
34.451728287942345 261.0284085951483
35.436889266741545 261.20004147618044
36.422053923755904 261.37165324317147
37.407220953643076 261.5432513877514
38.392389498769276 261.71484083292194
39.3775590024908 261.88642477429494
40.362729107472006 262.0580052634285
41.34789958660123 262.2295836042886
42.333070296844106 262.4011606181324
43.31824114887035 262.57273681787433
44.30341208732056 262.744312521379
45.288583078133655 262.9158879242209
46.273754100492916 263.08746314592736
47.258925141755654 263.25903825909154
48.24409619428865 263.4306133075427
49.22926725350874 263.60218831759715
50.214438316678454 263.77376330497304
51.19960938217085 263.94533827901233
52.18478044902349 264.11691324524116
53.16995151666961 264.28848820691394
54.15512258477685 264.46006316593906
55.14029365315108 264.631638123431
56.125464721679364 264.8032130800384
57.11063579029627 264.974788036137
58.095806858963954 265.146362991944
59.08097792766066 265.31793794758426
60.06614899637391 265.48951290312965
61.05132006509656 265.66108785862104
62.03649113382454 265.83266281408186
63.02166220255555 266.0042377695253
64.00683327128824 266.17581272495903
64.99200434002188 266.3473876803873
65.97717540875607 266.5189626358125
66.96234647749054 266.69053759123597
67.94751754622519 266.8621125466585
68.93268861495991 267.0336875020805
69.91785968369472 267.20526245750216
70.90303075242954 267.3768374129237
71.88820182116439 267.5484123683451
72.87337288989923 267.7199873237664
73.85854395863409 267.8915622791877
74.84371502736894 268.063137234609
75.8288860961038 268.2347121900303
76.81405716483866 268.40628714545153
77.7992282335735 268.57786210087284
78.78439930230834 268.74943705629414
79.7695703710432 268.92101201171545
80.75474143977809 269.09258696713664
81.73991250851294 269.2641619225579
82.7250835772478 269.4357368779792
83.71025464598266 269.60731183340044
84.69542571471752 269.77888678882175
85.68059678345237 269.95046174424306
86.66576785218723 270.12203669966436
87.65093892092209 270.29361165508567
88.63610998965694 270.465186610507
89.6212810583918 270.6367615659283
90.60645212712666 270.8083365213496
91.59162319586152 270.97991147677095
92.57679426459637 271.15148643219226
93.56196533333124 271.32306138761356
94.54713640206612 271.4946363430348
95.53230747080097 271.6662112984561
96.51747853953583 271.8377862538774
97.50264960827069 272.0093612092987
98.48782067700554 272.18093616472
99.47299174574042 272.35251112014123
100.45816281447526 272.52408607556254
101.4433338832101 272.69566103098384
102.42850495194494 272.86723598640515
103.41371095090548 273.0386102540539
104.39902770995107 273.20934655465777
105.38453925612257 273.378954904578
106.37030213516893 273.5470963518605
107.35633111293816 273.71367022435965
108.34260550373821 273.8787848089729
109.32908438342972 274.042673246401
110.31572094568631 274.2056097187407
111.3024719082142 274.3678519387399
112.28930189238991 274.5296128188431
113.27618430337586 274.69105354135934
114.26310034723323 274.85228853252727
115.25003736445075 275.0133950936779
116.2369871491752 275.1744234217209
117.22364470136509 275.33723274180625
118.20918669334098 275.5066640908896
119.1926649697497 275.687690276377
120.1745157717813 275.8773452329426
121.15321081163384 276.08266454272143
122.13655172551265 276.2644354069764
123.12080333742347 276.44120860757806
124.10525761152212 276.61684966829256
125.09008783521475 276.79037036014665
126.07542772793025 276.9609731028661
127.06076257281782 277.13160499745317
128.0459317753113 277.30319066835364
129.03111018858124 277.4747234466407
130.01651478145854 277.6449520821176
131.002259909183 277.8131975669528
131.9879100426862 277.9819986757322
132.9726851980564 278.15583162245275
133.95674350960098 278.33367773424624
134.94276958040228 278.50026881353966
135.92930022555853 278.66384535882537
136.91756442217493 278.8165996637931
137.91636075235246 278.86564954477024
138.91266276924046 278.9515698051567
139.90645893144577 279.0627866563349
140.89831310752515 279.1901652000301
141.8887544932397 279.32809946504005
142.87820219074533 279.4729899543788
143.86697579938794 279.6224113412411
144.85531377158358 279.7746875794276
145.84338900032333 279.92865946761157
146.83132132777317 280.08354560766145
147.81918859971717 280.23884613252204
148.80703711201576 280.3942659406209
149.7949082694302 280.54954174797234
150.78285828390136 280.7043150302481
151.77095400027798 280.858155386716
152.75925405415953 281.01067752772417
153.74783155065427 281.1613909426023
154.73679372880287 281.3095591247183
155.7262609275491 281.4543163787862
156.71638458246895 281.59451319746677
157.70734899789835 281.7286382411859
158.699384315416 281.85459826975693
159.69272219347738 281.9698365446855
160.68756548947056 282.0712604886901
161.6840128937444 282.15547788900534
162.6820112358637 282.21871798014337
163.6812748808611 282.25708681888653
164.6812297082069 282.26659172645225
165.68096157407837 282.2434358122796
166.67926812516345 282.18526339561515
167.6750136948271 282.09311807291647
168.66779575626944 281.97318568163587
169.65854916925954 281.8375107957931
170.64952705911963 281.7034853437012
171.64333387587942 281.5923637393131
172.6411994663078 281.5270624113097
173.64119679042818 281.52937579671527
174.63735858807277 281.616906779307
175.6203651148891 281.8004773876202
176.5796080857971 282.0830599822074
177.505546302396 282.46073499996965
178.39120230387005 282.92507695053297
179.23254438531941 283.46557995883404
180.02843729031983 284.07101739058896
180.78086777264332 284.7296890609001
181.49541876877797 285.4292724182801
182.18131725485102 286.15696965395074
182.85036786278147 286.90018650254063
183.51507044258275 287.64729458066955
184.18733791569127 288.3876029249426
184.8788423437981 289.109975146106
185.60231859916445 289.8003244112763
186.3718285689968 290.438959210147
187.2001114317032 290.999269391517
188.09201838829932 291.45148834376846
189.03901065152021 291.7727447108645
190.02154909476917 291.95880439896996
191.0190769029874 292.02907723747364
192.0190474601336 292.0214035916182
193.01826746052527 291.9819144688463
194.01794421957965 291.9564905154449
195.0175259352253 291.9854109882424
196.01096712980618 292.09975517440745
196.9866992870213 292.3187226545872
197.9307372368391 292.6485595071429
198.83080586687691 293.0843076697574
199.67946396207117 293.61324947890205
200.4752219018563 294.2188642915255
201.22165808604686 294.8843212945926
201.92541360112438 295.59476353362265
202.59416688760365 296.338247926077
203.23523780015674 297.1057295773745
203.8549085894171 297.8905914205912
204.45825463188578 298.68807092066464
205.04924012921097 299.49475310216565
205.63090776889038 300.30817965505764
206.2055736769598 301.12656776231654
206.77499391873718 301.9486143475258
207.34049639988027 302.77336094122654
207.90308245304692 303.6000996743112
208.46350459478427 304.42830678793104
209.0223261580754 305.2575947116348
209.57996713571328 306.08767696060715
210.13673941378767 306.9183421340482
210.69287376138038 307.74943454011844
211.24854039226562 308.58083973334294
211.80386452739862 309.4124737303265
212.35893809519467 310.2442749892424
212.91382847352978 311.0761984641072
213.4685849860105 311.90821121152175
214.02324370760098 312.74028915412305
214.57783100670923 313.5724147021432
215.13236614861484 314.4045750090503
215.68686320493728 315.23676069417695
216.24133245195992 316.0689649083613
216.79578139351506 316.90118265102745
217.35021550867015 317.7334102713046
217.9046387979817 318.56564510371004
218.45905418245837 319.3978852021525
219.0134637948936 320.2301291457408
219.56786919258104 321.06237589702016
220.12227151262186 321.8946246984812
220.67667158531466 322.72687499700817
221.23107001694302 323.55912638872104
221.78546725022045 324.3913785787057
222.33986360842363 325.22363135161254
222.8942593276166 326.0558845501888
223.44865458017995 326.8881380596048
224.00304949199165 327.72039179600813
224.55744415497222 328.552645698167
225.11183863624552 329.3848997213677
225.66623298482824 330.21715383295833
226.22062723651433 331.04940800909526
226.77502141744213 331.8816622323668
227.32941554669895 332.7139164900583
227.88380963822325 333.5461707728847
228.43820370219373 334.3784250740657
228.9925977460435 335.21067938864985
229.54699177520052 336.0429337130213
230.10138579362888 336.8751880445395
230.65577980422302 337.7074423812764
231.21017380909683 338.5396967218238
231.76456780979373 339.3719510651536
232.31896180744081 340.204205410515
232.87335580286077 341.0364597573599
233.42774979665444 341.8687141052882
233.98214378926042 342.7009684540076
234.53653778099877 343.53322280330497
235.09093177210332 344.36547715302453
235.64532576274456 345.19773150305275
236.19971975304705 346.0299858533066
236.7541137431017 346.86224020372555
237.30850773297493 347.69449455426536
237.86290172271518 348.52674890489374
238.4172957123578 349.35900325558714
238.9716897019287 350.19125760632835
239.5260836914469 351.02351195710463
240.08047768092615 351.85576630790683
240.63487167037673 352.6880206587282
241.18926565980613 353.52027500956365
241.74365964921986 354.35252936040956
242.29805363862204 355.1847837112632
242.85244762801557 356.01703806212254
243.40684161740273 356.84929241298613
243.96123560678518 357.68154676385285
244.51562959616408 358.5138011147219
245.07002358554038 359.3460554655927
245.62441757491482 360.1783098164648
246.1788115642878 361.0105641673378
246.73320555365967 361.84281851821163
247.28759954303086 362.67507286908585
247.8419935324014 363.50732721996053
248.39638752177154 364.3395815708355
248.9507815111414 365.1718359217106
249.50517550051097 366.0040902725859
250.05956948988037 366.8363446234614
250.61396347924966 367.66859897433693
251.16835746861886 368.50085332521246
251.72275145798795 369.3331076760881
252.27714544735701 370.16536202696375
252.83153943672608 370.9976163778394
253.3859334260951 371.82987072871504
253.94032741546414 372.6621250795907
254.49472140483306 373.49437943046644
255.04911539420203 374.32663378134214
255.603509383571 375.15888813221784
256.15790337294 375.9911424830936
256.71229736230885 376.8233968339694
257.26669135167776 377.65565118484517
257.8210853410467 378.4879055357209
258.37547933041566 379.3201598865966
258.92987331978463 380.1524142374724
259.48426730915355 380.9846685883482
260.03866129852247 381.81692293922396
260.5930552878914 382.64917729009966
261.14744927726036 383.4814316409754
261.70184326662934 384.3136859918511
262.25623725599826 385.1459403427268
262.8106312453671 385.97819469360263
263.36502523473604 386.8104490444784
263.9194192241049 387.64270339535415
264.4738132134738 388.4749577462299
265.02820720284274 389.3072120971056
265.58260119221165 390.13946644798136
266.1369951815806 390.9717207988571
266.6913891709495 391.8039751497329
267.24578316031847 392.63622950060864
267.8001771496874 393.4684838514844
268.35457113905636 394.3007382023601
268.4689043321488 394.4723747987615
269.2184252243244 393.81039411007623
269.96794611649153 393.1484134213984
270.71746700866714 392.48643273271307
271.4669879008428 391.8244520440278
272.2165087930184 391.1624713553425
272.9660296851941 390.50049066665724
273.7155505773697 389.83850997797197
274.46507146954525 389.1765292892867
275.21459236172086 388.5145486006014
275.96411325389647 387.85256791191614
276.7136341460722 387.1905872232309
277.4631550382478 386.5286065345457
278.2126759304234 385.8666258458604
278.962196822599 385.20464515717515
279.71171771477464 384.5426644684899
280.46123860695025 383.8806837798046
281.2107594991259 383.2187030911193
281.9602803913016 382.55672240243405
282.70980128347725 381.8947417137488
283.4593221756529 381.2327610250635
284.2088430678285 380.5707803363782
284.9583639600042 379.90879964769294
285.70788485217986 379.24681895900767
286.45740574435547 378.5848382703224
287.20692663653114 377.9228575816371
287.9564475287068 377.26087689295184
288.70596842088247 376.59889620426657
289.45548931305814 375.9369155155813
290.20501020523375 375.274934826896
290.9545310974094 374.61295413821074
291.7040519895851 373.95097344952546
292.4535728817607 373.2889927608402
293.2031823589539 372.62711238516636
293.95313900196743 371.96562539844643
294.7039697849557 371.3051307842994
295.4564065592279 370.64646630163554
296.21184855513377 369.9912507715833
296.9625361229039 369.3305933901855
297.7147209884513 368.6716412462165
298.52904489096545 368.09123054525196
299.37531587027604 367.5584778544312
300.26266238721973 367.09737465679757
301.18404339307654 366.70871408245756
302.1338604807336 366.39590823213723
303.10624995938986 366.1625443493307
304.09469274181424 366.0109499369232
305.0922722227398 365.941414483834
306.09221688462105 365.9519346157334
307.08847276421136 366.03838820086276
308.0761307598873 366.1950141360628
309.0516229874419 366.41504802886243
310.01268825065426 366.69136950802476
310.95816698812547 367.0170533378197
311.887710175986 367.3857665894152
312.80147997847666 367.79199897125613
313.69989490245035 368.2311465824091
314.5834449238581 368.69948338394227
315.4525797072888 369.19405868481255
316.30765892078216 369.71255607019805
317.148946608094 370.25314373855315
317.9766855188915 370.8142571812291
318.7910289492567 371.39464048338465
319.6102445529819 371.96812613674774
320.43318168499496 372.5362585832372
321.2589435550956 373.1002774959413
322.08684417832285 373.6611523109044
322.91637630536684 374.2196113068941
323.7471842071378 374.7761705852777
324.57903847591365 375.3311647073362
325.4118075234569 375.88478525740095
326.24541851045285 376.43713724876113
327.0798047626223 376.9883174209287
327.9148476912773 377.5385022147055
328.7503314091297 378.0880174166822
329.5859278018612 378.6373612693411
330.42121769764776 379.18717104553366
331.2557388874137 379.73814689240146
332.08903861549805 380.2909683492703
332.92071055529385 380.84623565837137
333.7504315725747 381.4044139752939
334.5779938190903 381.965787939904
335.39414702311444 382.54362351129174
336.20086529199887 383.13455974697894
337.0321118741184 383.69046362330516
337.8816587534717 384.21797675089647
338.742684869058 384.72653749287167
339.6052069834833 385.2325568621919
340.45495133980285 385.7597518250881
341.30966490238154 386.2788517441249
342.16437846496024 386.7979516631617
343.04656187066115 387.2688576396644
343.85048962300476 387.8635846098042
344.6331151192171 388.48607744725575
345.42687184683217 389.0943128107178
346.235265988571 389.6829543923296
347.05446353111 390.25646584495985
347.8811642976994 390.81910768709434
348.7133252468826 391.37364186517044
349.54971638229534 391.92177494080363
350.38957482176977 392.4645804323414
351.2880892359982 392.90352444633834
352.25820439258854 393.1461694194034
353.184555037993 393.52283171079813
354.0635415774462 393.9996782935269
354.92421203059735 394.5088407146389
355.7820936199989 395.02268814196134
356.64141152288835 395.534129968344
357.5031282502298 396.04151964287433
358.3676416917089 396.54412934184757
359.2353594465046 397.0411865800126
360.1068007201191 397.53168643387716
360.98260811265186 398.0143471958881
361.55063171229347 398.8373594620483
362.3468020146475 399.4424320607086
363.22119530087457 399.92764993033103
364.1196411312192 400.36673430711556
365.028827540831 400.7831236352416
366.0274198185363 400.8361657214304
367.01379215323146 401.00069419114936
367.9679799020554 401.2999027137457
368.90094915485093 401.65985878514624
369.8257659671198 402.04027153959174
370.8052974271588 402.24156266903856
371.80502618427886 402.2648524132886
372.801714178301 402.1835317973778
373.80128323995444 402.21288637087673
374.7648156438861 402.4804780496966
375.6430613937005 402.9586876302499
376.34596107947823 403.6699766233699
377.0407320830783 404.38920763810484
377.73100142392286 405.1127601497375
378.41900413596454 405.8384682647694
379.105925232539 406.5652002697623
379.7923347087485 407.2924155274197
380.4784863461059 408.01987406957295
381.1644860552242 408.7474758831287
381.8503766370294 409.47518056896695
382.5361768527661 410.20297041782135
383.2218978130393 410.9308349413709
383.9075489658517 411.65876522419137
384.5931397182493 412.38675239456376
385.27867945953375 413.114787601899
385.9641771614247 413.8428623924956
386.64964099832844 414.57096906620296
387.3350781152658 415.2991008940504
388.0204945478034 416.0272521928939
388.7058952597539 416.75541828937037
389.39128426047535 417.4835954090947
390.07666477137616 418.21178051967945
390.76203941984363 418.93997114804415
391.4474104549217 419.66816517732207
392.132779957005 420.3963606494407
392.6309253760869 420.9256331623398
393.28928741989444 421.62515520485385
394.2339056231942 421.296983831865
395.0950864361065 420.78868509345267
395.9995118645583 420.3620533501778
396.90509066110786 419.9378752705462
397.8109323103349 419.5142588089615
398.7168940800682 419.0908993024167
399.6229144598039 418.66766524010177
400.5289635810095 418.24449271031926
401.4350268031094 417.82135037308745
402.34109694382676 417.3982228508197
403.24717047926873 416.97510259797
404.15324568040637 416.55198591207426
405.05932169885887 416.1288709764064
405.96539811834884 415.705756899538
406.8714747346187 415.28264324406354
407.7775514474442 414.8595297953581
408.68362820764713 414.43641644810924
409.5897049910974 414.01330315064337
410.4957817859546 413.5901898776049
411.40185858640876 413.1670766165521
412.3079353896095 412.74396336138085
413.21401219415753 412.3208501090949
414.12008899936706 411.89773685822547
415.02616580490087 411.4746236080504
415.93224261059385 411.0515103582163
416.8383194163651 410.62839710854973
417.7443962221745 410.2052838589649
418.65047302800275 409.7821706094206
419.55654983384034 409.35905735989604
420.46262663968247 408.9359441103813
421.36870344552676 408.51283086087113
422.27478025137214 408.08971761136337
423.1808570572181 407.6666043618568
424.0869338630642 407.24349111235057
424.99301066891053 406.82037786284496
425.8990874747569 406.39726461333936
426.80516428060326 405.9741513638336
427.7112410864497 405.5510381143281
428.61731789229617 405.1279248648226
429.5233946981426 404.70481161531706
430.4294715039891 404.2816983658115
431.3355483098355 403.8585851163059
432.2416251156819 403.43547186680047
433.1477019215283 403.012358617295
434.0537787273747 402.58924536778943
434.9598555332211 402.16613211828377
435.8659323390675 401.7430188687781
436.772009144914 401.31990561927273
437.67808595076036 400.8967923697671
438.5841627566067 400.47367912026135
439.4902395624532 400.050565870756
440.39631636829955 399.62745262125037
441.302393174146 399.2043393717448
442.2084699799924 398.78122612223916
443.11454678583885 398.35811287273367
444.0206235916853 397.93499962322824
444.92670039753176 397.5118863737228
445.8327772033782 397.08877312421725
446.7388540092246 396.6656598747117
447.644930815071 396.2425466252061
448.5510076209176 395.8194333757008
449.205181664037 395.513951871991
449.59076791377447 394.59128007559235
449.97848336947595 393.6695009667977
450.37293367359587 392.75058369218607
450.7800737007989 391.83721793946205
451.2058157152281 390.93237334664525
451.655063769385 390.03896628050114
452.13150316683783 389.1597589667493
452.63753469700725 388.2972439868942
453.1742825411453 387.4535012821476
453.74241063971056 386.630561148468
454.34317022311006 385.83113139986364
454.978757264679 385.0591021824181
455.6517272962542 384.3194324340833
456.36410563726906 383.6176368090949
457.1166404637711 382.9590843549187
457.90842055986263 382.3482781013215
458.7368962730585 381.7882531084465
459.5982408699388 381.2802319618147
460.48792042339016 380.82364649098747
461.40126739284784 380.41646432858045
462.33394458286534 380.0557521729479
463.28224179797996 379.7383685063772
464.24318173596964 379.4616115090377
465.2144545272114 379.2236426770587
466.19423754237147 379.0235795790025
467.18097502304636 378.8612553841597
468.1731914367625 378.7367299315313
469.169395367744 378.6496797856553
470.16810028005443 378.5988025006744
471.1679480595359 378.5813549258847
472.1678813290815 378.59290726139875
473.1672884247241 378.6273377301605
474.1660527688804 378.6770346600665
475.1644722560935 378.73323543900364
476.1630566335465 378.7864260500818
477.16224351217863 378.8267445516583
478.16208833343154 378.8443608342899
479.1619827307163 378.8298283094406
480.1604461442331 378.7744134028852
481.1551507755616 378.67163842337334
482.1433433578115 378.5184215170402
483.1219158794329 378.3125190645842
484.08580930067455 378.0462307387286
485.02509084192127 377.7030832685743
485.9380133313131 377.2949502898006
486.7969057776512 376.782794292449
487.60362697815924 376.19186205889685
488.36060035902767 375.53841634527055
489.0697884000375 374.83339696788534
489.7329303483974 374.0849033097122
490.35195427633454 373.2995311834935
490.92925155487023 372.4829971350942
491.4677775761363 371.6403882552339
491.9710144068319 370.77623971925675
492.4428425561154 369.89454918537103
492.8882657322978 368.9992290224575
493.3127718386803 368.0938039478964
493.7213176710185 367.18106614168966
494.11782813065213 366.2630359377197
494.5052766659252 365.3411446032801
494.9301703223198 364.435901331692
