6.204006694056303
281567
626
0.0 100.0
0.0 101.0
0.0 102.0
0.0 103.0
0.0 104.0
0.3326833097893037 104.94303860758063
0.6654120318588364 105.88606119347662
0.9983031928398086 106.82902644996318
1.3315951907566415 107.77185010480252
1.6656839207035996 108.71439173280758
2.0011237735562952 109.65645335771232
2.3385877928959244 110.59779178551136
2.6787960618825473 111.53814189781696
3.0224306357229285 112.477245342418
3.3700590665500765 113.41487771924841
3.722084907728863 114.35086800079111
4.078733101978592 115.28510676338792
4.440065965195162 116.21754365774578
4.806017371352211 117.14817761818978
5.176431218486989 118.07704444494743
5.551093972886051 119.0042056070256
5.929759019602583 119.92973938944263
6.312166574405479 120.8537331459311
6.69806295037079 121.7762752788534
7.087218936112957 122.6974471513946
7.479443468760633 123.6173166616999
7.874597614101417 124.53593148926366
8.272425922316737 125.4533913724098
8.672758319751797 126.36976136949826
9.075591096175215 127.2850349647904
9.47847250197248 128.20028715564428
9.878916699871176 129.116608302606
10.285561588825447 130.0301946062946
10.697373496247831 130.94146347600602
11.11385132260746 131.85060934997276
11.534850892874983 132.757670186871
11.96045940013726 133.6625775846449
12.390915561542414 134.56518906978584
12.826207477114039 135.46547843895445
13.266422229925785 136.36337095557707
13.712001017855949 137.258613684532
14.164440098322974 138.15040899651012
14.619340193972963 139.04095147330594
15.072313463792902 139.93247557103334
15.541612457468602 140.81551489888625
16.025138742450636 141.69084474056393
16.5222379753267 142.55853843805977
17.033251289459187 143.41811123473224
17.55926120970599 144.268589667029
18.101935141648884 145.1085331196433
18.663357379485895 145.93606261812786
19.245787588028563 146.7489433302726
19.85134867718144 147.5447421536595
20.481698508631762 148.32105336058015
21.137760025564138 149.07576077806084
21.8192823649227 149.8075580867162
22.525050210155573 150.51600127331295
23.2532904529968 151.20132320401893
24.002220057955483 151.86397276963896
24.76269455444899 152.51334057002865
25.527967425480703 153.15704658434174
26.317166177879244 153.7711844591
27.12320783353717 154.36304326772265
27.94809589803741 154.92833936804976
28.781377366432007 155.4811883478174
29.630952973619873 156.00865520712836
30.478895183020196 156.5387438879331
31.32828364658522 157.06651205480435
32.18050811404963 157.5896883702612
33.036214228732 158.10715048993296
33.895531697309615 158.61859304604008
34.757344664232 159.12581923823092
35.61831093240759 159.6344812921172
36.47502644588728 160.15027052132154
37.328468936784034 160.67145754603717
38.18208707335742 161.1923568423632
39.03570520993081 161.71325613868927
39.86734190717946 162.2685762299784
40.66547708678131 162.87105464044797
41.47023019702929 163.46466430305986
42.2861969233623 164.04276317134918
43.109776216791545 164.609964323882
43.93818403443252 165.1700897452577
44.76981796359788 165.72541398195278
45.603735859782276 166.27730250550024
46.43933596079259 166.82664071752592
47.27620555224607 167.3740430256143
48.11404883033366 167.91995386207338
48.952648680435104 168.4647017775442
49.79184365214143 169.00853244922686
50.631512636383064 169.55163096414162
51.47156406804888 170.09413773106365
52.31192811949967 170.6361601116248
53.15255100816117 171.17778097446006
53.993390841086814 171.7190649806579
54.834414584510206 172.26006319044984
55.67559585486652 172.80081643399234
56.51691330664871 173.34135777868923
57.35834945192949 173.8817143400587
58.19988979124473 174.42190861743046
59.0415221689743 174.96195948610608
59.88323629090779 175.50188294080843
60.72502335946726 176.04169265839977
61.5668773089783 176.58139806664823
62.4087988320828 177.1209980563938
63.25076631930821 177.6605263229891
64.09280239890377 178.19994753193382
64.93497123693966 178.7391614488919
65.77735215125884 179.27804399192962
66.61871462009081 179.81851526409955
67.46169958030944 180.3564523950407
68.30517276379233 180.89362367940467
69.15358243010381 181.42296387068927
70.00723999932052 181.94379854169247
70.86489197692555 182.4580291177089
71.72520678877486 182.96779222397757
72.58717887536336 183.47474796360603
73.4501403018194 183.98001776920393
74.31264786921618 184.48606193346558
75.17657212014063 184.98968370490184
76.0406751512636 185.49299866752875
76.90487061798001 185.99615490102568
77.76911650253597 186.4992245294352
78.63338969209968 187.0022472464186
79.49767756795865 187.50524472915902
80.36197329658846 188.00822871843926
81.2262732027795 188.51120552919514
82.0905753215289 189.01417853793944
82.95487860754761 189.51714954085836
83.8191825072503 190.0201194892238
84.68348672859891 190.52308888487224
85.54779111806312 191.0260579916302
86.4120955951774 191.52902694776986
87.27640011788604 192.03199582555993
88.14070466426332 192.53496466267765
89.00503477081358 193.03788957447944
89.8693905632552 193.54077033974352
90.73376556425039 194.04361808772947
91.59815330793379 194.5464439309097
92.46254897027251 195.0492561612005
93.32694935478031 195.55206027341794
94.19135247644526 196.05485967999664
95.05575715207864 196.55765641501304
95.92016269608139 197.06045165713184
96.78456871931309 197.56324607535936
97.64897500436061 198.0660400434719
98.51338143125794 198.56883376771535
99.37778793447254 199.07162736075358
100.24219447850311 199.5744208836207
101.10660104425108 200.07721436915105
101.97100762150298 200.58000783490385
102.83515438311133 201.0832477124988
103.69903973209811 201.5869362112815
104.56272940726812 202.09096016409
105.42628919104229 202.59520663145284
106.28976822312589 203.0995913667016
107.1531990878562 203.60405855278123
108.0166020286104 204.108573529662
108.87998911464395 204.61311563857907
109.74336734047785 205.1176729090211
110.60674067646484 205.6222385466806
111.46980531675372 206.1273320297934
112.33256055901765 206.63295381724532
113.19508448368991 207.13897010094374
114.05745494238076 207.64524788238128
114.91973002510353 208.15168808785026
115.78194823007313 208.65822512205307
116.64413346685271 209.16481826993348
117.50587513476017 209.6721655846914
118.36717862562348 210.18025641970686
119.22815602672325 210.68889962942808
120.08891756863325 211.1979080458307
120.94954513679835 211.70714295126652
121.80952459331623 212.21747160455502
122.66888529473475 212.72884151455898
123.52779077642037 213.2409756508264
124.38599271104395 213.75428787492433
125.24360225661268 214.26858921397508
126.10079661144985 214.78358226056434
126.95714658587593 215.2999781564625
127.81275167351045 215.817607303646
128.66730014375102 216.33697895478755
129.5209821525479 216.85777356675712
130.37406364598095 217.37955126421264
131.22681146866506 217.9018741058609
132.07992210775697 218.42360414857282
132.9339906813871 218.94376457722677
133.7899560923432 219.4607976663485
134.64895133636244 219.97278123127256
135.51210401553158 220.47772425027884
136.37862401451838 220.9768666060812
137.25086966936857 221.4659346152527
138.1292521946717 221.94389291808056
139.01426291646519 222.4094635596706
139.90619512833953 222.86163269773834
140.80499787276787 223.2999860102707
141.71030948824003 223.72473402838403
142.62155676287477 224.13659371865575
143.5380603864283 224.53662010280212
144.4591231702268 224.9260342118189
145.38409320973003 225.30607424394896
146.3124013058514 225.6778861300897
147.24357579981347 226.0424599385216
148.17724011543973 226.4006092729146
149.11309920457688 226.75298374032013
150.0509210351832 227.10010074370408
150.9905185175402 227.44238216468452
151.9317360550491 227.78018321128704
152.83960695894905 228.19943304354928
153.78322925309013 228.53045716049536
154.72845431153792 228.85687650563648
155.67501390173496 229.1794054844989
156.62295753823557 229.49784364492885
157.57241478436447 229.81174002555997
158.52359706618617 230.12036968510108
159.47679079197596 230.4227299356549
160.43233825325584 230.717567262399
161.3906075017787 231.0034344471814
162.3519549339859 231.2787726294022
163.31668617059137 231.54200948304867
164.2850215103834 231.7916625817874
165.25707159746216 232.02643614974198
166.2328271219921 232.24529947775582
167.21216374603577 232.44753641010686
168.19486054690654 232.6327578925497
169.18058605417085 232.80111829266946
170.16886428669173 232.95378176284305
171.15907341806326 233.09337358261917
172.1504916628886 233.224101788556
173.14235249654027 233.35142848123218
174.13387016420342 233.48140045787275
175.12423729427599 233.61986687138798
176.11262807117092 233.7717999887425
177.09823527622066 233.94085157067542
178.08034088376783 234.1291825973928
179.05839542088145 234.3375316373029
180.0320762565196 234.5654474777155
181.0013067542208 234.81160239301454
181.9833533916591 235.00024067623434
182.9440590675094 235.27780977463888
183.90073466129328 235.56896576076696
184.85435227879356 235.8699864238337
185.8054273438379 236.17894632519778
186.75443329106503 236.4942044926218
187.70179059247124 236.81438279212432
188.64785818038686 237.1383521102634
189.59293283073214 237.4652066731423
190.53725361567487 237.79423289569178
191.48100900259053 238.12487737193123
192.426471658526 238.45060788359913
193.37810164801098 238.75785430442895
194.34044428672865 239.02969367925513
195.31574895962032 239.25055742692703
196.30335003738 239.40754185675345
197.2998136352609 239.49156743677665
198.29978878851375 239.49861675425763
199.29703008208176 239.42438871102058
200.2867689317895 239.28150061011934
201.2674839491732 239.08605738389218
202.24009439215286 238.85361615216496
203.20706965607425 238.59874591270156
204.1717295097156 238.3352475886601
205.13756580547695 238.0760946419472
206.10758267570893 237.83305704924734
207.0837882710159 237.6162100163155
208.06695658129235 237.43350787164243
209.05668329828455 237.2905357566276
210.05166623589167 237.190490997291
211.05009138002757 237.13439080515948
212.05000770712775 237.12145485531235
213.04961206908723 237.14958170283586
214.04741493681425 237.21583453036607
215.04229772254376 237.31687037875213
216.0334933584139 237.44927585987745
217.02051272187114 237.6098771555149
218.003036323267 237.7960152029425
218.98080438265762 238.0057045494423
219.9535403438038 238.2376199432673
220.92092589482527 238.49092844228565
221.88262385629534 238.7650397899244
222.83833099039728 239.05935912980314
223.78783844395753 239.37310360486768
224.7310806800621 239.7052091363309
225.66816108117314 240.05432275945896
226.59935091487168 240.41885738554606
227.52506551540733 240.79708017485825
228.44582577088994 241.18720906628215
229.362214025486 241.58749966926752
230.27483208339916 241.99631292782306
231.18426152906056 242.4121711769464
232.09102892810333 242.83380239499508
232.99558178863606 243.26016388774744
233.8982794254903 243.6904393534874
234.79939810222353 244.12401187388346
235.6991459044513 244.56042210793657
236.59768151221482 244.99932273630372
237.49513063816187 245.44044070956807
238.39159738856236 245.8835517175857
239.28717119637014 246.32846469196235
240.18193116263262 246.77501211696213
241.07594783785916 247.22304580366082
241.96928316520498 247.6724364943921
242.84700420982233 248.15160845500313
243.7303074256305 248.62041057631114
244.61655483475948 249.08362276290836
245.50421500202816 249.54412186979624
246.39240634182067 250.0035956382723
247.27744304993112 250.46911687870823
248.15752779359912 250.94393352117442
249.03260188052158 251.4279225111285
249.90348606212973 251.91941080419832
250.77123457603886 252.41641434202126
251.63680241692077 252.91720602808545
252.50093099421122 253.42047712988847
253.36414660117703 253.92531256435265
254.2266412718178 254.43137870935368
255.0891359424586 254.93744485435477
255.95048838897918 255.44545269176774
256.8115611975891 255.95393437115513
257.6724679425746 256.46269716110595
258.5340215305107 256.97036379888556
259.3962569945519 257.4768714538619
260.25901529207636 257.98248802800947
261.12179504717807 258.48806798626197
261.9866936336413 258.99001463196635
262.85241195954 259.49054612967973
263.71819657079254 259.99096296284813
264.5820791820733 260.49465615709113
265.4972200365263 260.89779039839425
266.35737888943527 261.4078166210164
267.20851998494146 261.9327536034634
268.05238751259856 262.46930518138106
268.8904550774947 263.01487163624154
269.72484190115887 263.5660509432694
270.5580286063796 264.1190427282385
271.3925501273829 264.67001807340586
272.23074580903926 265.21538767216674
273.0745864991473 265.7519814568102
273.9255774311369 266.27716183884246
274.7847268061716 266.7888867174417
275.65256624922125 267.2857314628977
276.529207865952 267.7668753871196
277.41442277560196 268.23205767798356
278.30772762575094 268.6815089486461
279.20846842127645 269.1158659668652
280.1158944569122 269.5360778061206
281.0292185763084 269.94331121944657
281.94766286501346 270.3388615810253
282.8704909408908 270.72407365556666
283.7970291955586 271.1002742172849
284.72667978975005 271.46871657738956
285.65892810711904 271.83053569623576
286.59334691546314 272.1867119034883
287.52959882695404 272.53804131903684
288.46743790835734 272.8851117115981
289.4067105642716 273.22828350218094
290.34735518929864 273.5676766214508
291.2893996452085 273.90316468843605
292.2329554442603 274.23437829636265
293.1782076604644 274.56071898913814
294.12540004746086 274.8813848308113
295.0748155492561 275.1954074493453
296.02675321640976 275.5016992674762
296.9815033091367 275.7991085148741
297.93932290005716 276.0864787138318
298.9004144463788 276.36270876214127
299.86490952976686 276.62680956509416
300.83285930660463 276.87795340738325
301.8042323040564 277.11551287324704
302.7789192227505 277.3390870455627
303.7567435532595 277.5485138314916
304.73747622686085 277.7438684396552
305.7208522747629 277.92544913359757
306.7065875575232 278.0937522896032
307.69439397557113 278.2494394132306
308.68399878830365 278.39325288484133
309.6751736912411 278.5258134815016
310.66776597924 278.64730648461364
311.66171196251196 278.7571763273254
312.65701436900633 278.85399120028694
313.6536810259745 278.9355729071081
314.6516440509154 278.9993678979049
315.65069434016664 279.0429399020714
316.6504633022116 279.064434611455
317.6504621224639 279.0628985469948
318.65016195029943 279.03839846075806
319.64908275012186 278.9919524094501
320.6468608246379 278.925327233915
321.64327965397626 278.84077242009664
322.63826507642705 278.74075237655353
323.6318562872858 278.62771917035207
324.6241668433673 278.503946151122
325.6153471297904 278.3714258137917
326.60555492322277 278.23182450353374
327.59493624852314 278.08648148462055
328.5836157811495 277.9364388847839
329.57169464145886 277.78249030307643
330.5592530912591 277.6252379319398
331.5463558561122 277.4651500447675
332.5330582132043 277.3026124844653
333.5194114924144 277.1379698150519
334.5054672212673 276.9715543722698
335.49127971674676 276.80370407064186
336.47690733092236 276.63477152145555
337.46241274393276 276.46512753857616
338.4478627344559 276.29516190623224
339.4333278344424 276.1252839008619
340.41888219983804 275.9559245407731
341.40460388447195 275.7875417612424
342.390575487261 275.62062861468513
343.376884920112 275.4557234823538
344.36362591448864 275.2934206480697
345.35909223937017 275.1983060013173
346.3547334025896 275.10503931861064
347.35037831979184 275.01181271913777
348.3460233128453 274.9185869297469
349.34166830739207 274.8253611563044
350.3373133019679 274.7321353831726
351.33295829654435 274.6389096100467
352.3299365737122 274.56122875747985
353.32694791171895 274.4839733894719
354.32395996470495 274.4067272491111
355.32097203213823 274.32948129522146
356.31798409985595 274.25223534500253
357.31505636827876 274.17577037562273
358.31213027464264 274.09932676733337
359.3092042165235 274.02288362230234
360.306278159122 273.9464404866329
361.3031712850207 273.86767440550796
362.3000593894096 273.7888447960462
363.29678811703434 273.7080249746682
364.29351243057005 273.6271507339811
365.2902366483495 273.5462753131663
366.28669360399914 273.46217099973654
367.2831431029182 273.3779783866164
368.2793445660592 273.2909000033305
369.2753727054496 273.20186099197906
370.2713960901311 273.1127688084398
371.26717127651716 273.02094409402264
372.26277475403003 272.92727598010856
373.2582332560863 272.832079495489
374.25368778738897 272.736841498297
375.2489262640964 272.6393716338198
376.244051823979 272.54075561043476
377.2390947737722 272.44130950409084
378.23407329169123 272.3412207990352
379.2290015990276 272.2406342032045
380.22389123069996 272.1396657883866
381.21875144214295 272.03840790134774
382.2135895242514 271.9369328286114
383.2088465075526 271.8396521152596
384.2045585593211 271.74714530489894
385.200644908092 271.65875986609694
386.1970135551603 271.57361575802656
387.1935882200843 271.49091789087396
388.1903113033083 271.4100284887967
389.18775286800417 271.3385419514834
390.1858711218293 271.2772235090609
391.1844838124363 271.22456713092316
392.1839177291394 271.19092420977114
393.18388861364775 271.18329334248295
394.18375796167305 271.19945771316105
395.18277094749715 271.2438767873841
396.18025002360014 271.31483799324195
397.175909772948 271.407906051826
398.1698059654209 271.5182254000284
399.16217596331285 271.6415209282682
400.1533114744923 271.7743757305118
401.1434890588685 271.91419114954283
402.1330021542302 272.0586343359786
403.12207213112345 272.2060812105075
404.11084585847766 272.3555018118116
405.09941804401797 272.5062500588195
406.08785056899274 272.6579113378989
407.07918729594394 272.7892562799319
408.0717360751174 272.91110422189706
409.06256249721656 273.0462448940511
410.05236051645585 273.188722545316
411.0415671349747 273.335249900709
412.0304376124577 273.48402886011667
413.01930808994075 273.6328078195243
414.00779167156634 273.78413596910855
414.9962390155193 273.93570063594206
415.97653577143814 274.13323106482574
416.93725797487616 274.4107429525374
417.86613677840774 274.7811267647508
418.754604166849 275.24006652079333
419.6002968332976 275.77373675035005
420.406269211486 276.36568989511517
421.17857895408446 277.0009360375572
421.9240660554899 277.6674560909975
422.64903019329427 278.35624270446914
423.3594925875622 279.0599778722212
424.0396987281657 279.7929987493355
424.68335557911206 280.55831297122734
425.3662878263769 281.28879469286437
426.02727439033407 281.99580275281795
426.05494214624315 282.0268531383866
426.05549141768824 282.02598440378455
426.5898995347138 281.18075782797354
427.12430765173934 280.33553125216247
427.65871576876475 279.49030467635134
428.30392088723977 278.72629528171433
428.94912600571485 277.9622858870773
429.86145807867535 277.55283480495945
430.8329115938486 277.3156048155875
431.8254879492595 277.19398171466
432.82477853815743 277.15632113925216
433.8245402832771 277.17814894251535
434.8225805106825 277.2407245326495
435.8185215191777 277.3307329078019
436.81262240126625 277.43919228374847
437.8052774579925 277.56017136605533
438.7968464878543 277.6897509131257
439.787615869639 277.82530913721337
440.77780205917406 277.96506360066337
441.76756515600016 278.10778364887415
442.7570224420734 278.2526086433904
443.74634849420477 278.3983274224623
444.73566321971094 278.5441230804797
445.72502026559636 278.68963127872564
446.7144334095189 278.8347575362853
447.7038991519501 278.9795247444336
448.69340881727254 279.1239914265214
449.683042610825 279.26760533482775
450.67284888918186 279.4100255978709
451.66282876228973 279.55123413458654
452.65295842505066 279.6913885170402
453.64320775603005 279.8306948790444
454.6367393930278 279.9442505318516
455.62781936713736 280.0775190011872
456.61868307083773 280.21238604938395
457.6100345685121 280.34361945998785
458.6017407617926 280.4721450458029
459.5832762767736 280.66342503124554
460.5743725311836 280.7965723725422
461.56664018164435 280.92068888977104
462.5594836217195 281.04011210150077
463.55277699265514 281.15573337659873
464.5464508394723 281.26803781173635
465.5404827769677 281.3771272577851
466.53483040692703 281.48330065743977
467.52943397699124 281.5870490955755
468.5241860617447 281.68936375668886
469.5189232253295 281.79182338475414
470.5134211732781 281.8965794419823
471.50737543590344 282.0063743590274
472.5003612084234 282.1246082609887
473.49177041631333 282.25540498308436
474.4813056514883 282.39969641854503
475.4677573817425 282.56374819049046
476.44925639416255 282.7552153903407
477.42331410447787 282.9815151406173
478.3867483467795 283.2494600244286
479.33564816519214 283.5650374865775
480.2654557780391 283.9330834118257
481.17076501804615 284.3578364929891
482.0444508877675 284.8443269872943
482.88134301344104 285.39169484348037
483.6786132105222 285.9953174348784
484.4349803890382 286.64946473577004
485.1500753134266 287.3484920951158
485.8241781997923 288.08712955598105
486.4581508045994 288.8604850604899
487.05340249262287 289.6640243737193
487.61182534702164 290.4935808309211
488.1356939866615 291.3453798966648
488.62754726937726 292.21605799348464
489.0900700243396 293.1026654044294
489.52598722903093 294.00265217691776
489.93797688319063 294.9138407001474
490.32860320724234 295.8343900334033
490.7002690402258 296.762756614336
491.0551770895832 297.6976578264977
491.3952896840198 298.63804254729314
491.72228127460164 299.5830697954129
492.037488801359 300.5320925638834
492.3418708672843 301.4846425929859
492.6359890339159 302.44041165717306
492.9200234253847 303.3992257499267
493.1938285112702 304.3610109520083
493.4570250925386 305.32575317644375
493.70911541313484 306.2934568863992
493.9496034742255 307.2641089829162
494.1781030000132 308.23765300694123
494.39441988629756 309.2139762140341
494.5986022454469 310.1929090841597
494.7909573740176 311.17423446572917
494.97203981850475 312.1577023850324
495.1426173044676 313.1430466503948
495.303622719863 314.1300001732181
495.45613305316834 315.11830204928384
495.6013332765185 316.1077043411445
495.740451438538 317.09798012949653
495.8746825500611 318.0889301830811
496.00512304300435 319.08038632321075
496.13272781885115 320.07221141927414
496.2582914591444 321.0642969862674
496.3824489941146 322.05655950521594
496.5056896011596 323.0489363251665
496.6283770910118 324.041381678742
496.7507725524868 325.0338630896563
496.8730561645708 326.0263582877382
496.99534653943846 327.0188526525659
497.11771692393745 328.0113371557182
497.24020819559854 329.0038067463691
497.3628389265594 329.9962591149108
497.4856129412672 330.9886937683326
497.6085248317735 331.9811113554259
497.71951817060653 332.9749325057013
497.83085718396273 333.9687149889968
497.9474204826845 334.9618982537527
498.0666373393534 335.954766493292
498.1872967533669 336.94746045711463
498.3089677377945 337.94003094405673
498.43159110351445 338.93248422264446
498.5552268256366 339.9248118944421
498.67996008258535 340.9170022061318
498.8057587929031 341.9090579931128
498.9324826746112 342.90099602434503
499.0599405601216 343.8928400077523
499.1916430378012 344.88412929820845
499.32641114212663 345.8750064641864
499.4628727413397 346.8656518255243
499.63419015486016 347.85086771243675
499.8055075683807 348.8360835993492
