17.686959900122385
355598
942
0.0 100.0
0.0 101.0
0.0 102.0
0.0 103.0
0.0 104.0
0.0 105.0
0.0 106.0
0.0 107.0
0.0 108.0
0.0 109.0
0.0 110.0
0.0 111.0
0.0 112.0
0.0 113.0
0.0 114.0
0.0 115.0
0.0 116.0
0.0 117.0
0.0 118.0
0.0 119.0
0.0 120.0
0.0 121.0
0.0 122.0
0.0 123.0
0.0 124.0
0.0 125.0
0.0 126.0
0.0 127.0
0.0 128.0
0.0 129.0
0.0 130.0
0.0 131.0
0.0 132.0
0.0 133.0
0.0 134.0
0.0 135.0
0.0 136.0
0.0 137.0
0.0 138.0
0.0 139.0
0.0 140.0
0.0 141.0
0.0 142.0
0.0 143.0
0.0 144.0
0.0 145.0
0.0 146.0
0.0 147.0
0.0 148.0
0.0 149.0
0.0 150.0
0.0 151.0
0.0 152.0
0.0 153.0
0.0 154.0
0.0 155.0
0.0 156.0
0.0 157.0
0.0 158.0
0.0 159.0
0.0 160.0
0.0 161.0
0.0 162.0
0.0 163.0
0.0 164.0
0.0 165.0
0.0 166.0
0.0 167.0
0.0 168.0
0.0 169.0
0.0 170.0
0.0 171.0
0.0 172.0
0.0 173.0
0.0 174.0
0.0 175.0
0.0 176.0
0.0 177.0
0.0 178.0
0.8331735460713858 178.55301161120434
1.707290988817344 179.03872623553355
2.6198236604383505 179.44773005363825
3.562145620908379 179.78243787072046
4.527595507678354 180.04302665815354
5.504923549830002 180.25475737870215
6.489102112439733 180.43193682700087
7.477473756262542 180.58399436113515
8.468479889122554 180.7178108198906
9.461159876973715 180.83858516203253
10.454908753090574 180.95022373608504
11.449341438286535 181.05559752131623
12.444211213649687 181.1567613986088
13.439359439589692 181.25514843235038
14.43468407294881 181.35173452984137
15.430119664695567 181.44717028144305
16.42562447413618 181.54188128598116
17.421172084602567 181.63614132679731
18.416745925922314 181.73012391284308
19.41233570229575 181.82393754287995
20.40793507741187 181.91764925115802
21.40354018805217 182.0113000048492
22.399148699846915 182.10491459367944
23.394747729431685 182.19862997283286
24.39028970714503 182.29294948624658
25.38562674651067 182.38940765369153
26.38055963407965 182.4899489349329
27.3748638542981 182.59652809638476
28.368304451771277 182.71087747020087
29.360654548097735 182.83433307485643
30.351719560570544 182.96771276241145
31.341361533675148 183.11127029467508
32.32951613610816 183.2647319566316
33.316197354987175 183.4273977868217
34.3014894131844 183.59827657442708
35.28552937461877 183.77622419115806
36.26848572251376 183.9600633005253
37.25053782016302 184.14867315578925
38.23185948401391 184.34104724982723
39.212607961491756 184.5363225015231
40.19291809923298 184.73378650796926
41.17290064284753 184.932869943269
42.152643345171626 185.13313036682462
43.13221366919774 185.33423228200041
44.11166215250111 185.5359267751199
45.091025810927526 185.7380327486922
46.07033122549948 185.9404207547352
47.049597151737636 186.14299974108107
48.028836616820264 186.34570659845076
49.00805854129751 186.5484981727902
49.98726895498669 186.75134532145802
50.96647188557903 186.9542285901604
51.9456699941061 187.15713513085592
52.924865020912215 187.36005654293007
53.904058093501796 187.56298738482593
54.883249935928404 187.76592416248138
55.86244100933426 187.9688646507095
56.84163160514566 188.17180744332487
57.82082190619336 188.37475165815772
58.80001202639103 188.57769674557613
59.77920203625217 188.78064236535675
60.75815003602561 188.9847521734003
61.73576116492406 189.19517194588835
62.70919996574141 189.42411932207614
63.668140014438926 189.7077281777277
64.60132343001786 190.06712866866846
65.49304810909373 190.51970694557428
66.32340666982466 191.07693639617867
67.06979199585264 191.74245044192836
67.71544423915526 192.50608201586851
68.25523705464535 193.34787992293724
68.69545521914836 194.24577076688297
69.04961524591415 195.18095560179063
69.33384244310393 196.1397125576338
69.56370394460004 197.1129359082219
69.75265971042083 198.09492150819938
69.91160662647054 199.08220863861195
70.04899245659898 200.07272624758207
70.1711640777648 201.0652352374566
70.28277343749224 202.05898739510016
70.38716035213685 203.0535241576439
70.4866836395279 204.04855939082253
70.58299653421318 205.04391049787841
70.67727404316341 206.03945645427928
70.77040614921299 207.0351102147918
70.86316614652726 208.03079871171155
70.89839444283541 208.40894026427392
70.97548249719867 209.2586244696186
70.97741510226182 209.25715031049864
70.97548249618958 209.25862445849617
70.97741510735514 209.2571503096117
71.77251227979491 208.65066825185707
72.56760709077594 208.04418309824567
73.36270131339958 207.43769717330554
74.15779553741075 206.83121125018442
74.9528899095695 206.22472552128266
75.74798442936478 205.61823998593042
76.543079059678 205.0117545954658
77.33817376355964 204.40526930144836
78.1332685133602 203.7987840676301
78.9283632906778 203.19229886988632
79.72345808402792 202.58581369316101
80.51855288652897 201.97932852843246
81.31364769417176 201.37284337044468
82.10874250466802 200.76635821619777
82.90450313274651 200.16074693591963
83.70353081618114 199.55945269754287
84.51128628654705 198.96993501325005
85.33570541900653 198.40395524856342
86.18531200081571 197.87653828244788
87.06647760788059 197.4037305277251
87.98117079983156 196.99958158909163
88.92640788559126 196.67319707398025
89.89561462060863 196.42694861246832
90.88092459133384 196.25617314119245
91.87529920735089 196.1502527795006
92.87373065986554 196.09426497163594
93.8734510604533 196.07061923949152
94.8734012564249 196.06063898015856
95.87329605423403 196.04613403913106
96.87267922327561 196.01101593217155
97.87034473877648 195.94272596819167
98.86432114981076 195.83313174248877
99.85232078214435 195.67867551403327
100.83234619202554 195.47980320327287
101.80314783602346 195.239919548117
102.76438611948859 194.9642005563863
103.71652585402298 194.6585374642067
104.66058331449858 194.3287564591134
105.59784763593723 193.98013690751287
106.52965301168376 193.61717858796385
107.4572291018991 193.24354427896532
108.38162462585817 192.86210894331265
109.30368503528825 192.47506294945453
110.22406340690874 192.08403398242876
111.14324773447524 191.69020639076442
112.06159329618973 191.29442686971856
112.97935358988659 190.89729207734518
113.89671039847596 190.4992261459535
114.8137948688364 190.10053318862452
115.73070084061003 189.70142989507025
116.6474938939804 189.30206728128195
117.5642183280253 188.90254717912808
118.4809029003074 188.50293562406495
119.39756549315968 188.10327365331298
120.31418619056197 187.70351560512165
121.23074227726985 187.30360944122978
122.14722437783354 186.90353374920844
123.0636362592891 186.5032972397205
123.97998918586336 186.10292576975945
124.89629666460132 185.70245029684148
125.81257123484275 185.3018995361021
126.72882308935135 184.9012968163041
127.64505984414082 184.5006595624536
128.56128686304805 184.10000004387905
129.47750776035858 183.69932652674635
130.39372488892667 183.2986443917335
131.3099397385351 182.89795704559305
132.2261532311838 182.49726659663213
133.14236592664878 182.09657432484647
134.0585781592826 181.69588099476454
134.9747901259979 181.29518705664265
135.89100194134699 180.89449277241246
136.8072136712522 180.49379829280977
137.72342535328784 180.09310370375044
138.63963700868737 179.69240905378615
139.55584864935776 179.29171437014276
140.47206028192943 178.8910196679812
141.38827191007132 178.4903249556907
142.30448353580192 178.08963023788658
143.22069516022572 177.68893551709442
144.13690678394426 177.28824079468967
145.05311840728365 176.88754607141792
145.96933003041988 176.4868513476817
146.88554165344766 176.0861566236975
147.80175327641774 175.6854618995813
148.71796489935718 175.28476717539507
149.6341765222804 174.88407245117176
150.5503881451951 174.4833777269289
151.46659976810525 174.0826830026757
152.38281139101304 173.68198827841707
153.29902301391957 173.28129355415564
154.21523463682547 172.8805988298927
155.13144625973104 172.479904105629
156.0476578826364 172.07920938136488
156.9638695055417 171.67851465710058
157.88008112844696 171.27781993283617
158.79629275135215 170.87712520857167
159.71250437425738 170.47643048430717
160.6287159971626 170.07573576004262
161.54492762006777 169.67504103577807
162.46113924297296 169.2743463115135
163.37735086587816 168.87365158724896
164.29356248878335 168.47295686298443
165.20977411168855 168.0722621387199
166.12598573459374 167.67156741445535
167.04219735749894 167.27087269019083
167.95840898040413 166.8701779659263
168.87462060330932 166.46948324166178
169.7908322262145 166.0687885173972
170.70704384911966 165.66809379313264
171.62325547202488 165.26739906886812
172.53946709493007 164.8667043446036
173.45567871783527 164.46600962033904
174.37189034074046 164.0653148960745
175.28810132861707 163.6646187197836
176.20431108575343 163.26391972935795
177.12051935293672 162.86321733212907
178.03672617752264 162.4625116364094
178.95293178015402 162.0618031467228
179.8691364365422 161.6610924934921
180.785340406032 161.26038026970662
181.701543900654 160.85966696016672
182.6177470793108 160.45895292819478
183.53395005410783 160.05823843011282
184.45015290066573 159.65752363882203
185.36635566824748 159.25680866695856
186.2825583880607 158.85609358587618
187.198761079426 158.45537843974992
188.11496375407646 158.05466325540658
189.0311664190216 157.65394804887276
189.9473690783901 157.25323282958843
190.86357173458407 156.8525176030458
191.77977438898597 156.45180237240578
192.69597704238384 156.0510871394701
193.612179695223 155.650371905257
194.52838234775325 155.24965667033757
195.44458500011365 154.84894143502973
196.36078765238108 154.4482261995094
197.27699030459797 154.04751096387346
198.1931929567874 153.64679572817482
199.10939560896207 153.2460804924424
200.0255979095171 152.8453644527613
200.94179952861563 152.44464685499298
201.85800032273823 152.04392737100306
202.77420031810934 151.64320606076114
203.69039963689931 151.24248320360326
204.60659843176776 150.84175914857087
205.5227968463111 150.4410342239801
206.43899499792784 150.04030869824697
207.3551929745999 149.63958277252968
208.27139083839836 149.23885658874434
209.18758863119302 148.83813024261997
210.10378638025998 148.4374037965191
211.01998349304375 148.03667589566038
211.93617940816438 147.63594525655688
212.85237388318973 147.23521132496012
213.76856696747814 146.8344742137487
214.68475887520492 146.43373441261087
215.6009498724729 146.0329925299419
216.517140209103 145.6322491369014
217.43332885478674 145.2315018779961
218.3495148044114 144.83074845541518
219.26569766188751 144.429987963766
220.1818762300582 144.0292176664326
221.09804970751725 143.62843573170926
222.0142166490407 143.22763885639756
222.93037537332398 142.82682319812108
223.84652530062107 142.4259874328586
224.76266575112413 142.02513000813997
225.67879644863027 141.62425029415218
226.59491784358795 141.2233493217153
227.51103102088695 140.82242957116773
228.42713741220805 140.42149431482252
229.3432385097743 140.02054696286976
230.2593356698356 139.6195906144631
231.1754300161528 139.2186278373308
232.09152241883365 138.8176606195306
233.0076135172792 138.41669042194877
233.92370376214393 138.01571827420815
234.83979346036887 137.6147448775767
235.75588281511733 137.21377069621767
236.67197195763575 136.81279602998563
237.58806097095805 136.41182106858503
238.32379545737285 135.73455098545722
239.05952994378762 135.0572809023294
239.79526443020245 134.3800108192016
240.53099891661728 133.7027407360738
241.26673340303205 133.02547065294598
242.00246788944685 132.34820056981818
242.73820237586165 131.67093048669034
243.47393686227645 130.99366040356256
244.20967134869124 130.31639032043475
244.94540583510604 129.63912023730694
245.68114032152087 128.96185015417913
246.41687480793564 128.28458007105132
247.15260929435047 127.60730998792351
247.88834378076527 126.9300399047957
248.62407826718007 126.25276982166788
249.3598127535949 125.57549973854009
250.0955472400097 124.89822965541228
250.83128172642446 124.22095957228447
251.56701621283926 123.54368948915666
252.3027506992541 122.86641940602885
253.03848518566886 122.18914932290105
253.7742196720837 121.51187923977324
254.5099541584985 120.83460915664543
255.24568864491326 120.15733907351762
255.98142313132809 119.48006899038982
256.7171576177429 118.802798907262
257.4528921041577 118.1255288241342
258.1886265905725 117.44825874100637
258.9243610769873 116.77098865787858
259.66009556340214 116.09371857475077
260.3739446164663 115.39341897497977
261.0877936695304 114.69311937520877
261.8016427225946 113.99281977543775
262.5154917756587 113.29252017566677
263.22934082872285 112.59222057589577
263.943189881787 111.89192097612475
264.65703893485113 111.19162137635375
265.3708879879153 110.49132177658275
266.08473704097946 109.79102217681174
266.79858609404357 109.09072257704075
267.51243514710774 108.39042297726975
268.2262842001719 107.69012337749875
268.92897551597275 106.97862853233252
269.63166683177354 106.26713368716631
270.3343581475744 105.55563884200009
271.0370494633752 104.84414399683388
271.73974077917603 104.13264915166765
272.4341516681215 103.4130704434543
273.12856255706697 102.69349173524097
273.8229734460124 101.97391302702763
274.5203874912286 101.25724458936958
275.2178015364447 100.54057615171152
275.9423375279698 99.85133918449
276.7045382790833 99.20399845890412
277.51077966308236 98.61241175289453
278.3610250076742 98.0860251516214
279.250305068593 97.6286620865929
280.1711799509734 97.23880384184122
281.1158748322363 96.91085326429071
282.0775786575708 96.63676249039119
283.0509504755689 96.40753050325365
284.0321073176439 96.21431753461695
285.01836965314476 96.04913095655334
286.00795056096365 95.90515308714163
286.99968142342647 95.77681799280367
287.9928037559057 95.65973668459876
288.9868245885426 95.55054609762453
289.98142130754115 95.44673200148486
290.97638090809915 95.34645541769
291.9715616201437 95.24839752471583
292.96686851724934 95.15162882846602
293.96223773483496 95.05550328200164
294.9576260432911 94.9595756249428
295.9530038682596 94.86353924870441
296.94835063231415 94.76718148157474
297.94365170152093 94.67035286165344
298.9388964176181 94.57294672693538
299.9340768086318 94.47488557590322
300.92918667665583 94.37611133553021
301.9242208844595 94.2765777969588
302.91917477626146 94.1762445861653
303.91404373240874 94.07507265283172
304.9088227541115 93.97302022522688
305.90350610753796 93.87003951627474
306.89808716777225 93.76607550989198
307.892558532248 93.66106739002623
308.88691232915835 93.55495176172363
309.8811405617396 93.44766606119265
310.8752353383745 93.33915073938476
311.8691889048197 93.22934952012501
312.86299346903627 93.11820777215323
313.8566408619903 93.00566951876468
314.85012210688615 92.89167383445967
315.84342698005275 92.77615141696612
316.83654363795415 92.65902198514453
317.8294583566525 92.54019285827658
318.822155389772 92.41955869878737
319.81461983147665 92.29702571566952
320.80685354127695 92.1726381554557
321.7989193774174 92.04691871876045
322.79101801984484 91.92145843144363
323.78356359373794 91.7995843827492
324.7771741645681 91.68672148568166
325.77248916744327 91.59003619697867
326.7698320406765 91.51718571166157
327.76891608215067 91.47439461361964
328.7688665166693 91.46443828367575
329.768650175076 91.48523819672633
330.7676667637347 91.5295761667374
331.76607389479165 91.58599602720012
332.76458538272385 91.64053783196893
333.7638541262819 91.67877365480447
334.76381437749694 91.68768970717807
335.76334709671767 91.65712267907338
336.76041427239807 91.5805913313736
337.75255606834685 91.45547276068339
338.73749903115754 91.28259314936473
339.7136318007066 91.06541852789036
340.6802211656127 90.80908866296959
341.6373756227597 90.51951078887768
342.58584645594624 90.20264634058091
343.5267720582701 89.86403297567705
344.461455726425 89.50855239887363
345.39117652582826 89.14028722925127
346.31707112655766 88.76250529699385
347.24008738735506 88.37774435523454
348.1609838944506 87.98793719365432
349.08035038404046 87.59453503578104
349.99863439992185 87.19861273762558
350.91616785110386 86.80095413283752
351.83319123127137 86.40212068360574
352.7498747468675 86.00250670457808
353.6663360835428 85.6023834505933
354.5826547930362 85.20193367517545
355.4988835033155 84.80127802444775
356.4150563319323 84.40049460649702
357.33119498212403 83.99963306727818
358.2473130197825 83.59872442297524
359.16341878785545 83.19778774255869
360.07951734080086 82.79683457660113
360.99561169864705 82.3958718258094
361.9117036685567 81.99490361925537
362.82779425853744 81.5939322599929
363.7438840575727 81.19295909367926
364.659973411029 80.79198490936804
365.5760625183059 80.39101016262123
366.4921514920951 79.99003511090123
367.40824039472284 79.58905989660205
368.3243292599819 79.18808459692832
369.24041810587505 78.78710925301039
370.15650694184745 78.3861338864269
371.07259577278876 77.98515850834917
371.98868460120127 77.58418312449396
372.9047734283526 77.18320773775741
373.82086225487933 76.78223234959384
374.7369510810986 76.38125696072788
375.65303990716734 75.98028157151808
376.56912873316276 75.57930618214078
377.4852175591227 75.17833079268229
378.40130638506537 74.77735540318452
379.31739521099985 74.3763800136679
380.23348403693035 73.97540462414221
381.1495728628589 73.57442923461218
382.0656616887866 73.1734538450801
382.98175051471384 72.77247845554703
383.89783934064087 72.37150306601349
384.81392816656785 71.97052767647972
385.73001699249477 71.56955228694586
386.6461058184217 71.16857689741195
387.5621946443486 70.767601507878
388.47828347027547 70.36662611834403
389.39437229620233 69.96565072881006
390.31046112212925 69.56467533927612
391.2265499480561 69.16369994974217
392.142638773983 68.76272456020821
393.05872759990984 68.36174917067426
393.9748164258367 67.9607737811403
394.89090525176357 67.55979839160635
395.80699407769043 67.15882300207238
396.72308290361735 66.75784761253843
397.6391717295443 66.35687222300446
398.55526055547114 65.95589683347049
399.471349381398 65.55492144393652
400.38743820732486 65.15394605440257
401.3035270332517 64.75297066486863
402.2196158591786 64.35199527533467
403.13570468510545 63.95101988580072
404.0517935110323 63.55004449626676
404.9678823369592 63.14906910673281
405.88397116288604 62.74809371719885
406.8000599888129 62.34711832766489
407.71614881473977 61.94614293813094
408.63223764066663 61.54516754859698
409.5483264665935 61.144192159063024
410.46441529252036 60.74321676952907
411.3805041184472 60.34224137999512
412.29659294437414 59.94126599046117
413.21268177030106 59.54029060092721
414.1287705962279 59.13931521139324
415.0448594221548 58.738339821859284
415.96094824808165 58.33736443232533
416.8770370740085 57.936389042791376
417.7931258999354 57.53541365325741
418.70921472586224 57.134438263723446
419.6253035517891 56.733462874189485
420.541392377716 56.332487484655545
421.4574812036429 55.931512095121576
422.3735700295697 55.53053670558761
423.28965885549655 55.12956131605367
424.2057476814234 54.72858592651972
425.1218365073503 54.327610536985766
426.0379253332772 53.92663514745182
426.9540141592041 53.52565975791786
427.870102985131 53.124684368383896
428.78619181105785 52.72370897884993
429.7022806369847 52.32273358931597
430.6183694629116 51.921758199782005
431.53445828883844 51.52078281024804
432.4505471147653 51.119807420714096
433.36663594069216 50.71883203118014
434.282724766619 50.3178566416462
435.1988135925459 49.91688125211225
436.11490241847275 49.51590586257829
437.0309912443996 49.11493047304433
437.9470800703265 48.713955083510385
438.86316889625334 48.312979693976445
439.7792577221802 47.91200430444249
440.69534654810707 47.51102891490852
441.61143537403393 47.11005352537457
442.5275241999608 46.70907813584061
443.44361302588766 46.30810274630667
444.3597018518145 45.907127356772705
445.2757906777414 45.50615196723874
446.1918795036683 45.10517657770481
447.10796832959517 44.70420118817084
448.02405715552203 44.30322579863689
448.9401459814489 43.902250409102926
449.85623480737576 43.50127501956898
450.7723236333027 43.100299630035025
451.68841245922954 42.69932424050107
452.6045012851564 42.298348850967116
453.52059011108327 41.89737346143315
454.43667893701013 41.49639807189917
455.352767762937 41.095422682365225
456.26885658886385 40.69444729283127
457.1849454147907 40.293471903297316
458.10103424071747 39.89249651376343
458.59074461197406 39.678148514621796
458.45213086219 40.66849503396278
458.45213086218996 40.66849503396289
458.31351711240586 41.65884155330387
458.1749033626217 42.64918807264485
458.0362896128376 43.63953459198582
457.8976758630535 44.629881111326796
457.75906211326947 45.62022763066778
457.6204483634853 46.610574150008745
457.48183461370127 47.600920669349726
457.3432208639171 48.59126718869069
457.20460711413295 49.58161370803167
457.06599336434886 50.57196022737264
456.92737961456476 51.56230674671362
456.78876586478066 52.55265326605459
456.65015211499656 53.542999785395565
456.5115383652124 54.53334630473654
456.3729246154283 55.523692824077514
456.2343108656442 56.514039343418496
456.0956971158601 57.50438586275948
455.957083366076 58.49473238210045
455.8184696162919 59.48507890144143
455.67985586650775 60.47542542078241
455.54124211672365 61.46577194012339
455.40262836693955 62.45611845946436
455.26401461715545 63.44646497880534
455.12540086737135 64.43681149814631
454.98678711758726 65.4271580174873
454.84817336780316 66.41750453682829
454.70955961801906 67.40785105616926
454.57094586823496 68.39819757551024
454.43233211845086 69.38854409485121
454.29371836866676 70.37889061419219
454.15510461888266 71.36923713353316
454.01649086909856 72.35958365287414
453.87787711931446 73.34993017221512
453.7392633695303 74.34027669155608
453.60064961974626 75.33062321089707
453.46203586996216 76.32096973023805
453.32342212017795 77.31131624957902
453.18480837039385 78.30166276892001
453.04619462060975 79.29200928826099
452.90758087082565 80.28235580760196
452.76896712104156 81.27270232694293
452.63035337125746 82.26304884628391
452.49173962147336 83.25339536562488
452.35312587168926 84.24374188496586
452.21451212190516 85.23408840430685
452.07589837212106 86.22443492364782
451.93728462233696 87.2147814429888
451.79867087255286 88.20512796232978
451.6600571227687 89.19547448167074
451.5214433729846 90.18582100101172
451.3828296232005 91.17616752035269
451.24421587341647 92.16651403969368
451.1056021236323 93.15686055903466
450.9669883738482 94.14720707837563
450.8283746240641 95.13755359771662
450.68976087427995 96.12790011705758
450.55114712449586 97.11824663639857
450.41253337471176 98.10859315573954
450.27391962492766 99.09893967508052
450.13530587514356 100.08928619442148
449.99669212535946 101.07963271376245
449.85807837557536 102.06997923310342
449.71946462579126 103.0603257524444
449.58085087600716 104.05067227178537
449.44223712622306 105.04101879112636
449.30362337643896 106.03136531046734
449.16500962665486 107.02171182980831
449.0263958768707 108.01205834914927
448.88778212708667 109.00240486849026
448.7491683773025 109.99275138783122
448.61055462751835 110.9830979071722
448.47194087773426 111.97344442651318
448.33332712795016 112.96379094585416
448.19471337816606 113.95413746519513
448.05609962838196 114.9444839845361
447.91748587859786 115.93483050387708
447.77887212881376 116.92517702321805
447.64025837902966 117.91552354255904
447.50164462924556 118.90587006190003
447.36303087946146 119.896216581241
447.22441712967736 120.88656310058198
447.08580337989326 121.87690961992297
446.94718963010916 122.86725613926396
446.80857588032507 123.85760265860492
446.66996213054097 124.84794917794589
446.53134838075687 125.83829569728687
446.39273463097277 126.82864221662784
446.2541208811886 127.81898873596882
446.11550713140446 128.8093352553098
445.97689338162036 129.79968177465076
445.83827963183626 130.79002829399172
445.6996658820522 131.7803748133327
445.5610521322682 132.7707213326737
445.422438382484 133.76106785201466
445.28382463269986 134.75141437135565
445.14521088291576 135.74176089069664
445.00659713313166 136.7321074100376
444.86798338334756 137.72245392937856
444.72936963356346 138.71280044871952
444.59075588377937 139.7031469680605
444.45214213399527 140.6934934874015
444.3135283842111 141.68384000674249
444.174914634427 142.67418652608345
444.0363008846429 143.6645330454244
443.89768713485887 144.6548795647654
443.7590733850747 145.64522608410635
443.6204596352906 146.63557260344734
443.48184588550646 147.6259191227883
443.3432321357225 148.6162656421293
443.20461838593826 149.60661216147025
443.0660046361542 150.59695868081124
442.92739088637006 151.5873052001522
442.788777136586 152.5776517194932
442.65016338680186 153.56799823883415
442.51154963701777 154.55834475817514
442.37293588723367 155.54869127751613
442.23432213744957 156.53903779685712
442.09570838766547 157.5293843161981
441.9570946378813 158.51973083553906
441.81848088809716 159.51007735488002
441.67986713831317 160.500423874221
441.54125338852907 161.490770393562
441.4026396387449 162.48111691290296
441.26402588896076 163.47146343224392
441.1254121391767 164.4618099515849
440.9867983893926 165.4521564709259
440.84818463960846 166.4425029902669
440.7095708898244 167.43284950960788
440.57095714004026 168.42319602894887
440.43234339025616 169.41354254828985
440.29372964047207 170.40388906763081
440.15511589068797 171.39423558697177
440.0165021409038 172.38458210631276
439.87788839111977 173.37492862565375
439.73927464133567 174.36527514499474
439.60066089155157 175.3556216643357
439.4620471417674 176.3459681836767
439.3234333919833 177.33631470301768
439.1848196421992 178.32666122235864
439.0462058924151 179.31700774169963
438.90759214263096 180.3073542610406
438.783791612963 181.29966138529898
438.6690957116591 182.29306203469685
438.56869930058235 183.2880095512237
438.4873065662079 184.28469165841287
438.4288651087155 185.28298249581758
438.3964209616627 186.2824560459038
438.39203371357473 187.28244642188463
438.4167839978379 188.28214008667845
438.47086270751487 189.28067676259963
438.55371465827864 190.2772386293468
438.66420724717284 191.27111557736373
438.80079955304996 192.26174292504558
438.9616949980026 193.24871438146846
439.1510039494252 194.23063195484787
439.35937958743693 195.20868082555077
439.58399952709055 196.18312727493114
439.82362803439895 197.15399193001195
440.07724300490423 198.12129718004198
440.3437581902492 199.08512789960872
440.6220349705717 200.04562882804834
440.9109414896101 201.00298614026627
441.30576367528874 201.9217436935391
441.8803945882024 202.74015637301318
442.68399451832875 203.335326224653
443.6763522414103 203.4587205091252
444.6628597661615 203.29500458561938
445.60730275879143 202.9663293147635
446.51202530742376 202.54032801195288
447.38764992249617 202.05733574133225
448.24413321894554 201.54116100066472
449.08851953543603 201.005426226244
449.92527636916805 200.45785157270095
450.7571491556596 199.90288520696805
451.58583765130714 199.34317512381662
452.4279199553706 198.80382607803722
453.28666397866255 198.29142125520627
454.15910307779257 197.80269841114304
455.0981453465284 197.45889669862905
456.0956956689798 197.52884921235946
457.0177035730586 197.91602026605034
457.77166822196926 198.57293525917586
458.32418350868284 199.40643802338712
458.69497986465456 200.33515222183468
458.9939313415271 201.28942053550526
459.25120688048924 202.25575862181444
459.47949121183956 203.22935312881413
459.687170758413 204.20755004453972
459.88046366267986 205.1886911420176
460.06388536365324 206.17172546472057
460.2406046126508 207.1559867649014
460.4127938492186 208.1410506546112
460.58192417398357 209.12664435043362
460.74898685602795 210.11259062699645
460.914649398117 211.09877312640953
461.0793619441119 212.0851147392354
461.2434287527142 213.07156396870187
461.407055969522 214.0580862106811
461.5703835669243 215.04465810158757
461.7335231775186 216.03126109542814
461.89659562904194 217.01787519199996
462.05974770456027 218.00447612462372
462.22314185490274 218.9910369953427
462.3869302402522 219.97753249194906
462.55122938445453 220.96394305110502
462.7161059174301 221.95025726517372
462.8815755304074 222.93647215412093
463.0476117003175 223.92259181738783
463.2141589939456 224.90862528486505
463.38114657779573 225.89458428342425
463.54849932449605 226.8804813663756
463.7161455534007 227.86632858675716
463.8840215424129 228.8521367082053
464.0521037184881 229.8379096953001
464.22045142709885 230.8236373701706
464.3892190342712 231.80929324052764
464.55862353780617 232.79483984733122
464.72888710700624 233.78023840477044
464.9001834722441 234.76545795149914
465.07260669811893 235.75048091122085
465.2462104448477 236.7352964975728
465.42108443395125 237.71988732016612
465.59739617926743 238.70422169854754
465.77536853155436 239.688257186638
465.95527607061376 240.67194071165488
466.1374654603309 241.65520416885977
466.32234424832603 242.6379654998804
466.51040021247974 243.6201238141792
466.7022303796007 244.6015519506122
466.8985904286183 245.5820838119761
467.1004441293742 246.56149949670407
467.30895622780616 247.53951928423777
467.5253956948206 248.5158153239299
467.7509695052362 249.4900414044957
467.9866418952131 250.46187396445785
468.2329943137338 251.4310542809568
468.49015827228317 252.39742206726967
468.7578251511616 253.3609335835223
469.03531621753604 254.32166180111687
469.3216997193665 255.279776872431
469.6159343303071 256.2355100955245
469.91700360452955 257.1891123669769
470.2240077566621 258.140820542088
470.53619902872197 259.0908398101293
470.8529697424143 260.039341952956
471.17381475368035 260.98647366435927
471.49829001274895 261.93236784779225
471.82598125168624 262.8771527185029
472.15648769940094 263.8209564523475
472.4894185830146 264.76390768477484
472.8243973861702 265.70613334852874
473.1610693770061 266.6477553377508
473.4991094521908 267.588887054127
473.83822856222815 268.5296304990722
474.17817775812216 269.4700743008015
474.51874947758677 270.410292841302
474.8597752534217 271.3503467866776
475.20112000943635 272.29028495354885
475.5426748652423 273.2301467947124
475.8843508931347 274.1699645919283
476.22607523113 275.10976482432966
476.56778817281105 276.04956920050995
476.90943971153206 276.9893959005401
477.2509860009612 277.9292608547634
477.592387299495 278.8691784859202
477.93360645417613 279.8091622562474
478.27460671461944 280.7492254575151
478.6153483064007 281.68938244846413
478.95578512368445 282.6296498431119
479.29586249854606 283.5700473011621
479.6355170001954 284.5105975760062
479.97467761312885 285.45132605895685
480.3132667131827 286.39226039318254
480.6512013713673 287.33342996706267
480.9850787428706 288.2760464854826
481.3085855304182 289.2222723350611
481.6153676232402 290.1740521139616
481.901308911581 291.13229925307655
482.165207360899 292.0968497226983
482.4082755249925 293.0668589327599
482.633191447262 294.0412371077565
482.843207063014 295.01893513943105
483.04152684487525 295.99907250945756
483.23097045068886 296.9809641125464
483.41384738611885 297.964099925386
483.59195922550214 298.94811017567383
483.76666356730414 299.9327311143886
483.9389581185443 300.91777658928453
484.1095627079901 301.90311616225415
484.2789896308854 302.88865891515644
484.44767718692987 303.87432848881474
484.6160218971929 304.860056675754
484.7843426430173 305.8457889550901
484.9528514963331 306.83148909527176
485.1216565295208 307.81713855667806
485.2916059314558 308.8025913464056
485.4642050388521 309.7875835027835
485.6409256412341 310.77184455996996
485.82390606869734 311.7549611162161
486.0156442195082 312.7364072336997
486.2194169357009 313.7154254562755
486.43902569232506 314.6910134810144
486.6778038835606 315.66208761587245
486.93768134392826 316.6277292189493
487.2188181494365 317.5873969200774
487.519811085684 318.54102328943236
487.8382148807127 319.48897846944425
488.1711111343292 320.4319419280831
488.51556051480367 321.3707468195759
488.8688932794761 322.30624452529673
489.2288544301225 323.2392118184133
489.5936410161677 324.17030297756025
489.9618718482071 325.1000373774485
490.3325236533125 326.0288092759102
490.70485771523204 326.9569080563934
491.07835111915824 327.8845408917456
491.45263902634485 328.81185344020696
491.8274694844134 329.7389468161428
492.20266969681404 330.6658906119657
492.57812166853523 331.592732463055
492.95374502414916 332.51950487023885
493.3294850761545 333.44622997150617
493.7053046250883 334.3729228368285
494.08117836052486 335.29959372501315
494.45708905187786 336.2262496223809
494.8330249612628 337.15289528930805
495.20897808712533 338.0795339714027
495.5849429714702 339.00616788279365
495.96091588924156 339.932798534727
496.33689429691634 340.8594269591574
496.7128764570731 341.7860538610138
497.08867412289396 342.7127556007141
497.4639189763093 343.6396813258859
497.83832344412644 344.5669468188697
498.21065358656494 345.49504717175824
498.5825473507631 346.42332246936695
498.95434935322277 347.3516345241023
499.32217780141576 348.2815281915181
499.68909987549597 349.21177987335085
