12.742806415718706
291816
724
0.0 100.0
0.0 99.0
0.0 98.0
0.0 97.0
0.0 96.0
0.0 95.0
0.0 94.0
0.0 93.0
0.0 92.0
0.004265961938867102 91.00000909925703
0.8209873563257085 90.42297689569226
1.6377087507125498 89.84594469212749
2.4544301450993915 89.26891248856272
3.271151539486234 88.69188028499796
4.087872933873062 88.11484808143317
4.9045943282599085 87.53781587786841
5.759562924010728 87.01913611126875
6.631475603801632 86.5294747192642
7.5110555886314305 86.05372368112891
8.39382820095948 85.58392317567633
9.277501148781738 85.11581835697959
10.16077911623219 84.64696866654927
11.04319261230042 84.17649398927466
11.92453925130448 83.7040237765456
12.80433140531455 83.22866521110018
13.682788848826867 82.75084461721812
14.55990770434852 82.270571243723
15.43563401139358 81.78776337805672
16.30992395415838 81.30235932370579
17.18238795996215 80.81368094422001
18.053391284892 80.32240382490633
18.922361394534683 79.82753924893873
19.790322102303232 79.3309063767183
20.657104966948587 78.832220638445
21.5226297556546 78.3313545484215
22.38686355205153 77.82826415379509
23.249799251201033 77.32295041052922
24.111444169481025 76.8154388000194
24.97181426661212 76.30576900891674
25.830931589819972 75.79399032143144
26.688823528818318 75.2801601734237
27.545522971297025 74.76434425155168
28.40106875066476 74.24661708459396
29.255505993149313 73.72706246893225
30.108886137674794 73.20577336591006
30.96126652174793 72.68285111466489
31.81270948893369 72.1584039069977
32.66328097405635 71.63254446884315
33.51304848026312 71.10538682126975
34.362078323173414 70.57704192837522
35.21043203682808 70.0476120684992
36.05816195068516 69.51718394598697
36.90530615123012 68.98582088415162
37.75188328291298 68.45355482275785
38.59788783566512 67.92037915121738
39.443286625158876 67.38624350672012
40.28789563999794 66.8508598946693
41.131662521364106 66.31415005694541
41.974516219438 65.77600728439972
42.81634038880087 65.23625542671277
43.656978118320794 64.69465759833125
44.496238717662024 64.15092821123378
45.333899163001206 63.60473687267725
46.16970004161463 63.05570418575503
47.00333830006334 62.503393354745356
47.834460063700305 61.94730288188237
48.6626570823055 61.38686582174674
49.487470051268446 60.82146015655533
50.30840167988916 60.2504336588075
51.124933278485216 59.673132915265484
51.93655251510545 59.0889461174448
52.74293503553629 58.49755180673188
53.54434551111985 57.89943706052934
54.34215563437808 57.296528272049116
55.13794753250356 56.690958082163704
55.93208193986021 56.08321591392761
56.72324102316202 55.47160549469896
57.5091903319056 54.853314556640285
58.28801765433883 54.22607616349819
59.059075691888495 53.58931129109233
59.82326667922486 52.94432126413541
60.582711805543994 52.29374989978703
61.3401037837683 51.64078941758196
61.91097040915212 51.14863560858689
61.91171545942187 50.90245133578378
62.195526588953264 50.903314895245
63.1955219598951 50.906357607013135
64.19551733083694 50.909400318781266
65.19551270177877 50.912443030549404
66.1955080727206 50.91548574231754
67.19550344366243 50.918528454085674
68.19549881460426 50.921571165853805
69.1954941855461 50.924613877621944
70.19548955648793 50.92765658939008
71.19548492742976 50.93069930115823
72.19548029837159 50.933742012926366
73.19547566931342 50.936784724694505
74.19547104025526 50.93982743646264
75.19546641119709 50.94287014823078
76.19546178213892 50.94591285999891
77.19545715308075 50.948955571767044
78.19545252402258 50.95199828353518
79.19544789496442 50.95504099530332
80.19544326590625 50.95808370707146
81.19543863684808 50.9611264188396
82.19543400778991 50.964169130607736
83.19542937873175 50.96721184237587
84.19542474967358 50.970254554144006
85.19542012061541 50.97329726591214
86.19541549155724 50.97633997768028
87.19541086249907 50.97938268944842
88.1954062334409 50.98242540121656
89.19540160438274 50.98546811298469
90.19539697532457 50.98851082475282
91.1953923462664 50.99155353652096
92.19538771720823 50.9945962482891
93.19538308815007 50.99763896005723
94.1953784590919 51.00068167182537
95.19537383003373 51.00372438359351
96.19536920097556 51.006767095361646
97.1953645719174 51.009809807129784
98.19535994285923 51.01285251889792
99.19535531380106 51.01589523066606
100.19535068474289 51.01893794243419
101.19534605568472 51.02198065420233
102.19534142662656 51.02502336597047
103.19533679756839 51.028066077738615
104.19533216851022 51.03110878950675
105.19532753945205 51.03415150127489
106.19532291039388 51.03719421304303
107.19531828133572 51.04023692481117
108.19531365227755 51.0432796365793
109.19530902321938 51.04632234834744
110.19530439416121 51.049365060115576
111.19529976510304 51.05240777188372
112.19529513604488 51.05545048365186
113.19529050698671 51.05849319542
114.19528587792854 51.06153590718813
115.19528124887037 51.06457861895626
116.1952766198122 51.06762133072439
117.19527199075404 51.07066404249253
118.19526736169587 51.07370675426067
119.1952627326377 51.07674946602881
120.19525810357953 51.079792177796946
121.19525347452137 51.082834889565085
122.1952488454632 51.08587760133322
123.19524421640503 51.08892031310136
124.19523958734686 51.0919630248695
125.1952349582887 51.09500573663763
126.19523032923053 51.09804844840576
127.19522570017236 51.101091160173894
128.1952210711142 51.10413387194204
129.19521644205602 51.10717658371018
130.19521181299785 51.11021929547831
131.1952071839397 51.11326200724645
132.19520255488152 51.116304719014586
133.19519792582335 51.119347430782724
134.19519329676518 51.122390142550856
135.19518866770701 51.12543285431899
136.19518403864885 51.12847556608713
137.19517940959068 51.13151827785528
138.1951747805325 51.13456098962341
139.19517015147434 51.13760370139154
140.19516552241618 51.14064641315968
141.195160893358 51.14368912492782
142.19515626429984 51.14673183669595
143.1951516352417 51.149774548464094
144.19514700618353 51.15281726023223
145.19514237712536 51.155859972000364
146.1951377480672 51.158902683768495
147.19513311900903 51.161945395536634
148.19512848995086 51.164988107304765
149.1951238608927 51.16803081907291
150.19511923183452 51.171073530841056
151.19511460277636 51.174116242609195
152.1951099737182 51.17715895437733
153.19510534466002 51.180201666145464
154.19510071560185 51.183244377913596
155.19509608654369 51.18628708968173
156.1950914574855 51.18932980144986
157.19508682842732 51.192372513218004
158.19508219936915 51.195415224986135
159.19507757031096 51.19845793675427
160.1950729412528 51.20150064852241
161.19506831219462 51.20454336029055
162.19506368313645 51.20758607205869
163.19505905407829 51.21062878382682
164.19505442502012 51.21367149559496
165.19504979596195 51.2167142073631
166.19504516690378 51.21975691913123
167.1950405378456 51.22279963089937
168.19503590878745 51.225842342667505
169.19503127972928 51.228885054435644
170.1950266506711 51.23192776620378
171.19502202161294 51.23497047797193
172.19501739255477 51.238013189740066
173.1950127634966 51.241055901508204
174.19500813443844 51.244098613276336
175.19500350538027 51.24714132504447
176.1949988763221 51.250184036812605
177.19499424726393 51.253226748580744
178.19498961820577 51.256269460348875
179.1949849891476 51.25931217211701
180.19498036008943 51.262354883885145
181.19497573103126 51.26539759565328
182.1949711019731 51.268440307421415
183.19496647291493 51.27148301918955
184.19496184385673 51.27452573095769
185.1949572147986 51.27756844272583
186.1949525857404 51.28061115449396
187.19494795668226 51.28365386626211
188.19494332762406 51.28669657803024
189.19493869856592 51.28973928979838
190.19493406950775 51.29278200156652
191.19492944044958 51.29582471333465
192.1949248113914 51.298867425102785
193.19492018233325 51.30191013687092
194.19491555327505 51.30495284863906
195.1949109242169 51.3079955604072
196.19490629515877 51.31103827217534
197.19490166610058 51.31408098394347
198.19489703704244 51.31712369571161
199.19489240798427 51.320166407479746
200.1948877789261 51.323209119247885
201.19488314986793 51.32625183101602
202.19487852080977 51.32929454278417
202.67001086517092 51.330740240252
202.87423265158967 52.30966488594844
203.09628080697001 53.28470058616264
203.34224051071567 54.25398064070487
203.62457514349882 55.213296623648546
203.95196350079874 56.158186492101194
204.32790525733117 57.084829786845894
204.75103782801003 57.990897569978415
205.21652347427394 58.875952999385106
205.71771741287037 59.74128798418245
206.24756378224959 60.58938162574314
206.79950643688395 61.423263695340026
207.36794529452794 62.24598920553184
207.94836910496048 63.06030376409196
208.53729904737108 63.86848785384642
209.13214323257944 64.67232887999761
209.73102464833954 65.47316659755165
210.3326165587925 66.2719701862251
210.93600087451173 67.06942072860627
211.54055416120144 67.86598543002899
212.1458601868561 68.66197827880725
212.75164528328816 69.45760659463119
213.35773200426507 70.25300516557249
213.96417579782172 71.04813152361668
214.57131419311912 71.84272762790849
215.1796544515796 72.63640396618261
215.78969494371705 73.42877420663382
216.40178433057355 74.2195627893142
217.01606200009275 75.00865273648756
217.6324704413919 75.79607932576121
218.25080824942194 76.58199176055314
218.87079378240452 77.36660500215203
219.49258494247584 78.14978809265969
220.1170111796094 78.9308718745802
220.7453232324263 79.70883329025901
221.37873510891487 80.4826481225821
222.01896137080467 81.25083451505898
222.66914892647478 82.01060825930904
223.33362022342814 82.75792204583055
224.01780079465246 83.48723469892192
224.72769710683164 84.19154090076483
225.46863258154673 84.86311712302762
226.24383170026567 85.49483408998145
227.0536226499384 86.0815526066725
227.89558283565592 86.62109226755624
228.76540110470333 87.11446451934121
229.65796447284816 87.56538650133582
230.56825478962008 87.97935695824222
231.49188194308942 88.36264912014238
232.42528444624338 88.72148023237474
233.3657151243823 89.06146573149964
234.3111255074983 89.38734793030224
235.26002328803915 89.70293151999708
236.21133966698574 90.01114759217363
237.16431953110958 90.31418121831854
238.11843570591105 90.61361789773886
239.07332414424212 90.91058266053346
240.02873595195194 91.20585927269337
240.98450246013897 91.49998574519788
241.94051018663893 91.79332723028375
242.89668316141018 92.08612962494115
243.85298289924015 92.37851774273375
244.80935997877327 92.67065278298686
245.76578957125525 92.96261585363918
246.72225853366245 93.25444992284913
247.6787628287156 93.54616816627052
248.63531083325364 93.83774305375965
249.5919289604432 94.12908779583049
250.54866597532185 94.42004188904986
251.50559323822844 94.71036965814208
252.46279991055445 94.99977488693823
253.42038408228944 95.28792858558288
254.37844203480591 95.57450311274812
255.3370581127881 95.85920508856502
256.2962971109135 96.14180116864297
257.25620010876514 96.42213353337362
258.2167837376926 96.70012470560152
259.1780422029658 96.97577332783754
260.13995108898473 97.24914358042138
261.102471982438 97.52035112026122
262.065557138228 97.78954804204326
263.02915729717586 98.05689563166332
263.9932207028035 98.32256789203237
264.95769324961407 98.58675098469486
265.92388890978003 98.84456088806647
266.89091372456943 99.0992430578026
267.8583412109766 99.35239135138531
268.8259651564038 99.60478766719825
269.7936851717884 99.85681538754656
270.7614522191866 100.10866244822085
271.7292423043609 100.36042096553118
272.69704367724466 100.61213608753297
273.66485058145236 100.86382994158568
274.632660196356 101.11551337230763
275.6004711397136 101.36719169461094
276.56828273412805 101.61886751330825
277.536094647619 101.87054210500361
278.5039067174867 102.12221609535297
279.47171886399354 102.37388979098644
280.4395310480607 102.62556334218154
281.4073432505359 102.87723682258832
282.3614894637483 103.1765777716956
283.3008970134661 103.51938012806608
284.22893226136443 103.89187251544902
285.14950312601695 104.28244809475848
286.06560614763987 104.6833910505182
286.97918144319965 105.09006066991807
287.89137760717733 105.49981444772173
288.80283950663386 105.91119894650498
289.71391715730465 106.32343372724057
290.6247962503395 106.7361070579418
291.5355737185638 107.1490046280182
292.44629956129006 107.56201605569376
293.3569993345328 107.97508496400758
294.26768600729986 108.38818275393692
295.1783661231998 108.80129499837486
296.0890429683426 109.21441445291642
296.9997181865417 109.62753749385939
297.9103925974028 110.04066231446792
298.82106660845716 110.45378801639183
299.7317404218676 110.8669141539921
300.64241413772015 111.28004050664381
301.55308780548035 111.69316696530777
302.46376144955946 112.10629347617297
303.37443508198925 112.51942001271739
304.2851087086932 112.93254656188338
305.19578233258494 113.34567311724844
306.1064559550964 113.75879967565618
307.01712957693076 114.17192623555653
307.92780319843314 114.58505279618872
308.8384768197727 114.99817935717962
309.7491504410326 115.41130591834626
310.6598240622535 115.82443247959894
311.5704976834553 116.23755904089376
312.48117130464766 116.65068560220922
313.39184492583547 117.06381216353475
314.302518547021 117.47693872486522
315.2131921682055 117.89006528619811
316.12386578938947 118.30319184753219
317.03453941057313 118.71631840886684
317.9452130317567 119.12944497020176
318.85588665294017 119.54257153153685
319.76656027412366 119.95569809287198
320.67723389530715 120.36882465420715
321.58790751649053 120.78195121554236
322.49858113767397 121.19507777687758
323.4092547588574 121.6082043382128
324.3199283800409 122.02133089954799
325.2306020012243 122.43445746088321
326.14127562240776 122.84758402221843
327.0519492435912 123.26071058355365
327.96262286477463 123.67383714488884
328.873296485958 124.08696370622405
329.78397010714144 124.50009026755926
330.6946437283249 124.91321682889443
331.60531734950837 125.32634339022965
332.5159909706918 125.73946995156487
333.42666459187524 126.15259651290009
334.3373382130587 126.56572307423528
335.2480118342421 126.9788496355705
336.15868545542554 127.3919761969057
337.069359076609 127.8051027582409
337.9800326977924 128.21822931957615
338.89070631897584 128.63135588091134
339.80137994015934 129.04448244224656
340.71205356134277 129.45760900358175
341.6227271825262 129.87073556491697
342.53340080370964 130.2838621262522
343.4440744248931 130.6969886875874
344.3547480460765 131.11011524892263
345.26542166725994 131.52324181025784
346.17609528844343 131.93636837159306
347.08676890962687 132.34949493292828
347.9974425308103 132.76262149426347
348.9081161519937 133.1757480555987
349.81878977317706 133.58887461693388
350.7294633943605 134.00200117826907
351.0394345849703 134.14261942954025
352.0230329001624 133.96224660915067
353.00663121536235 133.7818737887597
353.9902295305623 133.6015009683687
354.9738278457623 133.4211281479777
355.95742616096226 133.2407553275867
356.9410244761622 133.0603825071957
357.9246227913622 132.88000968680473
358.9082211065621 132.6996368664137
359.8918194217621 132.51926404602273
360.87541773696205 132.33889122563173
361.85901605216196 132.15851840524073
362.84261436736193 131.97814558484976
363.82621268256185 131.79777276445873
364.80981099776176 131.61739994406778
365.7934093129617 131.43702712367673
366.7770076281617 131.25665430328579
367.76060594336167 131.07628148289473
368.74420425856164 130.89590866250376
369.7278025737616 130.71553584211276
370.7114008889615 130.53516302172176
371.6949992041615 130.3547902013308
372.67859751936146 130.17441738093976
373.66219583456143 129.99404456054876
374.6457941497614 129.81367174015782
375.62939246496137 129.6332989197668
376.6129907801613 129.4529260993758
377.59658909536125 129.2725532789848
378.5801874105612 129.09218045859382
379.5637857257612 128.9118076382028
380.5473840409611 128.73143481781182
381.5302771426669 128.91561177244847
382.50220134543196 129.15090593744083
383.472447081302 129.39302824543006
384.4427770804851 129.6348126384032
385.41265709798387 129.8783957898251
386.38247641898846 130.1222204903914
387.35143518761384 130.36944286944328
388.3194927996374 130.6201707294894
389.287428401175 130.87136919938132
390.2539610212303 131.12791294685738
391.21917127192415 131.3893879398405
392.1830221181186 131.65583032815422
393.14668842634427 131.92293938152127
394.1079740017247 132.1984934462083
395.0674063643474 132.48043234304976
396.0249825029618 132.76861273578376
396.98059144248435 133.0632507419957
397.9341019518285 133.36461050800682
398.8853803076124 133.6729439149174
399.83429711573035 133.9884702866699
400.78073327439097 134.31136128620338
401.7245860349775 134.64172769843861
402.66577424296753 134.9796104549393
403.6041151184849 135.32532189723366
404.5392943180235 135.67949680423635
405.47093750236974 136.0428712351767
406.3987101429045 136.41601722199024
407.32239360243403 136.79917367383672
408.24192085338376 137.19219992583626
409.15737625138377 137.5946193765002
410.0689715584626 138.00570816996444
410.9770107387538 138.4245934132663
411.8818531563508 138.8503400507366
412.783881131771 139.2820176289814
413.6834617729122 139.7187723313991
414.58092531857653 140.15986096671364
415.4765609691464 140.60464943489634
416.37062148498666 141.05259563034338
417.26332947841473 141.50323122422108
418.15488231417856 141.95614792852942
419.0454584565041 142.4109821122937
419.93522018268675 142.86740742997506
420.82431303205124 143.32513431929766
421.71286629521177 143.78390779120593
422.6009928837891 144.2435067061981
423.4887908459694 144.70374010171457
424.37634399245934 145.16444544372368
425.26372416514727 145.62548386850005
426.1509936430236 146.08673528977604
427.0382053142626 146.54809789166012
427.92540382330276 147.0094858038955
428.8126264501963 147.47082733717437
429.69990320859074 147.932064753277
430.5872566335862 148.39315465681943
431.47470181904276 148.85406792719684
432.3622469511448 149.3147887086707
433.24989429348034 149.77531253611573
434.13764143603714 150.23564395029712
435.02547952599053 150.69579993040372
435.9133911795722 151.15581394696608
436.8013509759782 151.61573502711636
437.6893286699035 152.07562155126243
438.5772935444004 152.5355328271186
439.4652182770415 152.99552159781211
440.35308143256356 153.4556292124703
441.24086420075264 153.91589191626727
442.1285456101534 154.37635007441432
443.01610081129866 154.83705145808935
443.9035031057864 155.2980473016041
444.7907278495848 155.75938476376362
445.67774944883195 156.22111269498401
446.56453638982026 156.68329114676706
447.45105057162516 157.14599256826781
448.33724374846383 157.60930850078537
449.22305555303046 158.0733531612335
450.1084092938923 158.53827116856604
450.99321215744266 159.00423671734941
451.8773531302749 159.4714569439655
452.76069761755105 159.94018129451592
453.64309047590996 160.410694677447
454.524358992167 160.88331059154018
455.4043141919536 161.3583672685468
456.2827542920843 161.83621974628687
457.1594723248766 162.31722441463918
458.0342666010087 162.80171897028094
458.9069511375145 163.29000341580794
459.7773635400039 163.7823267339564
460.6453690406865 164.27888131382127
461.5108605934223 164.77980483307638
462.3737557275567 165.28518784375947
463.23399121695235 165.79508479686308
464.0915166365627 166.30952639191744
464.9462876968422 166.82853162744846
465.79825998471017 167.35211850725446
466.64738347822197 167.88031287750678
467.4935979834849 168.41315526610086
468.3368294825084 168.95070585818928
469.1769872786835 169.4930478882093
470.013961773232 170.04028978671064
470.84762268932025 170.59256641756414
471.6778175690446 171.15003970094153
472.5043703924355 171.7128988575203
473.32708019931937 172.28136044255223
474.14571962839096 172.85566827391906
474.9600333190669 173.43609330196122
475.76973614881075 174.0229334228671
476.5745113024894 174.6165132001688
477.37400819375057 175.21718342655242
478.16784028443567 175.82532042739888
478.9555828780949 176.44132497781632
479.73677099646886 177.06562067995705
480.5108974796476 177.6986516334193
481.2774114766844 178.34087923508923
482.0357175094487 178.99277797007284
482.78517529597485 179.65483010262383
483.525100510271 180.32751924126723
484.25476663510705 181.0113228287591
484.97340803527436 181.7067036869696
485.6802243437061 182.4141008216365
486.3743862134296 183.1339197562457
487.05504244531505 183.86652271419456
487.72132845489807 184.6122190018573
488.3723759908157 185.3712559614156
489.00732396259644 186.14381086116808
489.6253301776629 186.92998407245125
490.22558372877745 187.72979384631898
490.8073177175316 188.5431729500143
491.3698219517487 189.36996735401559
491.91245522029726 190.20993707719867
492.43465673299005 191.06275920410522
492.9359563200886 191.92803298966376
493.4159830176071 192.8052868694896
493.8744717208544 193.69398710522415
494.3112676665257 194.59354772121685
494.72632859778855 195.50334133701068
495.1197245695946 196.42271047362925
495.4916354536931 197.35097891233062
495.84234629551264 198.2874627111388
496.1722407517944 199.23148053285328
496.48179289622703 200.18236300186675
496.7715577213312 201.13946087885338
497.04216069067627 202.1021519159892
497.2942867074579 203.0698463262561
497.52866886302456 204.04199086548468
497.74607731064134 205.01807158289736
497.94730857474707 205.99761534319927
498.13317555537526 206.9801902591788
498.30449842504976 207.9654051973149
498.4620965471425 208.95290852992338
498.6067814771206 209.94238630685282
498.7393510474659 210.93356000960046
498.8605844879195 211.92618403354697
498.97123849750096 212.92004302262114
499.0720441637553 213.91494915771685
499.163704616427 214.91073947772205
499.24689330466396 215.90727329157355
499.3222527958602 216.9044297221734
499.3903940073532 217.90210540860474
499.45189579685064 218.90021238177374
499.5073048517145 219.89867612004323
499.55713582983606 220.897433785155
499.6018717150972 221.8964326342884
499.6419643581873 222.89562860103868
499.67783517896913 223.89498503605896
499.7098760100562 224.89447159682064
499.7384500632264 225.8940632752001
499.76389300124555 226.893739551254
499.7865140980156 227.89348366150466
499.80659747006484 228.89328197024852
499.8244033624927 229.89312343277888
499.84016947276547 230.89299913993796
499.8541122962939 231.8929019340495
499.8664284785696 232.89282608700017
499.87729615974894 233.89276703200932
499.8868762989286 234.892721141423
499.89531396688744 235.8926855436691
499.9027395976978 236.8926579732926
499.90927019128486 237.89263664873891
499.9150104606663 238.8926201732569
499.9200539191843 239.89260745493908
499.92448390451915 240.8925976425059
499.92837453760956 241.89259007396436
499.9317916157875 242.89258423573568
499.93479344046 243.89257973024985
499.9374315805232 244.89257625035228
499.93975157339645 245.8925735591652
499.94179356609965 246.89257147429595
499.9435928991819 247.89256985549488
499.9451806365635 248.8925685950391
499.9465838971058 249.89256761046855
499.94782603127163 250.89256683901962
499.9489268348045 251.89256623313523
499.9499029339005 252.8925657567504
499.9507683344465 253.89256538229128
499.95153503331403 254.89256508837767
499.95221357697625 255.8925648581669
499.95281349249245 256.8925646782176
499.9533435680719 257.89256453772754
499.95381200012554 258.89256442801326
499.954226443597 259.89256434213155
499.9545940056627 260.8925642745806
499.9549212163253 261.8925642210472
499.95521399908887 262.8925641781863
499.9554776547946 263.8925641434292
499.9557168637332 264.8925641148187
499.955935705845 265.8925640908727
499.956137695862 266.8925640704727
499.9563258290493 267.89256405277564
499.95650263314667 268.8925640371458
499.9566702690814 269.8925640230949
499.9568306689321 270.89256401023084
499.95698565248233 271.8925639982209
499.9571369772745 272.89256398677134
499.95728631887823 273.8925639756199
499.95743520886697 274.8925639645358
499.957584965416 275.8925639533223
499.9577366423964 276.89256394181933
499.9578910085444 277.8925639299049
499.95804855632457 278.8925639174943
499.95820953321856 279.8925639045375
499.95837398595165 280.89256389101513
499.95854180901426 281.89256387693285
499.9587127910792 282.89256386231546
499.9588866554212 283.8925638472011
499.9590630925743 284.89256383163604
499.9592418486036 285.8925638156592
499.9594228580147 286.89256379927696
499.9596063449732 287.89256378244323
499.95979283418774 288.89256376505415
499.95998306918034 289.89256374695947
499.9601778770474 290.8925637279844
499.96037802832046 291.89256370795414
499.960640139403 292.89256367360304
499.96097637591276 293.89256361707555
499.9613792574253 294.8925635359188
499.96183666314664 295.89256343130876
499.9623370794526 296.8925633061005
499.96287092263464 297.8925631636062
499.963430583521 298.892563006996
499.96401013293405 299.8925628390572
499.9646049864116 300.8925626621318
499.9652116107236 301.8925624781353
499.9658272865522 302.89256228860694
499.96644992221417 303.89256209476935
499.9670779091942 304.8925618975855
499.9677100106652 305.89256169780936
499.96834527564226 306.8925614960286
499.96903045014335 307.8925612612965
499.96971562464444 308.8925610265644
499.9704007991455 309.89256079183235
499.9710859736466 310.8925605571003
499.9717711481477 311.8925603223682
499.9724563226489 312.8925600876362
499.97314149715 313.892559852904
499.973826671651 314.89255961817196
499.9745118461521 315.8925593834399
499.9751970206532 316.89255914870785
499.97588219515427 317.89255891397573
499.9765673696554 318.8925586792437
499.9772525441565 319.89255844451156
499.9779377186576 320.8925582097795
499.97862289315873 321.89255797504745
499.97933078976206 322.8925577244886
499.9800386863653 323.8925574739298
499.98074658296855 324.89255722337094
499.98145447957177 325.89255697281214
499.9821623761751 326.8925567222533
499.9828702727783 327.89255647169443
499.9835781693816 328.89255622113564
499.98428606598486 329.8925559705768
499.98501509364485 330.89255570483607
499.9857441213049 331.89255543909536
499.9864731489649 332.89255517335465
499.987202176625 333.892554907614
499.987931204285 334.8925546418733
499.988660231945 335.8925543761326
499.98941728536397 336.8925540895676
499.9901743387828 337.8925538030026
499.99093139220184 338.89255351643766
499.99168844562075 339.89255322987265
499.99248065149874 340.89255291607753
499.9932728573767 341.8925526022824
499.99406506325477 342.89255228848725
499.9948825350953 343.89255195435703
499.995700006936 344.89255162022687
499.9965174787766 345.89255128609676
499.99733495061713 346.8925509519666
499.9981524224577 347.89255061783643
499.99902911105 348.8925502335449
499.99990579964236 349.8925498492534
