0.1699105077367864
122345
903
0.0 100.0
0.0 99.0
0.0 98.0
0.0 97.0
0.0 96.0
0.0 95.0
0.0 94.0
0.0 93.0
0.0 92.0
0.0 91.0
0.0 90.0
0.0 89.0
0.0 88.0
0.0 87.0
0.0 86.0
0.0839444069304768 85.00352956062656
0.16788881386095517 84.00705912125314
0.2518332207914323 83.0105886818797
0.3357776277219105 82.01411824250626
0.41972203465238883 81.01764780313282
0.5036664415828676 80.02117736375938
0.5876108485133469 79.02470692438594
0.671555255443825 78.02823648501251
0.7554996623743028 77.03176604563907
0.8394440693047808 76.03529560626563
0.9233884762352589 75.0388251668922
1.007332883165737 74.04235472751876
1.0912772900962153 73.04588428814532
1.1752216970266947 72.04941384877188
1.2591661039571738 71.05294340939845
1.3431105108876502 70.05647297002501
1.4270549178181284 69.06000253065157
1.5109993247486073 68.06353209127813
1.5949437316790862 67.0670616519047
1.6788881386095647 66.07059121253126
1.7628325455400433 65.07412077315783
1.8467769524705202 64.07765033378439
1.9307213594009989 63.08117989441096
2.0146657663314764 62.08470945503752
2.098610173261955 61.08823901566408
2.1825545801924338 60.09176857629065
2.2664989871229104 59.09529813691721
2.3504433940533884 58.09882769754377
2.4343878009838673 57.102357258170336
2.5183322079143458 56.105886818796904
2.6022766148448238 55.109416379423465
2.686221021775302 54.11294594005003
2.7701654287057798 53.1164755006766
2.8541098356362578 52.12000506130316
2.938054242566736 51.12353462192973
3.021998649497214 50.127064182556296
3.105943056427692 49.13059374318286
3.18988746335817 48.13412330380942
3.2738318702886486 47.137652864435985
3.359260467332248 46.14130856912078
3.4476569648605775 45.14522320168246
3.53976230566943 44.149473932943344
3.635575231106974 43.15407457423394
3.7346311661753093 42.15899270738693
3.8362806833470158 41.16417243434322
3.9398748609089442 40.16955278524349
4.044857777203514 39.175078759797735
4.150795286074157 38.1807059704404
4.2573691033004755 37.1864011773906
4.364356475971011 36.192140797968264
4.471606996752997 35.19790876982192
4.579021972545963 34.203694495645884
4.6865381445595595 33.20949115992651
4.794115753303318 32.215294470082405
4.901730221910657 31.221101769371742
5.012734099435627 30.22728179615002
5.130482738875197 29.234238364113875
5.256646509785783 28.242228937288896
5.391212953680493 27.251324364599107
5.533121677232425 26.261444617266196
5.680896921409535 25.272423648222365
5.833067296787963 24.284069371225907
5.996508268965335 23.297516256277852
6.178340703476628 22.31418672567293
6.381832980476448 21.335110174426077
6.619722814206727 20.363818031449632
6.911852803515169 19.407439409069013
7.278987696024104 18.47727169800694
7.736839042715885 17.58824293338089
8.292095551833023 16.756563783057253
8.941491647473006 15.996113448737155
9.673902574372441 15.315250588714441
10.474179969452917 14.715620627052076
11.32690191490777 14.19325554041277
12.218807216758133 13.741033324537419
13.139718026079477 13.351259952851887
14.082401178699861 13.01757076548482
15.04191174412548 12.73589812777109
16.014789054799866 12.504576407271324
16.998306122658843 12.323761094783453
17.989897727421678 12.194354412715398
18.986874299918142 12.116651685007772
19.98649120796468 12.088974308913212
20.986335954559948 12.106594828367685
21.984842620677213 12.161224835867028
22.981638876729928 12.241207483480682
23.977472977331097 12.332391057000605
24.97366745506967 12.419549318359902
25.97130382847373 12.488263701579127
26.970548122794504 12.5271332303565
27.97054431386993 12.529893272863994
28.970000423686123 12.49691624220509
29.96812591023747 12.435715645013245
30.965285506957827 12.360398059626453
31.96282624442055 12.290308994128916
32.96193892346238 12.248191841116588
33.96189070800825 12.258011646793527
34.958323056560204 12.342406994765097
35.94246460433416 12.519791926326606
36.901961345540904 12.801511651609808
37.82345856321769 13.189896612459135
38.69621112290858 13.678059463926767
39.515401453383305 14.251581218053593
40.28403306833355 14.891272894174964
41.013055230475715 15.575762986948819
41.720030978430316 16.283000777090177
42.42678464010961 16.990460501528894
43.156276063854556 17.67445045955648
43.928858074977114 18.30936544291238
44.75832650739951 18.867919038921507
45.64871344281964 19.323123504225997
46.59311678826592 19.65191267848495
47.57540183445981 19.839305549277455
48.5745016105953 19.8817276817796
49.57015682311528 19.788611100110245
50.551642463477876 19.59707536516235
51.52577006477421 19.371076656332715
52.50775124539505 19.182097924972528
53.503386722202585 19.08877055855614
54.502790218577424 19.123305344406774
55.4890994663708 19.288211583576985
56.45017484661594 19.564497872572048
57.383013168127285 19.92479312083365
58.29127939231023 20.3431858382756
59.18115667566976 20.799385816969878
60.05857577422534 21.279110452036612
60.92812233241472 21.772961424639682
61.79294183195211 22.275044319408963
62.65503170469916 22.78179973507511
63.51559345892715 23.291145852327467
64.37532118216632 23.801898475320225
65.23460333392215 24.313400365516006
66.09365179098272 24.825294640168362
66.95257964413699 25.33739125515015
67.80704016320807 25.856907589204035
68.6422808824261 26.406792068854212
69.47813238882998 26.955747676569775
70.32268030252234 27.491227668238828
71.17256637383008 28.01819414326081
72.0257180020671 28.539857156360796
72.88085757117625 29.058254993300526
73.73720412206097 29.57465656648543
74.59428618111232 30.08983648074095
75.45182330265132 30.604258569285566
76.31086134903742 31.116170314473294
77.17154625781305 31.625308299508664
78.03651629810977 32.127131803730094
78.92182034290667 32.592144436102885
79.80712438770355 33.05715706847567
80.67800812139158 33.54864615522896
81.54243179667742 34.05141022475393
82.4038452424976 34.55931462063982
83.26385873038946 35.069585921659254
84.12322216266183 35.580951242416376
84.98228447806487 36.09282225962127
85.84120778568652 36.60492649864325
86.70006718791001 37.117137907352884
87.55889734645125 37.629398347734565
88.41771418725475 38.141681115307605
89.29265375158381 38.625913248454154
90.21025566709024 39.023413845509
91.17975034691803 39.268526198901505
92.17833728420253 39.32166873068861
93.16941443571882 39.188379272206944
94.12922057798062 38.90771547105596
95.05366410967183 38.526396501275684
95.94975659464215 38.08252911299433
96.82678611502872 37.60209262356988
97.69228437270876 37.10118068924127
98.55127663518829 36.5891921219858
99.40677425185655 36.07138537437148
100.26046244073999 35.550600892881384
101.11324034996994 35.02832717390887
101.96557094492672 34.50532377344131
102.81768602536691 33.98196931450701
103.6696990212744 33.458448679952134
104.52166437612497 32.93485051901729
105.37360778906887 32.41121665729567
106.22554121484563 31.88756654696982
107.07747014289804 31.363909119306005
107.92939706481684 30.840248427913245
108.7813230997455 30.316586293507186
109.63324874563132 29.792923526182623
110.48517422212863 29.269260483286875
111.33709962537158 28.74559732121668
112.18902499713181 28.221934107928604
113.04095035543953 27.698270872755227
113.89287570802973 27.174607628280256
114.74449363624393 26.65044457698404
115.59568508307696 26.125589243736577
116.44773005563378 25.60212065371361
117.30027140651201 25.07946087427509
117.30079359705837 25.07982155418404
117.72003052145533 24.82212412649099
118.1895692791044 25.693703851192563
117.71974268308479 24.822301055581356
117.72003052145533 24.82212412649099
118.18956927916032 25.693703851322073
117.71983313040604 24.822245459233155
117.72003052145533 24.82212412649099
118.18956930372028 25.69370389679899
118.66405225210599 26.573968590905928
119.13842783428501 27.454291149422012
119.61272155520314 28.334657815248047
120.08696709208346 29.215050438314076
120.56119196762293 30.095454190816056
121.03541388634184 30.97585953598756
121.5096420435945 31.85626152080401
121.98387985351911 32.73665830614452
122.45812745000828 33.617049819747564
122.93238345612403 34.49743680321742
123.40664604308498 35.37782024161747
123.88091346948195 36.25820107299603
124.35518429759765 37.13858007183599
124.82945743523882 38.0189578265027
125.30373209795249 38.89933475958752
125.77800774499835 39.77971116239442
126.25228401529053 40.6600872294463
126.72656067378347 41.54046308736651
127.20083757066436 42.42083881686218
127.6751146121253 43.301214468469524
128.14939174031326 44.18159007335517
128.6236689200172 45.06196565048806
129.09794613005351 45.94234121128026
129.57222335780807 46.822716762527264
130.0465005958381 47.70309230823865
130.52077783978814 48.583467850760805
130.99505508712838 49.463843391456564
131.46933233639942 50.34421893111218
131.9436095867644 51.224594470178445
132.41788683774632 52.10497000891236
132.89216408907464 52.98534554745967
133.36644134059662 53.865721085902635
133.8407185922265 54.746096624287475
134.31499584391628 55.626472162640056
134.78927309563915 56.5068477009748
135.26355034738032 57.38722323929969
135.73782759913152 58.26759877761917
136.21210485088824 59.14797431593569
136.68638210264794 60.02834985425059
137.1606593544093 60.908725392564605
137.63493660617155 61.789100930878135
138.1092138579343 62.6694764691914
138.58349110969732 63.549852007504526
139.0577683614605 64.43022754581757
139.53204561322372 65.3106030841306
140.01507710405863 66.18620606428874
140.52417703831793 67.04691348085791
141.0772925759188 67.88001803735997
141.68553957431493 68.67376584928897
142.3506587574016 69.42050306698349
143.06693270853492 70.1183222605629
143.82488947990845 70.77062704571244
144.6144936865362 71.3842435357742
145.42695224041495 71.96726248763537
146.25533177871864 72.52742973098304
147.09450591481072 73.0712925531304
147.94084083671294 73.6039436584224
148.79183756790144 74.12911464344202
149.64581834293426 74.64941920413153
150.50167973854093 75.16662445498477
151.35870939942856 75.6818915317118
152.21645519140372 76.19596560842537
153.07463459766018 76.7093154956147
153.9330736042229 77.22223115341008
154.79204794991668 77.73424977947745
155.65221595156027 78.24426057244997
156.5142710297998 78.75107517571377
157.37865721512117 79.25390369780212
158.2454798372453 79.75252032585799
159.11456502212766 80.24718277785733
159.98557566406515 80.73844692435253
160.85811898316263 81.22698367455494
161.73181967466587 81.71344754954126
162.6063578134539 82.19840429380321
163.48148087914018 82.68230471734492
164.35700051783357 83.16548725248272
165.23278227667674 83.64819452493421
166.10873351919435 84.13059417328799
166.9847922642748 84.61279856477364
167.8609180555918 85.09488112802308
168.73708504068537 85.57688881907379
169.61390356061852 86.05771028604693
170.49254560784516 86.53519133577078
171.37419062458812 87.00710453165782
172.25957194576299 87.47197001339924
173.14884935409964 87.929338235975
174.04172521778437 88.37964112520541
174.9376448291138 88.82385734512016
175.83597371117924 89.26318093843946
176.7373006852644 89.69632027605095
177.6433096953987 90.11957867650563
178.5557099897573 90.52887771492905
179.47539169343338 90.92154241148774
180.40487860344933 91.29039751055646
181.35046021416795 91.61578254013034
182.3209988615166 91.8567280401976
183.31712238583572 91.94469351239053
184.30546089195067 91.79242073960938
185.19431021690997 91.33422113515796
185.86192889631565 90.58971774436068
186.24873752211352 89.66755773275295
186.3946968450689 88.67826714043824
186.37895267191928 87.67839108761378
186.2672573035379 86.68464859346243
186.10165015092537 85.69845679112194
185.90643866126487 84.71769562024264
185.69510487320196 83.7402816700542
185.4749935863802 82.76480690286968
185.25008142314707 81.79042786018158
185.02252388079955 80.81666322490221
184.79349639385973 79.84324326916573
184.56364561684666 78.87001738566978
184.33333074713426 77.89690122570255
184.10275309275437 76.92384729847103
183.87202628161657 75.9508287279277
183.64121476399174 74.97783024728565
183.41035519086597 74.00484316746589
183.1794684158611 73.03186254220768
182.94856587788084 72.05888565761366
182.7176528917605 71.08591125258494
182.48673200554072 70.11293872249611
182.25580591835964 69.13996742679451
182.02487834390314 68.16699648408571
181.79395286850087 67.19402504318407
181.56303230440432 66.22105243664403
181.33211694169205 65.24807859564754
181.1012047325706 64.27510400621642
180.8702935028096 63.302129184358094
180.8134238021633 63.062501224675266
180.801137406636 63.01073333827486
181.74872216458485 63.33023783981286
180.80113740842708 63.010733345821464
181.74872217252425 63.33023781626619
181.74874983923422 63.330247144864586
182.69633459531508 63.64975165194257
183.64391935146716 63.969256158809344
184.5915041080365 64.28876066443866
185.53908886501083 64.60826516886685
186.48667362229673 64.92776967237094
187.43425837980334 65.24727417522054
188.3818431374607 65.56677867762295
189.32942789521928 65.88628317972523
190.27701265304415 66.20578768163088
191.22459741091134 66.52529218341105
192.1721821688053 66.84479668511172
193.1197669267168 67.16430118676048
194.0673516846404 67.48380568837327
195.01493644257295 67.80331018995957
195.96252120051224 68.12281469152592
196.91010595845648 68.44231919307752
197.8576907164042 68.76182369461878
198.80527547435415 69.08132819615346
199.75286023230532 69.4008326976845
200.70044499025698 69.7203371992141
201.64802974820864 70.03984170074372
202.59561450615996 70.35934620227435
203.54319926411074 70.67885070380655
204.49078402206095 70.99835520534046
205.43836878001065 71.31785970687591
206.38595353795995 71.63736420841249
207.33353829590905 71.9568687099497
208.28112305385807 72.27637321148717
209.22870781180708 72.5958777130246
210.17629256975619 72.91538221456187
211.12387732770532 73.23488671609893
212.07146208565453 73.55439121763582
213.01904684360375 73.87389571917265
213.966631601553 74.19340022070948
214.91421635950218 74.51290472224639
215.86180111745134 74.8324092237834
216.80938587540047 75.15191372532057
217.75697063334954 75.47141822685788
218.70493534767334 75.78979363482307
219.65350167117418 76.10637210838067
220.6026796160702 76.42111204693781
221.55246386173692 76.73401760247057
222.5027799179295 77.04530427636232
223.45351335640567 77.35531383905885
224.40454973269874 77.66439281111508
225.35579347390365 77.9728329914069
226.30715366641857 78.28091379914727
227.25856902893733 78.58882418864928
228.2099853076059 78.89673174731655
229.16137441743206 79.20472324347222
230.11270771735417 79.51288708375742
231.06397604070196 79.82125144128767
232.01516310674452 80.12986635569288
232.96626821416464 80.43873376193606
233.91727985151002 80.74788884540332
234.86820067486002 81.05732314815498
235.81902055964673 81.36706747287167
236.76974343915097 81.67710941581998
237.7203592025948 81.98747963071189
238.67085669654796 82.29821185303334
239.62124392683495 82.60928115802406
240.57151764456177 82.92069705581613
241.52167094162812 83.23248017286058
242.4717138151347 83.54459960272575
243.42164352431496 83.85706327680114
244.3714534514366 84.16989086884061
245.3211536582894 84.48305139812837
246.27074072532605 84.79655483051278
247.2202088405512 85.11041833296369
248.1695550327471 85.42465042451894
249.11879256526998 85.7392106045321
250.067921259162 86.05409903307597
251.01693814300296 86.36932427664752
251.9658424542485 86.68488822911932
252.914635979744 87.00078512049036
253.8633330815351 87.31697147227224
254.81193471751146 87.63344411915187
255.7604398725834 87.95020581317758
256.70884963837756 88.26725299601668
257.657167152301 88.58457600619094
258.6053967160393 88.90216173391292
259.55354309808666 89.21999571291846
260.50161113967255 89.53806329775463
261.4496055722849 89.85635020564733
262.3975375265229 90.1748231403443
263.34540885379226 90.49347647382841
264.29321996173115 90.8123088806939
265.2409726577273 91.13131487943366
266.188670054829 91.45048512166605
267.13631590833734 91.76980836906358
268.0839141109213 92.08927299380267
269.0314684238157 92.40886777491653
269.9789823681232 92.72858221835457
270.9264591997776 93.04840662873957
271.8739019200919 93.36833207587283
272.82131329732374 93.68835032893296
273.7686958887424 94.00845378951547
274.7160520597459 94.32863543368259
275.66338399961603 94.64888876419118
276.6106937345346 94.96920777100866
277.5579831386532 95.28958689773938
278.505253943871 95.61002101199986
279.45250774877513 95.93050537838093
280.39974602702307 96.25103563314926
281.3469701353257 96.57160776021313
282.2941813211055 96.89221806811618
283.24138072985886 97.21286316796528
284.1885694122262 97.53353995227498
285.13574833076046 97.85424557474548
286.0829183663833 98.17497743100263
287.0300803245176 98.4957331403254
287.97723494088916 98.81651052837844
288.92438263000986 99.13730836969486
289.8715234148828 99.45812659491006
290.8186570661328 99.77896587970827
291.765783299753 100.09982706088843
292.712901925593 100.42071069803303
293.66001291726514 100.74161686726913
294.60711641901855 101.06254514113478
295.554212716989 101.38349467357045
296.50130219759967 101.70446432278463
297.44838530699707 102.02545277101001
298.3954625178694 102.34645862243067
299.34253430521375 102.66748047467189
300.2896011302059 102.98851696636612
301.2366634304458 103.30956680589924
302.1837216147922 103.63062878661705
303.1307749617745 103.95170503608068
304.07782127775886 104.2728020235788
305.024857460588 104.59392889634472
305.9718803341008 104.91509501697945
306.91888540932683 105.23631361466039
307.8658665990086 105.55760262223598
308.8128151437469 105.87898783287577
309.7597196731972 106.200502703615
310.70656775016363 106.5221837865916
311.6533480471844 106.8440643066192
312.6000520304391 107.1661692089256
313.5466746723964 107.4885130839003
314.4932143210821 107.81110058128041
315.4396722325204 108.1339278135205
316.3860519063442 108.4569843302063
317.33235832656567 108.78025536053175
318.27859724906483 109.1037239085355
319.22477481158757 109.42737189660056
320.17089728229905 109.75118089958653
321.1169708057521 110.0751328840243
322.0630011594395 110.39921091460027
323.0089937816743 110.72339906780354
323.95495383642964 111.0476822385159
324.9008861608065 111.3720462896975
325.8467953107827 111.69647791576284
326.7926855747181 112.0209646005314
327.7385608838156 112.34549487591379
328.6844248774733 112.67005812938194
329.6302809535897 112.99464445576312
330.57613235491687 113.3192444043267
331.5219821535203 113.64384902302743
332.4678331152977 113.96845025239168
333.4136877670984 114.2930407292498
334.3595484627193 114.61761359391886
335.30541749536053 114.94216216207208
336.25129708710085 115.26667995500361
337.19718941769094 115.59116061533769
338.1430965668462 115.9155980749149
339.08902053872964 116.23998648317932
340.0349632159833 116.5643203410329
340.98092640478006 116.88859436935067
341.92691180109904 117.2128036072684
342.87292104727896 117.53694324714942
343.8189558436891 117.86100830848945
344.7650178797834 118.18499383881621
345.7111087913339 118.50889503838422
346.6572300481854 118.83270758806968
347.6033829913564 119.15642754131454
348.5495689533401 119.48005097270502
349.4957892045127 119.80357413458194
350.4420449448073 120.12699348149754
351.38833734740433 120.4503055424963
352.33466758091026 120.7735068561579
353.28103667120104 121.09659437517116
354.22744545474154 121.41956560366904
355.173894623969 121.7424184649986
356.1203847732655 122.06515116753215
357.06691640485616 122.38776218780019
358.01348990380507 122.7102503443078
358.960105420237 123.032615143953
359.90676285382284 123.35485682877467
360.85346192354314 123.67697617217192
361.8002022347407 123.99897428265314
362.74698330557044 124.32085252658794
363.69380456161076 124.64261254447433
364.6406653199625 124.96425629817332
365.5875647777759 125.2857861051783
366.53450201067847 125.60720464375828
367.4814759804491 125.92851493082803
368.428485548915 126.24972028139693
369.37552946026506 126.57082436105753
370.3226063696061 126.89183110209731
371.26971489573737 127.21274454795065
372.21685365944563 127.53356874011999
373.1640212978592 127.85430767561425
374.11121646405115 128.1749653078992
375.05843782292254 128.49554555884708
376.00568404949695 128.81605232358146
376.95295383111574 129.13648946380067
377.90024587260666 129.45686079230552
378.84755890286465 129.77717005333852
379.794891681534 130.09742090260914
380.742243004977 130.41761688942148
381.68961171114944 130.73776144203038
382.63699668329724 131.05785785648783
383.58439685254723 131.3779092887687
384.531811199534 131.69791874975962
385.4792387552195 132.0178891026485
386.4266786010546 132.33782306227755
387.3741298686101 132.65772319608112
388.3215917387854 132.97759192628772
389.26906349615723 133.29743136879395
390.21654488921854 133.6172422657354
391.1640373548167 133.93702035697174
392.1115468834124 134.25674788662818
393.059089183227 134.5763782826515
394.0066972633116 134.8958136071828
394.95443076250746 135.21487663309154
395.90238560666376 135.53328142803133
396.8507021477117 135.8506073456221
397.79956996145324 136.16628102530606
398.7492279480334 136.47956956407583
399.69995915602635 136.78958596710692
400.65208063527825 137.09530591861036
401.6059294092433 137.395593308298
402.56184617826574 137.6892310625152
403.52015854445597 137.97495367066324
404.4811654113339 138.25147817556916
405.445123853307 138.51753103149963
406.4122392884028 138.77186886824327
407.38265929765373 139.01329174546396
408.35647094945267 139.24064800075655
409.3337010437583 139.45283033457196
410.3143183374593 139.6487632906933
411.2982365742196 139.82738272796328
412.2853170045506 139.98760826917777
413.27536901213244 140.12831016071846
414.26814744800765 140.24827256008234
415.26334533813815 140.34615595744827
416.26058082097916 140.42046202559118
417.2593813349929 140.46942663736183
418.25914892063906 140.4909852711578
419.2591157450986 140.48283972143676
420.25830411515165 140.4425581977476
421.2554948553552 140.36765407468232
422.2492009142572 140.25563502049272
423.23764382625234 140.10404145292938
424.21873512324646 139.9104959364163
425.1900687538025 139.67277555834403
426.14893228510766 139.38890810981758
427.0923441036542 139.0572846175457
428.01709175346684 138.6767037665219
428.91982056699044 138.24649371406574
429.79567659997065 137.7639212226283
430.64136706857676 137.23024751022643
431.4551748994104 136.64911343406686
432.2360991742013 136.02448772450762
432.9833288066769 135.35992179373
433.69616254427046 134.65858873266097
434.37414988625505 133.92351515531743
435.0172585910371 133.15774025769178
435.625980019082 132.36435622518354
436.2013616944297 131.546471191897
436.74374677100343 130.7063411848683
437.25548060789026 129.84719714561464
437.7402768437427 128.97257001951843
438.20231166995273 128.08570823808398
438.64588146114875 127.1894684039222
439.0754006473515 126.2864106711699
439.4954475795398 125.37890828838562
439.91072647200633 124.46921414117364
440.3260196213772 123.55952650242853
440.7460436830926 122.6520135341575
441.1752680786743 121.74881564983897
441.6178178486947 120.85207170586449
442.07751521027274 119.96399606958221
442.55802981054455 119.08700934281515
443.0630684286572 118.22391259608575
443.59653755351235 117.37809305692491
444.16281998271825 116.55388179130628
444.76666717250544 115.75678169007298
445.4127633704952 114.99352570225294
446.10937701024193 114.27607923252936
446.8589381904117 113.61414416231291
447.6599754519775 113.01552967402924
448.50960634437257 112.48815187141707
449.4040832280184 112.04103767501617
450.3404396055069 111.6899867750933
451.3092343374161 111.44212236170394
452.2987391647928 111.29762254648509
453.2977973141393 111.25423113922263
454.2960347736261 111.31357736469059
455.28390272343336 111.4688735775986
456.25460597350377 111.70915507980519
457.2037763596328 112.02391781282128
458.1273044154956 112.40744868515655
459.02361219525653 112.85088116472934
459.89319292712366 113.34467196128746
460.7372956378673 113.88085347319844
461.5572091185396 114.453340926521
462.354162514709 115.057381723433
463.1294799336922 115.68895349276823
463.88475203389225 116.3443648556995
464.6213417005503 117.02070475765154
465.34189405190955 117.71410529770807
466.04967292305855 118.4205393495169
466.7479080031235 119.13640789399045
467.4395539819634 119.85864458646357
468.1272643588891 120.58462973608356
468.81342511533796 121.31207967684205
469.5002061182669 122.03894407548597
470.1896369289028 122.76329561814043
470.8837127052454 123.48319756750192
471.58451805240566 124.19655012086633
472.2943418472001 124.90092940814247
473.0157497192713 125.59343982836279
473.7515031435776 126.2706893382345
474.50414093860815 126.92912411062397
475.2750106024042 127.56611701595257
476.06362258600603 128.1810081765002
476.8676519858116 128.77559771916663
477.6833651651838 129.3540542940265
478.5061596983795 129.92239323879733
479.33089477009605 130.48791252359737
480.15231762566225 131.05823216410917
480.96543166902455 131.64033658127758
481.7656766750339 132.24000976756915
482.5489627075623 132.86167124397397
483.3095696640328 133.5108838884662
484.0443389089584 134.18920103900234
484.75177213302925 134.89598122652944
485.4308160266195 135.63007889753644
486.08042556202116 136.39034691048664
486.69959876208156 137.17560135862874
487.2875301573481 137.9845121537477
487.84372589484565 138.8155634768256
488.36805124891293 139.6670814878402
488.86072769830446 140.53729405739722
489.3223018948474 141.42439566436553
489.7536015990469 142.32660437921896
490.1556865440357 143.2422067476155
490.5297982159441 144.16959040982977
490.87731097923484 145.1072656624359
491.1996864670781 146.05387753899242
491.49843281388405 147.00821009123513
491.77506982181467 147.96918457884817
492.0311005580523 148.9358532201631
492.26798931055043 149.90739000224593
492.4871458540224 150.8830797118634
492.68898238080595 151.8624989359222
492.8750041483198 152.845044559296
493.04713306188376 153.83011899156764
493.2070794897471 154.81724468782608
493.35619260188673 155.80606483314477
493.4955357889122 156.7963089829531
493.6259955266822 157.7877625909555
493.748356975493 158.78024819581077
493.863342138544 159.77361540499282
493.9716240024045 160.76773563814317
494.07382936485476 161.76249895868048
494.1705381200742 162.75781168172983
494.2535768387578 163.75435800338246
494.32141633482513 164.7520542511319
494.3767401995359 165.75052271332464
494.4232407107821 166.74944097947753
494.4640828064719 167.74860659298696
494.5015198610723 168.74790558074932
494.53699929170585 169.7472759875565
494.5713911983064 170.74668441095525
494.6051948695496 171.74611290355014
494.63868709297174 172.7455518816625
494.67201727223494 173.7449962768893
494.7052643578992 174.74444343972226
494.738469354578 175.74389200177814
494.7716532548859 176.74334126450253
494.8048266765845 177.74279087508467
494.8379949346085 178.74224065704453
494.871160665734 179.7416905228602
494.904325167905 180.74114042945672
494.937489075655 181.74059035577756
494.97065269731047 182.74004029159158
495.00381618187953 183.7394902319544
495.03697960102534 184.73894017448805
495.07014298906256 185.73839011805396
495.103306362357 186.73784006210906
495.1364697286859 187.73729000639528
495.1696330917331 188.73673995079042
495.202796453238 189.73618989523672
495.23595981402 190.735639839707
495.26912317446386 191.73508978418852
495.3022865347498 192.73453972867526
495.33544989496215 193.73398967316444
495.3686132551403 194.73343961765477
495.40177661530254 195.7328895621456
495.43493997545744 196.73233950663666
495.46810333560893 197.73178945112787
495.5012666957588 198.73123939561913
495.53443005590805 199.73068934011042
495.567593416057 200.7301392846017
495.6007567762057 201.729589229093
495.6336493926076 202.7290481205869
495.66618994973277 203.7285185364282
495.6984252158606 204.72799884519753
495.73043979969543 205.72748624703001
495.7623107682635 206.72697823867503
495.794094478435 207.72647300893033
495.82582768058 208.72596938405212
495.85753268240813 209.72546665411295
495.8892223717247 210.72496440978375
495.9209039287891 211.72446242325952
495.95258124418694 212.72396057117635
495.9842563800685 213.7234587881667
496.0159304100731 214.72295704020283
496.0476038849671 215.7224553098302
496.07927708379066 216.72195358820605
496.1109501464234 217.72145187089762
496.14262314234634 218.72095015570318
496.1742961057977 219.72044844153774
496.2059690535315 220.71994672787037
496.2376419936954 221.71944501444284
496.2693149302298 222.71894330113037
496.3009878650313 223.7184415878728
496.3326607990083 224.7179398746414
496.36433373259433 225.71743816142234
496.39600666599574 226.71693644820914
496.42767959931007 227.7164347349987
496.45935253258335 228.71593302178957
496.4910254658375 229.71543130858103
496.5226983990826 230.71492959537278
496.5543713323236 231.71442788216467
496.5860442655627 232.71392616895662
496.61765670068246 233.71342637103055
496.64919046826753 234.7129290581214
496.68065601926907 235.71243389507828
496.71207225964736 236.71194028317217
496.74345640988724 237.71144767939978
496.7748210627166 238.7109556876483
496.80617442982384 239.71046404998
496.83752149574195 240.7099726099525
496.86886514017453 241.7094812772254
496.90020696750645 242.7089900014792
496.9315478470649 243.70849875545213
496.96288823962414 244.7080075246954
496.99422838508235 245.70751630168672
497.0255684065045 246.70702508256724
497.05690836624046 247.70653386538197
497.08824829554544 248.70604264915085
497.1195882099446 249.7055514333871
497.15092811708826 250.70506021785087
497.1822680207199 251.70456900242473
497.21360792266006 252.70407778705166
497.2449478237893 253.70358657170402
497.27628772453124 254.7030953563685
497.307627625089 255.70260414103876
497.33890234310604 256.7021149673998
497.3700923023538 257.7016284422675
497.4012087630076 258.70114420796426
497.43227209491573 259.7006616262271
497.4633008519447 260.7001801184208
497.4943086018776 261.6996992625316
497.52530419223433 262.69921878379097
497.5562929935007 263.6987385155602
497.5872781083558 264.698258361615
497.61826126541223 265.6977782683596
497.64924340130904 266.6972982067577
497.68022501249834 267.69681816141997
497.7112063574536 268.69633812433455
497.7421875687687 269.6958580913914
497.7731687136214 270.6953780605084
497.80414982568675 271.69489803064164
497.8351309216921 272.6944180012727
497.8661120098801 273.69393797214605
497.8970930942841 274.6934579431367
497.9279891971572 275.6929805445957
497.95877479738147 276.69250655567237
497.98946457545134 277.692035513493
498.02008508816175 278.6915665956517
498.05066052469874 279.6910990576961
498.0812085737416 280.6906323571412
498.1117407700333 281.6901661409573
498.1422641152151 282.6897001951039
498.17278265432947 283.6892343960047
498.2032986410124 284.68876867483493
498.2338132963839 285.68830299430954
498.2643272676813 286.68783733466796
498.2948408918826 287.68737168562245
498.325354341854 288.6869060418958
498.3558677051766 289.6864404008144
498.3862746327846 290.6859780032854
498.4165431932526 291.68551980543634
498.44669177638116 292.6850652335862
498.4767536357525 293.6846132737579
498.5067590582296 294.68416300970006
498.53673019091843 295.68371377439655
498.56668147569667 296.6832651340275
498.5966216787789 297.682816825657
498.6265558646236 298.68236869750655
498.65648685480926 299.6819206650532
498.6864161781882 300.68147268251005
498.716224087099 301.6810283280678
498.7458747959281 302.680588649142
498.77538934707906 303.68015299988207
498.80480552517156 304.67972025047925
498.83415770152124 305.67928938252743
498.86347099780403 306.67885965552534
498.89276179147356 307.678430588179
498.9220400221424 308.6780018888919
498.94159186303625 309.6778107333805
498.9524948639594 310.6777512938994
498.9576303178592 311.6777381073691
498.95934730913075 312.6777366333385
498.9591648609021 313.6777366166948
498.95796923152466 314.67773590192974
498.95624817321465 315.67773442090777
498.95426019151876 316.67773244487023
498.95213872850366 317.677730194565
498.949951339014 318.6777278022258
498.9477317139938 319.6777253388551
498.9454964572811 320.6777228406657
498.9432536730642 321.677720325622
498.94100728539485 322.67771780249
498.93875918153543 323.6777152755013
498.94013988677574 324.6777143223274
498.9447473089939 325.6777037081014
498.9515062981352 326.6776808658734
498.9595404888536 327.67764859124236
498.96828322618643 328.677610372784
498.9774039074189 329.67756877850593
498.98672058638215 330.67752537731064
498.99613683328084 331.67748104347504
499.00560287088285 332.6774362395374
499.0229374136976 333.67728598506187
499.04725732964414 334.67699021216526
499.07623197054585 335.6765703591193
499.1079642410705 336.6760667638189
499.1412282886207 337.67551336226256
499.1753092099333 338.67493243892784
499.2098136743319 339.674336982612
499.2445332664383 340.6737340758257
499.27936042145393 341.6731274264507
499.3142406940321 342.6725189246059
499.3491469354132 343.6719095160729
499.3840657678959 344.67129966768437
499.4189906628633 345.67068960745337
499.45391845959 346.6700794458127
499.56307608962106 347.66410389813063
