0.14580587880339047
114127
858
0.0 100.0
0.0 101.0
0.0 102.0
0.0 103.0
0.0 104.0
0.0 105.0
0.0 106.0
0.0 107.0
0.0 108.0
0.0 109.0
0.0 110.0
0.0 111.0
0.0 112.0
0.0 113.0
0.0 114.0
0.0 115.0
0.0 116.0
0.0 117.0
0.0 118.0
0.0 119.0
0.0 120.0
0.0 121.0
0.0 122.0
0.0 123.0
0.0 124.0
0.0 125.0
0.0 126.0
0.0 127.0
0.0 128.0
0.0 129.0
0.0 130.0
0.0 131.0
0.0 132.0
0.0 133.0
0.0 134.0
0.0 135.0
0.0 136.0
0.0 137.0
0.0 138.0
0.0 139.0
0.0 140.0
0.0 141.0
0.0 142.0
0.0 143.0
0.0 144.0
0.0 145.0
0.0 146.0
0.0 147.0
0.0 148.0
0.0 149.0
0.0 150.0
0.0 151.0
0.0 152.0
0.0 153.0
0.0 154.0
0.0 155.0
0.0 156.0
0.0 157.0
0.0 158.0
0.0 159.0
0.0 160.0
0.0 161.0
0.0 162.0
0.0 163.0
0.0 164.0
0.0 165.0
0.0 166.0
0.0 167.0
0.0 168.0
0.0 169.0
0.0 170.0
0.0 171.0
0.0 172.0
0.0 173.0
0.0 174.0
0.0 175.0
0.0 176.0
0.0 177.0
0.0 178.0
0.1014262836796294 178.9948430574613
0.3048044067411348 179.97394332763798
0.5832748250867419 180.93438813402014
0.9103529016717515 181.87938545243827
1.266873516056912 182.81367290901596
1.6405489508471527 183.74123243240751
2.023966983500672 184.66480734124605
2.412815969963647 185.5861088476633
2.8046490085357414 186.50614518927344
3.1981026728707844 187.42548963724784
3.592428080932032 188.34446051412988
3.9872186447657185 189.26323165576846
4.382255721730699 190.181896832981
4.777422676818636 191.10050615015916
5.172657713233704 192.0190861771519
5.567928279692431 192.93765091591092
5.963217316295349 193.8562077065023
6.358515921409936 194.77476037934935
6.753819468268328 195.69331092550408
7.149127987829134 196.61185933161158
7.544505593815246 197.5303780024532
7.940001996864752 198.4488455278317
8.335638021552432 199.36725291890025
8.73143612269876 200.28559047292325
9.127459579587079 201.20383086715248
9.52397586289568 202.12185855577144
9.921857312579668 203.0392953939229
10.323238127268937 203.9552066568733
10.732287165273924 204.86771905925872
11.15581696794966 205.77360122943617
11.606569473698038 206.66625019659043
12.098077990699466 207.5371229644016
12.642131643708456 208.37617339354608
13.247750434156616 209.17192830597583
13.92033616982993 209.9119475139487
14.660866661110532 210.58397027508383
15.465600578351324 211.17760595666158
16.326691056914523 211.6860577122174
17.233664340830817 212.10724586763263
18.17528232792448 212.44392905162266
19.14117639236546 212.70286660447601
20.12285216212559 212.8934254748176
21.114009395615838 213.0261181215617
22.110365303166027 213.11141117807767
23.109235480983976 213.1589334661743
24.109071216890396 213.17705806836207
25.109062002041327 213.17276509582211
26.108839773206412 213.1516841023879
27.10828017908952 213.11823451213326
28.107379745962753 213.07580745150307
29.106185690992106 213.02695374975977
30.104759141890145 212.97355840200757
31.103157987674955 212.91699211579783
32.1014304132731 212.8582369944006
33.099609835605044 212.7979224784607
34.09769974543477 212.73614439257173
35.095640187204424 212.67199710361433
36.09325187740586 212.60292528900493
37.09014459408952 212.52415402887115
38.08555675550166 212.4284742038671
39.07809594404692 212.30654816398254
40.06540482851869 212.14773643065305
41.04386527464607 211.9413020455226
42.00851199877785 211.67775565943123
42.95329572757231 211.35006112819028
43.87170720530588 210.95443459019359
44.75760931872951 210.4905623605532
45.60602162388963 209.96122639875495
46.4136228210838 209.3714973878605
47.17886424657474 208.7277539912244
47.90174014668038 208.03677610948978
48.58335933529596 207.3050690084507
49.22547993916173 206.5384653754753
49.830126033497706 205.74197111899616
50.39934129327502 204.9197825834177
50.935080086789 204.0753988169204
51.43920312319088 203.21176697164782
51.91353253913624 202.33141953729648
52.35992426108978 201.43658188131002
52.780326792833456 200.52924417609574
53.176809584488936 199.61120202242245
53.551556890899406 198.6840750320171
53.9068322950143 197.74931335798942
54.24492413454168 196.80820023617832
54.56808334584656 195.86185562444916
54.878463807407556 194.91124320654103
55.17807238802389 193.9571809976568
55.46873267706238 193.0003546830228
55.7520635131081 192.04133245317325
56.02947130033161 191.0805801856309
56.30215380551262 190.11847611050797
56.57111257719947 189.15532441989393
56.83717112387121 188.1913675485854
57.10099631796851 187.22679703951957
57.36312113194556 186.26176305986007
57.623967229953465 185.29638266169877
57.883866414289386 184.3307469053281
58.1430805182641 183.36492702134322
58.40181956273756 182.39897976250091
58.660258767841 181.4329522384285
58.91856596441434 180.46688940807095
59.11625757968086 179.72752742390688
59.3480857392595 178.8568132529258
59.34919905550699 178.85633179161712
59.3480857392595 178.8568132529258
59.11355490260308 179.73767830133323
59.3480857392595 178.8568132529258
60.26593458890237 178.45988317191913
61.183783438545824 178.06295309091215
62.101632288189286 177.66602300990522
63.019481137832734 177.26909292889823
63.9373299874762 176.87216284789127
64.85517883711965 176.47523276688435
65.77302768676309 176.0783026858774
66.69087653640655 175.68137260487046
67.60872538605001 175.28444252386353
68.52657423569347 174.8875124428566
69.44442308533694 174.49058236184965
70.36227193498038 174.0936522808427
71.28012078462386 173.69672219983576
72.19796963426731 173.29979211882878
73.11581848391077 172.90286203782185
74.03366733355423 172.5059319568149
74.9515161831977 172.10900187580796
75.86936503284115 171.712071794801
76.78721388248462 171.3151417137941
77.70506273212808 170.91821163278715
78.62291158177153 170.5212815517802
79.540760431415 170.12435147077326
80.45860928105846 169.7274213897663
81.3764581307019 169.33049130875938
82.29430698034537 168.93356122775245
83.21215582998882 168.5366311467455
84.13000467963228 168.13970106573856
85.04785352927573 167.7427709847316
85.96570237891918 167.34584090372465
86.88355122856264 166.94891082271772
87.07982696788167 166.86403002220476
87.33131938509163 167.83188929094473
87.58281180230074 168.7997485596814
87.83430421951071 169.76760782842138
88.08579663672069 170.73546709716138
88.33728905393065 171.70332636590135
88.58878147114062 172.67118563464135
88.84027388835058 173.63904490338132
89.09176630556054 174.6069041721213
89.34325872277053 175.57476344086126
89.59475113998049 176.54262270960123
89.84624355719046 177.5104819783412
90.09773597440041 178.4783412470812
90.34922839161037 179.44620051582118
90.60072080882033 180.41405978456115
90.8522132260303 181.38191905330112
91.16028006775879 182.33328376834336
91.58387874915223 183.23913373225668
92.14684369470729 184.06561450642883
92.83543437739809 184.79076474721444
93.61714119473524 185.41441084215018
94.45968843895416 185.95303328993626
95.33928478109435 186.42875408503943
96.2407107138462 186.86168743760362
97.15482465590077 187.26714483480023
98.07626266089017 187.65567025605498
99.00190137792575 188.03407871992005
99.9299303745689 188.4065866814316
100.85930679501136 188.7757200843167
101.78943511994713 189.142954749282
102.71997876584891 189.50913574697552
103.65074956702212 189.874738968629
104.58164346362815 190.24002865266294
105.51260349779803 190.60514974870978
106.44359878974774 190.97018093418228
107.37461274383868 191.33516451913914
108.30563651186871 191.70012306933785
109.23666541027963 192.0650685314603
110.16769697618106 192.43000718835367
111.09872992215334 192.79494232439043
112.02976357888306 193.1598756471173
112.96079760013157 193.52480803986677
113.89183180760458 193.8897399575105
114.82286610987522 194.25467163330123
115.75390046024245 194.6196031863852
116.68493483493666 194.98453467740478
117.6159692218999 195.34946613712287
118.54700361503427 195.71439758109685
119.47803801126479 196.07932901717172
120.40907240904507 196.44426044929276
121.34010680759933 196.80919187943914
122.27114120653934 197.1741233086014
123.20217560567123 197.5390547372741
124.13321000489837 197.90398616570383
125.06424440417274 198.26891759401306
125.99527880347047 198.63384902226272
126.92631320277974 198.9987804504829
127.85734760209472 199.36371187868858
128.78838200141251 199.72864330688705
129.7194164007317 200.093574735082
130.65045080005152 200.45850616327525
131.58148519937168 200.82343759146764
132.512519598692 201.18836901965966
133.44355399801242 201.55330044785143
134.37458839733284 201.91823187604317
135.3056227966533 202.28316330423482
136.23665719597378 202.64809473242642
137.16769159529426 203.01302616061807
138.09872599461474 203.37795758880966
139.02976039393522 203.74288901700126
139.9607947932557 204.10782044519289
140.89182919257618 204.47275187338448
141.82286359189666 204.83768330157608
142.75389799121714 205.20261472976767
143.68493239053763 205.56754615795927
144.6159667898581 205.93247758615087
145.5470011891786 206.29740901434243
146.47803558849907 206.66234044253406
147.40906998781955 207.02727187072566
148.34010438714003 207.39220329891725
149.2711387864605 207.75713472710885
150.202173185781 208.12206615530044
151.13320758510147 208.486997583492
152.06424198442193 208.85192901168364
152.9952763837424 209.21686043987523
153.9263107830629 209.5817918680668
154.85734518238337 209.9467232962584
155.78837958170385 210.31165472445002
156.71941398102433 210.6765861526416
157.6504483803448 211.0415175808332
158.5814827796653 211.4064490090248
159.51251717898577 211.7713804372164
160.44355157830626 212.13631186540798
161.37458597762674 212.5012432935996
162.30562037694722 212.86617472179117
163.2366547762677 213.2311061499828
164.1676891755882 213.59603757817436
165.0987235749087 213.96096900636599
166.02975797422917 214.32590043455758
166.96079237354965 214.69083186274915
167.89182677287013 215.05576329094077
168.8228611721906 215.42069471913237
169.7538955715111 215.78562614732397
170.68492997083158 216.15055757551556
171.61596437015206 216.51548900370713
172.5469987694725 216.88042043189876
173.478033168793 217.24535186009035
174.40906756811347 217.61028328828195
175.34010196743392 217.97521471647354
176.2714233902532 218.33941302426462
177.20326439317117 218.7022798666198
178.1356928573832 219.0636344834814
179.06865286958666 219.4236145046344
180.00203412826005 219.7825008737783
180.93572097179788 220.1405914743313
181.86961588171488 220.49813908966541
182.80364584949754 220.85533374147857
183.73776026753038 221.21230748564352
184.6719259499588 221.56914705431984
185.606121970564 221.92590719094585
186.54033556694145 222.28262130104451
187.47455916644054 222.63930921244454
188.4087883754883 222.99598243117842
189.34302069144974 223.35264751191013
190.2772547102827 223.70930813218555
191.2114896541801 224.065966329345
192.14572509680212 224.42262322013616
193.07996080654647 224.77927941122007
194.0141966585572 225.13593522964698
194.9484450241343 225.49255826790528
195.88272222385987 225.8491057599353
196.81703945722316 226.2055483323651
197.75139996804202 226.56187744403343
198.68580060701666 226.91810131449103
199.6202528920203 227.27418968421333
200.5547730751168 227.6300998236942
201.48938759075796 227.9857621736174
202.42411788713002 228.34112012420263
203.35898611931594 228.69611503747544
204.29400499388692 229.05071298472848
205.22916838758704 229.4049296233598
206.16445176704113 229.75882932683092
207.09981950393333 230.11250601079686
208.03523344647488 230.4660604706738
208.97065927438314 230.81958348333657
209.9060697581951 231.1731470939849
210.8414455048087 231.52680259393802
211.7767741867788 231.88058254911365
212.712049117013 232.234504581312
213.647267728805 232.58857540495876
214.58243024716865 232.94279435454752
215.51753865119977 233.29715613678476
216.44323147163814 233.67543222932676
217.34932609307495 234.09850732550152
218.22930713562837 234.57351613041632
219.08177917699047 235.09628894789628
219.90954843833995 235.65735761567672
220.717559583992 236.2465248147824
221.51106007623 236.8550944236342
222.29456082255453 237.4764852672334
223.0714948136217 238.1060673298149
223.8442741078111 238.74074217764814
224.61450087097273 239.3785123034063
225.38319610512045 240.01812752914643
226.15099012147928 240.6588242970824
226.9182623947063 241.30014579113748
227.68523677736331 241.94182351114017
228.45204310526677 242.58370204753723
229.21875561357217 243.22569264685157
229.98541622787917 243.86774521671668
230.75204837389458 244.50983177840118
231.51866501763027 245.15193684888996
232.28527327577922 245.7940519308946
233.0518770252965 246.43617239562536
233.81847836400175 247.078295738524
234.5844091616519 247.72121876129657
235.3490826284003 248.36563670739287
236.11227964236645 249.01180256680757
236.8740889843051 249.65960386854675
237.63475721532416 250.30874471791486
238.39456775989987 250.9588892682662
239.15377411338557 251.6097392608351
239.9125752025468 252.26106169027213
240.6711146817292 252.91268877574487
241.42949040492633 253.5645064361877
242.18776618178927 254.21644036399243
242.9459822312926 254.86844375529924
243.70416322058307 255.52048791598048
244.4623239427292 256.1725556420603
245.22047310398253 256.8246368097771
245.97861574698504 257.4767255559314
246.73681280139445 258.1287510360201
247.49511662862867 258.7806523365265
248.25354678281687 259.4324066623411
249.01209577537392 260.0840226734172
249.7707424196345 260.7355249904908
250.52946238817 261.3869419148529
251.28823396592546 262.03829872397563
252.047040140018 262.6896152293392
252.8058686384629 263.34090572516106
253.56471110781925 263.99217994290746
254.32356210316308 264.6434442263329
255.0825182770472 265.29458593604227
255.84166497652075 265.9455055076319
256.6010330483361 266.5961668108515
257.3606079421265 267.2465866604282
258.12035221608187 267.89680865189877
258.8802234325799 268.54688228952597
259.640183892422 269.19685159609094
260.4002041301575 269.846751002332
261.16039243819256 270.49645380848784
261.92084751820414 271.1458443468271
262.68160147138764 271.7948847328707
263.44263047531626 272.44360258770394
264.20388299766984 273.0920581353017
264.9653022759178 273.74031786929135
265.72700288480866 274.3882470185162
266.48908964102725 275.0357219415799
267.2515873268558 275.68271288363866
268.01445428474085 276.32926837589537
268.7776174186819 276.97547424943195
269.54114933229886 277.62124434543244
270.30511421587465 278.2665021672858
271.06950883375134 278.91125085333425
271.8342947471559 279.5555353453546
272.59940836329855 280.19943064304914
273.3647767187682 280.84302312315253
274.1303312868427 281.48639409180146
274.8955101285585 282.1302118767302
275.65964680092213 282.7752662511429
276.42280318330427 283.4214800981235
277.18533237327335 284.06843390980174
277.9475173171477 284.7157932469023
278.70954049239094 285.3633429981896
279.47156366763414 286.0108927494769
280.01905492025406 286.47613821179874
280.0443435397883 286.4513118519285
280.0803006106205 286.528183389495
279.3182774353774 285.88063363820754
279.8783117433012 286.6143086941997
280.0443435397883 286.4513118519285
280.46803859782835 287.35711674140106
280.50399566865656 287.43398827895913
280.92771559811683 288.3397815342763
281.3514103051186 289.2455865879489
281.77510153852273 290.1513932664054
282.19879181637975 291.0572003918187
282.62248244554576 291.9630073529075
283.0461739296574 292.86881391409554
283.4698663335019 293.7746200450775
283.893559529017 294.68042580575366
284.3172533334414 295.5862312816106
284.7409475744495 296.49203655325374
285.1646421135381 297.39784168546845
285.58833684885315 298.30364672589724
286.0120317097192 299.209451707599
286.43572664909385 300.11525665257795
286.859421636639 301.02106157502493
287.28311665327215 301.92686648386587
287.70681168723195 302.8326713846021
288.1305067313912 303.7384762805675
288.5542017814928 304.64428117375337
288.97789683502504 305.5500860653345
289.4015918905216 306.4558909559968
289.82528694713494 307.36169584613674
290.24898200437883 308.26750073598174
290.672677061977 309.17330562566104
291.0963721197727 310.0791105152479
291.5200671776782 310.9849154047834
291.94376223564444 311.8907202942905
292.3674572936441 312.7965251837819
292.7911523516621 313.7023300732648
293.2148474096902 314.608134962743
293.63854246772394 315.5139398522186
294.06223752576045 316.41974474169285
294.4859325837985 317.3255496311664
294.90962764183763 318.2313545206394
295.3333226998771 319.13715941011225
295.75701775791674 320.04296429958504
296.1807128159567 320.94876918905766
296.60440787399665 321.85457407853033
297.02810293203675 322.76037896800295
297.45179799007667 323.6661838574756
297.8754930481167 324.5719887469482
298.29918810615675 325.47779363642076
298.72288316419673 326.3835985258934
299.1465782222367 327.289403415366
299.57027328027675 328.1952083048386
299.9939683383168 329.1010131943112
300.41766339635683 330.00681808378374
300.84135845439687 330.91262297325636
301.26505351243685 331.818427862729
301.68874857047695 332.72423275220154
302.112443628517 333.63003764167416
302.53613868655697 334.5358425311468
302.9613310446652 335.4409455410889
303.3919768044514 336.3434665821612
303.8337592264421 337.24058880996523
304.2923344030177 338.1292444279797
304.77174129061086 339.00683717870646
305.2736568142132 339.87175382623207
305.7975109011508 340.72356184192506
306.3411135124414 341.56290456155637
306.9014114064822 342.39119573616426
307.47512734360043 343.2102500832601
308.05918855756977 344.02195969780007
308.6509530775011 344.8280705791002
309.24828564779676 345.630064220262
309.8495403460945 346.42912165735584
310.4534957540094 347.22613976583915
311.05927364819036 348.0217735653485
311.6662593325673 348.8164863304161
312.27403248727967 349.61059702321086
312.88231153809556 350.4043202724221
313.49091125772526 351.197797670504
314.09971176341315 351.99112102467564
314.70863659028527 352.78434895863836
315.317637606356 353.57751839982024
315.92668487499094 354.37065232581784
316.5357599786224 355.16376487655464
317.1448516989461 355.95686466613546
317.7539532650857 356.7499568941432
318.36306062474466 357.5430446726453
318.9721713714736 358.33612984979794
319.5812840864707 359.12921351526387
320.1903979388144 359.92229630721124
320.7995124448969 360.7153785970651
321.4086273248829 361.50846059974805
322.01774241772563 362.3015424389495
322.6268576312123 363.0946241854921
323.2359729127951 363.8877058797344
323.84508823266384 364.6807875445718
324.4542035739783 365.473869192938
325.0633189272637 366.2669508321101
325.6724342872087 367.06003246616746
326.2815496508471 367.85311409738813
326.8906650165277 368.6461957270404
327.49978038333404 369.439277355828
328.1088957507595 370.2323589841401
328.7180111185244 371.0254406121915
329.3271264864749 371.81852224010026
329.9362418545269 372.6116038679312
330.545357222634 373.4046854957197
331.15447259077104 374.19776712348533
331.7635879589244 374.9908487512384
332.3727033270866 375.7839303789846
332.9818186952535 376.5770120067273
333.59093406342294 377.37009363446793
334.20004943159375 378.1631752622076
334.80916479976537 378.9562568899466
335.4182801679374 379.74933851768526
336.02739553610957 380.5424201454238
336.63651090428175 381.3355017731624
337.24562627245416 382.12858340090077
337.8547416406265 382.9216650286392
338.4638570087989 383.7147466563776
339.07297237697134 384.507828284116
339.68208774514375 385.30090991185443
340.29319087084536 386.09246090184666
340.9115000963978 386.8783958238324
341.5443958808309 387.6526328198787
342.19897721798793 388.4086244025341
342.8799343433277 389.1409476873264
343.5886679578006 389.84642388374704
344.3165921230789 390.5320815312679
345.0453467796152 391.2168564217076
345.7525023368169 391.9239144235142
346.41734525856623 392.67089761569446
347.02519936721785 393.4649463437933
347.569806445495 394.3036376638214
348.0531035546443 395.17909406152944
348.482813878355 396.08206085920057
348.86932031500567 397.0043475686503
349.22312645169234 397.93966634727224
349.5533852350034 398.8835567731406
349.8673507896299 399.8329911471276
350.1704036325155 400.7859649003962
350.46634282119356 401.7411716825144
350.75775000260734 402.6977707911385
351.0463262656156 403.65522770423075
351.33316426395277 404.6132068077137
351.6189508874417 405.5715000852831
351.90411003843303 406.5299802669279
352.1888991505016 407.48857046176994
352.47347236870115 408.4472247704149
352.7579208245024 409.40591610551303
353.0422978172479 410.364628641155
353.3266342212373 411.3233532154548
353.61094775790934 412.2820845713961
353.8952486324246 413.24081968223214
354.1795434251152 414.1995565965361
354.4413344642098 415.08240334388114
354.5005961817832 415.2822612415381
354.216304758752 414.3235280788808
354.5005961817832 415.2822612415381
355.16889616110814 416.0261531272166
355.83719614045185 416.77004501291583
356.50549611979557 417.5139368986151
357.1737960991393 418.25782878431437
357.842096078483 419.00172067001364
358.51039605782665 419.7456125557129
359.1786960371703 420.4895044414122
359.846996016514 421.23339632711145
360.51529599585774 421.9772882128107
361.1835959752014 422.72118009851
361.85189595454506 423.46507198420926
362.5201959338888 424.2089638699085
363.18849591323243 424.95285575560774
363.8567958925761 425.696747641307
364.5250958719198 426.4406395270063
365.19339585126346 427.18453141270555
365.8616958306071 427.9284232984048
366.52999580995083 428.67231518410404
367.1982957892945 429.41620706980325
367.86659576863815 430.1600989555026
368.5348957479818 430.90399084120185
369.20319572732546 431.6478827269011
369.8714957066692 432.3917746126004
370.5397956860129 433.1356664982996
371.2080956653566 433.87955838399887
371.87639564470027 434.6234502696982
372.5446956240439 435.36734215539747
373.21299560338764 436.1112340410967
373.8812955827313 436.85512592679595
374.54959556207496 437.59901781249516
375.21789554141867 438.3429096981945
375.8861955207624 439.0868015838938
376.5544955001061 439.8306934695931
377.2227954794498 440.57458535529236
377.8910954587934 441.3184772409916
378.559395438137 442.0623691266909
379.22769541748073 442.8062610123901
379.89599539682445 443.5501528980894
380.5642953761681 444.29404478378865
381.23259535551176 445.037936669488
381.9008953348555 445.7818285551872
382.56919531419913 446.5257204408865
383.2374952935428 447.26961232658573
383.9057952728865 448.01350421228494
384.5740952522302 448.75739609798427
385.24239523157394 449.50128798368354
385.91069521091765 450.2451798693828
386.57899519026137 450.9890717550821
387.247295169605 451.73296364078135
387.9155951489487 452.4768555264806
388.5838951282924 453.2207474121799
389.25219510763606 453.9646392978792
389.9204950869797 454.70853118357854
390.5887950663233 455.45242306927787
391.25709504566703 456.1963149549772
391.92539502501063 456.9402068406765
392.5936950043543 457.6840987263758
393.26199498369795 458.42799061207506
393.93029496304166 459.1718824977744
394.59859494238526 459.9157743834737
395.2668949217289 460.659666269173
395.9351949010726 461.40355815487226
396.60349488041624 462.1474500405716
397.2717948597599 462.8913419262709
397.94009483910355 463.6352338119702
398.6083948184472 464.37912569766945
399.2766947977908 465.1230175833687
399.9449947771344 465.866909469068
400.613294756478 466.61080135476726
401.28159473582167 467.35469324046653
401.9498947151653 468.09858512616586
402.618194694509 468.8424770118652
403.28649467385264 469.5863688975644
403.95479465319625 470.3302607832637
404.6230946325399 471.074152668963
405.29139461188356 471.81804455466226
405.9596586817379 472.5619686992776
406.6276539344874 473.3061342334863
407.2949338118501 474.05094129928716
407.96110477539537 474.79674036561073
408.62624019085797 475.54346312480413
409.29123868528455 476.2903078224558
409.9573424314107 477.03616692402716
410.6209166655858 477.78427736757067
411.286196430243 478.5308715242165
411.9535592195913 479.2756043000451
412.63380828951387 480.0085853385921
413.12889675184033 480.5420523749087
413.49468709828244 479.611355097364
413.7503970237455 478.9607405204649
414.11241068414824 478.0285677308589
414.47600729720483 477.0970112360752
414.84008543841344 476.1656428303978
415.2042285989283 475.2342998438186
415.5683805470915 474.30296029314496
415.93253368557623 473.3716212078856
416.29668698714005 472.44028218639005
416.6608403122826 471.5089431741138
417.02499364161224 470.57760416347475
417.3891469721334 469.64626515330156
417.7533003031973 468.7149261433406
418.1174536345636 467.7835871334979
418.4816069661069 466.85224812372434
418.8457602977539 465.92090911399134
419.20991362946177 464.9895701042822
419.5740669612054 464.058231094587
419.9382202929694 463.12689208489974
420.3023736247454 462.1955530752172
420.6665269565283 461.2642140655373
421.030680288315 460.33287505585895
421.3948336201039 459.40153604618143
421.7589869518942 458.4701970365045
422.12314028368525 457.5388580268278
422.48729361547674 456.6075190171514
422.8514469472686 455.67618000747507
423.2156002790604 454.74484099779875
423.5797536108523 453.8135019881224
423.9439069426443 452.88216297844616
424.30806027443634 451.9508239687699
424.67221360621124 451.0194849590869
425.0363669379479 450.088145949389
425.4005202696424 449.1568069396746
425.76467360131124 448.2254679299501
426.1661012035257 447.30957717217365
426.6105005738161 446.4137483940662
427.0888908866845 445.5356010780914
427.59041342150977 444.67045649649685
428.1065154031236 443.8139293547352
428.6313982312006 442.9627548621722
429.16141281814043 442.11476633770326
429.6943623180847 441.2686192875346
430.2289628742534 440.4235144151406
430.7644801958098 439.5789901713719
431.3005011868596 438.7347855177754
431.8367964705335 437.8907550866242
432.3732400299741 437.0468188878896
432.9097632401833 436.20293332402036
433.44632900570383 435.3590748173551
433.98291740044186 434.5152306998592
434.51951777884545 433.6713942027242
435.0561244802521 432.82756172645566
435.5927345070725 431.98373136488067
436.12934627772427 431.13990211224836
436.6659589604404 430.2960734396209
437.202572119058 429.45224506963183
437.739185525459 428.60841685721493
438.27579906061766 427.7645887266786
438.8124126625629 426.9207606386136
439.3490262990929 426.07693257254203
439.88563995350484 425.2331045178421
440.42225361714935 424.38927646901345
440.9588672855546 423.5454484232123
441.49548095641165 422.7016203789703
442.0320946285298 421.85779233553023
442.56870830129606 421.01396429250235
443.10532197439505 420.17013624968604
443.64193564766475 419.3263082069783
444.17854932102176 418.48248016432603
444.71516299442357 417.6386521217023
445.2517766678483 416.79482407909313
445.78839034128464 415.9509960364914
446.3250040147269 415.10716799389337
446.8616176881724 414.2633399512974
447.3982313616193 413.41951190870236
447.93484503506716 412.5756838661079
448.4714587085154 411.7318558235137
449.0080723819638 410.8880277809196
449.5446860554122 410.04419973832546
450.08129972886087 409.2003716957315
450.6179134023095 408.3565436531375
451.15452707575815 407.5127156105435
451.6911407492067 406.66888756794947
452.2277544226553 405.8250595253555
452.76436809610385 404.98123148276153
453.30098176955244 404.13740344016753
453.83759544300113 403.29357539757365
454.37420911644966 402.4497473549796
454.9108227898983 401.6059193123856
455.4474364633469 400.7620912697916
455.98405013679564 399.9182632271977
456.5206638102443 399.0744351846037
457.0572774836928 398.23060714200966
457.59389115714146 397.3867790994157
458.1322623265054 396.54407127104474
458.67268023011314 395.7026745219066
459.21474086412786 394.8623351446003
459.7579348469209 394.0227279167506
460.3018506656379 393.18358812973696
460.84620432814086 392.3447323077272
461.39081502034287 391.5060433344247
461.93557310044525 390.66745008727617
462.53433185915213 389.8665206591292
463.133090617859 389.06559123098225
463.7318493765659 388.26466180283535
464.33060813527277 387.4637323746884
464.9293668939797 386.66280294654143
465.5281256526865 385.86187351839453
466.12688441139346 385.06094409024763
466.7256431701004 384.2600146621007
467.3244019288073 383.45908523395366
467.92316068751416 382.65815580580676
468.53526442938573 381.86737833446176
469.14736817125737 381.07660086311677
469.75947191312895 380.28582339177177
470.3715756550005 379.4950459204268
470.98367939687216 378.7042684490818
471.59578313874374 377.9134909777368
472.21728660949066 377.13007956867415
472.83879008023763 376.3466681596115
473.4602935509845 375.5632567505488
474.08179702173146 374.7798453414862
474.71460311749547 374.0055350385947
475.34740921325954 373.2312247357032
475.98953680738265 372.46462695794384
476.63166440150576 371.6980291801844
477.2737919956289 370.931431402425
477.9320299615696 370.17862147940707
478.5987501883334 369.4333133959784
479.26547041509707 368.6880053125498
479.94415090798464 367.95357166096926
480.629759204145 367.22560101304714
481.32051762365876 366.5025153985651
482.0151365886228 365.78313754686803
482.7125804215445 365.0664980978286
483.4120314275374 364.35181754666223
484.11148243353034 363.63713699549584
484.8136482661447 362.92512355214734
485.51636225945305 362.21365110460727
486.2194167921466 361.5025151653811
486.92274183765187 360.7916467666145
487.62632738533654 360.0810362002075
488.3709842816971 359.4135887440713
489.20155288452554 358.85667241642807
490.112594683618 358.44435840950325
491.04534949859715 358.08384702947046
491.9651715797763 357.6915112817043
492.8600249391027 357.2451510400807
493.71957961119966 356.7341072399262
494.53760336842373 356.15892280635984
495.3101530151807 355.52396844320003
496.04333181885795 354.8439325310319
496.746505355449 354.1329142630261
497.39633191965027 353.3728317435202
498.0461584838514 352.6127492240143
498.6959850480527 351.8526667045084
499.27156303610445 351.0349198123282
499.84714102415614 350.2171729201481
