0.0
12562
722
0.0 100.0
0.0 99.0
0.0 98.0
0.0 97.0
0.0 96.0
0.0 95.0
0.0 94.0
0.0 93.0
0.0 92.0
0.0 91.0
0.0 90.0
0.0 89.0
0.0 88.0
0.0 87.0
0.0 86.0
0.0 85.0
0.0 84.0
0.0 83.0
0.0 82.0
0.0 81.0
0.0 80.0
0.0 79.0
0.0 78.0
0.0 77.0
0.0 76.0
0.0 75.0
0.0 74.0
0.0 73.0
0.0 72.0
0.0 71.0
0.0 70.0
0.0 69.0
0.0 68.0
0.0 67.0
0.0 66.0
0.0 65.0
0.0 64.0
0.0 63.0
0.0 62.0
0.0 61.0
0.0 60.0
0.0 59.0
0.0 58.0
0.0 57.0
0.0 56.0
0.0 55.0
0.0 54.0
0.0 53.0
0.0 52.0
0.0 51.0
0.0 50.0
0.0 49.0
0.0 48.0
0.8200760777426336 47.4277454878166
1.6466676682138341 46.86494326450695
2.481927333883645 46.31508756443178
3.329109218711462 45.78378458681958
4.188453123110058 45.272386450361324
5.059924925143467 44.78194083843209
5.9437240555732895 44.314074300783275
6.840236332509981 43.871055410326235
7.749918782367498 43.455750895035074
8.673207195189322 43.07164347939596
9.610426751719876 42.72290360089528
10.561669692124102 42.41446095090808
11.526617098601706 42.15201761848726
12.50430455405409 41.94195277266329
13.492858039537822 41.79108194600033
14.489253593350448 41.70625329316162
15.489175952266738 41.693792308478194
16.487057685613713 41.75884648784003
17.476278397958897 41.90527866417874
18.44960180872839 42.134716102379315
19.40003840964252 42.445634528405805
20.321863207820716 42.83324134137963
21.21137659249804 43.29015045540548
22.067193916981168 43.80742862729614
22.89010024569444 44.37560568963115
23.682633549466146 44.98543432327564
24.44856211944484 45.628359999921386
25.192371563067887 46.296751735041724
25.91883372004179 46.983958206551435
26.63287476661803 47.684062044424294
27.339122606742773 48.392026724559635
28.04171057127069 49.103623627377885
28.744292314300463 49.81522667287534
29.450143467374204 50.52358685647155
30.162264948332655 51.22564311942883
30.88344316148116 51.91839270252502
31.61624928555073 52.59883019746936
32.36298057055636 53.26395604119658
33.125565113452936 53.91084460573859
33.905465564751644 54.536748181430625
34.70362112675383 55.13919958930097
35.52045736294846 55.716069213427076
36.35597163066363 56.265537964535255
37.209876008255335 56.78596789635098
38.08175909813021 57.27568197373721
38.97121982647506 57.73269358489415
39.87793165741543 58.154444288074075
40.801611487184786 58.53760949014395
41.74188923725747 58.87801770496589
42.69809712736793 59.17070605610152
43.66901711584635 59.410110266534545
44.65263661691773 59.59036751912673
45.6459636775637 59.70569900046835
46.64494444614428 59.7508368338917
47.6445129951554 59.72146480931388
48.63879152896711 59.614646284697386
49.621447157968774 59.42920649718852
50.58619154254153 59.16601783399166
51.52737356469588 58.82811784705255
52.44056825627578 58.42059428298504
53.32303230436959 57.950214432415436
54.173907354081635 57.42484632358361
54.994116063075836 56.8527819271298
55.78598910380261 56.24209617539645
56.55274465451453 55.60015698399864
57.29798654605635 54.93336277054807
58.025384717097594 54.24714713332764
58.73865122647764 53.54625421240691
59.44182030159705 52.83523153218093
60.13969099234502 52.11900775500305
60.83815036368539 51.403358045587325
61.54405537560836 50.695051534151744
62.26448770032377 50.00152628911365
63.00548736205083 49.33002088979031
63.77070431640143 48.68624840453299
64.56058835493282 48.07299217287013
65.37257002574106 47.48930923987358
66.20220493893949 46.93100295224803
67.044818236498 46.39248384323001
67.89709624079399 45.86939474623671
68.7582142062007 45.36098954400744
69.63019650024518 44.87145213085812
70.51729433864233 44.40987069155286
71.4244290496412 43.989030322646805
72.35517291816629 43.62335854194317
73.310059425129 43.32638756891626
74.28596763541489 43.10820607314588
75.27685835951384 42.97353769194726
76.27547901481907 42.9210325798364
77.27521663045437 42.94393890830354
78.27135234505928 43.031766228019706
79.261434269169 43.17225745034763
80.24494846968147 43.353088358630245
81.22266382457212 43.563023312392296
82.19597171115747 43.79252659757742
83.16638913348717 44.03395987291242
84.13526274873774 44.28151576088784
85.1036396198188 44.53100771577873
86.07224830362915 44.77959817747663
87.04153889910734 45.02551633767944
88.0117454893086 45.26779545838538
88.98294937947625 45.50604533503422
89.9551328537926 45.74026594101542
90.92822029912799 45.97070210078781
91.90210730854989 46.19773534258134
92.87667992549103 46.421807237982065
93.85182649414622 46.64336799633068
94.82744430846046 46.862844374086265
95.80344278898336 47.08062170536061
96.77974445611136 47.297035787072254
97.75628458498554 47.51237128507104
98.73301013658158 47.72686416807511
99.70987835080024 47.94070638104824
100.68685524274164 48.15405153007323
101.66391414559683 48.36702077750439
102.64103437885731 48.57970845874849
103.61820007858938 48.79218715242658
104.595399200103 49.00451208481323
105.57262268744239 49.216724845485786
106.54986379527179 49.428856448903005
107.52711754452886 49.64092980782159
108.50438029200373 49.85296169787083
109.48164939462252 50.06496429471027
110.4589229508716 50.27694636059391
111.4361996039587 50.48891414902151
112.41347839361502 50.700872086565454
113.390758645681 50.912823281235006
114.36803989066225 51.12476989764565
115.34532180423048 51.33671343119275
116.32260416416004 51.5486549065356
117.29988681944167 51.760595019977345
118.27716966832611 51.972534240689995
119.25445264285196 52.18447288205088
120.23173569803669 52.39641115148046
121.20901880439051 52.608349184960616
122.18630194277618 52.820287070736256
123.16358510091041 53.03222486544777
124.14086827100358 53.24416260501444
125.118151448182 53.45610031190976
126.09543462944308 53.668037999979205
127.07271781297031 53.879975677599006
128.05000099768887 54.09191334972549
129.0272841829804 54.30385101920983
130.00456736850248 54.51578868763093
130.98185055407578 54.727726355815946
131.95913373961451 54.93966402416036
132.93641692508461 55.15160169282122
133.913700110479 55.36353936183112
134.89098329580347 55.57547703116357
135.86826648106873 55.78741470076895
136.84554966628656 55.999352370593186
137.82283285146767 56.211290040586675
138.80011603662115 56.42322771070755
139.77739922175428 56.63516538092233
140.75468240687263 56.847103051205195
141.7319655919804 57.05904072153674
142.70924877708075 57.27097839190267
143.68653196217588 57.482916062292674
144.66381514726737 57.69485373269934
145.6410983323564 57.90679140311747
146.6183815174437 58.118729073543406
147.59566470252986 58.33066674397466
148.57294788761527 58.54260441440949
149.55023107270014 58.754542084846726
150.52751425778467 58.96647975528555
151.50479744286898 59.17841742572543
152.4820806279531 59.390355096166
153.45936381303716 59.60229276660703
154.43664699812115 59.81423043704835
155.41393018320508 60.02616810748989
156.391213368289 60.238105777931544
157.3684965533729 60.45004344837328
158.34577973845677 60.66198111881508
159.32306292354065 60.873918789256905
160.30034610862452 61.08585645969876
161.2776292937084 61.29779413014063
162.25491247879228 61.50973180058251
163.23219566387615 61.72166947102439
164.20947884896 61.93360714146629
165.18676203404385 62.14554481190819
166.16404521912773 62.357482482350086
167.1413284042116 62.56942015279198
168.11861158929548 62.781357823233876
169.09589477437936 62.993295493675774
170.07317795946324 63.20523316411766
171.05046114454709 63.417170834559556
172.02774432963093 63.629108505001454
173.0050275147148 63.84104617544335
173.9823106997987 64.05298384588524
174.95959388488257 64.26492151632714
175.93687706996644 64.47685918676903
176.91416025505032 64.68879685721093
177.8914434401342 64.90073452765283
178.86872662521807 65.11267219809473
179.84600981030195 65.32460986853663
180.82329299538583 65.53654753897852
181.8005761804697 65.74848520942042
182.77785936555358 65.96042287986232
183.75514255063746 66.17236055030422
184.73242573572134 66.38429822074612
185.7097089208052 66.59623589118802
186.6869921058891 66.80817356162991
187.66427529097297 67.02011123207181
188.64155847605684 67.23204890251371
189.61884166114072 67.44398657295561
190.5961248462246 67.65592424339751
191.57340803130847 67.8678619138394
192.55069121639235 68.0797995842813
193.52797440147623 68.2917372547232
194.5052575865601 68.5036749251651
195.48254077164398 68.715612595607
196.45982395672786 68.9275502660489
197.43710714181174 69.1394879364908
198.4143903268956 69.3514256069327
199.3916735119795 69.56336327737459
200.36895669706337 69.77530094781649
201.34623988214724 69.98723861825839
202.32352306723112 70.19917628870029
203.300806252315 70.41111395914218
204.27808943739888 70.62305162958407
205.25537262248275 70.83498930002597
206.2326558075666 71.04692697046787
207.20993899265045 71.25886464090976
208.18722217773433 71.47080231135168
209.1645053628182 71.68273998179357
210.14178854790208 71.89467765223549
211.11907173298596 72.10661532267738
212.09635491806984 72.31855299311928
213.07363810315368 72.53049066356115
214.05092128823753 72.74242833400305
215.0282044733214 72.95436600444495
216.0054876584053 73.16630367488685
216.98277084348916 73.37824134532875
217.96005402857304 73.59017901577064
218.93733721365692 73.80211668621254
219.9146203987408 74.01405435665444
220.89190358382467 74.22599202709634
221.86918676890855 74.43792969753824
222.84646995399106 74.64986736798627
223.8237531390497 74.86180503854453
224.80103632388784 75.07374271011946
225.77831950733653 75.28568038810153
226.75560268405928 75.49761809709801
227.73288583412088 75.70955592903391
228.7101688940794 75.92149417645082
229.68745168713343 76.13343365460558
230.66473377308859 76.34537639326675
231.64201415782435 76.55732697621173
232.61929078062536 76.76929490427317
233.5965596831748 76.98129842337097
234.57381376479523 77.19337025072255
235.55104105222978 77.40556551149263
236.52822246215015 77.61797194290666
237.5053291069878 77.83072204188224
238.48231927844637 78.04400637059246
239.4591353218554 78.25808676983235
240.4357006718346 78.47330785899418
241.41191734451624 78.69010501759738
242.38766417223638 78.90900711487842
243.36279603098365 79.13063260541605
244.33714426175766 79.35567821232172
245.31051843500117 79.58490019831459
246.28270955490262 79.81908906735998
247.25349474024807 80.05903932035807
248.22264333758056 80.30551649229983
249.18992431036287 80.55922403986845
250.15511460567762 80.82077268511485
251.11800804471815 81.09065455751957
252.07842414563075 81.36922396199157
253.0362162030719 81.65668591547876
253.99127794760477 81.95309283869378
254.94354820259218 82.25834906134318
255.89301313778438 82.5722221835446
256.83970595889974 82.89435989082
257.7837041306808 83.22431057148921
258.72512446511007 83.56154602917874
259.66411658271363 83.90548469097516
260.6008553535536 84.2555139400462
261.5355329421331 84.61101050178375
262.4683510273974 84.97135813921724
263.39951366479227 85.33596222959457
264.3292211250058 85.70426107350173
265.25766490542316 86.07573401545623
266.1850239828709 86.44990662465587
267.11146227136845 86.82635329764653
268.0371271718292 87.20469770695496
268.9621490524716 87.58461153972857
269.88664147609495 87.96581195770182
270.8107019883272 88.34805817381533
271.7344132937459 88.73114749008727
272.65784466902016 89.11491108288762
273.5810534895743 89.49920976054734
274.5040867758712 89.88392985670544
275.4269826959505 90.26897936092664
276.34977199216746 90.65428432428345
277.27247933218376 91.03978551063702
278.1951246160553 91.42543519642669
279.1177242994168 91.81119396076171
280.040292811448 92.19702726752578
280.9628441482331 92.58290163956423
281.8853937008482 92.96878027718188
282.80796033028554 93.35461808539763
283.73056863148804 93.74035623823218
284.6532512466318 94.12591659889122
285.57605100939793 94.51119649434222
286.4990226459838 94.89606446918297
287.4222337418968 95.28035768065453
288.3457647168716 95.66388152380125
289.2697076347281 96.04641189454695
290.19416380103337 96.42770023239675
291.1192402498874 96.80748117422465
292.0450453669906 97.18548234505019
292.97168401376996 97.56143555795708
293.89925258616324 97.93508852998905
294.8278344505828 98.30621616446402
295.7574961490518 98.67463050511842
296.68828466681373 99.04018861979036
297.62022592776026 99.40279789455505
298.5533245476835 99.7624184800301
299.48756475283164 100.11906289549833
300.4229122764051 100.47279303295495
301.3593169862723 100.82371498914826
302.2967159740917 101.17197227569818
303.2350368444229 101.51773801185627
304.1742009742174 101.86120669646567
305.1141265591035 102.2025860966591
306.0547313146053 102.54208969594386
306.99593475110333 102.87993002971754
307.937659986341 103.21631311686176
308.87983509605556 103.55143408402768
309.8223940309716 103.88547398315633
310.7652771472183 104.21859772757719
311.7084314082225 104.55095301932016
312.65181032063 104.88267010905915
313.5953736662742 105.21386221759528
314.53908708804636 105.54462645019464
315.4829215809648 105.8750450483052
316.4268529318699 106.20518684326362
317.3708611428307 106.53510880015439
318.31492986519993 106.86485756428257
319.25904586375736 107.19447094578865
320.20319852382204 107.52397929847918
321.14737940874755 107.85340676627945
322.09158187086507 108.18277238459925
323.03580071565614 108.51209103445304
323.98003191661064 108.84137425471182
324.92427237671393 109.1706309228355
325.86851973165153 109.49986781732531
326.8127721894781 109.82909007642786
327.75702840152223 110.15830156774626
328.7012873595809 110.48750518274164
329.64554831489136 110.81670306893815
330.5898107148881 111.14589681121231
331.5340741542947 111.47508757201818
332.4783383376317 111.80427619889755
333.42260305071454 112.133463306219
334.36686813915696 112.4626493368291
335.31113349228235 112.7918346081991
336.25539903116874 113.12101934671472
337.19966469982757 113.45020371297824
338.1439304587386 113.77938782035304
339.0881962801421 114.10857174846811
340.03246214463144 114.43775555299104
340.9767280387026 114.76693927265842
341.920993953001 115.09612293430374
342.8652598810751 115.42530655643336
343.8095258184945 115.75449015175593
344.7537917622294 116.08367372896225
345.6980577102165 116.41285729397127
346.642323661056 116.74204085079805
347.58658961380195 117.07122440215635
348.53085556781343 117.4004079498842
349.47512152262965 117.72959149530377
350.4193874777744 118.05877503978091
351.36365343223326 118.38795858622566
352.30791938296244 118.71714214336895
353.25218532107476 119.04632573670368
354.1964512232322 119.37550943317528
355.14071703434274 119.70469339081569
356.0849826362123 120.03387794866421
357.0292477958796 120.36306377496678
357.9735120876246 120.69225209088223
358.91777478468526 121.02144498105423
359.8620347207956 121.35064579067793
360.8062901275068 121.67985959187178
361.7505384599999 122.0090936827313
362.6947762304179 122.33835806421831
363.6389988721369 122.66766582735985
364.5832006595591 122.99703337984292
365.5273747052373 123.32648044913883
366.47151304946505 123.65602981867079
367.415606847757 123.98570678181292
368.3596466503599 124.31553833139765
369.30362275685457 124.64555213469546
370.24752561974776 124.9757753704346
371.1913462650316 125.30623352139477
372.1350766957486 125.63694922126211
373.07871024670027 125.96794124762872
374.02224186403953 126.29922373596938
374.9656682915969 126.63080566519102
375.9089881551844 126.96269063767593
376.8522019455411 127.29487694937596
377.7953119089516 127.6273579216374
378.7383218610753 127.96012244828589
379.68123694373435 128.2931557002205
380.6240633462114 128.6264399254579
381.56680801222365 128.95995528448276
382.5094783515691 129.29368066757246
383.4520819720406 129.62759445086692
384.39462644312516 129.96167515972036
385.3371190987813 130.29590201985323
386.27956688263384 130.63025538788094
387.2219762355393 130.96471706215226
388.16435302283 131.2992704820653
389.1067024966932 131.63390082903035
390.0490292880442 131.96859504514714
390.99133742182335 132.30334178675
391.933630349729 132.6381313296259
392.8759109948775 132.97295544133038
393.8181818035833 133.30780723401023
394.76044480025837 133.64268100888196
395.7027016421646 133.97757210144934
396.64495367121856 134.31247673525388
397.58720195997483 134.64739189217556
398.5294473480317 134.98231520979567
399.4716904632698 135.31724492150593
400.41393171972175 135.6521798624122
401.3561712811183 135.98711957182158
402.298408977409 136.32206452802905
403.24064416220244 136.65701654927577
404.182875503367 136.99197938262805
405.12510070752205 137.3269594785366
406.067316191282 137.66196691451822
407.00951672608585 137.9970163917827
407.95169509650594 138.33212819150407
408.89384182095847 138.66732895165143
409.8359449860984 139.00265211851172
410.7779902403904 139.3381379436459
411.7199609785575 139.67383293681235
412.66183872860074 140.0097887433903
413.60360372987566 140.34606048227673
414.5452356679224 140.68270464641785
415.48671451283644 141.01977672265573
416.4280213955995 141.35732872229863
417.3691394524584 141.69540682430187
418.310054571297 142.03404931889008
419.2507559849681 142.37328500439065
420.1912366728171 142.71313214029604
421.1314935507087 143.05359800286917
422.0715274492328 143.39467903374822
423.01134289706476 143.7363615238123
423.9509477397606 144.0786227392349
424.89035263218295 144.42143237750793
425.829570444532 144.76475423956487
426.76861561767487 145.10854801902735
427.70750349420325 145.45277113752468
428.6462496395702 145.79738058974368
429.58486915586985 146.1423347948513
430.523375982832 146.48759547281122
431.461782179446 146.8331295668691
432.4000971868909 147.17891121300403
433.3383270885377 147.52492371517087
434.2764739027214 147.87116142980784
435.21453496393167 148.21763140749863
436.1525024625271 148.56435459907763
437.09036321723704 148.9113664213183
438.02809874579106 149.2587165019107
438.9656856768563 149.60646748565577
439.9030965135323 149.9546928771517
440.84030071924803 150.30347400735906
441.7772660562247 150.65289632677252
442.71396006988414 151.00304533044746
443.6503515844057 151.3540024952583
444.5864120591233 151.70584164554083
445.52211665599077 152.05862615115456
446.45744488727837 152.41240729784903
447.3923807506368 152.76722405535384
448.32691231361224 153.12310431302868
449.261030776032 153.48006747382618
450.1947291071922 153.83812812007017
451.12800041363295 154.19730031912567
452.06083623031543 154.5576020525579
452.99322493379424 154.91905925005864
453.9251504468346 155.28170899588022
454.8565913437062 155.6456016388878
455.7875203851563 156.01080174812222
456.7179044276117 156.37738807294133
457.64770457906127 156.74545284762692
458.57687642759527 157.1151008908949
459.5053701546094 157.4864489740936
460.4331303623283 157.8596258717887
461.36009548628203 158.23477338807194
462.2861967138459 158.61204850824896
463.21135637347015 158.99162670072582
464.13548578020516 159.37370632542132
465.058482510401 159.75851411646488
465.9802270279273 160.14631180136027
466.90057850016376 160.53740407634444
467.8193695362962 160.93214833776273
468.7363994708053 161.33096671649446
469.6514257219934 161.73436101446669
470.56415269949935 162.14293103849303
471.47421773394535 162.55739651724699
472.38117356968837 162.9786222429709
473.2844671066657 163.40764530302118
474.18341430485725 163.84570230258123
475.077171481708 164.2942534243362
475.9647036541106 164.7549991708713
476.844751131001 165.2298848817734
477.7157962895173 165.72108782539783
478.57603339746754 166.23098204786493
479.4233454602089 166.76207739555036
480.25529325310265 167.31693131317115
481.0691226860222 167.89803513703905
481.8617970111868 168.50768045542083
482.63005961188514 169.14781526651
483.37053073835744 169.81990343844936
484.079837417669 170.52480345595825
484.7547702079902 171.26268266595758
485.39245448219054 172.0329805086377
485.99051900592633 172.83442846418362
486.5472423025408 173.66512646647251
487.06165873792565 174.52266697922158
487.53361145070363 175.40429084284006
487.9637470665057 176.30705512659222
488.3534556332869 177.227993361751
488.70476636333905 178.16425228477937
489.02021413980134 179.11319522317189
489.3026928957054 180.0724687777239
489.55531037285255 181.04003500813906
489.78125542681295 182.01417505586875
489.9836850662924 182.99347186535
490.16563467134165 183.97677972213873
490.3299518336358 184.9631872799847
490.47925217527336 185.95197917314874
490.61589427173357 186.94259965419837
490.7419702564083 187.93462024173084
490.8593086173993 188.92771223597907
490.96948593294195 189.9216241833566
491.0738446920019 190.9161639007171
491.1735148153068 191.91118443644507
491.26943696770047 192.906573275382
491.3623861985785 193.9022441248494
491.4529948435167 194.89813070145465
491.541773958214 195.89418203988734
491.6291328336515 196.89035894530238
491.71539636137436 197.8866312995233
491.8008201851005 198.88297600410095
491.8856036959784 199.87937540006786
491.9699010108777 200.87581604692082
492.0538301232909 201.87228777461283
492.1374804415115 202.86878294482773
492.2209189349099 203.86529587390564
492.30419510171214 204.86182238135174
492.3873449552616 205.85835943628484
492.4703942040253 206.85490488044672
492.55336077654624 207.85145721115703
492.63625681835987 208.84801541128968
492.71909026515516 209.84457881624292
492.80186607618504 210.84114701015056
492.8845871946328 211.83771974535995
492.96725528747163 212.83429688057146
493.04987130614745 213.83087833407046
493.132435900816 214.82746404925368
493.2149497143969 215.8240539702183
493.2974135778474 216.82064802560134
493.37982862435433 217.8172461191723
493.46219633719795 218.8138481259337
493.54451854363106 219.81045389268803
493.6267973651255 220.8070632421994
493.7090351327896 221.80367598021235
493.7912342757171 222.80029190467974
493.87339718957224 223.79691081659485
493.9555260928356 224.79353253181517
494.0376228787276 225.79015689322028
494.11968897165013 226.78678378247847
494.20172519771427 227.78341313063814
494.28373167919096 228.78004492673728
494.3657077622107 229.77667922366504
494.44765198554217 230.7733161406326
494.5295620957453 231.769955861819
494.61143511055286 232.76659863104294
494.69326742826894 233.76324474264788
494.7750549766745 234.75989452914555
494.8567933908731 235.75654834649853
494.9384782061561 236.75320655820013
495.0201050497475 237.74986951948912
495.10166981456706 238.74653756309237
495.1831687991295 239.74321098779842
495.2645988004382 240.739890050931
495.34595715108276 241.73657496542523
495.42724169731173 242.7332659017462
495.50845072104056 243.72996299438017
495.58958281479545 244.7266663521366
495.67063672365725 245.72337607109102
495.7516111715952 246.72009224873696
495.8325046906128 247.71681499784071
495.9133154696689 248.7135444586215
495.994041236595 249.71028080819153
496.07467918082637 250.70702426663513
496.1552259186175 251.70377509960755
496.2356774965734 252.70053361780765
496.3160294247216 253.69730017404981
496.39627672763515 254.69407515887593
496.47641400148706 255.6908589956929
496.55643546616875 256.68765213631445
496.63633500414085 257.68445505757416
496.7161061807888 258.681268259421
496.7957422439829 259.6780922646692
496.8752361027908 260.6749276203884
496.95458028659027 261.6717749008167
497.0337668862291 262.66863471164146
497.11278747860854 263.6655076955165
497.19163303546105 264.66239453872623
497.27029381644957 265.65929597895706
497.3487592462202 266.65621281417
497.42701777470853 267.65314591258675
497.50505671973804 268.6500962238153
497.58286209056143 269.6470647911588
497.6604183903273 270.6440527651919
497.73770839440044 271.64106141875027
497.81471290006675 272.63809216356566
497.891410441566 273.63514656886554
497.96777696289547 274.6322263823309
498.0437854397637 275.6293335538246
498.11940544186575 276.6264702622463
498.1946026277176 277.62363894568955
498.2693381670676 278.6208423347522
498.3435680907811 279.6180834883482
498.41724257532877 280.6153658306799
498.4903051786654 281.612693187165
498.56269205608646 282.6100698161158
498.6343311979063 283.6075004319279
498.70514174434334 284.60499021458907
498.7750334452162 285.60254479963646
498.8439063410452 286.6001702424857
498.9116507459405 287.5978729515155
498.9781476095343 288.59565958558727
499.04326932404155 289.5935369138695
499.1068810230416 290.5915116388753
499.1688423915491 291.5895901872936
499.22900997428286 292.5877784771407
499.28723993367964 293.5860816734837
499.34339117478544 294.5845039479359
499.39732872447485 295.5830482587872
499.4489272306515 296.58171616863524
499.4980744348982 297.58050771461205
499.5446744694607 298.57942134289965
499.5886508349894 299.5784539145783
499.6299489271439 300.57760078445494
499.6685379965676 301.57685594892547
499.7044124476719 302.57621225363266
499.7375924080045 303.5756616471651
499.76812362554665 304.5751954608779
499.7960769694072 305.57480468981043
499.8215478673649 306.5744802538597
499.84465581698424 307.5742132295409
499.8655436464187 308.57399505503156
499.8843761834173 309.5738177070805
499.90133375304254 310.5736739171589
499.9166093021979 311.573557239151
499.9303931556352 312.57346223733055
499.9428425980135 313.57338474001983
499.9542049476469 314.57332018644166
499.9646401139768 315.5732657386112
499.9741182169528 316.57322082038434
499.98426528217396 317.5731693375928
499.99331366108225 318.57312840017437
499.99585748829986 319.57312516464066
