10.046669917536018
257176
1029
0.0 100.0
0.9918932634881016 100.12707381259301
1.9830659380179863 100.25965107031573
2.973624417101709 100.3967419143402
3.963816970132138 100.53645128382944
4.953445093897255 100.6801042568343
5.942590428580373 100.82704474436113
6.931603003453932 100.97487615760599
7.921105719080299 101.11939043291486
8.911832064962365 101.2552628273707
9.90476373982767 101.37395018579267
10.900743283056268 101.46353115179633
11.899699246640342 101.50921465888382
12.899592183790286 101.49458201600365
13.895434428328823 101.40348742784138
14.878895739484946 101.22236909784942
15.838930775993326 100.94248925099303
16.763486481227673 100.56144234060193
17.64180545795967 100.08336726792771
18.46648013812059 99.51775992011345
19.234526819933397 98.87736606118261
19.94726660984935 98.1759375246441
20.60932990470498 97.4264895987647
21.227321454505862 96.64030485942241
21.808588326852416 95.8265918737128
22.360311749656134 94.99256473702614
22.888957429606442 94.14372214557007
23.40002053920793 93.28417895409888
23.897973739009586 92.41697505027504
24.38633562094317 91.54433384549824
24.86779821032095 90.66786720321821
25.344373306122634 89.78873343747966
25.81747326535951 88.90772468124051
26.28810338410644 88.02539407918239
26.75700631138527 87.14214437225385
27.224737755059998 86.2582737388476
27.691705582389957 85.37399943285499
28.158197598789066 84.48947402415499
28.624407390948605 83.60479983006172
29.09045873732633 82.72004215558836
29.55642674419188 81.83524058654717
30.022354464507153 80.95041780234584
30.488264903972553 80.06558591865428
30.954169089575604 79.18075074200411
31.420164226331956 78.29596346106058
31.886379133008013 77.41129196225833
32.35282114569286 76.52674018378377
32.81940524963606 75.64226334748588
33.28602666265384 74.75780619368288
33.75260574565286 73.873326708727
34.21909990602765 72.9888024307469
34.68549719298426 72.10422706893792
35.151804586949694 71.21960431638564
35.61803771966264 70.33494242280105
36.08421407417912 69.45025060838785
36.55034939651233 68.56553717383781
37.016456324349775 67.68080877945798
37.48254427215679 66.79607038597149
37.94830361828474 65.91115896018106
38.41269975758213 65.02553137151544
38.875511084285094 64.13907456158309
39.337287303947136 63.25207809994717
39.799856603262896 62.36549497167858
40.264392391538365 61.479940624723355
40.73058625745378 60.59525803792579
41.19783219843312 59.71113065420875
41.66571563413624 58.82734046949597
42.1339955514592 57.94376029824268
42.602520375400545 57.06030996610694
43.071184144388724 56.176933335423406
43.53989882538198 55.29358371730984
43.78577967136432 54.83019146567467
44.02896499214688 54.36853088154595
44.03019714256829 54.36955712115014
44.798587818969565 55.00953818994795
45.56745555925316 55.648946039408045
46.33609479363572 56.28862856016955
47.10472924152796 56.92831683230949
47.873363593517844 57.56800521968344
48.64199794358956 58.207693609362224
49.410632293622925 58.847381999087084
50.17926664365551 59.487070388812874
50.94790099368809 60.12675877853868
51.716535343720665 60.766447168264484
52.485169693753235 61.4061355579903
53.253804043785806 62.04582394771611
54.02243839381838 62.685512337441914
54.790079783740076 63.3263919645788
55.55771964622549 63.96727342126433
56.32546313485113 64.60803073544258
57.09330505632255 65.24867009079868
57.861240974073446 65.88919676957802
58.641584582363166 66.5145477534274
59.410245690366324 67.15420399004466
60.17793522834658 67.79502594135069
60.94562016281365 68.43585340751633
61.71336161024431 69.07661316740851
62.48115723365505 69.71730800949118
63.24900135620312 70.35794472672521
64.01688882993682 70.99852948121354
64.78481516985546 71.63906764280827
65.5527764653397 72.27956389466159
66.32076929404379 72.92002233598244
67.08879064964175 73.56044656830461
67.85683788164833 74.2008397673683
68.62490864516244 74.84120474317103
69.39300085874565 75.48154399031495
70.16111266898321 76.12185973037884
70.92924242055201 76.76215394771555
71.69738863084027 77.4024284198131
72.46554996834408 78.04268474314334
73.23372523418755 78.68292435527798
73.99742017415656 79.32850164628637
74.76566391448287 79.96865909211469
75.53405108712936 80.60864436765807
76.30244168751688 81.24862552772147
77.07083236234683 81.88860659840589
77.83922303872863 82.52858766722709
78.60761371514272 83.16856873600953
79.37600439155426 83.80854980479502
80.14439506796273 84.44853087358419
80.91278574436878 85.08851194237627
81.6811764207731 85.72849301117043
82.44956709717626 86.36847407996599
83.21795777357866 87.00845514876247
83.98634844998061 87.64843621755948
84.75473912638228 88.28841728635683
85.52312980278377 88.92839835515439
86.29152047918518 89.56837942395205
87.05991115558652 90.20836049274979
87.82830183198783 90.84834156154756
88.59669250838917 91.4883226303453
89.36508318479045 92.12830369914312
90.13347386119175 92.76828476794091
90.90186453759301 93.40826583673875
91.6702552139943 94.04824690553656
92.43864589039556 94.6882279743344
93.20703656679686 95.3282090431322
93.97542724319815 95.96819011193
94.74381791959944 96.60817118072781
95.51220859600072 97.24815224952563
96.280599272402 97.88813331832344
97.04898994880328 98.52811438712126
97.81738062520455 99.16809545591909
98.58577130160582 99.80807652471692
99.3541619780071 100.44805759351473
100.12255265440838 101.08803866231254
100.89094333080966 101.72801973111035
101.65933400721093 102.36800079990817
102.42772468361223 103.00798186870597
103.1961153600135 103.6479629375038
103.9645060364148 104.28794400630159
104.73289671281609 104.92792507509941
105.50128738921734 105.56790614389726
106.26967806561865 106.20788721269506
107.0380687420199 106.8478682814929
107.80645941842118 107.48784935029069
108.57485009482247 108.12783041908851
109.34324077122375 108.76781148788632
110.11163144762502 109.40779255668414
110.88002212402628 110.04777362548197
111.64841280042756 110.68775469427977
112.41680347682886 111.32773576307756
113.18519415323013 111.96771683187538
113.95358482963142 112.60769790067319
114.72197550603269 113.24767896947101
115.49036618243396 113.88766003826885
116.25875685883526 114.52764110706664
117.02714753523652 115.16762217586447
117.7955382116378 115.80760324466227
118.56392888803906 116.44758431346011
119.33231956444034 117.08756538225792
120.10071024084162 117.72754645105572
120.8691009172429 118.36752751985354
121.63749159364419 119.00750858865135
122.40588227004548 119.64748965744914
123.17427294644675 120.28747072624698
123.94266362284802 120.9274517950448
124.06777710173071 121.03165693495015
123.91114624046126 122.01931414941424
123.9359246448336 123.01900711761837
124.0658494308059 124.01053097007481
124.34006825621655 124.97219829082061
124.77584240170131 125.87225434136803
125.3644906339574 126.68064364032107
126.0779037450725 127.38138734017791
126.88151019881133 127.9765483835177
127.74486369233713 128.48114797251554
128.64573709556615 128.91522989030824
129.56955682837324 129.29805766003795
130.50727723357008 129.64544856619048
131.4534039055462 129.96924529343679
132.40461244233404 130.277794024664
133.35888639269857 130.57672750832828
134.31500022279212 130.86972297570588
135.27221016768974 131.15911738026327
136.23006719301222 131.44636277890413
137.18830240169305 131.73234404550104
138.14677329850198 132.0175344029297
139.10543022030254 132.302098817929
140.06427993883145 132.58601291986307
141.02334922917854 132.8691844161566
141.98265840481335 133.15154217776913
142.94220915074533 133.43307790548658
143.90198411183843 133.71384831713775
144.86195279407673 133.9939556699895
145.82207896063937 134.27352273579254
146.78235268951238 134.5525825244335
147.74280949981207 134.83101153791617
148.70351695136537 135.1085744902891
149.66454355797993 135.38503038438236
150.6259323797787 135.66022401316107
151.58769032294575 135.93412483235488
152.54982831643355 136.20668763518614
153.51239354459332 136.47773778098525
154.47545999758768 136.7470016053599
155.43909425931756 137.01422624797408
156.40337153292614 137.27912120753726
157.36839076473316 137.54130031090475
158.3342903874263 137.8002171293643
159.30122912175327 138.05522592148367
160.2693767495494 138.30560597418904
161.2388889288108 138.5506491015438
162.20990932219877 138.78964574508652
163.18258523478346 139.0218128596344
164.15704297736002 139.24638380150483
165.1333728335791 139.46267067548308
166.1116234821548 139.67009697217952
167.09179213707324 139.86826207484742
168.0738136383613 140.0570311692669
169.05755889813997 140.2366008322476
170.04284669436444 140.4075041926918
171.02946452818318 140.5705540316699
172.0171911422066 140.72674665617512
173.00581498497266 140.87715575667914
173.99514624098754 141.02283920073532
174.98502268332186 141.164770976288
175.97531086509787 141.30380089046037
176.96590436741482 141.44063843343528
177.95672050971794 141.57585445375676
178.94769649439098 141.7098939919583
179.9387855815152 141.8430946728248
180.92995361830722 141.9757065985398
181.92117606920112 142.1079111856155
182.91243558203266 142.2398375977586
183.90372006173507 142.37157627962975
184.89502118989856 142.50318962736392
185.88633331575437 142.63472011482298
186.877652644 142.7661963082826
187.86897665190276 142.89763721270575
188.86030367844936 143.02905534858607
189.85163263941575 143.16045889172418
190.84296283261685 143.29185313835595
191.83429380651953 143.42324149469377
192.82562527263573 143.55462613720536
193.81695939016612 143.685990772554
194.80831670898013 143.81718020213538
195.79979095445677 143.9474830054688
196.79167038693038 144.0746647314982
197.7846076493184 144.1933053356833
198.77966831620773 144.29257400752743
199.77778813438206 144.35386698075988
200.77777628736231 144.34899934281975
201.77171676419653 144.239079697121
202.73736213290607 143.97921622933492
203.6318981331923 143.53222031862444
204.39658187976283 142.8878145708763
204.97770764589282 142.07400080597682
205.35162153930492 141.14653738334852
205.53159457732562 140.1628658398008
205.55359309072935 139.16310783637795
205.45808851236504 138.16767884568526
205.27977332613546 137.18370542411336
205.0474110309265 136.21107611971973
204.77838185738185 135.2479440915004
204.48334619093075 134.29245785113807
204.1699042198188 133.34285049504533
203.84389991337252 132.39748221115883
203.5097279182915 131.45497010104904
203.1704975120362 130.51426678359348
202.8282698341433 129.57464972516806
202.484333745768 128.6356566649631
202.13945606728427 127.6970090277298
201.7940742941702 126.75854675848261
201.44842935724236 125.82018138317503
201.10265001371775 124.88186552719066
200.75680332857993 123.94357449004963
200.4109234682652 123.00529568168366
200.06502750699096 122.0670228088081
199.71912383467858 121.12875277865643
199.37321651310302 120.19048409385425
199.02730748288653 119.25221603897084
198.68139766035068 118.3139482761903
198.33548747361098 117.37568064768034
197.98957712078837 116.43741308040002
197.64366669277908 115.49914554083871
197.29775623095895 114.56087801374241
196.9518457540274 113.62261049221725
196.60593526546378 112.68434297498047
196.26002477690014 111.74607545774369
195.91411428833658 110.80780794050688
195.56820379977296 109.8695404232701
195.22229331120937 108.9312729060333
194.87638282264575 107.99300538879652
194.53047233408213 107.05473787155972
194.18456184551852 106.11647035432294
193.83865135695493 105.17820283708616
193.49274086839134 104.23993531984937
193.14683037982772 103.30166780261258
192.8009198912641 102.3634002853758
192.45500940270048 101.42513276813901
192.10909891413687 100.48686525090221
191.76318842557328 99.54859773366542
191.41727793700966 98.61033021642862
191.071367448446 97.67206269919184
190.72545695988245 96.73379518195503
190.3795464713188 95.79552766471825
190.03363598275521 94.85726014748144
189.6877254941916 93.91899263024467
189.34181500562804 92.98072511300788
188.9959045170644 92.0424575957711
188.64999402850077 91.1041900785343
188.30408353962503 90.16592256141259
187.95817305074928 89.22765504429087
187.61226256187356 88.28938752716914
187.26635207299782 87.35112001004742
186.92044158412207 86.41285249292572
186.57453109524636 85.47458497580399
186.22862060635018 84.53631745868981
185.88271011745402 83.59804994157561
185.5367996285408 82.65978242446772
185.1908891396176 81.7215149073635
184.8449786506887 80.7832473902614
184.49906816175667 79.84497987316044
184.1531576728231 78.90671235606004
183.8072471838888 77.96844483895993
183.46133669495407 77.03017732185997
183.1154262060192 76.09190980476005
182.7695157170842 75.15364228766018
182.4236052281492 74.2153747705603
182.07769473921417 73.27710725346044
181.7317842502791 72.33883973636061
181.38587376134404 71.40057221926077
181.039963272409 70.4623047021609
180.69405278347392 69.52403718506108
180.34814229453886 68.58576966796123
180.0022318056038 67.64750215086138
179.65632131666877 66.70923463376153
179.31041082773368 65.77096711666168
178.9645003387986 64.83269959956185
178.61858984986355 63.894432082462
178.2726793609285 62.956164565362144
177.92676887199343 62.017897048262306
177.5808583830584 61.07962953116245
177.5458303403375 60.98461745224637
178.53725481785207 60.853936522555244
179.52867929536413 60.72325559286445
180.5201037728787 60.592574663173345
181.5115282503933 60.461893733482235
182.50295272790788 60.33121280379112
183.49437720542247 60.200531874099994
184.48580168293705 60.06985094440888
185.47722616045164 59.93917001471776
186.46865063796622 59.808489085026636
187.4600751154808 59.677808155335526
188.4514995929954 59.54712722564442
189.44292407050997 59.416446295953286
190.43434854802456 59.28576536626216
191.42577302553914 59.155084436571045
192.41719750305373 59.02440350687993
193.4086219805683 58.893722577188804
194.4000464580829 58.763041647497694
195.3914709355975 58.63236071780659
196.3828954131121 58.501679788115474
197.37431989062668 58.370998858424365
198.36574436814126 58.24031792873323
199.35716884565585 58.109636999042124
200.34859332317043 57.97895606935102
201.34001780068502 57.848275139659904
202.3314422781996 57.71759420996879
203.27253005885123 57.37943183904586
204.05692947445178 56.75917579771655
204.62262579983494 55.934562150334955
205.00620036399687 55.01105224041087
205.30001391607198 54.05518949052623
205.55815530347914 53.089082341133626
205.82082498675294 52.124196525356005
206.1089146154351 51.16659307619462
206.4204615675379 50.21636231651807
206.76822285811227 49.27877920832017
207.1601712933592 48.35879202139446
207.60028053450847 47.460847782671905
208.07593007484547 46.58121290684149
208.59644282107405 45.727359007738386
209.16696367349292 44.90607589153835
209.78811935773376 44.12238869888091
210.45705084774386 43.37906463652797
211.16833138927532 42.676156398392514
211.91512121233995 42.01109628068352
212.69032643474122 41.37938680381792
213.4874116870519 40.775520013417214
214.30082525484968 40.193834215307554
215.126121252667 39.629133838128006
215.95989284922763 39.07702431568817
216.7995892888633 38.533968251120996
217.643330072103 37.997217386475164
218.4897552630616 37.46470973759986
219.33788408898423 36.93491968990257
220.18701224281253 36.40673281163301
221.0366472660175 35.87936166401164
221.8864381767231 35.3522417458885
222.73613107831486 34.82496385617134
223.58555236356386 34.29724851608169
224.43457257311152 33.768888143059975
225.2830890589792 33.23971919724891
226.1310315401048 32.70963095110256
226.97833829636838 32.17852713753117
227.82494909143037 31.646314622003338
228.67082101465212 31.11292856153199
229.5159061511593 30.578296807841035
230.36014762732745 30.04233381479257
231.2034717369834 29.504928524464166
232.0458046690983 28.96597098302443
232.88707222346991 28.42535198413373
233.72721364404495 27.88298458703639
234.56617540785567 27.338794216978588
235.4039197021408 26.7927314940312
236.24041879703566 26.244763188159347
237.07565403527323 25.694870383327142
237.90963132356111 25.143071613285038
238.74240096420758 24.589451955381193
239.57406287417572 24.034169624032415
240.40479001448858 23.477489807308615
241.23486584422088 22.919839274363248
242.064720733965 22.361860007752234
242.89486628775705 21.80431327471607
243.72592320339686 21.248125893551006
244.55868801430051 20.69449897068633
245.3944753900241 20.14544572865867
246.2355295226853 19.604494764214145
247.08515121490328 19.077102139964712
247.9558877074294 18.5853522435913
248.84124811894574 18.12044693955652
249.74539910214057 17.69323387844084
250.6705623034275 17.313664318301257
251.61695644355612 16.990650183114912
252.5828512476035 16.73171538917189
253.56480434846102 16.542590806644156
254.55808536898266 16.426863479398122
255.55724101458176 16.38577825252169
256.55671322663875 16.418263592691183
257.5514016737744 16.5211950899831
258.53707787237244 16.689843930825397
259.5106049287771 16.918415736715872
260.46997066679904 17.20058125677411
261.4141834382083 17.529917319645566
262.3430914069956 17.90022798047428
263.2571748623708 18.305754103688837
264.1573388361249 18.741305272158417
265.0447452934406 19.2022931022737
265.9206951483374 19.684695270289406
266.78654479661475 20.184999564272587
267.6436408385922 20.700156215036753
268.49327106535 21.227535090020876
269.3366322672041 21.764882168925325
270.17481569783877 22.310270596203992
271.0088049717281 22.862051251027612
271.83948273069655 23.418804751919396
272.6676400405787 23.979300487932335
273.49398740322755 24.5424612431731
274.31916734734875 25.107331192648296
275.1437638376802 25.67305252699329
275.9683084438522 26.238849480354315
276.7932849749353 26.804016467325486
277.6191328452419 27.36790944929113
278.4462483939467 27.929941360387588
279.274982064796 28.48958455278844
280.1056341752028 29.046376319499085
280.938452247465 29.599923118345774
281.7736306044518 30.149902310698426
282.61131155027704 30.696062207616308
283.4515874353827 31.238221258919438
284.29450338795425 31.77626651435837
285.1400608184893 32.310150988441414
285.98822182032075 32.83988952297735
286.83891442222557 33.36555300569644
287.69203846215436 33.88726113530109
288.54747173730044 34.405174170252714
289.4050760654846 34.919484209314575
290.264702939853 35.430406548680885
291.1271932830089 35.93648006899464
291.99127255450765 36.43983582049274
292.857612003258 36.93929148372917
293.7271405397086 37.433174186704335
294.60112180253316 37.91913380666433
295.48110633658206 38.39413614332666
296.3687856451947 38.85459835139698
297.2664190253038 39.29534126389134
298.17560291531936 39.711736093513515
299.0969583584746 40.100457262693034
300.0303889255857 40.459215365573826
300.97535610956226 40.78638049392252
301.93102753555314 41.080815759379114
302.89634888438115 41.34188029832851
303.87010286921793 41.569483411256535
304.85098026625434 41.76411005892611
305.83765907444337 41.92679051095012
306.8288781288613 42.059020561085596
307.8234938702693 42.16265224998111
308.82051541125435 42.23977583140598
309.8191187790745 42.292608716793
310.81864459094777 42.32340078393604
311.8185845373545 42.33435996182912
312.8185616761121 42.327598160133675
313.8183084561343 42.30509536396689
314.8176451495618 42.268678703367094
315.81646027782165 42.220013114299384
316.81469378708465 42.160600481093425
317.8123231668899 42.091784635902044
318.80759767170656 41.99468334825907
319.8014056723375 41.88357233223524
320.794413226417 41.76552150614278
321.7870059109113 41.64403174242423
322.77938847739284 41.52083741729687
323.771665778397 41.39679807711848
324.7638906203612 41.27233979901262
325.75608938676635 41.147673813499026
326.7482752084014 41.02290484561714
327.74045460786533 40.89808481805976
328.7326308221479 40.773239474486594
329.72480545693116 40.648381578890515
330.71697930851656 40.52351745982421
331.70915277176647 40.398650255071665
332.7013260424704 40.27378152039089
333.69349921770623 40.14891202714933
334.68567234560743 40.02404215780219
335.67784545003934 39.89917210197639
336.67001854283484 39.77430195369172
337.6621916298608 39.64943175956454
338.65436471402614 39.52456154270806
339.64653779677315 39.399691314581986
340.63871087881694 39.27482108086832
341.6308839605121 39.14995084438423
342.62305704203436 39.02508060652651
343.6152301234709 38.90021036798773
344.6072118665418 38.77382911378414
345.59909788776895 38.64669878343707
346.59093623897996 38.51919707730367
347.5827509031656 38.3915112444706
348.5745538103178 38.263734120679274
349.5663508850528 38.135911733958395
350.55814506722805 38.00806690534433
351.54993781504345 37.88021094975086
352.541729851637 37.75234947725176
353.5335215355854 37.624485269395365
354.52531304468465 37.496619705311005
355.5171044670906 37.36875346879001
356.5088958465126 37.240886898865575
357.5006872046225 37.11302016363506
358.4924785521656 36.98515334644347
359.4842698944695 36.85728648861447
360.4760612341757 36.72941961063686
361.4678525725939 36.60155272266928
362.4596439103736 36.473685829748554
363.4514238810574 36.34573079956055
364.443198212872 36.217732070060514
365.43496974814263 36.08971167392426
366.42673989667225 35.961680535190254
367.41850935759317 35.833644070132
368.4102784775775 35.7056049642093
369.40204742851813 35.57756454890949
370.3938162956439 35.44952348440234
371.3855851212129 35.32148209800918
372.3773539261774 35.193440552020405
373.369122720926 35.06539892690195
374.3608915106093 34.93735726254987
375.3526602977812 34.8093155787452
376.34442471837315 34.68124007738812
377.3361869735263 34.55314780887217
378.32794815491957 34.42504722697856
379.31970880390185 34.296942523199725
380.311469188901 34.1688357757335
381.30322944301207 34.040728014978804
382.2949896322266 33.91261975182159
383.28674978926443 33.78451123956623
384.27850993034855 33.65640260380451
385.2702700635227 33.528293906806624
386.2620245993391 33.40014188502154
387.25377635920563 33.27196838229343
388.245526742545 33.14378422903653
389.23727644334065 33.0155947951044
390.2290258057111 32.88740274294118
391.2207750002831 32.759209392622815
392.2125241116576 32.63101539866111
393.2042731817815 32.50282108557209
394.19601479400404 32.374569089150114
395.187752707251 32.246288492688116
396.1794887861883 32.117993715966996
397.17122395557425 31.989691908485405
398.1629586739734 31.861386615057114
398.2024186735227 31.89959003983162
399.19384315103724 31.768909110140505
400.18526762855186 31.63822818044938
401.1766921060664 31.507547250758268
402.168116583581 31.376866321067155
403.15954106109564 31.246185391376034
404.1509655386102 31.115504461684917
405.14239001612475 30.984823531993804
406.1338144936394 30.854142602302684
407.1252389711539 30.723461672611567
408.11666344866853 30.592780742920453
409.1080879261831 30.462099813229333
410.0995124036977 30.331418883538216
411.09093688121226 30.2007379538471
412.08236135872687 30.070057024155986
413.0737858362414 29.939376094464865
414.065210313756 29.80869516477375
415.05663479127065 29.678014235082635
416.0480592687852 29.54733330539152
417.0394837462998 29.4166523757004
418.0309082238143 29.285971446009285
419.022332701329 29.155290516318168
420.01375717884355 29.02460958662705
421.0051816563581 28.893928656935934
421.99660613387266 28.763247727244817
422.9880306113873 28.6325667975537
423.9794550889019 28.501885867862583
424.97087956641644 28.371204938171466
425.96230404393106 28.24052400848035
426.95372852144556 28.109843078789233
427.9451529989602 27.979162149098116
428.9365774764748 27.848481219407
429.92800195398934 27.717800289715882
430.919426431504 27.587119360024765
431.91085090901856 27.456438430333648
432.90227538653306 27.32575750064253
433.89369986404773 27.195076570951414
434.8851243415623 27.064395641260298
435.8765488190769 26.933714711569184
436.86797329659146 26.803033781878064
437.859397774106 26.672352852186947
438.8508222516206 26.54167192249583
439.8422467291352 26.410990992804713
440.8336712066498 26.280310063113596
441.82509568416435 26.14962913342248
442.8165201616789 26.018948203731362
443.8079446391935 25.888267274040246
444.79936911670814 25.757586344349132
445.7907935942227 25.62690541465801
446.78221807173736 25.4962244849669
447.77364254925186 25.365543555275778
448.7650670267665 25.23486262558466
449.7564915042811 25.104181695893548
450.7479159817956 24.973500766202427
451.73934045931026 24.842819836511314
452.7307649368248 24.7121389068202
453.72218941433937 24.581457977129084
454.713613891854 24.45077704743796
455.7050383693686 24.320096117746843
456.69646284688315 24.189415188055733
457.6878873243977 24.05873425836461
458.6793118019123 23.928053328673492
459.67073627942693 23.797372398982382
460.6621607569415 23.666691469291266
461.65358523445605 23.53601053960014
462.64500971197066 23.405329609909028
463.6364341894852 23.27464868021791
464.6278586669998 23.143967750526794
465.6192831445144 23.013286820835678
466.61070762202894 22.882605891144564
467.6021320995435 22.751924961453444
468.59355657705805 22.621244031762327
469.5849810545727 22.49056310207121
470.57640553208734 22.359882172380097
471.5678300096019 22.229201242688976
472.5592544871165 22.098520312997863
473.55067896463106 21.967839383306746
474.5421034421456 21.837158453615626
475.5335279196602 21.706477523924512
476.52495239717484 21.575796594233395
477.5163768746894 21.44511566454228
478.50780135220396 21.314434734851158
479.49922582971857 21.18375380516004
480.4906503072331 21.053072875468928
481.4820747847477 20.92239194577781
482.47349926226235 20.79171101608669
483.4649237397769 20.661030086395577
484.4563482172915 20.530349156704464
485.447772694806 20.39966822701334
486.43919717232063 20.268987297322226
487.4306216498352 20.13830636763111
488.42204612734986 20.007625437939993
489.4134706048644 19.876944508248876
490.404895082379 19.74626357855776
491.3963195598935 19.615582648866642
492.38774403740814 19.484901719175525
493.35848046568697 19.356947707740858
493.324939468608 20.356385050206583
493.29139847152913 21.35582239267231
493.25785747445013 22.35525973513803
493.22431647737125 23.354697077603756
493.1907754802923 24.354134420069485
493.1572344832134 25.353571762535207
493.12369348613447 26.353009105000936
493.0901524890555 27.352446447466658
493.0566114919766 28.35188378993238
493.0230704948976 29.35132113239811
492.9895294978187 30.35075847486383
492.95598850073975 31.350195817329556
492.92244750366086 32.34963315979528
492.8889065065819 33.349070502261014
492.855365509503 34.34850784472673
492.82182451242403 35.34794518719246
492.7882835153451 36.347382529658184
492.7547425182662 37.34681987212391
492.72120152118725 38.346257214589635
492.6876605241083 39.34569455705536
492.65411952702937 40.34513189952108
492.6205785299505 41.34456924198681
492.5870375328715 42.34400658445253
492.55349653579253 43.343443926918255
492.5199555387137 44.34288126938398
492.4864145416347 45.342318611849706
492.4528735445558 46.34175595431543
492.4193325474768 47.34119329678116
492.3857915503979 48.34063063924688
492.3522505533189 49.34006798171261
492.31870955624004 50.33950532417833
492.2851685591611 51.33894266664406
492.25162756208215 52.338380009109784
492.2180865650032 53.33781735157551
492.1845455679243 54.337254694041235
492.15100457084543 55.33669203650695
492.1174635737665 56.336129378972686
492.08392257668754 57.33556672143841
492.0503815796086 58.33500406390413
492.01684058252965 59.33444140636986
491.9832995854507 60.33387874883558
491.94975858837176 61.333316091301306
491.9162175912928 62.332753433767024
491.8826765942139 63.332190776232764
491.84913559713505 64.33162811869849
491.81559460005604 65.3310654611642
491.7820536029771 66.33050280362994
491.7485126058982 67.32994014609565
491.71497160881927 68.32937748856139
491.6814306117403 69.3288148310271
491.6478896146614 70.32825217349284
491.61434861758244 71.32768951595855
491.58080762050355 72.32712685842428
491.54726662342455 73.32656420089
491.51372562634566 74.32600154335573
491.48018462926666 75.32543888582146
491.4466436321878 76.32487622828718
491.4131026351089 77.3243135707529
491.37956163802994 78.32375091321863
491.34602064095094 79.32318825568436
491.31247964387205 80.3226255981501
491.27893864679316 81.32206294061581
491.24539764971416 82.32150028308153
491.2118566526353 83.32093762554726
491.1783156555564 84.32037496801298
491.1447746584774 85.31981231047871
491.11123366139844 86.31924965294444
491.07769266431944 87.31868699541016
491.0441516672406 88.31812433787587
491.01061067016167 89.31756168034161
490.97706967308267 90.31699902280732
490.9435286760038 91.31643636527305
490.90998767892484 92.31587370773879
490.8764466818459 93.31531105020451
490.84290568476706 94.31474839267023
490.80936468768806 95.31418573513596
490.77582369060906 96.31362307760169
490.7422826935302 97.3130604200674
490.7087416964513 98.31249776253313
490.67520069937234 99.31193510499887
490.6416597022934 100.31137244746459
490.6081187052145 101.3108097899303
490.5745777081355 102.31024713239604
490.54103671105656 103.30968447486175
490.5074957139777 104.30912181732748
490.4739547168987 105.3085591597932
490.44041371981984 106.30799650225893
490.4068727227409 107.30743384472467
490.3733317256619 108.30687118719037
490.339790728583 109.3063085296561
490.30624973150407 110.30574587212185
490.2727087344251 111.30518321458754
490.2391677373463 112.30462055705328
490.20562674026723 113.30405789951901
490.1720857431883 114.30349524198475
490.1385447461094 115.30293258445046
490.10500374903046 116.30236992691619
490.0714627519516 117.30180726938191
490.0379217548726 118.30124461184762
490.0043807577937 119.30068195431336
489.97083976071474 120.30011929677907
489.9563562755037 120.73169072367766
489.9228152780462 121.73112806613068
489.88927428095656 122.73056540859605
489.85573328396663 123.73000275106476
489.82219228698204 124.72944009353364
489.78865128997654 125.72887743600182
489.7551102929483 126.72831477846924
489.721569295902 127.72775212093606
489.6880282988433 128.72718946340245
489.6544873017765 129.7266268058686
489.6209463047047 130.72606414833456
489.58740530763 131.7255014908004
489.5538643105534 132.7249388332662
489.52032331347584 133.72437617573198
489.4867823163977 134.72381351819772
489.4532413193191 135.72325086066343
489.4197003222404 136.72268820312917
489.38615932516154 137.7221255455949
489.3526183280827 138.72156288806065
489.3190773310038 139.72100023052639
489.28553633392494 140.72043757299213
489.2519953368461 141.71987491545786
489.21845433976716 142.7193122579236
489.1849133426882 143.71874960038934
489.1513723456093 144.71818694285508
489.11783134853033 145.7176242853208
489.0842903514514 146.7170616277865
489.05074935437244 147.71649897025222
489.0172083572935 148.71593631271793
488.98366736021455 149.71537365518364
488.9501263631356 150.71481099764935
488.91658536605667 151.7142483401151
488.8830443689777 152.71368568258083
488.8495033718988 153.71312302504654
488.81596237481983 154.71256036751225
488.7824213777409 155.71199770997796
488.74888038066194 156.71143505244368
488.71533938358306 157.71087239490942
488.68179838650417 158.71030973737516
488.6482573894252 159.70974707984087
488.6147163923463 160.70918442230658
488.58117539526734 161.70862176477232
488.54763439818845 162.70805910723806
488.5140934011095 163.7074964497038
488.4805524040305 164.70693379216954
488.4470114069516 165.70637113463528
488.4134704098726 166.70580847710102
488.3799294127938 167.70524581956676
488.34638841571484 168.7046831620325
488.3128474186359 169.7041205044982
488.27930642155695 170.70355784696392
488.245765424478 171.70299518942966
488.2122244273991 172.7024325318954
488.17868343032023 173.70186987436114
488.14514243324135 174.70130721682688
488.1116014361624 175.70074455929262
488.0780604390834 176.70018190175836
488.04451944200446 177.69961924422407
488.0109784449255 178.69905658668978
487.97743744784657 179.69849392915552
487.9438964507676 180.69793127162123
487.91035545368874 181.69736861408694
487.87681445660985 182.69680595655268
487.8432734595309 183.6962432990184
487.80973246245196 184.6956806414841
487.776191465373 185.6951179839498
487.7426504682941 186.69455532641553
487.70910947121513 187.69399266888124
487.6755684741362 188.69343001134695
487.64202747705724 189.69286735381266
487.6084864799783 190.69230469627837
487.57494548289935 191.69174203874408
487.5414044858204 192.6911793812098
487.50786348874146 193.6906167236755
487.4743224916625 194.69005406614122
487.4407814945836 195.68949140860693
487.40724049750463 196.68892875107264
487.37369950042574 197.68836609353838
487.34015850334686 198.68780343600412
487.3066175062679 199.68724077846986
487.27307650918897 200.6866781209356
487.23953551211 201.6861154634013
487.20599451503114 202.68555280586702
487.1724535179522 203.68499014833276
487.13891252087325 204.6844274907985
487.1053715237943 205.68386483326424
487.0718305267154 206.68330217572998
487.0382895296365 207.6827395181957
487.0047485325576 208.6821768606614
486.97120753547864 209.68161420312714
486.9376665383997 210.68105154559288
486.90412554132075 211.68048888805862
486.8705845442418 212.67992623052436
486.8385484029988 213.67941294161875
486.81035959973235 214.67901555834723
486.7881834086638 215.67876963638327
486.77353896577387 216.67866240077973
486.76727322541205 217.67864277083592
486.7697095973195 218.67863980287746
486.7808122530105 219.67857816649627
486.8003129808212 220.6783880092238
486.8277982977447 221.67801021653696
486.8627683768152 222.67739857626998
486.9046782365474 223.67651997212596
486.9529674907441 224.67535336560513
487.00708188763315 225.6738881081401
487.0664883581643 226.67212198417266
487.1306847662877 227.67005926736437
487.1992054298969 228.6677089647324
487.27162343242514 229.6650833342195
487.34755065249914 230.66219669650678
487.42663629322834 231.65906452196333
487.50856452210667 232.65570275387745
487.5930516668618 233.65212732321078
487.6798432705845 234.64835381228
487.7687111983033 235.64439723072266
487.85945090620044 236.64027187414456
487.95187892928186 237.63599124251562
488.04583060763156 238.6315680010507
488.14115804987534 239.62701397083273
488.23772832058137 240.6223401398928
488.33542183261403 241.61755668804034
488.4341309235219 242.6126730206227
488.5337585952602 243.6076978077632
488.63421739789516 244.60263902661643
488.7354284397793 245.59750400489276
488.837320508667 246.59229946442088
488.93982929015 247.58703156389234
489.04289667155206 248.58170594020396
489.1464701209839 249.57632774801473
489.25050213262364 250.57090169727854
489.35494973047037 251.56543208862115
489.45977402383005 252.55992284650762
489.56493980866503 253.55437755020208
489.6704152096803 254.54879946256153
489.77617135866114 255.54319155673403
489.8821821051245 256.53755654084915
489.9884237558207 257.5318968808019
490.09487484003 258.5262148212368
490.2015158979541 259.52051240484286
490.30832928981 260.5147914900701
490.41529902350237 261.5090537673761
490.5224105989869 262.50330077410894
490.62965086764086 263.4975339081268
490.73700790514033 264.491754440252
490.844470896502 265.4859635256498
490.95203003208957 266.48016221421847
491.0596764135077 267.47435146007035
491.1674019684208 268.4685321301795
491.2751993734274 269.4627050122648
491.3830619842147 270.45687082197367
491.4909837722894 271.4510302094256
491.598959267656 272.44518376517055
491.7069835068746 273.4393320256132
491.81505198598455 274.4334754779494
491.9231606178322 275.4276145646571
492.0313056933864 276.42174968758223
492.13948384666355 277.41588121165415
492.24769202292316 278.4100094682642
492.35592744982483 279.4041347583376
492.46418761126995 280.3982573551252
492.57247022367494 281.3923775067421
492.68077321444923 282.38649543847316
492.7890947024717 283.38061135486953
492.8974329803782 284.37472544165246
493.00578649849245 285.3688378674435
493.1141538502462 286.3629487853364
493.2225337589505 287.3570583343245
493.3309250657913 288.35116664059774
493.4393267189379 289.34527381872044
493.5477377636584 290.3393799727013
493.6561573333498 291.33348519696483
493.76458464139836 292.32758957723354
493.8730189737917 293.32169319132936
493.9814596824153 294.31579610990127
494.089906178967 295.3098983970859
494.1983579294355 296.3040001111073
494.3068144490877 297.29810130482196
494.4152752979202 298.2922020262132
494.52374007653015 299.2863023188402
494.63220842236797 300.2804022222459
494.740680006336 301.2745017723271
494.8491545297011 302.2686010016703
494.95763172129256 303.26269993985727
495.0661113349587 304.25679861374175
495.1745931472577 305.250897047701
495.2830769553625 306.2449952638643
495.39156257515833 307.23909328232
495.5000498395161 308.2331911213038
495.6085385967257 309.22728879736945
495.71702870907257 310.22138632554413
495.8255200515471 311.2154837194689
495.9340125106719 312.2095809915269
496.0425059834383 313.2036781529589
496.15100037634005 314.197775213969
496.25949560449715 315.1918721838201
496.3679915908597 316.1859690709208
496.4764882654856 317.18006588290393
496.58498556488496 318.1741626266985
496.69348343142457 319.1682593085943
496.8019818127879 320.1623559343011
496.9104806614845 321.1564525090017
497.0189799344047 322.1505490374011
497.12747959241574 323.14464552377024
497.23597959999466 324.13874197198606
497.34447992489527 325.132838385568
497.4529805378462 326.12693476771074
497.5614814122761 327.12103112131433
497.66998252406484 328.1151274490113
497.7784838513171 329.1092237531914
497.88698537415746 330.10332003602383
497.9954870745438 331.09741629947786
498.1039889360985 332.091512545341
498.21249094395466 333.08560877523587
498.32099308550914 334.07970499053806
498.4279583883946 335.0739677445315
498.53209895347754 336.06853033316236
498.6329712229182 337.063429717652
498.73079864615556 338.0586331115684
498.8261294398536 339.05407876039754
498.91957864350013 340.0497028090915
499.013046233807 341.0453251318436
499.1080947990796 342.0407977684538
499.2073004354471 343.03586472183576
499.31179093193157 344.03039060694107
499.4215200271748 345.0243521382173
499.5366641618019 346.0177009330829
499.6518082964291 347.01104972794855
499.7669524310563 348.00439852281414
499.88294478983136 348.9976486286313
499.9989371486064 349.9908987344485
