12.293354114412185
245065
1005
0.0 100.0
0.9954206855234505 100.09559110226388
1.990841371046901 100.19118220452776
2.9862620565703515 100.28677330679164
3.9816827420938017 100.38236440905553
4.977103427617251 100.47795551131941
5.972524113140702 100.57354661358329
6.967944798664153 100.66913771584717
7.963365484187603 100.76472881811105
8.958786169711054 100.86031992037493
9.954206855234503 100.95591102263882
10.949627540757952 101.0515021249027
11.944862089705442 101.14901208634916
12.940498419753903 101.24233034976865
13.938295744326961 101.30866660738731
14.93829408366382 101.31048905725606
15.932685515002262 101.20472667603909
16.90188642943802 100.95845530649547
17.81944378770425 100.56085186801499
18.663473766795228 100.02455587288199
19.42534429156337 99.37682652856483
20.10995135195531 98.64791420677194
20.730254566002838 97.86355209483492
21.301417036221437 97.04271506313265
21.837199417635375 96.19835895356368
22.348565007009192 95.33899568113208
22.843592008339662 94.47011809024038
23.32793584500611 93.59524035713522
23.805417179526724 92.71659846467594
24.278551022408454 91.83560790472654
24.748960902054613 90.95315986368884
25.217679213093966 90.0698121717258
25.685354742811455 89.18591195173292
26.152391382074434 88.30167398738965
26.619038646656335 87.41723047282343
27.085449705720976 86.53266237257213
27.551718077848044 85.64801905170549
28.017900592448704 84.76333048329252
28.484031637087753 83.87861479493625
28.950131937877558 82.99388290921965
29.41621394014647 82.10914138359706
29.882285089744286 81.22439414087032
30.348349825455003 80.33964351943686
30.814410783988357 79.45489090829012
31.280469526000644 78.57013712955057
31.746526971927295 77.68538266807761
32.21258366266595 76.80062780879865
32.67863991493221 75.91587271854851
33.144695913507064 75.03111749466316
33.61075176581019 74.14636219372736
34.076807534065836 73.2616068485185
34.54286325419087 72.37685147795625
35.00891894684485 71.49209609292329
35.47497462387044 70.60734069965788
35.94103029203326 69.72258530172391
36.40708595518569 68.83782990115066
36.8731416155142 67.95307449908985
37.33919727425581 67.06831909619314
37.80525293345781 66.18356369363053
38.271308590192504 65.29880828967666
38.7373642469272 64.41405288572278
39.203419903661896 63.529297481768914
39.66947556039659 62.64454207781503
40.13553121713129 61.75978667386114
40.60158687386598 60.87503126990727
41.06764253060068 59.99027586595339
41.53369818733538 59.10552046199952
41.999753844070085 58.220765058045636
42.46580950080478 57.33600965409176
42.93186515753947 56.45125425013788
43.39792081427417 55.566498846184
43.86397647100887 54.68174344223012
44.02896499214688 54.36853088154595
44.797355668548164 55.00851195034377
45.56574634494943 55.648493019141576
46.334137021350706 56.28847408793939
47.10252769775198 56.9284551567372
47.870918374153256 57.56843622553501
48.63930905055454 58.20841729433282
49.40769972695581 58.84839836313064
50.17609040335709 59.48837943192845
50.94448107975836 60.12836050072626
51.712871756159636 60.76834156952408
52.48126243256091 61.408322638321884
53.24965310896219 62.0483037071197
54.01804378536347 62.68828477591751
54.78643446176474 63.32826584471532
55.55482513816601 63.968246913513134
56.32321581456729 64.60822798231095
57.09160649096856 65.24820905110876
57.85999716736984 65.88819011990657
58.62838784377112 66.52817118870439
59.39677852017239 67.1681522575022
60.165169196573665 67.80813332630001
60.93355987297494 68.44811439509782
61.70195054937622 69.08809546389564
62.470341225777496 69.72807653269345
63.23873190217877 70.36805760149126
64.00712257858005 71.00803867028907
64.77551325498132 71.64801973908689
65.54390393138259 72.28800080788469
66.31229460778388 72.92798187668251
67.08068528418515 73.56796294548033
67.84907596058643 74.20794401427813
68.6174666369877 74.84792508307595
69.38585731338898 75.48790615187376
70.15424798979025 76.12788722067157
70.92263866619152 76.76786828946938
71.6910293425928 77.4078493582672
72.45942001899408 78.04783042706501
73.22781069539535 78.68781149586282
73.99620137179663 79.32779256466063
74.7645920481979 79.96777363345845
75.53298272459918 80.60775470225626
76.30137340100046 81.24773577105408
77.06976407740173 81.88771683985189
77.838154753803 82.5276979086497
78.60654543020429 83.16767897744751
79.37493610660556 83.80766004624533
80.14332678300684 84.44764111504313
80.91171745940811 85.08762218384095
81.68010813580938 85.72760325263876
82.44849881221066 86.36758432143657
83.21688948861194 87.00756539023438
83.98528016501321 87.6475464590322
84.75367084141448 88.28752752783001
85.52206151781576 88.92750859662782
86.29045219421704 89.56748966542564
87.0588428706183 90.20747073422343
87.82723354701957 90.84745180302126
88.59562422342088 91.48743287181908
89.36401489982215 92.12741394061689
90.13240557622342 92.7673950094147
90.90079625262469 93.40737607821252
91.66918692902597 94.04735714701032
92.43757760542725 94.68733821580814
93.20596828182852 95.32731928460595
93.97435895822979 95.96730035340376
94.74274963463108 96.60728142220157
95.51114031103235 97.24726249099938
96.27953098743362 97.8872435597972
97.04792166383488 98.527224628595
97.81631234023618 99.16720569739282
98.58470301663746 99.80718676619063
99.35309369303873 100.44716783498845
100.12148436944 101.08714890378626
100.88987504584126 101.72712997258407
101.65826572224256 102.36711104138188
102.42665639864383 103.00709211017968
103.1950470750451 103.64707317897751
103.96343775144636 104.28705424777532
104.73182842784765 104.92703531657314
105.26279286510915 105.36926763209746
106.03118354065404 106.0092487019235
106.7995742170003 106.64922977078737
107.56796489358462 107.28921083936541
108.33635557019622 107.92919190791068
109.10474624676971 108.56917297650173
109.87313692329491 109.20915404515077
110.64152759977951 109.84913511384855
111.40991827623449 110.4891161825819
112.17830895266943 111.12909725133932
112.94669962909137 111.76907832011233
113.71509030550514 112.40905938889514
114.48348098191389 113.049040457684
115.25187165831959 113.68902152647651
116.02026233472345 114.3290025952712
116.78865301112624 114.9689836640672
117.5570436875284 115.60896473286395
118.32543436393021 116.24894580166115
119.0938250403318 116.88892687045862
119.86221571673325 117.52890793925621
120.63060639313463 118.1688890080539
121.39899706953597 118.80887007685165
122.16738774593728 119.44885114564943
122.93577842233859 120.08883221444722
123.70416909874032 120.72881328324542
124.06777710173071 121.03165693495015
123.91114624046006 122.01931414942165
123.89262481818919 122.13610349846633
124.36044454000191 123.01992741072661
124.93573236283964 123.83787846115362
125.63223734592067 124.55543041644559
126.43060242874259 125.15760414098924
127.30012727083306 125.65149334818811
128.2139603245718 126.05758342427288
129.15373839926443 126.39936869359704
130.10832783081725 126.697293209486
131.07131467192295 126.96684161674762
132.03905359262933 127.21879673447708
133.0094691148044 127.46023764716932
133.98137658896718 127.69560090187692
134.95410239826404 127.92755887205206
135.92726788930145 128.1576652106304
136.90066397241438 128.38679413804982
137.8741777259957 128.6154225955699
138.84774968552932 128.84380306673563
139.8213493964122 129.07206520325582
140.79496173694525 129.30027346419683
141.76856204370364 129.52853305913206
142.74211356266548 129.7570006496719
143.71558084798087 129.98582688160496
144.6889417739833 130.21510511374169
145.66219105196635 130.44485681211512
146.63533699343924 130.67504581401326
147.60839570806775 130.90560326430617
148.5813857973968 131.1364501531036
149.5543248028414 131.36751224797092
150.52722743481843 131.59872744793006
151.50010508956822 131.83004772133583
152.47296609843426 132.06143799215144
153.44580156632475 132.29293562154382
154.41858716695788 132.5246427107768
155.39129674198472 132.756668749512
156.36391374644958 132.98908252411627
157.33643493798635 133.22189689655042
158.30886803522472 133.45507895288284
159.28122703645417 133.6885697936627
160.2535278659276 133.9223027545503
161.2257854507229 134.1562155348937
162.1980122709731 134.39025615099732
163.1702179783046 134.62438445477977
164.14240962103813 134.85857115337544
165.1145763914296 135.09286108176886
166.08669141125426 135.32736564085323
167.05872614401025 135.562202772321
168.03066253113738 135.7974466019494
169.00249686724734 136.03311166757788
169.97423725213125 136.2691638321215
170.94589855659564 136.50554130441222
171.91749774786388 136.74217395542829
172.88905075064503 136.9789961731083
173.86057088796213 137.21595317930849
174.8320684673351 137.45300265362243
175.80355101794746 137.69011371168534
176.7749927272165 137.92739204085265
177.7463671326621 138.16494574940117
178.7176536975618 138.40285835698083
179.6888412784835 138.6411747069517
180.65992897151062 138.87989775244847
181.63092432214864 139.11899611931727
182.60184015925282 139.35841716530172
183.5726914065765 139.5980999881532
184.54349266336155 139.83798521034197
185.51425676443117 140.0780207495326
186.48498563063077 140.31819874254367
187.45566664541798 140.55857005433379
188.42627872378466 140.7992195781827
189.39680200341238 141.04022697163907
190.36722485513036 141.2816384230318
191.33754606110023 141.52345810222525
192.30777321645104 141.7656548549282
193.2779194211938 142.00817566109384
194.26195103665648 142.18616942438317
195.26179281145778 142.2039577734416
196.2389435128506 141.99141011580338
197.13223541212037 141.54193310560262
197.90702233298427 140.90971065483214
198.5741365999875 140.1647552502872
199.1647940154764 139.35783281440627
199.70706411766542 138.51762859145097
200.22007339209225 137.65924552757326
200.71573024077918 136.7907270831233
201.2012149673948 135.91648193431038
201.6807875883979 135.03897973990613
202.15694727032997 134.15962090683377
202.54136786625676 133.2364628459215
202.67623410242493 132.24559903169583
202.69480531424074 131.2457714915212
202.60297037024057 130.24999724850198
202.42384178737458 129.26617157756203
202.18302922832896 128.29559993599923
201.90155033745688 127.33603251575539
201.5943953154797 126.38437302177964
201.2714770566203 125.43794616348828
200.93906616104414 124.49481149839414
200.60101828567122 123.55368258376244
200.25965829433028 122.61374994984035
199.91636814824795 121.67452054463482
199.57196046579122 120.73570035510713
199.2269090722313 119.79711656246931
198.8814884196962 118.85866860290938
198.53585664245026 117.9202983803651
198.1901044725396 116.98197251106271
197.8442837944964 116.04367188832087
197.49842419864586 115.10538561006774
197.1525425245006 114.16710747034026
196.80664833879797 113.22883394289897
196.46074706906694 112.2905630270125
196.11484179114922 111.35229358878665
195.7689342466315 110.41402498617559
195.42302542093546 109.47575685589214
195.0771158713191 108.53748899249481
194.73120591277225 107.59922127985726
194.3852957232794 106.66095365236231
194.03938540338174 105.72268607294356
193.693475009861 104.78441852066739
193.3475645747793 103.84615098371346
193.00165411623823 102.9078834554083
192.65574364445624 101.96961593198463
192.3098331652013 101.03134841131603
191.96392268172895 100.09308089220227
191.61801219587653 99.15481337396594
191.272101708681 98.21654585622478
190.92619122072753 97.27827833876307
190.58028073234635 96.34001082145903
190.23437024372384 95.40174330424396
189.88845975496514 94.46347578707909
189.5425492661296 93.52520826994257
189.1966387772507 92.58694075282202
188.8507282883473 91.6486732357105
188.50481779943013 90.71040571860408
188.15890731050516 89.77213820150052
187.81299682157578 88.83387068439859
187.46708633264393 87.89560316729755
187.1211758437107 86.95733565019702
186.77526535477665 86.0190681330968
186.42935486584219 85.08080061599674
186.08344437690744 84.14253309889678
185.73753388797255 83.20426558179688
185.3916233990376 82.26599806469699
185.04571291010262 81.32773054759713
184.6998024211676 80.38946303049727
184.35389193223253 79.45119551339741
184.00798144329747 78.51292799629755
183.66207095436243 77.5746604791977
183.31616046542737 76.63639296209786
182.9702499764923 75.69812544499801
182.62433948755725 74.75985792789817
182.2784289986222 73.82159041079832
181.93251850968713 72.88332289369848
181.58660802075207 71.94505537659865
181.24069753181703 71.00678785949881
180.89478704288194 70.06852034239897
180.54887655394685 69.13025282529912
180.2029660650118 68.19198530819928
179.85705557607673 67.25371779109943
179.51114508714167 66.31545027399957
179.1652345982066 65.37718275689971
178.81932410927158 64.43891523979985
178.47341362033654 63.50064772270001
178.1275031314015 62.562380205600164
177.78159264246642 61.62411268850033
177.5458303403375 60.98461745224637
178.53725481785207 60.85393652255526
179.52867929536663 60.72325559286414
180.5201037728812 60.592574663173025
181.5115282503958 60.4618937334819
182.50295272791038 60.331212803790784
183.49437720542497 60.20053187409968
184.48580168293955 60.06985094440854
185.47722616045414 59.93917001471743
186.46865063796872 59.80848908502632
187.4600751154833 59.67780815533521
188.4514995929979 59.547127225644076
189.44292407051248 59.41644629595297
190.43434854802703 59.285765366261856
191.42577302554162 59.15508443657073
192.41719750305617 59.024403506879615
193.40862198057076 58.89372257718851
194.40004645808534 58.7630416474974
195.39147093559993 58.63236071780628
196.3828954131145 58.501679788115176
197.3743198906291 58.37099885842404
198.36574436814368 58.240317928732914
199.35716884565826 58.10963699904182
200.34859332317282 57.97895606935069
201.3400178006874 57.84827513965957
202.331442278202 57.71759420996845
203.32286675571657 57.58691328027735
204.31429123323116 57.456232350586234
205.30571571074574 57.32555142089511
206.29714018826033 57.19487049120401
207.2885646657749 57.0641895615129
208.2799891432895 56.93350863182176
209.27141362080408 56.80282770213064
210.26283809831867 56.67214677243952
211.25426257583325 56.54146584274842
212.2456870533478 56.410784913057284
213.2371115308624 56.28010398336618
214.22853600837698 56.149423053675065
215.21996048589156 56.01874212398395
216.21138496340615 55.88806119429284
217.20280944092073 55.757380264601714
218.19423391843532 55.62669933491059
219.1856583959499 55.49601840521948
220.17708287346449 55.365337475528364
221.16850735097907 55.23465654583724
222.15993182849365 55.10397561614612
223.15135630600824 54.97329468645502
224.14278078352282 54.84261375676391
225.1342052610374 54.711932827072786
226.125629738552 54.58125189738166
227.11705421606658 54.45057096769056
228.10847869358116 54.31989003799942
229.09990317109575 54.18920910830832
230.09132764861033 54.0585281786172
231.08275212612492 53.9278472489261
232.0741766036395 53.79716631923497
233.06560108115409 53.66648538954386
234.05702555866867 53.535804459852734
235.04845003618325 53.40512353016161
236.03987451369784 53.27444260047047
237.03129899121242 53.14376167077938
238.022723468727 53.01308074108828
239.0141479462416 52.88239981139716
240.00557242375618 52.75171888170605
240.99699690127076 52.62103795201492
241.98842137878535 52.49035702232379
242.97984585629993 52.35967609263268
243.97127033381452 52.22899516294156
244.9626948113291 52.09831423325046
245.93957117486715 51.884509251174215
246.90407690086545 51.62044731806671
247.86858262686377 51.35638538495919
248.8105622648349 51.020715365970645
249.7481860676058 50.67306380984368
250.68405471585416 50.3207147311933
251.61992858587243 49.968379522312595
252.55688146315413 49.61892379442487
253.49548502540915 49.27392618150242
254.43597416872282 48.93410244585544
255.37835409234168 48.59955786054559
256.3225233184795 48.2700969790827
257.2683464085173 47.94541454600186
258.2156945146893 47.62520904053343
259.1631055117018 47.30518966183933
260.1119437191335 46.98942700394922
261.06334176402095 46.68146310966232
262.0160270830234 46.377504752387615
262.9699134436155 46.077336780950944
263.9250357774683 45.78112515495419
264.88133288438866 45.488728432510655
265.8388856918118 45.20047052542739
266.79784379908295 44.91692273668795
267.75834463044816 44.638645621303354
268.7204522830411 44.36597573880407
269.68425821388087 44.09937092324723
270.6498634491049 43.83935836641965
271.61740356389544 43.5866408833064
272.5870469573096 43.342117490543544
273.55821460620973 43.10371992820329
274.53121200834397 42.87290386411753
275.50469001388564 42.64412324272105
276.48283273748274 42.43618860810224
277.45157813328734 42.188131441087535
278.43373056300555 42.00004474618711
279.4195606387216 41.83229772888528
280.4074389929325 41.67706771477242
281.3956515657746 41.52397979599094
282.3859986121161 41.38536981149253
283.3835258486511 41.315088858377045
284.3775612343281 41.206030837021366
285.37082687057625 41.09017154370173
286.3638038041603 40.97186343168013
287.356627037762 40.85227234998631
288.34910139867316 40.72981973493061
289.3409589868651 40.60246776303365
290.3318653327285 40.46791437687223
291.32139304774415 40.323571378372385
292.3089981586405 40.166612323420516
293.2966618802399 40.01002249924167
294.2869748062679 39.871168948541815
295.27884382021455 39.74390599567458
296.18891780513417 40.158351820810424
297.14284114127855 40.458402264501416
298.04701966167414 40.88555704119855
299.0441862847421 40.960781544116216
300.0441486784882 40.95210911115063
301.0437640191873 40.92437518537185
302.0431142478829 40.88833187245494
303.0422491128527 40.84674435507623
304.04120492714804 40.80105758362677
305.0400141956953 40.75227187809675
306.03870411040236 40.7011010439987
307.03729543770385 40.64804106813929
308.035802611701 40.59342034426782
309.0340333915226 40.53396186954155
310.0321745039382 40.47301665065032
311.03027389470316 40.41139193032842
312.0283346794449 40.34914508333441
313.0263517426199 40.28620112721826
314.0243188441998 40.222469940470546
315.02223002938285 40.15786911627653
316.02001383354315 40.091329803419335
317.01770985203876 40.023486935865215
318.0153326032326 39.954575062429676
319.0128856126825 39.88466087690641
320.0103713675889 39.813793615361526
321.00776770008275 39.74167873528913
322.0050958073579 39.66862638119287
323.0023702494245 39.59484503395078
323.999585840768 39.520272489530285
324.99676038618014 39.445153078044065
325.9939072862416 39.36966758475015
326.991017209746 39.29369521839886
327.9881085817034 39.21747976085793
328.9851777607601 39.140974518062755
329.9844561776644 39.17895669163438
330.9802880025918 39.270165114829915
331.9745370214474 39.377258011441086
332.96833617499215 39.48844812976915
333.96200407404876 39.60080517843304
334.9556134743358 39.71367838012978
335.94918054075015 39.82692362081019
336.9449354071952 39.9189684248512
337.940429859296 39.824148617655815
338.9334935066895 39.7065705915387
339.9254236399424 39.57978490328897
340.9169824424778 39.45012711866088
341.90843974113994 39.31969543183013
342.8998718557839 39.18907245508934
343.8912980578571 39.05840460960824
344.88272291742555 38.927726578441195
345.8741474785285 38.79704628290344
346.86557197417983 38.66636549080833
347.85699645560766 38.53568459080565
348.8484209339634 38.405003667495976
349.8398454116583 38.27432273917292
350.8312698892115 38.14364180977458
351.82269436673437 38.01296088014605
352.8141188442507 37.88227995046831
353.8055433217657 37.75159902078002
354.79696779928037 37.62091809108953
355.788392276795 37.49023716139853
356.7798167543096 37.35955623170744
357.7712412318242 37.22887530201634
358.76266570933876 37.098194372325224
359.7540901868534 36.9675134426341
360.74551466436793 36.83683251294298
361.7369391418825 36.706151583251874
362.7283636193971 36.57547065356077
363.71978809691166 36.44478972386966
364.71121257442627 36.31410879417852
365.7026370519409 36.183427864487406
366.69406152945544 36.05274693479628
367.68548600697 35.92206600510519
368.67691048448455 35.79138507541405
369.66833496199916 35.660704145722946
370.6597594395137 35.530023216031836
371.6511839170283 35.39934228634071
372.6426083945429 35.26866135664959
373.63403287205745 35.137980426958485
374.625457349572 35.00729949726737
375.6168818270866 34.876618567576244
376.6083063046012 34.74593763788514
377.5997307821158 34.615256708194025
378.59115525963034 34.4845757785029
379.58257973714495 34.35389484881179
380.5740042146595 34.22321391912067
381.5654286921741 34.092532989429564
382.5568531696887 33.96185205973842
383.5482776472033 33.831171130047316
384.5397021247179 33.7004902003562
385.5311266022325 33.56980927066507
386.52255107974713 33.43912834097396
387.5139755572617 33.30844741128284
388.50540003477624 33.17776648159173
389.4968245122908 33.0470855519006
390.48824898980536 32.91640462220949
391.47967346731997 32.785723692518395
392.4710979448345 32.65504276282726
393.46252242234914 32.52436183313615
394.45394689986375 32.39368090344503
395.4453713773783 32.262999973753914
396.43679585489286 32.13231904406278
397.4282203324074 32.00163811437169
398.41964480992203 31.87095718468057
399.41106928743665 31.740276254989443
400.40249376495126 31.609595325298326
401.3939182424658 31.478914395607198
402.3853427199804 31.348233465916085
403.3767671974949 31.217552536224964
404.36819167500954 31.086871606533844
405.35961615252415 30.956190676842738
406.35104063003877 30.82550974715162
407.3424651075533 30.694828817460497
408.33388958506794 30.56414788776939
409.3253140625825 30.433466958078277
410.3167385400971 30.302786028387164
411.30816301761166 30.172105098696047
412.2995874951262 30.04142416900492
413.29101197264083 29.910743239313817
414.28243645015544 29.7800623096227
415.27386092767 29.649381379931576
416.26528540518456 29.51870045024047
417.25670988269917 29.388019520549342
418.2481343602138 29.25733859085824
419.23955883772834 29.126657661167105
420.2309833152429 28.99597673147598
421.22240779275745 28.865295801784864
422.21383227027206 28.734614872093776
423.2052567477866 28.60393394240266
424.1966812253012 28.473253012711524
425.18810570281573 28.34257208302043
426.1795301803303 28.21189115332932
427.17095465784485 28.081210223638184
428.1623791353594 27.950529293947092
429.15380361287396 27.81984836425598
430.14522809038857 27.689167434564848
431.1366525679032 27.558486504873734
432.1280770454178 27.427805575182624
433.1195015229324 27.2971246454915
434.11092600044697 27.16644371580037
435.1023504779615 27.03576278610926
436.0937749554761 26.905081856418157
437.08519943299063 26.77440092672704
438.0766239105052 26.643719997035937
439.06804838801975 26.513039067344813
440.0594728655343 26.382358137653686
441.0508973430489 26.251677207962583
442.04232182056353 26.12099627827146
443.03374629807814 25.990315348580346
444.0251707755927 25.859634418889215
445.01659525310725 25.728953489198105
446.0080197306218 25.598272559506984
446.9994442081364 25.46759162981588
447.990868685651 25.336910700124758
448.98229316316554 25.20622977043365
449.97371764068015 25.07554884074254
450.9651421181947 24.944867911051418
451.95656659570926 24.814186981360308
452.9479910732238 24.68350605166919
453.93941555073843 24.552825121978067
454.930840028253 24.422144192286932
455.92226450576754 24.291463262595826
456.9136889832821 24.160782332904713
457.90511346079666 24.030101403213617
458.8965379383112 23.899420473522486
459.8879624158258 23.76873954383139
460.87938689334044 23.638058614140277
461.87081137085505 23.50737768444915
462.86223584836966 23.37669675475801
463.8536603258843 23.246015825066905
464.8450848033989 23.115334895375778
465.8365092809135 22.98465396568467
466.82793375842806 22.85397303599355
467.8193582359426 22.72329210630244
468.81078271345723 22.592611176611324
469.8022071909718 22.461930246920197
470.7936316684864 22.33124931722909
471.785056146001 22.200568387537984
472.7764806235156 22.069887457846853
473.76790510103024 21.939206528155736
474.75932957854485 21.808525598464605
475.75075405605946 21.67784466877348
476.742178533574 21.547163739082347
477.7336030110886 21.416482809391262
478.7250274886032 21.285801879700138
479.7164519661178 21.155120950009003
480.70787644363236 21.02444002031788
481.6993009211469 20.893759090626787
482.69072539866147 20.763078160935663
483.6821498761761 20.632397231244557
484.6735743536907 20.501716301553433
485.6649988312053 20.371035371862316
486.65642330871987 20.240354442171196
487.6478477862345 20.10967351248007
488.63927226374904 19.97899258278896
489.6306967412636 19.84831165309784
490.6221212187782 19.717630723406728
491.61354569629276 19.5869497937156
492.6049701738074 19.45626886402449
493.35848046568697 19.356947707740858
493.324939468608 20.356385050206544
493.2913984715291 21.355822392672266
493.25785747445013 22.35525973513799
493.2243164773712 23.354697077603717
493.19077548029225 24.354134420069443
493.1572344832133 25.353571762535168
493.12369348613436 26.353009105000893
493.0901524890554 27.35244644746662
493.05661149197647 28.351883789932344
493.0230704948975 29.35132113239807
492.9895294978186 30.350758474863795
492.95598850073964 31.35019581732952
492.9224475036607 32.349633159795246
492.88890650658175 33.34907050226097
492.8553655095028 34.3485078447267
492.82182451242386 35.34794518719242
492.788283515345 36.34738252965815
492.7547425182661 37.34681987212387
492.72120152118714 38.3462572145896
492.68766052410825 39.345694557055324
492.65411952702937 40.34513189952105
492.6205785299504 41.344569241986775
492.5870375328715 42.3440065844525
492.55349653579253 43.343443926918226
492.5199555387136 44.34288126938395
492.48641454163464 45.34231861184968
492.4528735445557 46.3417559543154
492.41933254747676 47.34119329678113
492.3857915503978 48.340630639246854
492.35225055331887 49.34006798171258
492.3187095562399 50.339505324178305
492.285168559161 51.33894266664403
492.25162756208204 52.338380009109756
492.2180865650031 53.33781735157548
492.18454556792415 54.33725469404121
492.15100457084526 55.33669203650693
492.11746357372533 56.33612937897128
492.083922576583 57.33556672143487
492.0503815794503 58.33500406389879
492.016840582344 59.334441406363595
491.98329958526455 60.33387874882931
491.9497585882041 61.33331609129566
491.91621759115316 62.33275343376232
491.8826765941043 63.33219077622905
491.84913559705285 64.33162811869569
491.81559459999687 65.33106546116218
491.7820536029358 66.3305028036285
491.74851260587 67.32994014609466
491.7149716088005 68.32937748856071
491.68143061172805 69.32881483102665
491.64788961465354 70.32825217349253
491.61434861757743 71.32768951595835
491.58080762050037 72.32712685842415
491.54726662342256 73.32656420088992
491.51372562634435 74.32600154335566
491.48018462926586 75.3254388858214
491.44664363218726 76.32487622828714
491.41310263510854 77.32431357075288
491.3795616380297 78.32375091321862
491.3460206409508 79.32318825568433
491.31247964387194 80.32262559815007
491.278938646793 81.32206294061578
491.24539764971405 82.3215002830815
491.2118566526351 83.32093762554723
491.17831565555616 84.32037496801296
491.1447746584772 85.31981231047868
491.11123366139833 86.3192496529444
491.07769266431944 87.31868699541013
491.0441516672405 88.31812433787586
491.01061067016155 89.31756168034158
490.9770696730826 90.31699902280731
490.94352867600367 91.31643636527303
490.9099876789247 92.31587370773876
490.87644668184583 93.31531105020449
490.84290568476695 94.31474839267021
490.809364687688 95.31418573513594
490.77582369060906 96.31362307760166
490.7422826935301 97.31306042006739
490.70874169645117 98.3124977625331
490.6752006993722 99.31193510499881
490.6416597022933 100.31137244746452
490.60811870521434 101.31080978993023
490.5745777081354 102.31024713239594
490.54103671105645 103.30968447486165
490.5074957139775 104.30912181732737
490.47395471689856 105.30855915979309
490.4404137198196 106.30799650225882
490.4068727227407 107.30743384472454
490.3733317256617 108.30687118719027
490.33979072858284 109.30630852965598
490.30624973150395 110.3057458721217
490.272708734425 111.30518321458743
490.23916773734607 112.30462055705316
490.2056267402671 113.30405789951888
490.1720857431882 114.30349524198459
490.13854474610923 115.3029325844503
490.1050037490303 116.30236992691601
490.07146275195134 117.30180726938173
490.0379217548724 118.30124461184744
490.00438075779346 119.30068195431315
489.9708397607145 120.30011929677886
489.93729876363557 121.29955663924457
489.9037577665566 122.29899398171028
489.8702167694777 123.298431324176
489.8366757723988 124.29786866664172
489.80313477531985 125.29730600910744
489.7695937782409 126.29674335157316
489.73605278116196 127.29618069403887
489.702511784083 128.29561803650458
489.66897078700407 129.2950553789703
489.6354297899252 130.29449272143603
489.6018887928463 131.29393006390177
489.5683477957674 132.29336740636748
489.5348067986885 133.2928047488332
489.5012658016096 134.2922420912989
489.4677248045307 135.2916794337646
489.43418380745175 136.29111677623035
489.4006428103728 137.2905541186961
489.36710181329386 138.2899914611618
489.3335608162149 139.28942880362752
489.30001981913597 140.28886614609323
489.266478822057 141.28830348855894
489.2329378249781 142.28774083102465
489.19939682789914 143.28717817349036
489.1658558308202 144.2866155159561
489.13231483374125 145.28605285842184
489.0987738366623 146.28549020088758
489.0652328395834 147.2849275433533
489.03169184250453 148.284364885819
488.9981508454256 149.28380222828474
488.96460984834664 150.28323957075045
488.9310688512677 151.28267691321616
488.89752785418875 152.28211425568188
488.8639868571098 153.2815515981476
488.83044586003086 154.2809889406133
488.796904862952 155.280426283079
488.7633638658731 156.27986362554475
488.72982286879414 157.2793009680105
488.6962818717152 158.2787383104762
488.66274087463626 159.2781756529419
488.6291998775573 160.27761299540762
488.59565888047837 161.27705033787333
488.5621178833994 162.27648768033907
488.5285768863205 163.2759250228048
488.49503588924154 164.27536236527052
488.4614948921626 165.27479970773624
488.42795389508365 166.27423705020198
488.39441289800476 167.27367439266771
488.3608719009258 168.27311173513345
488.3273309038469 169.2725490775992
488.293789906768 170.27198642006493
488.26024890968904 171.27142376253067
488.2267079126101 172.2708611049964
488.1931669155312 173.27029844746215
488.15962591845226 174.26973578992786
488.1260849213733 175.26917313239358
488.0925439242944 176.2686104748593
488.05900292721543 177.268047817325
488.0254619301365 178.2674851597907
487.99192093305754 179.26692250225642
487.9583799359786 180.26635984472213
487.92483893889965 181.26579718718784
487.8912979418207 182.26523452965358
487.85775694474177 183.2646718721193
487.8242159476628 184.264109214585
487.7906749505839 185.26354655705072
487.75713395350493 186.26298389951643
487.723592956426 187.26242124198214
487.6900519593471 188.26185858444785
487.65651096226816 189.26129592691356
487.6229699651892 190.26073326937927
487.58942896811027 191.26017061184498
487.5558879710314 192.2596079543107
487.5223469739525 193.2590452967764
487.4888059768736 194.25848263924212
487.4552649797947 195.25791998170786
487.4217239827158 196.25735732417357
487.38818298563683 197.2567946666393
487.3546419885579 198.25623200910502
487.32110099147894 199.25566935157076
487.2875599944 200.25510669403647
487.25401899732105 201.25454403650218
487.2204780002421 202.25398137896792
487.18693700316317 203.25341872143363
487.1533960060842 204.25285606389934
487.11985500900533 205.25229340636506
487.08631401192645 206.25173074883077
487.0527730148475 207.25116809129648
487.01923201776856 208.2506054337622
486.98569102068967 209.25004277622793
486.9521500236108 210.24948011869364
486.91860902653184 211.24891746115935
486.8850680294529 212.2483548036251
486.85152703237395 213.2477921460908
486.817986035295 214.24722948855654
486.78444503821606 215.24666683102225
486.7509040411371 216.246104173488
486.7173630440582 217.2455415159537
486.6838220469793 218.24497885841942
486.65028104990046 219.24441620088513
486.61674005282146 220.24385354335084
486.5831990557425 221.24329088581658
486.54965805866357 222.2427282282823
486.5161170615846 223.24216557074803
486.4825760645057 224.24160291321374
486.44903506742673 225.24104025567948
486.41549407034785 226.2404775981452
486.38195307326896 227.23991494061093
486.34841207619 228.23935228307664
486.3148710791111 229.23878962554238
486.2813300820321 230.2382269680081
486.2477890849532 231.23766431047383
486.2142480878743 232.23710165293957
486.1807070907953 233.2365389954053
486.1471660937164 234.23597633787105
486.1136250966374 235.23541368033676
486.08008409955846 236.23485102280247
486.04654310247963 237.23428836526818
486.01300210540074 238.23372570773392
485.97946110832163 239.23316305019964
485.9459201112428 240.23260039266538
485.91237911416385 241.23203773513112
485.878838117085 242.23147507759683
485.84529712000597 243.23091242006254
485.8117561229271 244.23034976252825
485.7782151258483 245.22978710499396
485.74467412876925 246.22922444745967
485.71113313169036 247.2286617899254
485.67759213461136 248.22809913239112
485.6440511375325 249.22753647485686
485.6105101404534 250.2269738173226
485.5769691433745 251.2264111597883
485.5434281462956 252.22584850225405
485.50988714921664 253.22528584471976
485.4763461521377 254.2247231871855
485.44280515505875 255.22416052965121
485.4092641579798 256.22359787211695
485.37572316090086 257.2230352145827
485.342182163822 258.2224725570484
485.3086411667431 259.2219098995141
485.27510016966426 260.22134724197986
485.24155917258526 261.22078458444554
485.20801817550637 262.2202219269113
485.17447717842737 263.219659269377
485.14093618134837 264.2190966118427
485.1073951842694 265.21853395430844
485.0738541871905 266.2179712967742
485.04031319011153 267.2174086392399
485.0067721930326 268.21684598170566
484.9732311959537 269.2162833241714
484.9396901988748 270.21572066663714
484.90614920179587 271.2151580091029
484.872608204717 272.2145953515686
484.83906720763804 273.2140326940343
484.80552621055904 274.2134700365
484.7719852134801 275.2129073789657
484.7384442164012 276.21234472143146
484.7049032193222 277.21178206389715
484.6713622222434 278.2112194063629
484.6378212251645 279.2106567488286
484.60428022808554 280.21009409129437
484.57073923100654 281.20953143376005
484.5371982339276 282.2089687762258
484.5942482770139 283.2073400962184
484.85295673903477 284.17329554637064
485.3712954944604 285.02847092874777
486.196835477651 285.5928145617885
487.10106492327145 286.0198615260359
488.05687644238293 286.31384169532254
489.03939825902467 286.49998916326945
490.03328199920395 286.61042063979323
491.0312385916767 286.67431617594616
492.0304709362106 286.7134916993935
493.03006086867214 286.74212676393904
494.02908857689545 286.78621347624585
495.02165208152115 286.9079414076549
495.98745825033296 287.16720660833755
496.88787862111224 287.60222747667103
497.6754784546232 288.2184145442516
498.3149565512647 288.98722385995717
498.7996216788373 289.8619236450921
499.1487521823715 290.7989977571568
499.39280324140964 291.7687601407242
499.5611776597581 292.75448325359406
499.6771886575947 293.74773118255285
499.75764022887887 294.7444897012914
499.8137223176021 295.7429158624693
499.85335073950785 296.7421303480415
499.8819749536452 297.7417205912737
499.90319536325205 298.7414954130291
499.9193379466934 299.74136511304
499.9319057369134 300.74128613524573
499.9418876125826 301.74123631508377
499.9499525013068 302.7412037933399
499.95656653751405 303.7411819203632
499.9620631821642 304.7411668136979
499.9666859936093 305.741156128448
499.9706156975981 306.74114840713145
499.97398807765603 307.7411427206416
499.9768718660288 308.7411385625153
499.97927819143723 309.7411356673101
499.9811960074169 310.7411338282993
499.98262360422723 311.7411328092825
499.9835826933703 312.74113234935635
499.98411749867006 313.74113220634797
499.9842864821676 314.74113219207027
499.9841529454888 315.74113218315426
499.98377770824015 316.7411321127528
499.9832147045979 317.7411319542662
499.9825091059631 318.7411317053315
499.9816971778301 319.7411313757178
499.98080711729256 320.7411309796139
499.97986031415394 321.7411305313957
499.9788726865489 322.74113004369144
499.9778559047605 323.7411295267687
499.97681842512986 324.7411289885866
499.97576631915274 325.74112843512296
499.97470391481477 326.74112787077127
499.9736342799722 327.7411272987117
499.9725595797438 328.74112672122124
499.97148133695646 329.7411261399173
499.9704006198668 330.7411255559424
499.96931817633237 331.74112497010026
499.9682345290921 332.7411243829544
499.96715004309624 333.7411237948993
499.966064972903 334.74112320621043
499.9649794959483 335.7411226170801
499.9638937358468 336.74112202764246
499.9628077786833 337.74112143799084
499.9617216843897 338.74112084819023
499.9606354946808 339.741120258286
499.9595492385869 340.7411196683097
499.95846293630836 341.7411190782832
499.9579939175232 342.7411189682939
499.95836887802005 343.7411188979962
499.9594917735262 344.7411182675488
499.96116256876525 345.74111687176946
499.96671121779644 346.7411014778979
499.97692541913614 347.74104931158274
499.9871396204759 348.7409971452676
499.9973538218155 349.74094497895237
