6.503510422662465
226268
894
0.0 100.0
0.0 101.0
0.0 102.0
0.0 103.0
0.0 104.0
0.0 105.0
0.0 106.0
0.0 107.0
0.0 108.0
0.0 109.0
0.0 110.0
0.0 111.0
0.0 112.0
0.0 113.0
0.0 114.0
0.0 115.0
0.0 116.0
0.0 117.0
0.0 118.0
0.0 119.0
0.0 120.0
0.0 121.0
0.0 122.0
0.0 123.0
0.0 124.0
0.0 125.0
0.0 126.0
0.0 127.0
0.0 128.0
0.0 129.0
0.0 130.0
0.0 131.0
0.0 132.0
0.0 133.0
0.0 134.0
0.0 135.0
0.0 136.0
0.0 137.0
0.0 138.0
0.0 139.0
0.0 140.0
0.0 141.0
0.0 142.0
0.0 143.0
0.0 144.0
0.0 145.0
0.0 146.0
0.0 147.0
0.0 148.0
0.0 149.0
0.0 150.0
0.0 151.0
0.0 152.0
0.0 153.0
0.0 154.0
0.0 155.0
0.0 156.0
0.0 157.0
0.0 158.0
0.0 159.0
0.0 160.0
0.0 161.0
0.0 162.0
0.0 163.0
0.0 164.0
0.0 165.0
0.0 166.0
0.0 167.0
0.0 168.0
0.0 169.0
0.0 170.0
0.0 171.0
0.0 172.0
0.0 173.0
0.0 174.0
0.0 175.0
0.0 176.0
0.0 177.0
0.0 178.0
0.0 179.0
0.0 180.0
0.0 181.0
0.0 182.0
0.16068141908426953 182.98700632295902
0.33919927374034675 183.97094299549897
0.543060042578165 184.94994288667814
0.7576409979429858 185.92664909306507
0.9833560116573898 186.90084246841923
1.2194818597478334 187.87256495136566
1.464826843740016 188.8420007866997
1.718066972944417 189.80940423767586
1.9779149359608836 190.7750537787187
2.2433194534199137 191.7391909277345
2.5132368497156277 192.70207440935465
2.7867243398204646 193.66394996926672
3.0629971445475492 194.62502922581544
3.3415248119159053 195.58545743162279
3.6217268058710292 196.54539849365918
3.9039317294032543 197.50475264158067
4.188161602282367 198.46350880420135
4.473910982369871 199.421813187881
4.7604403238990525 200.37988465517498
5.047140414099509 201.33790504028119
5.333885072642863 202.2959120866002
5.621364377281527 203.25369893627212
5.9113208618935715 204.21073876670312
6.2065782903227085 205.16615650306633
6.510807251182257 206.1187554424812
6.828069172287966 207.06709339564782
7.162257564787941 208.00959969181685
7.516578392978727 208.94472361446572
7.893182443915619 209.87109793881734
8.29300441585465 210.7876907550421
8.71580268698024 211.6939145805583
9.160349783501438 212.58967006001382
9.62470468976707 213.4753192688019
10.106502026460005 214.35160194371656
10.60321091804666 215.21951915003223
11.112338064111627 216.08021047050647
11.63156797639056 216.93484506973283
12.158845523375376 217.78453818400743
12.69241198869386 218.63029632147197
13.230807448957183 219.47298863089924
13.772851262871189 220.31333885776752
14.317610270598616 221.15193150232136
14.864361832217094 221.98922639055831
15.41255656418236 222.82557711593944
15.961783766673026 223.66125018601187
16.511741120391786 224.4964429237022
17.062209236307034 225.3312991109349
17.61303099736005 226.1659220123404
18.164095258015273 227.00038482195416
18.715324289849974 227.83473879627354
19.26666431417598 228.6690194310579
19.818247057277702 229.50313961275378
20.370719462815956 230.33667080060388
20.925526584575017 231.16864980132772
21.48493355897806 231.99754294099608
22.051735401284176 232.8213970977243
22.628769773889935 233.6381169596301
23.218418542414923 234.4457767455406
23.822252386176274 235.24288695694702
24.440887594299078 236.02856531306412
25.074040337846924 236.80259218813876
25.72071338071867 237.56535950234604
26.379438489299986 238.3177432018801
27.04851269023449 239.0609388111539
27.726191627812447 239.79629672235308
28.41082641064281 240.52518300576003
29.10307535527268 241.24684178846746
29.79532429990256 241.96850057117496
30.492226489741327 242.6856667567958
31.18912867958009 243.40283294241664
31.89088176831192 244.11525318528973
32.594406688701845 244.8259237745154
33.29888282898668 245.53565144606932
34.003886490750006 246.24485510997715
34.7091831738539 246.9537673674552
35.4146439803848 247.6625163007516
36.12019804064316 248.37117240074156
36.825805878055306 249.079774954916
37.531445090407956 249.78834626536423
38.23710274156641 250.49689921282936
38.94277126508992 251.20544133219005
39.64844620140879 251.91397706470562
40.35412491357567 252.62250903659856
41.059805842268574 253.33103880088453
41.765488067269146 254.03956727407262
42.47117104729878 254.7480949952639
43.17685446523609 255.4566222803054
43.88253813608465 256.1651493134507
44.58822195239837 256.8736762017146
45.29390585204435 257.5822030069806
45.99958979924541 258.2907297648823
46.70527377348505 258.99925649585396
47.41095776304407 259.7077832115677
48.11664176125367 260.41630991866555
48.82232576433243 261.12483662091375
49.528009770143576 261.8333633204405
50.23369377748351 262.54189001844463
50.93937778567647 263.25041671559916
51.64506179434413 263.9589434122809
52.35074580327529 264.6674701087002
53.056429812352334 265.3759968049742
53.76211382150998 266.08452350116795
54.467797830712044 266.7930501973174
55.173481839938546 267.5015768934426
55.879165849178435 268.21010358955436
56.584849858425684 268.9186302856588
57.290533867676956 269.6271569817593
57.996217876930416 270.3356836778576
58.70190188618505 271.04421037395474
59.40758589544035 271.7527370700512
60.11326990469601 272.4612637661473
60.81895391395186 273.1697904622432
61.52463792320782 273.87831715833903
62.23032193246382 274.5868438544348
62.93600594171986 275.2953705505305
63.641689950975916 276.0038972466262
64.347373960232 276.7124239427219
65.05305796948808 277.4209506388176
65.75874197874415 278.1294773349133
66.46442598800024 278.838004031009
67.17010999725632 279.5465307271047
67.87579400651238 280.25505742320036
68.58147801576843 280.96358411929606
69.28716202502447 281.67211081539176
69.98653937967414 282.38686344099256
70.66431153991789 283.12213543066616
71.29930978329135 283.8946490104255
71.87021794232186 284.7156629408508
72.36136178678903 285.58674142413577
72.76656488138258 286.5009681203834
73.08953076794835 287.4473787268935
73.34107876582527 288.4152235516273
73.53521896454555 289.396197344978
73.68592371852685 290.3847761618295
73.80528800116167 291.37762668835956
73.90287930921127 292.3728532638654
73.98580623613701 293.3694088944203
74.05911028991875 294.3667185332483
74.126239032899 295.3644628551394
74.1894810437454 296.3624610756108
74.25031816813762 297.3606087822633
74.30968966546347 298.3588447389916
74.36817996886194 299.35713271568386
74.42614687297161 300.35545122098563
74.48380629638106 301.353787532502
74.54128687934737 302.3521341569676
74.59866438586644 303.350486710801
74.65598297630244 304.3488426489265
74.71326814848356 305.3472005051325
74.77053449848384 306.34555944116585
74.82779031615887 307.34391898128274
74.8850402757742 308.34227885734146
74.94228699539558 309.3406389191892
74.9995319323813 310.338999083253
75.05677589334434 311.33735930328044
75.11401932235482 312.3357195538088
75.17126246267924 313.33407982088966
75.22850544696509 314.3324400969173
75.28574834722856 315.33080037776256
75.34299120240942 316.32916066119276
75.4002340334822 317.32752094600517
75.45747685170407 318.3258812315545
75.51471966309627 319.32424151749535
75.57196247086918 320.32260180364375
75.62920527672927 321.3209620899018
75.68644808158103 322.31932237621766
75.74369088590254 323.3176826625639
75.80093368994585 324.3160429489261
75.85817649384354 325.31440323529665
75.91541929766515 326.3127635216716
75.97266210144713 327.3111238080488
76.02990490520847 328.3094840944272
76.0871477089591 329.3078443808062
76.14439051270418 330.3062046671855
76.20163331644636 331.304564953565
76.2588761201871 332.30292523994456
76.31611892392704 333.30128552632414
76.3733617276666 334.2996458127038
76.43060453140595 335.2980060990834
76.48784733514522 336.29636638546305
76.54509013888442 337.2947266718427
76.60233294262358 338.2930869582223
76.65957574636272 339.291447244602
76.71681855010186 340.28980753098165
76.774061353841 341.28816781736134
76.83130415758015 342.286528103741
76.86043179911135 342.79453747157663
77.41432750923285 343.62712352857557
77.96822321935434 344.45970958557444
78.52211892947584 345.2922956425734
79.07601463959732 346.12488169957226
79.62991034971881 346.9574677565712
80.18380605984031 347.7900538135701
80.7377017699618 348.62263987056906
81.29159748008328 349.455225927568
81.84549319020479 350.28781198456693
82.39938890032627 351.1203980415658
82.95328461044777 351.95298409856474
83.50718032056926 352.78557015556373
84.06107603069077 353.61815621256255
84.61497174081225 354.4507422695615
85.16886745093375 355.2833283265604
85.72276316105523 356.11591438355936
86.27665887117672 356.9485004405583
86.50815475028989 357.29647251847894
87.06205046059782 358.12905857535384
87.61594617069471 358.96164463236914
88.16984188076056 359.7942306894051
88.72373759083827 360.62681674643306
89.277633300932 361.4594028034504
89.83152901103743 362.29198886046004
90.38542472115012 363.12457491746477
90.9393204312669 363.95716097446683
91.49321614138593 364.7897470314674
92.04711185150616 365.62233308846714
92.601007561627 366.4549191454665
93.15490327174817 367.2875052024656
93.70879898186948 368.12009125946463
94.26269469199087 368.95267731646356
94.81659040211231 369.7852633734625
95.37048611223378 370.61784943046143
95.92438182235526 371.45043548746037
96.47827753247677 372.2830215444593
97.03217324259825 373.11560760145824
97.58606895271973 373.94819365845717
98.13996466284122 374.7807797154561
98.69386037296275 375.613365772455
99.24775608308425 376.4459518294539
99.80165179320576 377.2785378864528
100.35554750332724 378.11112394345173
100.90944321344872 378.94371000045066
101.46333892357023 379.7762960574496
102.01723463369176 380.60888211444853
102.57113034381325 381.44146817144747
103.12502605393476 382.2740542284464
103.67892176405627 383.10664028544534
104.23281747417778 383.9392263424443
104.78671318429927 384.7718123994432
105.3406088944208 385.6043984564421
105.89450460454228 386.436984513441
106.44840031466376 387.26957057043995
107.00229602478524 388.10215662743883
107.55619173490673 388.93474268443777
108.11008744502823 389.76732874143664
108.66398315514971 390.5999147984355
109.21787886527119 391.43250085543445
109.77177457539267 392.2650869124334
110.32567028551415 393.0976729694323
110.87956599563566 393.93025902643126
111.43346170575718 394.7628450834302
111.98735741587868 395.59543114042907
112.54125312600019 396.42801719742795
113.09514883612168 397.2606032544268
113.64904454624316 398.0931893114257
114.20294025636466 398.92577536842464
114.75683596648614 399.7583614254236
115.31073167660765 400.5909474824225
115.86462738672915 401.4235335394214
116.41852309685063 402.25611959642026
116.97241880697212 403.08870565341914
117.5263145170936 403.921291710418
118.08021022721508 404.75387776741695
118.63410593733656 405.5864638244159
119.18800164745804 406.4190498814148
119.74189735757952 407.25163593841376
120.295793067701 408.0842219954127
120.84968877782251 408.91680805241157
121.40358448794399 409.74939410941045
121.95748019806548 410.5819801664094
122.51137590818698 411.4145662234083
123.06527161830849 412.24715228040725
123.61916732842997 413.0797383374062
124.17306303855148 413.91232439440506
124.72695874867296 414.74491045140394
125.28085445879447 415.5774965084029
125.83475016891595 416.4100825654018
126.38864587903745 417.24266862240074
126.94254158915894 418.0752546793997
127.49643729928042 418.90784073639855
128.0503330094019 419.74042679339743
128.6042287195234 420.57301285039637
129.1581244296449 421.4055989073953
129.71202013976637 422.23818496439424
130.26591584988785 423.07077102139317
130.81981156000938 423.9033570783921
131.37370727013092 424.73594313539104
131.92760298025243 425.5685291923899
132.48149869037394 426.4011152493888
133.03539440049542 427.23370130638773
133.58929011061693 428.06628736338666
134.14318582073844 428.89887342038554
134.69708153085992 429.7314594773844
135.2509772409814 430.56404553438335
135.80487295110288 431.3966315913823
136.3587686612244 432.2292176483812
136.91266437134587 433.06180370538016
137.46656008146735 433.8943897623791
138.02045579158883 434.726975819378
138.57435150171034 435.55956187637696
139.12824721183188 436.3921479333759
139.68214292195339 437.22473399037483
140.2360386320749 438.0573200473737
140.78993434219637 438.8899061043726
141.34383005231786 439.72249216137146
141.89772576243934 440.55507821837034
142.45162147256082 441.3876642753693
143.0055171826823 442.2202503323682
143.55941289280378 443.05283638936714
144.11330860292526 443.8854224463661
144.66720431304677 444.71800850336496
145.22110002316828 445.5505945603639
145.77499573328976 446.38318061736277
146.32889144341127 447.2157666743617
146.88278715353277 448.04835273136064
147.43668286365428 448.8809387883596
147.9905785737758 449.71352484535845
148.54447428389727 450.5461109023573
149.09836999401875 451.3786969593562
149.65226570414023 452.21128301635514
150.20616141426171 453.0438690733541
150.7600571243832 453.876455130353
151.31395283450468 454.7090411873519
151.86784854462618 455.5416272443508
152.4217442547477 456.37421330134976
152.97563996486917 457.2067993583487
153.52953567499068 458.0393854153476
154.0834313851122 458.8719714723465
154.63732709523367 459.7045575293454
155.19122280535515 460.53714358634426
155.74511851547663 461.36972964334313
156.29901422559809 462.20231570034207
156.85290993571954 463.034901757341
157.40680564584105 463.86748781433994
157.96070135596256 464.7000738713389
158.51459706608406 465.5326599283378
159.06849277620555 466.36524598533674
159.62238848632705 467.1978320423356
160.17628419644856 468.0304180993345
160.73017990657007 468.86300415633343
161.28407561669155 469.6955902133323
161.83797132681303 470.5281762703312
162.3918670369345 471.3607623273301
162.945762747056 472.19334838432906
163.49965845717747 473.025934441328
164.05355416729898 473.8585204983269
164.60744987742046 474.69110655532586
165.16134558754194 475.5236926123248
165.71524129766345 476.35627866932373
166.269137007785 477.1888647263226
166.82303271790647 478.0214507833215
167.37692842802795 478.8540368403204
167.9308241381495 479.68662289731935
168.484719848271 480.5192089543183
169.0386155583925 481.3517950113172
169.59251126851402 482.18438106831616
170.14640697863544 483.01696712531503
170.2647857175231 483.19490763946226
171.20863917476913 482.8645432175813
172.1524926320151 482.53417879570026
173.09634608926115 482.20381437381934
174.04019954650713 481.8734499519383
174.98405300375313 481.54308553005734
175.92790646099917 481.2127211081763
176.87175991824515 480.88235668629534
177.81561337549118 480.55199226441437
178.75946683273716 480.2216278425333
179.70332028998314 479.89126342065236
180.64717374722917 479.5608989987714
181.59102720447518 479.23053457689036
182.5348806617212 478.90017015500945
183.4787341189672 478.5698057331284
184.4225875762132 478.23944131124745
185.36644103345924 477.9090768893665
186.31029449070522 477.57871246748545
186.70476968850178 477.44063958163014
187.64862314560017 477.11027515932733
188.59247660286562 476.77991073750195
189.53633006015565 476.44954631574683
190.48018351743627 476.11918189396476
191.42403697470422 475.78881747214655
192.3678904319629 475.4584530503017
193.3117438892159 475.12808862844065
194.25559734646563 474.79772420657025
195.1994508037136 474.46735978469485
196.14330426096063 474.1369953628167
197.08715771820715 473.8066309409372
198.0310111754534 473.47626651905694
198.9748646326995 473.1459020971763
199.91871808994557 472.81553767529545
200.86257154719158 472.4851732534145
201.80642500443759 472.15480883153356
202.7502784616836 471.82444440965253
203.6941319189296 471.49407998777156
204.6379853761756 471.1637155658906
205.5818388334216 470.83335114400955
206.52569229066762 470.5029867221285
207.46954574791363 470.17262230024755
208.41339920515964 469.8422578783666
209.35725266240564 469.5118934564856
210.30110611965165 469.18152903460464
211.24495957689766 468.8511646127236
212.18881303414364 468.5208001908425
213.1326664913896 468.1904357689615
214.07651994863562 467.8600713470805
215.02037340588163 467.52970692519955
215.96422686312764 467.1993425033186
216.90808032037364 466.86897808143755
217.85193377761965 466.5386136595565
218.79578723486566 466.20824923767555
219.73964069211166 465.8778848157946
220.68349414935764 465.5475203939135
221.62734760660365 465.2171559720325
222.57120106384963 464.88679155015143
223.51505452109564 464.55642712827046
224.45890797834164 464.2260627063895
225.40276143558762 463.89569828450846
226.34661489283363 463.5653338626274
227.2904683500796 463.2349694407464
228.2343218073256 462.9046050188654
229.17817526457162 462.5742405969844
230.12202872181763 462.2438761751034
231.06588217906364 461.9135117532224
232.00973563630964 461.58314733134137
232.95358909355565 461.25278290946034
233.89744255080166 460.9224184875793
234.84129600804766 460.5920540656983
235.78514946529367 460.26168964381725
236.7290029225397 459.9313252219363
237.6728563797857 459.6009608000553
238.6167098370317 459.2705963781743
239.5605632942777 458.94023195629336
240.5044167515237 458.6098675344124
241.44827020876969 458.2795031125313
242.39212366601566 457.9491386906503
243.33597712326164 457.61877426876924
244.27983058050762 457.28840984688827
245.22368403775363 456.9580454250073
246.16753749499964 456.6276810031263
247.11139095224564 456.29731658124535
248.05524440949162 455.96695215936427
248.99909786673763 455.6365877374833
249.9429513239836 455.3062233156022
250.88680478122959 454.9758588937212
251.83065823847556 454.64549447184015
252.77451169572157 454.3151300499592
253.71836515296758 453.9847656280782
254.66221861021359 453.65440120619724
255.6060720674596 453.3240367843162
256.5499255247056 452.9936723624352
257.4937789819516 452.66330794055415
258.4376324391976 452.3329435186731
259.3814858964436 452.00257909679215
260.3253393536896 451.6722146749112
261.26919281093564 451.3418502530302
262.21304626818164 451.0114858311492
263.15689972542765 450.68112140926814
264.10075318267366 450.3507569873872
265.0446066399196 450.0203925655061
265.9884600971656 449.69002814362506
266.9323135544116 449.359663721744
267.8761670116576 449.02929929986306
268.82002046890364 448.698934877982
269.76387392614964 448.368570456101
270.70772738339565 448.03820603422
271.65158084064166 447.707841612339
272.5954342978925 447.37747719045643
273.3870985335582 447.1003815295445
273.06979675101405 446.15205691276583
272.75249496846885 445.20373229598437
272.43519318592365 444.2554076792029
272.11789140337856 443.30708306242144
271.80058962083353 442.35875844564
271.4832878382884 441.4104338288585
271.16598605574325 440.4621092120771
270.8486842731981 439.51378459529565
270.53138249065296 438.5654599785142
270.21408070810793 437.6171353617327
269.8967789255627 436.6688107449513
269.5794771430176 435.72048612816985
269.2621753604725 434.7721615113884
268.9448735779273 433.8238368946069
268.6275717953822 432.87551227782546
268.310270012837 431.92718766104406
267.9929682302919 430.97886304426254
267.67566644774683 430.0305384274811
267.35836466520175 429.0822138106996
267.0410628826565 428.1338891939182
266.72376110011146 427.1855645771367
266.40645931756626 426.2372399603552
266.0891575350211 425.2889153435738
265.77185575247603 424.34059072679236
265.45455396993094 423.3922661100109
265.13725218738574 422.4439414932295
264.8199504048406 421.495616876448
264.5026486222955 420.54729225966656
264.1853468397504 419.5989676428851
263.86804505720534 418.65064302610364
263.5507432746602 417.7023184093222
263.23344149211505 416.7539937925407
262.91613970956996 415.80566917575925
263.55761996348724 415.0385296292397
264.5440590752443 414.8744019996462
265.5404585768418 414.78961973017704
266.53739099478213 414.71135253360205
267.5343641004115 414.6336053365353
268.53134042731483 414.55589945777257
269.5283170098849 414.4781968593162
270.5252936127489 414.4004945212443
271.52227021722365 414.32279220384055
272.5192468218263 414.2450898880776
273.5162234264391 414.1673875724445
274.51320003105275 414.0896852568218
275.5101766356664 414.0119829412
276.5071532402801 413.93428062557825
277.5041298448938 413.85657830995655
278.50110644950746 413.77887599433467
279.49808305412114 413.70117367871296
280.4950596587348 413.6234713630912
281.4920362633485 413.54576904746943
282.4890128679622 413.4680667318477
283.48598947257585 413.39036441622585
284.48296607718953 413.3126621006041
285.4799426818032 413.2349597849824
286.4769192864169 413.1572574693606
287.47389589103057 413.07955515373885
288.47087249564424 413.0018528381171
289.4678491002579 412.9241505224953
290.4648257048716 412.8464482068735
291.46252058991433 412.77858867283794
292.46027868909346 412.71166501840673
293.458041930073 412.64481806671887
294.4558055814483 412.57797724091427
295.4535692654352 412.5111369019203
296.4513329520111 412.4442966015743
297.4490966387926 412.3774563042959
298.4468603255903 412.31061600726105
299.4446240123894 412.2437757102455
300.44238769918854 412.1769354132315
301.4401513859877 412.11009511621756
302.43791507278684 412.04325481920364
303.435678759586 411.97641452218977
304.4334424463852 411.9095742251759
305.43120613318433 411.8427339281619
306.42896981998354 411.77589363114805
307.42673350678274 411.7090533341341
308.42449719358194 411.64221303712037
309.4222608803811 411.57537274010645
310.4200245671803 411.50853244309246
311.4177882539795 411.4416921460786
312.4155519407787 411.37485184906467
313.4133156275779 411.30801155205086
314.4110793143771 411.24117125503693
315.4100244443589 411.19525146316454
316.4090590397856 411.15132109621123
317.40810079010714 411.10755374406
318.4071431105779 411.06379940817817
319.40618547633954 411.0200461064353
320.40522784569595 410.9762928867742
321.40427021533765 410.9325396736267
322.40331258500197 410.8887864609961
323.4023549546681 410.8450332484065
324.4013973243343 410.80128003582024
325.40043969400057 410.7575268232341
326.3994820636668 410.7137736106481
327.3985244333331 410.67002039806204
328.39852442400877 410.66988383799287
329.3985163909016 410.673892098203
330.3985069403014 410.67823963900895
331.3984973716731 410.68261424356757
332.3984877936454 410.68699099620886
333.3984782148722 410.691367919179
334.3959034182798 410.7630823780238
335.39284966622836 410.84117321424185
336.3897549989336 410.91978464867634
337.3770170000687 411.0788875748427
338.3630292393955 411.2455604997517
339.3300131293714 411.50039800979897
340.29479664143014 411.7634432052687
341.22424142848337 412.1324044333395
342.12779691252416 412.5608755376859
343.01314800084157 413.0257985962829
343.8864630707518 413.5129544118776
344.75238709988963 414.0131299568234
345.61404562220747 414.52061846991216
346.47335657249084 415.0320719777926
347.3314203951331 415.5456150395437
348.1888388475586 416.0602348967589
349.04592980578497 416.5754000055605
349.90285701222075 417.0908374536277
350.75970325804127 417.606409476747
351.616509823209 418.12204744071533
352.47329707196604 418.63771750031486
353.33007496800246 419.15340309916695
354.18684835496236 419.6690961894807
355.04361957550555 420.18479287906575
355.90038975807107 420.70049129312827
356.7571594444419 421.216190531557
357.6139288940491 421.7318901633388
358.470698230853 422.2475899825288
359.32746751397974 422.7632898908965
360.1842367715904 423.2789898416559
361.04100601708205 423.79468981254956
361.89777525682155 424.3103897929997
362.75454449383255 424.82608977798276
363.6113137295498 425.34178976511527
364.46808296465395 425.8574897532664
365.32485219946767 426.37318974190003
366.1816214341437 426.88888973076234
367.03839066875463 427.4045897197328
367.8951599033347 427.92028970875475
368.7519291379002 428.4359896978007
369.5568028506151 429.0294358255836
370.375248287651 429.6040200810197
371.2110507424973 430.1530503684109
372.1513113258841 430.49350599742775
372.1519864750121 430.48252622227335
372.1982338871493 430.51036311110136
372.23570140744107 429.5110652651499
372.2731689277301 428.51176741927435
372.310636448022 427.5124695733229
372.34810396831404 426.5131717273715
372.3855714886059 425.51387388142007
372.42303900889783 424.5145760354687
372.4605065291897 423.51527818951723
372.4979740494815 422.5159803435658
372.53544156977335 421.51668249761434
372.57290909006525 420.5173846516629
372.61037661035715 419.51808680571145
372.64784413064905 418.51878895976
372.68531165094095 417.5194911138086
372.72277917123284 416.52019326785717
372.76024669152474 415.5208954219057
372.79771421181664 414.5215975759543
372.83518173210854 413.5222997300028
372.87264925240044 412.52300188405144
372.91011677269233 411.5237040381
372.94758429298423 410.5244061921486
372.98505181327613 409.52510834619716
373.022519333568 408.5258105002457
373.0599868538599 407.5265126542943
373.0974543741518 406.5272148083429
373.1349218944437 405.5279169623915
373.1723894147356 404.52861911644004
373.2098569350275 403.5293212704886
373.2473244553194 402.5300234245372
373.2847919756113 401.53072557858576
373.3222594959032 400.53142773263437
373.3597270161951 399.5321298866829
373.39719453648695 398.5328320407315
373.4346620567789 397.5335341947801
373.4721295770708 396.53423634882864
373.50959709736264 395.5349385028772
373.5470646176546 394.53564065692575
373.5845321379465 393.5363428109743
373.6219996582384 392.5370449650229
373.6594671785303 391.53774711907147
373.6969346988222 390.5384492731201
373.734402219114 389.53915142716863
373.7718697394059 388.5398535812172
373.8093372596977 387.5405557352658
373.84680477998967 386.5412578893144
373.88427230028157 385.54196004336296
373.9217398205734 384.5426621974116
373.9592073408653 383.5433643514601
373.99667486115726 382.54406650550874
374.0341423814491 381.5447686595573
374.0716099017409 380.54547081360585
374.10907742203284 379.54617296765446
374.14654494232474 378.546875121703
374.1840124626166 377.54757727575156
374.22147998290853 376.5482794298001
374.2589475032004 375.5489815838487
374.29641502349233 374.5496837378972
374.3338825437842 373.5503858919458
374.37135006407607 372.55108804599433
374.408817584368 371.5517902000429
374.44628510465986 370.55249235409144
374.4837526249518 369.55319450814
374.52122014524366 368.55389666218855
374.5586876655356 367.5545988162371
374.59615518582746 366.55530097028566
374.6336227061194 365.5560031243342
374.6710902264113 364.55670527838276
374.70855774670315 363.5574074324313
374.7460252669951 362.55810958647993
375.0254872986108 361.59795284256506
375.6491854409466 360.81628755150575
376.50817431675705 360.30429330228617
377.46240102687483 360.00520905713466
378.4461587240442 359.82570754388195
379.43877283965406 359.7043930043905
380.43428041212456 359.60971104647956
381.43084019416483 359.52683402421195
382.4278130120348 359.4490831372174
383.4249544566058 359.3735256126499
384.4221657866495 359.29889610620324
385.4194061670754 359.22465579607467
386.41665859956055 359.1505775543135
387.4139160139572 359.0765664103494
388.4111754797098 359.00258291241386
389.40843578706387 358.9286107597075
390.405696438585 358.85464324705697
391.4029572304557 358.7806776266821
392.4002180794214 358.7067127761094
393.39747895156495 358.6327482380425
394.39473983310063 358.558783826609
395.3920007184361 358.484819466409
396.38926160530696 358.4108551269091
397.3865224927973 358.3368907957626
398.3837833805374 358.2629264679837
399.38104426837816 358.1889621415611
400.3783051562594 358.1149978156844
401.3755660441569 358.0410334900272
402.37282693206095 357.9670691644583
403.37008781996764 357.89310483892484
404.36734870787535 357.81914051340556
405.36460959578346 357.74517618789207
406.3618704836918 357.6712118623808
407.3591313716002 357.5972475368704
408.3563922595086 357.52328321136036
409.353653147417 357.4493188858505
410.3509140353254 357.3753545603408
411.34817492323384 357.30139023483116
412.34529085903 357.22549681890246
413.34227246444857 357.14785869387964
414.33916886708926 357.06913409542364
415.33601937382565 356.9898304560408
416.3328472551331 356.9102429253087
417.3296645669568 356.83052312319785
418.3264771122018 356.7507437421391
419.3232875598203 356.6709381563781
420.32009710064096 356.5911212450819
421.3169062546962 356.5112995037353
422.31371524550605 356.4314757238152
423.31052416798417 356.3516510906
424.30733306205184 356.2718261026096
425.30414194437225 356.1920009679264
426.30095082185755 356.11217577286607
427.2977596973605 356.0323505530508
428.29456857205327 355.95252532311844
429.2913774464159 355.872700089063
430.28818632064423 355.79287485333117
431.28499519481807 355.71304961691914
432.28180406896985 355.6332243802315
433.2786129431127 355.55339914343244
434.2754218172519 355.47357390658846
435.2722306913897 355.3937486697262
436.26903956552695 355.3139234328567
437.26584843966396 355.23409819598425
438.26265731380084 355.15427295911064
439.2594661879377 355.07444772223647
440.2562550398215 354.9943728525202
441.25302572693573 354.91407218434256
442.24978507535184 354.83363089304817
443.2465383722642 354.75311465186417
444.24328870009464 354.67256166327985
445.24003764407763 354.59199155301025
446.2367859646339 354.51141373057584
447.2335340109676 354.43083251607845
448.2302819387801 354.35024983554734
449.22702981604556 354.26966652979013
450.2237369041598 354.1885802763137
451.2204068887642 354.10703923273053
452.217053662662 354.02521498156307
453.2136880330924 353.94323979216506
454.2102528899264 353.8604238147004
455.20675697939976 353.7768798163351
456.2031574014398 353.6921083650177
457.1994361852175 353.6059191255827
458.19560231644147 353.51843747606506
459.1916948813863 353.43012212031294
460.1877153219302 353.34099702834305
461.18324718041464 353.2465707674695
462.17877903889905 353.15214450659533
463.1743108973834 353.05771824572116
464.16984275586776 352.96329198484705
465.1653746143521 352.86886572397293
466.1609064728365 352.77443946309876
467.1564383313208 352.6800132022246
468.1519701898052 352.58558694135047
469.14750204828954 352.49116068047636
470.1430339067739 352.39673441960224
471.13856576525825 352.302308158728
472.1340976237426 352.20788189785395
473.12962948222696 352.11345563697984
474.1251613407113 352.01902937610566
475.12069319919567 351.92460311523143
476.11622505768 351.8301768543574
477.1117569161644 351.7357505934832
478.10728877464874 351.64132433260903
479.1028206331331 351.54689807173486
480.09835249161745 351.45247181086074
481.0938843501018 351.3580455499866
482.08941620858616 351.26361928911246
483.0849480670705 351.16919302823834
484.08047992555487 351.07476676736417
485.0760117840393 350.98034050649
486.0715436425237 350.88591424561594
487.06707550100805 350.7914879847417
488.06260735949246 350.6970617238676
489.0581392179768 350.60263546299353
490.05367107646117 350.5082092021193
491.0492029349455 350.4137829412452
492.0447347934299 350.319356680371
493.0402666519143 350.22493041949684
494.03579851039865 350.1305041586227
495.031330368883 350.03607789774856
496.02686222736736 349.9416516368745
497.0223940858517 349.8472253760003
498.01792594433607 349.75279911512615
499.0102381884486 349.8765586003557
