7.566384117684589
200862
746
0.0 100.0
0.11844605737492403 100.99296048838427
0.293974783402228 101.9774347980233
0.5292029605509343 102.94937497348437
0.7740369186746806 103.91893999603286
1.063500488752058 104.87612902731041
1.3831090603627643 105.82367868878096
1.7192859087960084 106.76547756676791
2.0654955135964634 107.70363475484672
2.4203115197330556 108.63857090335596
2.7847156784385803 109.56981180082455
3.16008948997145 110.49668530978641
3.5471421331063144 111.41874292807408
3.9456129482636975 112.33592394045266
4.354432587451865 113.2485391400927
4.773081327290075 114.15668738384582
5.2020330859571855 115.06001478226591
5.642216222268935 115.95792279899521
6.0942740656958225 116.84991142347214
6.559244092113346 117.7352378460606
7.0386432837805275 118.61283480083475
7.533826714700647 119.48162325019523
8.04672560444224 120.34007227541562
8.579721916147975 121.18618983917852
9.136007370109354 122.01718111092028
9.719662786826014 122.82918256075723
10.334385202647066 123.61792608782235
10.983156539751679 124.37890949904201
11.668316014283103 125.10730258965987
12.391224617896285 125.79824625655468
13.151642302700502 126.44768058320903
13.947369449412662 127.053335854783
14.774463211768898 127.61539982647253
15.628842219935446 128.13505019970856
16.50548416936878 128.61619351774772
17.40988709723026 129.04287295722844
18.320758043961554 129.45556426850217
19.23681108100453 129.85662141321393
20.156701484887456 130.24879694131852
21.07917767539142 130.63485092452981
22.003270670377475 131.01701860581343
22.92829961526461 131.39691523796617
23.853816561710033 131.77562143258456
24.779543321376543 132.15381446059718
25.705317864484815 132.53189050497537
26.63105382220831 132.91006101754576
27.55671181116157 133.2884223362439
28.48228003999312 133.66700317804342
29.407761707939546 134.0457955780399
30.33316715140906 134.42477415948878
31.258509191090887 134.80390752599388
32.18380056272511 135.18316453328478
33.10905265336101 135.5625173621577
34.03427501763941 135.94194268635084
34.959475330550006 136.3214217779885
35.88465956019536 136.70094007954395
36.80983223029028 137.0804865595822
37.73499669875693 137.46005303108203
38.66015541463257 137.83963352378328
39.58531013719936 138.21922374930597
40.510462113592496 138.59882066786022
41.43561221755465 138.97842214986315
42.360761054815086 139.35802671900802
43.285909041324565 139.73763336154403
44.211056460254056 140.11724138733922
45.136203502862045 140.4968503302709
46.061350297392764 140.87645987779246
46.98649692926341 141.2560698217328
47.91164345501454 141.63568002429673
48.8367899118576 142.01529039479618
49.76193632415209 142.39490087386469
50.687082707764915 142.7745114228331
51.61222907298317 143.1541220166308
52.537375426447305 143.5337326390744
53.4625217724263 143.91334327975994
54.3876681136541 144.2929539320246
55.31281445187527 144.67256459161675
56.23796078819926 145.05217525583245
57.16310712332938 145.43178592295774
58.088253457710145 145.81139659190927
59.013399791621694 146.19100726200432
59.93854612524013 146.57061793281372
60.86369245867583 146.95022860406846
61.78883879199786 147.3298392756002
62.71398512524931 147.70944994730397
63.63917470048489 148.08895521719546
64.56459657675737 148.46789366987127
65.49069849710112 148.84516708946987
66.41853602679514 149.21815169839002
67.35051102941338 149.5806742418197
68.29111246086072 149.92018705035457
69.24661845414056 150.2151587384982
70.2223630621113 150.43407072998343
71.21703070646856 150.53720305890488
72.21560518021039 150.48382684331006
73.18660064116818 150.244728924458
74.08938191675264 149.81462897275594
74.88978553657853 149.21516750996653
75.57290680261211 148.48486254908192
76.14415226002879 147.66408326853156
76.62134520534664 146.78528471770272
77.02593053125477 145.87078446397953
77.37756714467253 144.93464788628154
77.69205564992059 143.98538660503868
77.98118100247905 143.0280953586001
78.2533325996765 142.0658409701233
78.51429814927258 141.10049285575002
78.7679815804736 140.13320555782138
79.01697169871757 139.16469953253457
79.26296233000261 138.1954273265367
79.50704970504748 137.22567408300324
79.74993688494163 136.25561953925683
79.99207131587511 135.28537682871655
80.23373588315468 134.31501697952575
80.47510840362402 133.34458444381693
80.71630008418398 132.3741069462784
80.95738016222725 131.40360171910513
81.19839157325916 130.4330794371598
81.43936084793296 129.46254669239372
81.6803043281046 128.4920075435889
81.92123205127835 127.5214644831293
82.16215016717248 126.55091903780794
82.40306243512478 125.58037214087298
82.64397114866617 124.60982436165764
82.88487770460003 123.63927604688497
83.12578295229193 122.66872740738539
83.36668740752248 121.69817857118491
83.60759138313084 120.72762961593531
83.84849506866959 119.75708058868639
84.08939857888817 118.78653151792058
84.330301983199 117.81598242086704
84.57120523961767 116.84543328710468
84.81210849603634 115.87488415334231
85.053011752455 114.90433501957993
85.29391500887367 113.93378588581758
85.53481826529233 112.96323675205521
85.77572152171099 111.99268761829285
86.01662477812965 111.02213848453047
86.25752803454833 110.0515893507681
86.498431290967 109.08104021700575
86.73933454738565 108.11049108324336
86.98023780380431 107.139941949481
87.22114105092 106.1693928134095
87.46204429803568 105.19884367733802
87.70294754515137 104.22829454126654
87.94385079226706 103.25774540519504
88.18475403938274 102.28719626912354
88.42565728649842 101.31664713305204
88.66656053361409 100.34609799698056
88.90746378072978 99.37554886090906
89.14836702784547 98.40499972483758
89.38927027382962 97.43445058848523
89.63017351981381 96.46390145213287
89.87107676579797 95.49335231578054
90.11198001178214 94.52280317942818
90.35288325776631 93.55225404307582
90.59378650375047 92.5817049067235
90.83468974954727 91.61115577032464
91.07559299534407 90.64060663392578
91.31649624114087 89.67005749752693
91.55739948693768 88.69950836112808
91.79830273273448 87.72895922472922
92.0392059783091 86.75841008827521
92.2801092238837 85.78786095182122
92.52101246945831 84.81731181536719
92.76191571483294 83.84676267886354
93.00281896020755 82.87621354235989
93.24372220558215 81.90566440585624
93.48462545069982 80.93511526928881
93.7255286958175 79.9645661327214
93.96643194069856 78.99401699609524
94.20733518557961 78.0234678594691
94.44823843020157 77.05291872277863
94.68914167482352 76.08236958608816
94.9300449191543 75.11182044932542
95.17094816348506 74.14127131256268
95.41185140748105 73.17072217571683
95.65275465131583 72.20017303883097
95.89365789501076 71.2296239019104
96.13456113858572 70.25907476496005
96.37546438205982 69.28852562798465
96.61636762553391 68.31797649100928
96.85727086884948 67.34742735399455
97.09817411210801 66.37687821696566
97.33907735532489 65.40632907992644
97.5799805985106 64.43577994287946
97.82088384167312 63.46523080582674
98.06178708481858 62.49468166876978
98.30269032795155 61.52413253170973
98.54359357107549 60.55358339464744
98.78449681419283 59.583034257583506
99.02540005730546 58.6124851205184
99.26630330041469 57.64193598345245
99.50720654352146 56.67138684638589
99.74810978662649 55.700837709318904
99.98901302973027 54.73028857225161
100.22991627283315 53.75973943518409
100.47081951593539 52.7891902981164
100.71172275903716 51.8186411610486
100.9526260021386 50.848092023980726
101.19352924523982 49.87754288691279
101.43443248834086 48.906993749844816
101.67533573144178 47.93644461277681
101.91623897454264 46.965895475708784
102.15714221764375 45.99534633864097
102.39804546074438 45.02479720157289
102.51851176395448 44.539463483680606
103.38218891551371 45.04350889619275
104.24586606707294 45.54755430870489
105.10954321863215 46.05159972121703
105.9732203701914 46.55564513372917
106.83689752175063 47.05969054624132
107.70057467330986 47.563735958753455
108.56425182486909 48.067781371265596
109.42792897642832 48.57182678377774
110.29160612798754 49.07587219628988
111.15528327954678 49.57991760880202
112.01896043110601 50.08396302131416
112.88263758266524 50.588008433826296
113.74631473422446 51.092053846338445
114.6099918857837 51.596099258850586
115.47366903734294 52.10014467136273
116.33734618890216 52.60419008387487
117.20102334046139 53.10823549638701
118.06470049202062 53.61228090889915
118.92837764357986 54.11632632141129
119.79205479513908 54.620371733923434
120.65573194669832 55.124417146435576
121.51940909825754 55.62846255894772
122.38308624981676 56.13250797145986
123.246763401376 56.636553383972
124.11044055293524 57.14059879648414
124.97411770449445 57.64464420899628
125.8377948560537 58.148689621508424
126.70147200761292 58.652735034020566
127.56514915917214 59.15678044653271
128.42882631073138 59.66082585904485
129.2925034622906 60.16487127155699
130.15618061384984 60.66891668406913
131.01985776540909 61.17296209658127
131.8835349169683 61.677007509093414
132.74721206852752 62.18105292160555
133.61088922008676 62.6850983341177
134.474566371646 63.18914374662984
135.33824352320522 63.69318915914198
136.20192067476447 64.19723457165412
137.06559782632368 64.70127998416626
137.9292749778829 65.2053253966784
138.79295212944214 65.70937080919055
139.6566292810014 66.21341622170269
140.5203064325606 66.71746163421483
141.38398358411982 67.22150704672697
142.24766073567906 67.72555245923911
143.1113378872383 68.22959787175125
143.97501503879752 68.7336432842634
144.83869219035674 69.23768869677554
145.70236934191598 69.74173410928768
146.56604649347523 70.24577952179982
147.42972364503441 70.74982493431196
148.2934007965937 71.2538703468241
149.15707794815293 71.75791575933624
150.02075509971215 72.26196117184838
150.88443225127136 72.76600658436053
151.74810940283058 73.27005199687267
152.6117865543898 73.77409740938481
153.0412072694494 74.02470904253117
153.90488442065353 74.52875445565175
154.7685615721366 75.03279986829442
155.63223872373018 75.53684528074771
156.49591587535832 76.04089069314175
157.359593026989 76.54493610553148
158.22327017861036 77.04898151793714
159.08694733021952 77.55302693036369
159.95062448181721 78.05707234280992
160.8143016334053 78.56111775527259
161.67797878498584 79.0651631677482
162.54165593656063 79.56920858023364
163.40533308813116 80.07325399272639
164.26901023969856 80.57729940522454
165.1326873912637 81.0813448177266
165.9963645428271 81.58539023023151
166.86004169438934 82.08943564273847
167.72371884595074 82.59348105524688
168.58739599751152 83.09752646775637
169.45107314907187 83.6015718802666
170.3147503006319 84.10561729277738
171.17842745219173 84.60966270528856
172.04210460375134 85.1137081178
172.90578175531087 85.61775353031163
173.76945890686991 86.12179894282409
174.63313605842768 86.62584435533877
175.49681320998326 87.12988976785715
176.3604903615364 87.63393518037975
177.22416751308745 88.13798059290588
178.0878446646375 88.64202600543379
178.95152181618775 89.14607141796128
179.81519896773943 89.65011683048635
180.67887611929334 90.1541622430076
181.54255327084982 90.65820765552444
182.40623042240884 91.16225306803692
183.26990757397004 91.66629848054566
184.13358472553293 92.17034389305155
184.9972618770969 92.67438930555554
185.86093902866145 93.17843471805855
186.7246161802263 93.68248013056105
187.5882933317909 94.186525543064
188.451970483355 94.69057095556775
189.31564763491852 95.19461636807256
190.1793247864814 95.69866178057842
191.04300193804372 96.20270719308527
191.90667908960546 96.70675260559307
192.77035624116675 97.21079801810168
193.63403339272762 97.71484343061103
194.49771054428814 98.21888884312094
195.36138769584838 98.72293425563132
196.22506484740842 99.2269796681421
197.08874199896823 99.73102508065321
197.9524191505279 100.23507049316459
198.8160963020875 100.73911590567614
199.679773453647 101.24316131818784
200.54345060520637 101.74720673069967
201.4071277567657 102.25125214321159
202.27080490832503 102.75529755572354
203.13448205988433 103.25934296823556
203.9981592114436 103.76338838074761
204.86183636300285 104.2674337932597
205.7255135145621 104.77147920577181
206.58919066612134 105.27552461828392
207.4528678176806 105.77957003079602
208.31654496923986 106.28361544330815
209.1802221207991 106.78766085582026
210.04389927235832 107.29170626833239
210.90757642391753 107.79575168084452
211.77125357547675 108.29979709335666
212.63493072703596 108.8038425058688
213.49860787859518 109.30788791838093
214.3622850301544 109.81193333089305
215.2259621817136 110.31597874340518
216.08963933327283 110.82002415591731
216.95331648483204 111.32406956842945
217.81699363639126 111.82811498094159
218.68067078795048 112.33216039345373
219.5443479395097 112.83620580596588
220.4080250910689 113.34025121847802
221.27170224262812 113.84429663099014
222.13537939418734 114.34834204350227
222.99905654574656 114.85238745601441
223.86273369730577 115.35643286852654
224.726410848865 115.86047828103867
225.5900880004242 116.36452369355081
226.45376515198342 116.86856910606295
227.31744230354266 117.37261451857509
228.1811194551019 117.87665993108723
229.04479660666112 118.38070534359937
229.90847375822034 118.88475075611152
230.77215090977955 119.38879616862363
231.63582806133877 119.89284158113577
232.499505212898 120.3968869936479
233.36318236445723 120.90093240616002
234.22685951601648 121.40497781867217
235.0905366675757 121.9090232311843
235.9542138191349 122.41306864369645
236.81789097069412 122.91711405620859
237.68156812225334 123.42115946872073
238.54524527381255 123.92520488123287
239.40892242537177 124.429250293745
240.272599576931 124.93329570625713
241.1362767284902 125.43734111876925
241.99995388004942 125.94138653128138
242.86363103160866 126.44543194379352
243.7273081831679 126.94947735630566
244.59098533472712 127.45352276881779
245.45466248628634 127.95756818132992
246.31833963784555 128.46161359384206
247.1820167894048 128.9656590063542
248.04569394096404 129.46970441886634
248.90937109252326 129.97374983137848
249.77304824408247 130.47779524389063
250.6367253956417 130.98184065640277
251.5004025472009 131.4858860689149
252.36407969876012 131.98993148142705
253.22775685031937 132.4939768939392
254.0914340018786 132.99802230645133
254.95511115343783 133.50206771896347
255.8187883049971 134.00611313147562
256.6824654565563 134.51015854398776
257.5461426081156 135.0142039564999
258.4098197596748 135.51824936901204
259.273496911234 136.02229478152418
260.1371740627933 136.52634019403632
261.0008512143525 137.03038560654846
261.8645283659117 137.5344310190606
262.728205517471 138.03847643157275
263.5918826690302 138.5425218440849
264.45555982058943 139.04656725659703
265.3192369721487 139.55061266910917
266.1829141237079 140.0546580816213
267.04659127526713 140.55870349413345
267.91026842682635 141.0627489066456
268.77394557838556 141.5667943191577
269.6376227299448 142.07083973166982
270.501299881504 142.57488514418193
271.3649770330632 143.07893055669408
272.2286541846224 143.5829759692062
273.0923313361817 144.08702138171833
273.956008487741 144.59106679423047
274.81968563930025 145.0951122067426
275.68336279085946 145.59915761925475
276.5470399424187 146.1032030317669
277.4107170939779 146.60724844427907
278.2743942455371 147.1112938567912
279.1380713970964 147.61533926930335
280.0017485486556 148.11938468181552
280.8654257002148 148.6234300943277
281.7291028517741 149.12747550683983
282.5927800033333 149.631520919352
283.4564571548925 150.13556633186414
284.32013430645173 150.63961174437628
285.18381145801095 151.14365715688842
286.04748860957017 151.64770256940054
286.9111657611294 152.15174798191265
287.7748429126886 152.6557933944248
288.6385200642478 153.15983880693693
289.5021972158071 153.66388421944907
290.3658743673663 154.16792963196121
291.2295515189255 154.67197504447336
292.0932286704848 155.1760204569855
292.956905822044 155.68006586949764
293.8205829736032 156.18411128200978
294.68426012516244 156.68815669452192
295.54793727672165 157.19220210703406
296.4116144282809 157.6962475195462
297.27529157984014 158.20029293205835
298.13896873139936 158.7043383445705
299.0026458829586 159.20838375708263
299.8663230345178 159.71242916959477
300.730000186077 160.2164745821069
301.5936773376362 160.72051999461905
302.45735448919544 161.2245654071312
303.32103164075465 161.72861081964334
304.18470879231387 162.23265623215548
305.0483859438731 162.73670164466762
305.9120630954323 163.24074705717976
306.7757402469915 163.7447924696919
307.6394173985508 164.24883788220404
308.50309455011 164.75288329471618
309.3667717016692 165.25692870722833
310.2304488532285 165.76097411974047
311.0941260047877 166.2650195322526
311.9578031563469 166.76906494476475
312.8214803079062 167.2731103572769
313.6851574594655 167.77715576978903
314.54883461102474 168.28120118230115
315.41251176258396 168.78524659481332
316.2761889141432 169.28929200732546
317.1398660657024 169.7933374198376
318.0035432172616 170.29738283234974
318.8672203688208 170.80142824486188
319.73089752038004 171.30547365737402
320.5945746719393 171.80951906988616
321.45825182349853 172.3135644823983
322.32192897505774 172.81760989491045
323.18560612661696 173.3216553074226
324.0492832781762 173.8257007199347
324.9129604297354 174.32974613244681
325.7766375812946 174.83379154495896
326.6403147328538 175.3378369574711
327.50399188441304 175.84188236998324
328.36766903597226 176.34592778249538
329.23134618753147 176.84997319500752
330.0950233390907 177.35401860751966
330.9587004906499 177.8580640200318
331.8223776422091 178.36210943254395
332.68605479376834 178.8661548450561
333.54973194532755 179.37020025756823
334.41340909688677 179.87424567008037
335.277086248446 180.3782910825925
336.1407634000052 180.88233649510465
337.0044405515644 181.3863819076168
337.86811770312363 181.89042732012894
338.73179485468285 182.39447273264108
339.59547200624206 182.89851814515322
340.4591491578013 183.40256355766536
341.3228263093605 183.9066089701775
342.18650346091977 184.41065438268961
343.05018061247904 184.91469979520173
343.91385776403826 185.41874520771387
344.77753491559747 185.922790620226
345.64121206715674 186.42683603273815
346.504889218716 186.9308814452503
347.3685663702752 187.43492685776243
348.2322435218344 187.93897227027458
349.0959206733936 188.44301768278672
349.9595978249528 188.94706309529883
350.82327497651204 189.45110850781097
351.6869521280713 189.9551539203231
352.5506292796305 190.45919933283525
353.41430643118974 190.9632447453474
354.277983582749 191.46729015785954
355.1416607343082 191.97133557037168
356.0053378858674 192.4753809828838
356.8690150374266 192.9794263953959
357.7326921889858 193.48347180790802
358.59636934054504 193.98751722042016
359.46004649210425 194.4915626329323
360.32372364366347 194.9956080454444
361.18740079522274 195.49965345795653
362.05107794678196 196.00369887046867
362.9147550983412 196.5077442829808
363.77843224990045 197.01178969549295
364.6421094014596 197.5158351080051
365.5057865530189 198.01988052051723
366.3694637045786 198.52392593302972
367.2331408561378 199.02797134554186
368.09681800769704 199.532016758054
368.3770350350781 199.69555252706704
367.5489768594009 200.25619471036583
366.7209186837236 200.81683689366466
365.89286050804634 201.37747907696345
365.0648023323691 201.93812126026225
364.2367441566918 202.49876344356107
363.40868598101457 203.05940562685987
362.58062780533726 203.62004781015867
361.75256962966 204.18068999345746
360.92451145398286 204.74133217675632
360.0964532783055 205.3019743600551
359.26839510262823 205.8626165433539
358.44033692695103 206.4232587266527
357.6122787512738 206.9839009099515
356.78422057559646 207.54454309325033
355.95616239991926 208.10518527654912
355.128104224242 208.66582745984795
354.3000460485647 209.22646964314674
353.4719878728875 209.78711182644557
353.17315589378705 209.98943796502311
352.42766374214114 210.65595236984444
351.80455001446103 211.43808361354758
351.57602380867297 212.41162137515113
351.595843268368 213.41142495036848
351.9023610432565 214.36328988494554
352.43802267093724 215.20772260614385
353.1331380188268 215.9266208278195
353.86168172538095 216.61162014726466
354.61864391731604 217.26507882230146
355.39679107875986 217.8931608194459
356.18979107585574 218.50238245777302
356.99294825504217 219.09814964847865
357.80301396069376 219.6844887590002
358.61779793185235 220.26425343569497
359.43582938193015 220.83942692837667
360.2561144502094 221.41138182761102
361.077974813143 221.98107081630457
361.90094275414003 222.54915863353983
362.7247091244037 223.11608805350545
363.549072869069 223.68214848886674
364.3738971728947 224.24753761842123
365.1990811639704 224.81240165593144
366.02454549447884 225.37685594022582
366.85022604772655 225.9409938878845
367.67607114199393 226.504890935469
368.50203979710676 227.06860698169365
369.3281001652384 227.63218862458334
370.154227959673 228.1956714257962
370.98040495339785 228.75908208866989
371.8066176406052 229.3224404075909
372.63285611176036 229.88576091030964
373.4591131496419 230.4490541797095
374.28540133148226 231.01230176341573
375.1117464126045 231.5754658664134
375.93817178211526 232.13851214215725
376.76468947399155 232.70142288553973
377.5912994700253 233.2641980755198
378.41799328345985 233.82685013392629
379.24475823231774 234.38939766022077
380.0715807097463 234.95186062861868
380.89844812167325 235.5142575374768
381.7253497585142 236.07660412365806
382.55227699198394 236.63891306947528
383.37922311821075 237.20119423074468
384.20620220663955 237.76342691149307
385.03324222981297 238.32556995384914
385.86036847639946 238.88758612106113
386.68759395272866 239.44945622287457
387.5149186690529 240.01118018867896
388.3423335118882 240.5727713904048
389.1698248486987 241.1342498739673
389.99737804910643 241.69563717387254
390.82497957053613 242.25695323611131
391.65261789643915 242.81821503019358
392.4802837482622 243.37943623232877
393.3036452430199 243.94695349986375
394.1208572920949 244.52329061201826
394.9320106506512 245.10812411730234
395.7380302425745 245.70001297294652
396.5400170920275 246.297354661852
397.3389638367736 246.89875644024943
398.1356710286898 247.50312193425867
398.93074981175164 248.1096280997054
399.7246533044039 248.71767188460473
400.51771211119683 249.32681696499867
401.3101652981891 249.93674970426252
402.1021848698928 250.54724540288635
402.8938942281659 251.1581433420078
403.68538176105324 251.7693286537455
404.4767107175211 252.38071926755595
405.2679263321225 252.9922565527732
406.0590609449222 253.60389862492838
406.85013767238524 254.21561556213567
407.6411730358508 254.82738598782407
408.4321788421271 255.43919462983328
409.22316352836367 256.05103057691315
410.01413312352713 256.66288603331355
410.8050919356507 257.27475542911964
411.59604304301104 257.8866347846837
412.38698864514396 258.49852125656105
413.17793031368114 259.11041281310645
413.9688691715919 259.72230800269926
414.75980602126185 260.3342057881456
415.5507414360111 260.94610542836074
416.341675825487 261.5580063938317
417.1326094823896 262.16990830621523
417.92354261585774 262.78181089518046
418.71447537532424 263.3937139675724
419.50540786756113 264.0056173853794
420.2963401688586 264.61752104999033
421.08727233372724 265.2294248909459
421.87820440111545 265.84132885790234
422.6691363988526 266.4532329148881
423.46006834682294 267.065137036201
424.2510002592343 267.6770412034767
425.0419321462382 268.2889454035933
425.83286401508815 268.90084962717526
426.6237958709669 269.51275386752354
427.4147277175774 270.1246581198516
428.2056595575658 270.7365623807394
428.9965913928225 271.3484666477432
429.7875232246983 271.960370919117
430.57845505415844 272.5722751936132
431.36938688189264 273.1841794703405
432.1603187083935 273.7960837486619
432.9512505340133 274.40798802812225
433.7421823590033 275.01989230839644
434.5331141835435 275.63179658925213
435.32404600776226 276.2437008705233
436.1149778317513 276.85560515209136
436.9059096555763 277.46750943387156
437.69684147928405 278.07941371580324
438.48777330290795 278.69131799784327
439.278705126472 279.30322227996066
440.0696369499933 279.91512656213337
440.86056877348403 280.5270308443455
441.6515005969529 281.1389351265859
442.44243242040625 281.75083940884645
443.2333642438484 282.3627436911214
444.02429606728253 282.9746479734067
444.81522789071107 283.58655225569936
445.6061597141355 284.1984565379973
446.397091537557 284.81036082029897
447.18802336097644 285.42226510260326
447.9789551843944 286.0341693849095
448.7698870078113 286.64607366721714
449.5608188312275 287.2579779495257
450.35175065464307 287.869882231835
451.1426824780583 288.4817865141448
451.93361430147326 289.09369079645495
452.724546124888 289.7055950787654
453.51547794830265 290.317499361076
454.30623566951937 290.9296286173088
455.0967487045863 291.54207383231926
455.88702453477396 292.1548250968803
456.67710211906035 292.7678319572075
457.46702561856875 293.3810373591116
458.25683385891455 293.99439120762145
459.04655765956466 294.60785377264625
459.8362203012232 295.2213950608811
460.6258389218235 295.8349930025345
461.4154259644787 296.44863157862875
462.20499039668255 297.0622992471583
462.9945386552987 297.67598772457677
463.78407535079225 298.28969107837975
464.57360378167016 298.90340506456175
465.36312630637633 299.5171266488177
466.1526446106632 300.1308536623962
466.94215989925635 300.74458455544107
467.7316730330378 301.35831822046737
468.5211846271537 301.9720538661298
469.3106951211479 302.5857909269898
470.100204829086 303.1995289990299
470.8897139753743 303.8132677935729
471.67922272035537 304.4270071043543
472.4687311785964 305.0407467839953
473.25823943195746 305.6544867271916
474.047747538929 306.26822685870195
474.83725554130297 306.8819671247653
475.6262106911157 307.4964179133432
476.41438816608206 308.1118659354829
477.2018109361053 308.72827925562535
477.98860234282387 309.3454982461901
478.7749026440148 309.96334275441774
479.56083536744677 310.581654774549
480.3464986823585 311.2003090848078
481.1319668045612 311.81921120065766
481.91729439854544 312.4382916236456
482.7025211697996 313.05749992277106
483.48613644038244 313.67874633741604
484.2675290828464 314.3027860303067
485.0467718938884 314.92950817084386
485.8242162607559 315.5584598831604
486.59717258349235 316.1929191199455
487.3646952807753 316.8339408895879
488.1229721411522 317.4858735571364
488.8676583336353 318.15328832676994
489.5948831346369 318.83968769216017
490.3015224167732 319.5472616635172
490.985147351159 320.2770951713024
491.64386137086456 321.029488579197
492.2761384577996 321.80423091400064
492.8807118984226 322.6007803191811
493.4565214161399 323.4183641982456
494.0027057732576 324.2560291957475
494.5186218958768 325.1126682997006
495.0038734565055 325.987042889283
495.45833656646664 326.8778084486107
495.88217509204327 327.7835462165309
496.27531719321826 328.7030239423534
496.6381701712047 329.6348703440562
496.9718477994056 330.57755758828847
497.2779479727641 331.5295568970434
497.55826007365056 332.4894658125644
497.8145804909368 333.4560576828396
498.0486451549194 334.428278713817
498.262139333764 335.405223049795
498.45670554285823 336.386112437177
498.6339284278565 337.370283178986
498.79534407881624 338.35716969101526
498.9422553611654 339.34631936377394
499.07620202819544 340.33730790578215
499.19906367169415 341.3297317147251
499.31286219401636 342.3232355628894
499.4195033440809 343.3175331366131
499.52071190426955 344.31239836735773
499.61983697177743 345.30747334995533
499.7189620392852 346.3025483325529
499.81808710679303 347.2976233151505
499.88525099516926 348.2953652718197
499.95241488354543 349.29310722848896
