0.4494984242603848
138408
896
0.0 100.0
0.0 99.0
0.0 98.0
0.0 97.0
0.0 96.0
0.0 95.0
0.0 94.0
0.0 93.0
0.0 92.0
0.0 91.0
0.0 90.0
0.0 89.0
0.0 88.0
0.0 87.0
0.0 86.0
0.0 85.0
0.0 84.0
0.0 83.0
0.0 82.0
0.0 81.0
0.0 80.0
0.0 79.0
0.0 78.0
0.0 77.0
0.0 76.0
0.0 75.0
0.0 74.0
0.0 73.0
0.0 72.0
0.0 71.0
0.0 70.0
0.0 69.0
0.0 68.0
0.0 67.0
0.0 66.0
0.0 65.0
0.0 64.0
0.0 63.0
0.0 62.0
0.0 61.0
0.0 60.0
0.0 59.0
0.0 58.0
0.0 57.0
0.0 56.0
0.0 55.0
0.0 54.0
0.0 53.0
0.0 52.0
0.0 51.0
0.0 50.0
0.0 49.0
0.0 48.0
0.0 47.0
0.0 46.0
0.0 45.0
0.0 44.0
0.0 43.0
0.0 42.0
0.0 41.0
0.0 40.0
0.0 39.0
0.0 38.0
0.0 37.0
0.0 36.0
0.0 35.0
0.0 34.0
0.0 33.0
0.0 32.0
0.0 31.0
0.0 30.0
0.0 29.0
0.0 28.0
0.0 27.0
0.0 26.0
0.0 25.0
0.0 24.0
0.0 23.0
0.0 22.0
0.0 21.0
0.0 20.0
0.0 19.0
0.0 18.0
0.0 17.0
0.0 16.0
0.0 15.0
0.0 14.0
0.0 13.0
0.0 12.0
0.0 11.0
0.0 10.0
0.7239962341791496 10.689803923513349
1.4479924683582992 11.379607847026698
2.1719887025374485 12.069411770540047
2.895984936716598 12.759215694053395
3.6199811708957474 13.449019617566744
4.343977405074897 14.138823541080093
5.0679736392540455 14.828627464593442
5.791969873433193 15.518431388106793
6.515966107612341 16.208235311620143
7.23996234179149 16.898039235133492
7.963958575970638 17.58784315864684
8.687954810149787 18.277647082160193
9.411951044328937 18.96745100567354
10.135947278508086 19.657254929186887
10.859943512687234 20.347058852700236
11.583939746866385 21.036862776213585
12.307935981045533 21.726666699726934
13.031932215224685 22.41647062324028
13.755928449403836 23.106274546753628
14.479924683582986 23.796078470266977
15.203920917762133 24.48588239378033
15.927917151941282 25.17568631729368
16.65191338612043 25.865490240807027
17.37590962029958 26.555294164320376
18.099905854478727 27.245098087833725
18.823902088657874 27.934902011347074
19.54789832283702 28.624705934860422
20.271894557016168 29.314509858373775
20.99589079119532 30.004313781887124
21.71988702537447 30.694117705400473
22.44388325955362 31.383921628913818
23.16787949373277 32.07372555242716
23.891875727911916 32.763529475940516
24.615871962091063 33.45333339945387
25.339868196270213 34.14313732296721
26.063864430449364 34.83294124648056
26.78786066462851 35.52274516999391
27.511856898807658 36.21254909350726
28.2358531329868 36.902353017020616
28.959849367165948 37.59215694053397
29.683845601345098 38.28196086404732
30.407841835524252 38.97176478756066
31.1318380697034 39.66156871107401
31.85583430388255 40.351372634587364
32.5798305380617 41.04117655810071
33.303826772240846 41.73098048161406
34.02782300641999 42.42078440512741
34.75181924059914 43.11058832864076
35.47581547477829 43.80039225215411
36.19981170895744 44.49019617566746
36.923807943136595 45.1800000991808
37.64780417731574 45.86980402269415
38.3718004114949 46.559607946207485
39.095796645674056 47.24941186972083
39.81979287985321 47.939215793234176
40.54378911403235 48.62901971674753
41.26778534821149 49.318823640260874
41.99178158239064 50.008627563774226
42.71577781656978 50.69843148728758
43.43977405074894 51.388235410800924
44.16377028492809 52.07803933431427
44.88776651910724 52.76784325782762
45.611762753286385 53.457647181340974
46.33575898746553 54.147451104854326
47.05975522164468 54.83725502836767
47.78375145582383 55.52705895188102
48.50774769000299 56.21686287539436
49.231743924182126 56.90666679890772
49.955740158361266 57.596470722421074
50.67973639254041 58.28627464593443
51.40373262671956 58.97607856944778
52.1277288608987 59.66588249296113
52.851725095077846 60.355686416474484
53.57572132925699 61.045490339987836
54.29971756343615 61.73529426350119
55.0237137976153 62.425098187014534
55.747710031794455 63.11490211052788
56.47170626597361 63.80470603404122
57.195702500152755 64.49450995755456
57.919698734331895 65.18431388106791
58.64369496851104 65.87411780458126
59.36769120269019 66.5639217280946
60.091687436869336 67.25372565160795
60.81568367104848 67.9435295751213
61.53967990522763 68.63333349863466
62.263676139406776 69.32313742214801
62.98767237358592 70.01294134566136
63.71166860776507 70.70274526917471
64.43566484194422 71.39254919268807
65.15966107612336 72.08235311620142
65.8836573103025 72.77215703971478
66.60765354448165 73.46196096322814
67.33164977866082 74.15176488674146
68.05564601283996 74.84156881025483
68.77964224701911 75.53137273376817
69.50363848119824 76.22117665728152
70.22763471537738 76.91098058079488
70.95163094955653 77.60078450430824
71.67562718373567 78.29058842782158
72.39962341791482 78.98039235133493
73.12361965209396 79.67019627484828
73.84761588627312 80.36000019836163
74.57161212045227 81.04980412187497
75.29560835463143 81.73960804538832
76.0196045888106 82.42941196890166
76.74360082298972 83.11921589241503
77.46759705716887 83.80901981592837
78.19159329134803 84.49882373944173
78.91558952552718 85.18862766295508
79.63958575970635 85.87843158646844
80.36358199388549 86.5682355099818
81.08757822806464 87.25803943349516
81.8115744622438 87.9478433570085
82.53557069642295 88.63764728052183
83.25956693060209 89.32745120403519
83.98356316478124 90.01725512754854
84.7075593989604 90.70705905106189
85.43155563313957 91.39686297457523
86.15555186731874 92.08666689808857
86.87954810149787 92.77647082160192
87.60354433567703 93.46627474511527
88.32754041204828 94.15607883425872
89.05153505453086 94.84588442836224
89.77552047092675 95.53569970569819
90.49949158066852 96.22552999805947
91.22344091010888 96.91538314794201
91.94735919995557 97.60526887009128
92.67123565675706 98.29519848627578
93.39505823121029 98.9851846315801
94.11881399069203 99.67524086162007
94.84248955499206 100.3653811934621
95.56607024837172 101.05562099249445
96.2895362688252 101.74598098354925
97.01287200010077 102.43647748597343
97.73606830090861 103.1271200205004
98.45912087304211 103.81791302707411
99.18202818685751 104.50885804343373
99.9047902133942 105.19995503590047
100.62740796910795 105.8912028779421
101.34988352155541 106.58259934605263
102.07222013855275 107.27414096572917
102.7944223947396 107.96582290214118
103.51649616284433 108.65763897120509
104.23844848660104 109.34958177391519
104.96028736494189 110.0416429227421
105.68202148615356 110.73381331959453
106.40365994735791 111.42608344845365
107.1252119863288 112.1184436546014
107.84668674344559 112.81088439202466
108.56809306350505 113.50339642901626
109.28943934087971 114.19597100847878
110.01073340715725 114.88859996394687
110.73198245765148 115.58127579517037
111.4531930116779 116.27399170863052
112.17437090088086 116.96674162896596
112.89552127989393 117.65952018727253
113.61664865397958 118.35232269184675
114.33775691886828 119.04514508633844
115.05884940868472 119.73798389957736
115.77992894853722 120.43083619062222
116.50099790900666 121.12369949189278
117.22205826037685 121.81657175261756
117.94311162498329 122.50945128427496
118.66415932651527 123.20233670923022
119.38520243549056 123.89522691337463
120.10624181043093 124.58812100325099
120.82727813451442 125.28101826789576
121.54831194766773 125.9739181454319
122.26934367420512 126.66682019430064
122.99037364622251 127.35972406891287
123.71140212303015 128.05262949942446
124.43242930695988 128.7455362752857
125.15345535591956 129.43844423217578
125.87448039309444 130.13135324190716
126.5955045142104 130.82426320486695
127.31652779278184 131.51717404455565
128.03755028376233 132.21008570378814
128.75857202599747 132.9029981421411
129.47959304384665 133.59591133426528
130.20061334829103 134.28882526873258
130.92163293778327 134.98173994715154
131.64265179902418 135.6746553833592
132.36366990777805 136.36757160257264
133.0846872297702 137.0604886404547
133.80570372165326 137.75340654210873
134.52671933198562 138.4463253610602
135.24773400214207 139.1392451583089
135.9687476670676 139.83216600154475
136.68976025579047 140.52508796461356
137.41077169162455 141.21801112730657
138.13178189200698 141.91093557552907
138.852790767933 142.60386140188854
139.57379822295854 143.296788706732
140.2948041517459 143.9897175996593
141.01580843812167 144.6826482015436
141.73681095260778 145.37558064709995
142.45781154937373 146.06851508805607
143.1788100625481 146.76145169698964
143.8998063018231 147.45439067190108
144.6208000472929 148.14733224158311
145.34179104349244 148.84027667182207
146.06277899264595 149.53322427242068
146.78376354720461 150.2261754049602
147.5047443018429 150.9191304911247
148.22572078519494 151.61209002129465
148.94669245173742 152.3050545629871
149.66765867434958 152.9980247685893
150.3886187381948 153.69100138171584
151.10957183664658 154.3839852414361
151.8305170700123 155.07697728358903
152.5514534477662 155.76997853844438
153.27237989488071 156.4629901240985
153.99329526262568 157.15601323522043
154.71419834388612 157.849049127097
155.43508789261722 158.5420990953751
156.15596264646797 159.23516445251005
156.8768213507613 159.9282465028075
157.59766278069594 160.62134651932013
158.3184857564633 161.31446572811893
159.03928914241817 162.00760530915298
159.76007181590344 162.7007664286652
160.4808325833243 163.39395032644913
161.20157001051723 164.08715849218527
161.92228212204805 164.78039297797835
162.64296591147618 165.473656907269
163.36361658568805 166.16695525989792
164.08422644287225 166.86029603738686
164.80478327768685 167.5536919183971
165.52526824436927 168.24716247493473
166.2456531922799 168.9407369315173
166.96589759339614 169.63445733820913
167.6859452708673 170.3283819322166
168.40572118625118 171.02258840844195
169.1251285468715 171.71717681137224
169.84404646794007 172.41227178529056
170.56232838603978 173.10802395821636
171.27980138476352 173.80461027454936
171.99626656288132 174.5022331300699
172.7115005451657 175.2011182068784
173.42525819779945 175.90151096334208
174.13727655825772 176.60367180985114
174.8472799230026 177.30787009304345
175.55498595993086 178.0143771102027
176.26011263464096 178.7234584684489
176.9623856698527 179.43536617596058
177.66154620445462 180.15033089317055
178.35735828903756 180.8685547739684
179.04961585179436 181.59020528966562
179.73814879269324 182.3154103567309
180.42282791254763 183.04425499232576
181.1035684525055 183.7767796112007
181.78033210246838 184.51297996578424
182.45312742695944 185.25280862928884
183.12200874664575 185.9961778378082
183.78707359614629 186.7429634469082
184.44845894803538 187.49300972301825
185.1063364447772 188.24613467897223
185.7609069122746 189.00213567307227
186.41239444034386 189.76079501742268
187.0610403081007 190.52188537883976
187.70709700878342 191.28517479937625
188.35082259276112 192.05043120904077
188.99247550364754 192.81742634719419
189.63231003483497 193.58593904891103
190.27057248622788 194.35575788678258
190.9074980566751 195.126683186478
191.5433084689073 195.89852845574973
192.17821029215526 196.67112128178192
192.81239390370462 197.44430376143484
193.4460330143787 198.21793253379542
194.0792846737436 198.9918784853396
194.71228966772418 199.76602619579006
195.34517322313687 200.5402731882209
195.97804593913614 201.3145290408586
196.6110048735626 202.08871441099274
197.24413472160896 202.86276001398573
197.87750903422568 203.63660559297247
198.51119143360148 204.41019890778415
199.14523679240452 205.18349476512486
199.77969235196093 205.95645410619522
200.41459876202208 206.7290431628504
201.04999103117825 207.5012326890009
201.68589938233657 208.2729972702866
202.32235001205203 209.0443147120282
202.95936575597045 209.81516550303778
203.59696666528833 210.58553235099853
204.23517050104078 211.35539978376272
204.8739931542653 212.12475381002577
205.51344900072743 212.8935816323796
206.153551199001 213.66187140568482
206.7943119403539 214.42961203398374
207.43574265818825 215.1967929997399
208.0778542038218 215.96340421995785
208.7206569942917 216.72943592463076
209.3641611367155 217.49487855388745
210.00837653266754 218.25972267108932
210.65331296510388 219.02395888988312
211.29898016965944 219.7875778137983
211.94538789168018 220.55056998735708
212.59254593014472 221.3129258578341
213.24046416964745 222.07463574678113
213.8891526018064 222.8356898302622
214.5386213377557 223.5960781264796
215.18888061369958 224.35579048918598
215.83994079176324 225.11481660503426
216.4918123585032 225.87314599288362
217.1445059233851 226.6307680030983
217.79803221927756 227.3876718150699
218.45240210655734 228.14384643155836
219.1076265818148 228.89928066895007
219.76371679145328 229.6539631431182
220.4206840497764 230.40788225117382
221.0785398605343 231.16102614994224
221.73729594042828 231.91338273242337
222.39696424281016 232.66493960374626
223.05755697977935 233.41568405818037
223.71908664108304 234.16560305861668
224.38156600862277 234.91468321960363
225.0450081659166 235.66291079456016
225.70942650248446 236.41027166725314
226.3748347137313 237.15675134708732
227.0412467974252 237.9023349672848
227.7086770482278 238.64700728469262
228.37714005188658 239.39075267979734
229.04665068061757 240.13355515557154
229.71722409089804 240.87539833402963
230.3888757243957 241.6162654497933
231.06162131214614 242.35613934050866
231.73547688144643 243.095002434541
232.41045876434555 243.83283673691378
233.08658360617392 244.56962381488307
233.76386837231595 245.30534478478398
234.44233035142912 246.0399803018248
235.12198715353762 246.77351055433502
235.80285670184412 247.50591526362413
236.48495721764928 248.2371736901317
237.16830719837594 248.9672646460001
237.85292538930014 249.69616651364464
238.5388307501348 250.42385726937698
239.22604241805698 251.15031451070064
239.91457966908706 251.87551548556485
240.60446187990033 252.59943712165773
241.29570849217424 253.32205605375114
241.9883389814382 254.04334864718462
242.68237283210948 254.76329101579643
243.3778295199773 255.4818590329666
244.07472850286806 256.1990283349071
244.77308921962907 256.9147743158843
245.47293109696267 257.629072115636
246.1742735630865 258.34189659979137
246.87713606675473 259.05322233455513
247.5815380998996 259.7630235572234
248.28749922207186 260.47127414422016
248.99503908498562 261.17794757826726
249.70417745577578 261.8830169160441
250.4149342380068 262.58645475730134
251.1273294899544 263.2882332159352
251.84138344012842 263.9883238930912
252.55711650033305 264.6866978520345
253.2745492767068 265.38332559436515
253.99370257911409 266.07817703721946
254.71459742898602 266.7712214913695
255.43725506527977 267.4624276405799
256.16169694773396 268.151763523112
256.88794475614367 268.83919651677763
257.6160203840743 269.5246933293256
258.34594592534916 270.2082199961022
259.07774365183946 270.8897418868024
259.8114359815469 271.56922372271015
260.5471098563677 272.24655964373164
261.2848204251268 272.92167675708396
262.0245749534156 273.594553594162
262.76635664943046 274.2651950150848
263.5101484170443 274.9336064201565
264.25594466348525 275.59978054063447
265.00375321619896 276.26369496922314
265.7535923273759 276.9253151830539
266.50548647108417 277.5845990344087
267.2594627726853 278.24150065308834
268.0155486154107 278.8959731112027
268.77377032624236 279.5479699188817
269.53415263141824 280.19744566898737
270.29671857378344 280.8443561601255
271.0614896614803 281.48865825031527
271.8284861015842 282.1303096049214
272.59772703794647 282.76926843131366
273.3692307558067 283.40549324482515
274.14301484093403 284.0389426821157
274.91909629404194 284.66957536295445
275.6974916069247 285.29734979448386
276.47821680857095 285.92222430949823
277.26128748946894 286.54415702990934
278.04671881151444 287.1631058471388
278.8345255098866 287.77902841207697
279.6247218921811 288.39188212823495
280.4173218390647 289.001624142697
281.2123388097612 289.60821133041577
282.00978585483097 290.21160026825737
282.8096756379755 290.8117471959518
283.6120204680245 291.4086079617034
284.41683234184507 292.0021379506319
285.22412299866164 292.5922919944345
286.03390398617285 293.17902426069
286.8461867388688 293.76228812008185
287.66098266906215 294.3420359895392
288.4783032713142 294.91821914890295
289.29816024114393 295.49078752824437
290.1205656091334 296.0596894624141
290.94553189179766 296.6248714087528
291.77307226087 297.18627762314276
292.60320073299187 297.7438497886716
293.43593238220467 298.2975265900633
294.27128357812927 298.8472432256741
295.1092722532734 299.39293084724005
295.94991820347445 299.9345159157294
296.79324342596794 300.4719194597318
297.6392724998119 301.00505622099547
298.48803301319833 301.53383367032177
299.33955604130415 302.0581508764151
300.19387667654354 302.57789721089387
301.0510346101653 303.0929508749224
301.91107475996546 303.60317723716935
302.7740479334186 304.1084269792773
303.64001150888885 304.6085340537711
304.5090301100198 305.1033134701662
305.38117624035385 305.5925589375374
306.25653083725 306.07604040532357
307.1351836969425 306.5535015578316
308.01723371683875 307.0246573307995
308.90278889765005 307.48919152947417
309.7919660473427 307.9467546360119
310.6848901317552 308.39696189881
311.5816932233636 308.8393917970783
312.48251301018473 309.273584970299
313.38749084096276 309.69904369426683
314.2967693000579 310.1152319735654
315.2104893250528 310.52157630528836
316.1287869009607 310.91746715145905
317.05178938589944 311.30226113893406
317.97961154295217 311.6752839866016
318.91235137053684 312.0358341412781
319.85008583797696 312.38318708652946
320.79286664339963 312.71660027302136
321.7407161171809 313.03531860486385
322.69362339579925 313.3385804032432
323.65154098825747 313.6256237554725
324.6143818504085 313.8956931431718
325.5820170716962 314.148046226219
326.5542742639303 314.38196063823546
327.53093672231296 314.5967406242348
328.5117434042995 314.79172332236595
329.49638974112526 314.9662844617287
330.48452925931736 315.11984322112437
331.475775945286 315.25186597505797
332.4697072364097 315.36186865014
333.4658674697165 315.4494174341297
334.463771568793 315.5141276268842
335.4629087067305 315.5556605005389
336.4627456541804 315.57371814473936
337.4627295129768 315.5680364067365
338.46228955185995 315.5383761864422
339.460837903746 315.4845135004193
340.45776895295614 315.40622887152807
341.45245733213903 315.30329671756954
342.44425455618295 315.17547548936875
343.4324844365841 315.0224993360565
344.41643753630876 314.84407204682583
345.39536503422147 314.6398639328089
346.3684724624452 314.4095121732416
347.33491385323157 314.1526249641889
348.2937868784284 313.8687895866373
349.2441295793293 313.55758426720274
350.18491926295326 313.2185934543674
351.11507407884227 312.85142589251245
352.0334576860703 312.4557346619109
352.9388872737833 312.0312381817208
353.83014501452465 311.5777410598241
354.7059928168457 311.095153630264
355.5651900162751 310.5835090539293
356.406513419976 310.04297697311904
357.22877892142895 309.4738729008086
358.03086374843053 308.8766627784113
358.811728318873 308.25196243214305
359.5704366664721 307.6005319728587
360.30617446689394 306.92326548983266
361.01826383828063 306.2211766584458
361.7061742948259 305.4953810923422
362.36952947675127 304.74707640666077
363.0081095399919 303.97752101370224
363.6218493391868 303.18801264839874
364.2108327564954 302.3798675289211
364.7752837004498 301.5544009142909
365.315554414717 300.7129096455868
365.8321117946906 299.8566570700025
366.3255224147905 298.98686056508154
366.79643693022484 298.1046817174813
367.24557444529154 297.21121907553163
367.6737073483752 296.3075032920592
368.0816470133717 295.394494403974
368.47023066862175 294.4730809555848
368.8403096459332 293.54408065927043
369.1927391500626 292.60824229469074
369.5283696367542 291.6662485705061
369.8480398556831 290.7187197049142
370.1525716003089 289.76621751776963
370.4427662023119 288.8092498626379
370.71940280232127 287.84827525759613
370.9832384063335 286.883707595866
371.2350096834327 285.91592083008135
371.47543636360535 284.94525352793244
371.7052259511839 283.9720131951058
371.925079288431 282.99648025865446
372.13569630751454 282.018911605683
372.3377811324482 281.03954358316463
372.53204557740526 280.05859438701555
372.7192100748731 279.076265801008
372.9000011863062 278.0927442841987
373.07514510970765 277.1082014430305
373.24535698856755 276.1227939555945
373.4113263052427 275.1366630383617
373.57369914936567 274.149933562015
373.7330586176455 273.1627129383095
373.88990495617236 272.1750899201033
374.0446372441554 271.18713348429475
374.19753840614766 270.1988919982897
374.34876512424216 269.2103928937204
374.4983438276047 268.22164307121704
374.6461734137644 267.232630223244
374.79203476991245 266.24332518192324
374.9356065837271 265.2536852806066
375.0764864268717 264.2636585790498
375.2142157107804 263.2731886681721
375.34830688444265 262.2822196690879
375.4782711771878 261.2907009942203
375.60364527602866 260.29859145624584
375.724015541477 259.3058623898859
375.83903867201036 258.31249957628637
375.9484580846532 257.31850390620684
376.0521156466334 256.32389086092525
376.14995873438306 255.32868900693802
376.24204288267083 254.33293777814936
376.32853049968264 253.3366848523802
376.409686255532 252.33998342101142
376.48586980440393 251.34288961053954
376.5575264853909 250.34546025461006
376.62517658125057 249.34775114643764
376.6894036180579 248.34981583403362
376.7508421129054 247.35170496276186
376.8101649419607 246.3534661126098
376.8680706349335 245.35514405499444
376.92528830051106 244.35678232759005
376.9792220365023 243.41572020480027
377.00777024177523 242.45388694317586
377.0353183816561 242.43692382288833
377.00777024177523 242.45388694317586
376.9792080052877 243.41619293815904
377.00777024177523 242.45388694317586
377.8592847804206 241.92955594993248
377.8592847804207 241.92955594993242
378.7027021477806 241.39229703243015
379.5508567973361 240.8625483274413
380.3998977502444 240.3342212883031
381.2497258940202 239.8071613998211
382.10030389800215 239.28131250599128
382.9515546173906 238.75655331098784
383.80337334575415 238.23271664368676
384.65564169993934 237.7096118239283
385.50823940209807 237.1870439735264
386.3610533068593 236.66482903325183
387.2139835492709 236.1428041281183
388.066947031052 235.62083353627634
388.9198786713204 235.09881091509118
389.77273094389125 234.57665863733044
390.62547223302545 234.0543251291139
391.47808449054696 233.5317810273157
392.33056059427037 233.00901483428046
393.1829017108817 232.4860285811784
394.0351148707577 231.9628338467494
394.88721087746984 231.43944833362815
395.73920260615483 230.91589308892864
396.5911036941594 230.39219037148618
397.4429275934869 229.86836211286078
398.29468693510944 229.34442888814726
399.14639314702197 228.82040930016444
399.99805626776237 228.2963196811385
400.84968490212106 227.77217402472192
401.7012862735392 227.24798407422816
402.5528663365063 226.72375950750416
403.40442992090226 226.19950817299875
404.25598088798444 225.67523634421008
405.10752228422507 225.15094897025514
405.9590564843757 224.62664990867498
406.8105853190328 224.10234213289098
407.66211018476815 223.57802791123157
408.51363213676126 223.05370895746978
409.3651519650373 222.52938655469382
410.2166702560525 222.00506165535515
411.0681874416381 221.48073496077208
411.919703837337 220.95640698339915
412.7712196720427 220.43207809496604
413.6227351106432 219.90774856325427
414.4742502711327 219.38341857988829
415.3257652374136 218.8590882811264
416.17728006878434 218.33475776326992
417.02879480691064 217.81042709398415
417.8803094809045 217.28609632054707
418.731824110997 216.76176547581414
419.5833387111748 216.2374345824995
420.4348532910586 215.71310365622736
421.28636785723427 215.18877270769335
422.1378824141891 214.66444174418464
422.98939696496666 214.14011077064401
423.84091151162215 213.6157797904091
424.6924260555376 213.09144880572435
425.54394059763837 212.56711781809258
426.3954551385418 212.0427868285163
427.24696967865793 211.5184558376615
428.0984842182582 210.99412484596888
428.94999875752154 210.46979385372913
429.80151329656564 209.9454628611334
430.65302783546747 209.42113186830656
431.5045423742774 208.89680087533046
432.35605691302794 208.37246988225797
433.2075714517404 207.84813888912356
434.0590859904284 207.32380789594933
434.91060052910075 206.79947690274986
435.7621150677632 206.27514590953425
436.61362960641935 205.75081491630837
437.4651441450714 205.22648392307588
438.316658683721 204.70215292983946
439.16817322236903 204.17782193660034
440.019687761016 203.6534909433596
440.87120229966234 203.12915995011787
441.7227168383083 202.6048289568755
442.57423137695406 202.08049796363278
443.4257459155997 201.5561669703898
444.27726045424515 201.0318359771466
445.1287749928906 200.50750498390335
445.98028953153596 199.98317399066
446.8318040701813 199.45884299741664
447.68331860882665 198.93451200417329
448.534833147472 198.41018101092988
449.38634768611735 197.88585001768647
450.2378622247627 197.36151902444306
451.089376763408 196.83718803119956
451.9408913020533 196.31285703795606
452.67389577116046 195.86150013928196
452.74281355258375 196.85912248235758
452.81173133400705 197.8567448254326
452.88064918649087 198.85436716359922
452.94956776431525 199.85198945165752
453.0184902232233 200.84961147159194
453.0874275830722 201.84723246195705
453.1564120767515 202.84485019417306
453.2255283669054 203.8424588040173
453.2949806482491 204.84004407887664
453.36522131610616 205.83757415289898
453.4371681062071 206.83498262458656
453.51252582539206 207.8321391891035
453.59420443449966 208.82879790943568
453.6867913389586 209.82450251679808
453.7970001498156 210.8184109723459
453.93398823709344 211.80898366727743
454.10941383583435 212.79347635861973
454.3370892257594 213.76721344676133
454.6320845984272 214.72271212813385
455.00917525615375 215.64888848059343
455.4806596749684 216.5307628723381
456.0538640047283 217.35017534255348
456.7290198486794 218.0878504650693
457.4984293819042 218.72660626362045
458.3475749924283 219.2547650769784
459.25799933820537 219.6684406873501
460.22523747203473 219.92231150581145
461.2076800343065 220.10887680761442
462.20069419698575 220.22687203090152
463.19908989780487 220.28349379867657
464.1990711268407 220.28962091675757
465.1985410048755 220.25706384531182
466.19674463346144 220.19715127669804
467.193774998857 220.12014185857788
468.19015186909985 220.03509403411968
469.18652121436116 219.94995809679895
470.18345850328245 219.8717529693567
471.18134383306233 219.80675398005607
472.18028073105756 219.7606554570458
473.1800395212685 219.73869272962114
474.180014835719 219.7457191433247
475.17919355040726 219.7862394606234
476.17613400540756 219.86440421728383
477.1689600757507 219.98397174651748
478.1553747171977 220.14824637979652
479.13269716375765 220.3600029273931
480.09792616267674 220.621408703239
481.04782879390496 220.9339546857531
481.9790510324987 221.29840652392716
482.88824294034606 221.71478384644232
483.7721889141508 222.18237289185984
484.6279323074565 222.69977336036905
485.45288421983025 223.26497628169108
486.244908191118 223.87546627252271
487.0023755388732 224.52833932073708
487.72418954007816 225.22042641616977
488.40977997125293 225.94841388905758
489.05907219539176 226.70895291348228
489.67243660477976 227.4987529522871
490.25062434658327 228.314656705942
490.79469369267576 229.15369695923295
491.30592888248714 230.01313781275255
491.7857514915341 230.89050333740425
492.2356251434861 231.78359554836535
492.65695813198397 232.69050155937393
493.05101370020867 233.60958817615776
493.41884152590944 234.5394820898061
493.76124388746695 235.47903550648869
494.07878523495674 236.42727993311843
494.371845673345 237.38337385081255
494.64070973743617 238.34655198337182
494.8856745508304 239.31608395303488
495.1071579715879 240.2912480901572
495.30578829670407 241.27132257403292
495.48246189371247 242.25559206970985
495.6383621949494 243.2433648654854
495.7749409110058 244.23399408689997
495.89386839579345 245.22689702946892
495.9969637742677 246.22156850434754
496.08611647712024 247.21758647385116
496.16320964775633 248.2146103667651
496.2300533099067 249.2123738281277
496.2883320806339 250.21067417616055
496.33956928064805 251.2093606882026
496.3851069575641 252.2083233101165
496.4260997637144 253.20748275176928
496.4635197930628 254.2067823772088
496.4981692468883 255.20618190459993
496.5306979890327 256.2056527050411
496.5616234967383 257.2051743971384
496.5913512697361 258.2047324292269
496.6201943242463 259.20431638178246
496.6483909039422 260.2039187791853
496.6761199528459 261.20353425517936
496.70351420569034 262.2031589622125
496.73067096531423 263.2027901494044
496.7576607687666 264.2024258583052
496.7845342119725 265.20206470211343
496.8113272248928 266.20170570490325
496.8380650807327 267.2013481845254
496.86476539643303 268.2009916675439
496.8914403466806 269.20063582774753
496.91809827636314 270.2002804419905
496.94474486073955 271.199925358719
496.9713839307949 272.19957047572126
496.99801805421896 273.19921572453177
497.02464894032494 274.19886105959074
497.05127771963583 275.19850645077327
497.07790513524066 276.1981518782816
497.1045316726785 277.19779732918107
497.1311576474076 278.1974427950687
497.1577832632735 279.19708827051477
497.184408651316 280.1967337520289
497.211033895355 281.1963792373785
497.2376590487514 282.19602472514237
497.26429769767685 283.1956698533671
497.29103306046835 284.19531239966875
497.3181337103249 285.1949451096064
497.346202415778 286.19455110587404
497.3762884417754 287.19409841893116
497.4098876403838 288.19353380646396
497.4487938258314 289.1927766742063
497.49482584928313 290.1917166387772
497.5495039613939 291.1902206718467
497.61376503984576 292.1881537927502
497.6877878150661 293.1854103438687
497.7709600657561 294.18194552975785
497.8619781813848 295.17779476665436
497.9590396992673 296.17307315069894
498.0600773109332 297.1679557573561
498.1629866518093 298.1626464970136
498.26581387040574 299.1573457295034
498.3668857242711 300.1522248580191
498.464879684848 301.1474118674251
498.558841709508 302.142987649534
498.6481645831191 303.13899037254725
498.7325409643646 304.13542432735204
498.81190386976584 305.1322701174551
498.88636458408655 306.1294940652336
498.95615487813507 307.12705574997125
499.0215775665786 308.1249133910388
499.0829671617315 309.1230272711181
499.14066075661697 310.1213616084566
499.19497829138265 311.11988532145347
499.2462109203893 312.1185720679987
499.29461620446557 313.11739984518226
499.3404189049143 314.1163503507788
499.3838160316313 315.1154082516998
499.42498440288466 316.1145604749413
499.4640938381392 317.1137954083149
499.50131554537967 318.11310244046774
499.53682376621305 319.11247182475626
499.57084440483123 320.1118929552853
499.6035929491797 321.1113565778565
499.63512284296365 322.11085938715615
499.66553628067186 323.1103967915622
499.69492192139796 324.109964940374
499.72047550499354 325.10963839424056
