8.82728996329679
282256
684
0.0 100.0
0.3668712445848952 100.93027172906454
0.7409104583294475 101.85768461800956
1.12383923724469 102.78146248648146
1.5161663073905798 103.70128826891569
1.917749055090872 104.61711101199947
2.3280313360735185 105.5290695910543
2.746152467315276 106.43746087217114
3.1710674889462913 107.34269411525952
3.601686925023297 108.24522771644715
4.036997064449192 109.14550827411404
4.476132745326575 110.04392902954011
4.918399546989157 110.94081256498222
5.363258861968035 111.83641302828967
5.810293973130388 112.73092943920008
6.259172217411851 113.62452236766964
6.709612521793412 114.51732891569034
7.161362203336651 115.40947364902993
7.614183208427301 116.30107509437909
8.067846008776423 117.19224851385445
8.52212873363465 118.08310608153593
8.97681926536205 118.973755575084
9.43171852800468 119.86429847738978
9.886643777622348 120.7548281047803
10.34143121291547 121.64542812089276
10.795937610079935 122.53617159403
11.25004094357752 123.42712061754727
11.703397671952793 124.31844978055994
12.155362489105634 125.21048554444837
12.605011604692214 126.10369082480234
13.05160771314019 126.99842649298547
13.494919148875995 127.89479414687861
13.935255643135665 128.79262696640745
14.373321661417915 129.6915697697194
14.810013858198518 130.59118075524088
15.246242774937858 131.49101648035986
15.682810993151243 132.39068763742003
16.120349602288073 133.28988726237247
16.55930082814472 134.1883981534133
16.99993108630314 135.08608683864622
17.442360422630564 135.98289020748294
17.886598154377715 136.87879915246126
18.332579124544992 137.77384159516924
18.780199354110724 138.66806535356727
19.229351066200735 139.56152085862982
19.67995317080127 140.45424575652925
20.131969311737613 141.3462555145101
20.585402892350086 142.23754558400094
21.04028041313567 143.12809959195553
21.49666012255142 144.01788471255128
21.954560221728695 144.9068883678719
22.414187121301588 145.79500047407754
22.876094365658524 146.6819287110903
23.343635822458452 147.56589985664507
23.821418375996217 148.4443779904281
24.31340423544041 149.3149811802379
24.819417935399834 150.17750662070523
25.335261641758805 151.03418933362167
25.854667193985108 151.8887171987709
26.37125492374684 152.7449514642962
26.879782587327636 153.60599711661263
27.376666647619928 154.47381405043419
27.859991039561322 155.34925538607837
28.329231379600152 156.23232588342285
28.7848705953121 157.1224904216434
29.228020778880186 158.0189378070507
29.66011197745079 158.92076772234395
30.082667946538876 159.82710455431538
30.497163545410594 160.7371558707344
30.90494655979018 161.65023473544625
31.307204224560635 162.56576123486252
31.704957324698263 163.4832537260203
32.09906922954718 164.40231618660522
32.49026162462191 165.3226251075854
32.87913218077686 166.24391750989628
33.2661717617074 167.16598061120393
33.6517801790625 168.08864314347935
34.03628023407061 169.01176811210428
34.41993009663996 169.9352467436657
34.80293416484655 170.8589933992684
35.18545254626214 171.78294128085003
35.567609276693375 172.707038804592
35.94949937151118 173.63124654935507
36.33119479737488 174.55553470889987
36.712748263803675 175.4798814794661
37.094192496209644 176.40427333228837
37.47553360637619 177.328707731095
37.85674036241939 178.253197541286
38.237734264919204 179.17777509144497
38.61838606744848 180.1024935379092
38.99852227838497 181.02742405483187
39.37794154876816 181.95264890169983
39.75643754103509 182.87825183159896
40.133823162265784 183.80430803555655
40.50995010245873 184.73087617922494
40.884717435696516 185.6579950744794
41.258065140689766 186.58568655939035
41.62995327102016 187.51396411406859
42.000333187600305 188.44284447094674
42.36912043159148 189.3723583055234
42.73617780199436 190.30255661063524
43.101313102801576 191.23351107359485
43.46431455694074 192.16529964633702
43.82503888418236 193.09797212890317
44.18351977963667 194.0315091916887
44.54003543821213 194.96579853936987
44.89509529912148 195.90064210658903
45.249353508887836 196.8357897531204
45.6034898442827 197.77098355974715
45.958101625894955 198.7059971876381
46.31363207273969 199.64066188760614
46.6703394209641 200.57487806586613
47.028298280352445 201.50861542454112
47.38742188673265 202.44190543056305
47.747496597114896 203.3748289016705
48.1082233051474 204.30750046342845
48.46926209010341 205.24005126405945
48.8006667603514 206.09605816262646
48.807599482914156 206.8947933677567
49.14857912459356 206.9947038686907
50.1082318277224 207.27589186519396
51.06788453085126 207.55707986169716
52.027537233980105 207.8382678582004
52.987189937108944 208.11945585470363
53.94684264023782 208.40064385120678
54.906495343366664 208.68183184771
55.8661480464955 208.96301984421322
56.82580074962436 209.24420784071643
57.785453452753195 209.52539583721966
58.745106155882006 209.806583833723
59.704758859010866 210.08777183022622
60.664411562139726 210.3689598267294
61.62406426526857 210.65014782323263
62.58371696839739 210.93133581973595
63.54336967152624 211.21252381623916
64.5030223746551 211.4937118127424
65.46267507778398 211.77489980924548
66.42232778091281 212.05608780574877
67.38198048404165 212.33727580225204
68.34163318718794 212.61846379869576
69.30128589034412 212.89965179510568
70.26093859349541 213.1808397915323
71.22059129663418 213.46202778800162
72.1802439997609 213.74321578451213
73.13989670287988 214.02440378104905
74.09954940599559 214.30559177759707
75.05920210911142 214.58677977414473
76.01885481223032 214.86796777068196
76.978507515351 215.14915576721307
77.93816021847351 215.43034376373794
78.89781292159769 215.71153176025712
79.85746562472322 215.9927197567717
80.8171183278498 216.27390775328266
81.77677103097712 216.55509574979112
82.73642373410495 216.83628374629782
83.69607643723313 217.11747174280327
84.65572914036134 217.39865973930867
85.61538184349003 217.67984773581244
86.5750345466188 217.96103573231596
87.53468724974759 218.24222372881934
88.49433995287639 218.52341172532272
89.4539926560052 218.804599721826
90.41364535913402 219.0857877183293
91.37329806226288 219.3669757148325
92.33295076539169 219.64816371133588
93.29260346852057 219.92935170783898
94.25225617164938 220.21053970434232
95.21190887477826 220.49172770084544
96.17156157790711 220.77291569734865
97.1312142810421 221.0541036938309
98.09086698419313 221.33529169025846
99.05051968736576 221.61647968661222
100.0101723905565 221.89766768290417
100.96982509355142 222.17885567986448
101.92947779668013 222.46004367636817
102.88913049980899 222.74123167287135
103.84878320293784 223.02241966937456
104.80843590606668 223.30360766587782
105.76808860919553 223.58479566238108
106.72774131232438 223.86598365888432
107.68739401545325 224.14717165538752
108.6470467185821 224.42835965189073
109.60669942171096 224.70954764839394
110.56635212483978 224.99073564489723
111.52600482796865 225.27192364140043
112.4856575310975 225.55311163790367
113.44531023422634 225.8342996344069
114.4049629373552 226.1154876309101
115.36461564048405 226.3966756274133
116.32426834361289 226.67786362391652
117.28392104674172 226.95905162041979
118.24357374987058 227.24023961692302
119.20322645299943 227.52142761342625
120.16287915612828 227.8026156099295
121.12253185925712 228.0838036064327
122.08218456238596 228.3649916029359
123.04183726551479 228.64617959943917
124.00148996864365 228.92736759594231
124.96114267177249 229.2085555924456
125.92079537490135 229.48974358894884
126.88044807803021 229.770931585452
127.84010078115904 230.05211958195528
128.7997534842879 230.33330757845846
129.75940618741674 230.6144955749617
130.71905889054557 230.89568357146493
131.67871159367442 231.1768715679682
132.63836429680327 231.4580595644714
133.59801699993213 231.73924756097463
134.55766970306098 232.02043555747787
135.51732240618983 232.30162355398107
136.4769751093187 232.58281155048434
137.43662781244754 232.8639995469875
138.39628051557636 233.14518754349075
139.3559332187052 233.42637553999398
140.31558592183404 233.70756353649722
141.2752386249629 233.98875153300042
142.23489132809175 234.26993952950366
143.19454403122057 234.5511275260069
144.15419673434943 234.83231552251013
145.11384943747828 235.11350351901336
146.07350214060713 235.3946915155166
147.03315484373599 235.67587951201978
147.99280754686484 235.95706750852298
148.95246024999366 236.23825550502627
149.91211295312254 236.51944350152945
150.8717656562514 236.80063149803271
151.83141835938025 237.08181949453592
152.79107106250908 237.36300749103916
153.75072376563793 237.64419548754236
154.71037646876678 237.92538348404557
155.67002917189564 238.20657148054883
156.6296818750245 238.48775947705204
157.5893345781533 238.76894747355527
158.54898728128217 239.05013547005848
159.18299148698617 239.23590514672932
160.17863068198386 239.32919283812615
161.17426987699062 239.4224805295239
162.16990907199735 239.51576822092164
163.16554826700408 239.60905591231943
164.16118746201084 239.70234360371714
165.1568266570176 239.79563129511487
166.15246585202436 239.8889189865126
167.1481050470311 239.9822066779103
168.14374424203785 240.0754943693081
169.13938343704461 240.16878206070575
170.13502263205135 240.26206975210354
171.1306618270581 240.35535744350128
172.12630102206487 240.448645134899
173.1219402170716 240.54193282629677
174.11757941207833 240.63522051769445
175.11321860708506 240.72850820909218
176.10885780209182 240.82179590048995
177.10449699709855 240.91508359188768
178.1001361921053 241.00837128328538
179.09577538711204 241.10165897468312
180.0914145821188 241.19494666608088
181.08705377712553 241.28823435747861
182.0826929721323 241.3815220488763
183.07833216713902 241.47480974027408
184.07397136214578 241.56809743167182
185.06961055715254 241.6613851230695
186.06524975215927 241.75467281446728
187.060888947166 241.847960505865
188.05652814217277 241.9412481972627
189.0521673371795 242.03453588866046
190.04780653218626 242.1278235800582
191.043445727193 242.22111127145595
192.03908492219975 242.3143989628536
193.03472411720648 242.4076866542514
194.03036331221324 242.50097434564913
195.02600250721997 242.5942620370469
196.02164170222673 242.68754972844457
197.01728089723346 242.78083741984236
198.01292009224022 242.87412511124006
199.00855928724698 242.96741280263777
200.0041984822537 243.06070049403553
200.99983767726047 243.15398818543324
201.9954768722672 243.247275876831
202.99111606727396 243.3405635682287
203.98675526228072 243.43385125962644
204.9823944572959 243.52713895093433
205.97803365230916 243.62042664226243
206.97367284732158 243.7137143335996
207.96930603650387 243.80706610165302
208.96490198862506 243.9008141689394
209.96037270169103 243.9958828779239
210.95553800060344 244.09409707160574
211.9500932261042 244.19830793202416
212.9435817697715 244.31223998897846
213.93537660258573 244.4400797699661
214.92468462836842 244.5859208825577
215.9105915716098 244.75321553061426
216.89215344844263 244.94436019297345
217.86851880847928 245.16048673859075
218.83904892611577 245.40146659409845
219.80340201412974 245.66608541738557
220.76156166291713 245.95231973998796
221.71380962780782 246.2576454895761
222.6606586693541 246.57932373335848
223.60276743299943 246.91463117058987
224.5408571674249 247.2610235061944
225.47564330192762 247.6162345459179
226.4077874401041 247.97832197412168
227.33786955922085 248.34567364718075
228.2663768706613 248.71698776299326
229.19370458322928 249.09123809833508
230.12016399852422 249.46763277392358
231.04599425338802 249.8455723711859
231.97137510227952 250.22461100312844
232.8964391137195 250.60442223879502
233.8212808688759 250.98477434923913
234.74596104476862 251.36551910929634
235.67050595267233 251.746592216809
236.5949059921324 252.1280166091153
237.5191171531794 252.5098984361196
238.4430679052828 252.89240988390586
239.36667104316518 253.27575991154876
240.28983795549996 253.66015925073955
241.21249210766578 254.04578771894586
242.13457912997103 254.4327703067922
243.05607216746873 254.82116518554741
243.97697246038132 255.2109634032364
244.89730609038153 255.60209766342157
245.8171183059664 255.9944565400394
246.73646687567523 256.38790057338383
247.65541565378936 256.7822774783904
248.5740291422391 257.17743473675495
249.49236842777003 257.5732288204027
250.41048854713299 257.9695310364209
251.32843732027592 258.3662299775405
252.24625561288073 258.76323071023506
253.1639786545917 259.1604515791642
254.08163771009856 259.55782024658305
254.9992613733411 259.95527063676695
255.9031948618405 260.382943699245
256.7900159265439 260.8450566715779
257.6625869452048 261.33354394612354
258.5253913138909 261.83908189858226
259.38221788604415 262.3546866166097
260.2356334500557 262.8759177314742
261.08718837348715 263.4001831340897
261.93775805473774 263.9260454899749
262.78781636330837 264.45273408110825
263.63761286269175 264.9798449893958
264.48727658948945 265.5071698905377
265.33687342854074 266.03460255076465
266.18643672829137 266.5620892327925
267.035983265978 267.0896029106291
267.88552144595974 267.6171300480858
268.73538470057804 268.1441333198495
269.58562534128754 268.6705275189872
270.43615957875033 269.19644720002566
271.2868860407128 269.722055882333
272.1377269907645 270.2474792142427
272.98863227994667 270.7727983447165
273.8395723783452 271.2980610874819
274.6905308302608 271.82329409588243
275.54354055467405 272.3451891141154
276.3988947723854 272.8632327051802
277.2560579361468 273.3782776650532
278.114399261726 273.8913567708478
278.9734400350133 274.4032639400006
279.8328731278184 274.9145121761751
280.6961168185265 275.41929958732237
281.5635678097173 275.9168222278948
282.43421870006915 276.40872366835777
283.310466474591 276.8905844756928
284.1919161823404 277.36286237344854
285.0805080277224 277.8215611115333
285.97524777172003 278.2681490541728
286.8780867526541 278.6981278612156
287.79008123348996 279.1083303318626
288.7109844388852 279.49812166872465
289.638459709825 279.87200617200756
290.5725080991454 280.2291526495317
291.512458438168 280.5704638860467
292.4571891436527 280.89831125009636
293.4055963454522 281.2153661027244
294.3567932924957 281.52395056107434
295.31013413801577 281.8258466230943
296.2651714651832 282.1223322107995
297.2216019705228 282.4142922910432
298.1792216746894 282.7023278829269
299.13789881973264 282.9868241598302
300.0975680610098 283.26795570794707
301.0582463996723 283.545619406735
302.0200654613842 283.81930552718643
302.98330826255636 284.08793781487736
303.9484344286357 284.3497230007626
304.91607665901705 284.6020492062637
305.8869798461464 284.8415215454222
306.8618801913121 285.06416322390095
307.8413710414113 285.26565187016155
308.8258149312309 285.4413511239926
309.81528329968006 285.5861003825007
310.80942001781955 285.6942307928714
311.8072598449715 285.75992462324655
312.80710119685807 285.7777367274934
313.8065197892918 285.7436416091073
314.8026860289247 285.6561611940667
315.79294308133086 285.5169097303047
316.7753789177982 285.33030901427003
317.7491303582492 285.1026950159754
318.7143439388455 284.8412323153229
319.6718982961677 284.55297955683955
320.6230533808867 284.24426608966786
321.56915112952083 283.920384861392
322.5114200125837 283.58552765001457
323.4508808686672 283.24287140844456
324.3883260962645 282.8947386101404
325.3243408719192 282.54277790245266
326.2593420200729 282.1881332169555
327.1936193430408 281.83158604786286
328.12737179358766 281.47366655817603
329.0607358536607 281.11473546261016
329.9938062124935 280.7550415573691
330.9266500271687 280.39476053174855
331.85931634605566 280.0340202683818
332.79184213679633 279.67291689038103
333.7242560612287 279.31152475775406
334.6565808245166 278.9499026680526
335.5888346579073 278.588097761883
336.52103229191556 278.2261480814724
337.45318563547414 277.8640843521476
338.38530428449803 277.5019313124782
339.31739592691315 277.1397087701925
340.2494666787929 276.77743247578405
341.181521368935 276.4151148601704
342.1135637807545 276.0527656604061
343.0455968567319 275.690392447704
343.97762286938644 275.3280010684809
344.909643562457 274.96559600823986
345.84166026597853 274.60318068798296
346.7736739889199 274.2407577027171
347.7056854929027 273.87832901118765
348.6376953502552 273.51589608525825
349.5697039893042 273.15346002643116
350.50171172941623 272.7910216559856
351.43371880790977 272.4285815841973
352.3657254005876 272.0661402631465
353.29773163731255 271.70369802677516
354.22973761376073 271.341255121113
355.1617434002509 270.9788117269824
356.0937490483485 270.61636797698236
357.0257545957882 270.2539239681456
357.9577600701294 269.89147977134
358.8897654914632 269.52903543822896
359.82177087441147 269.1665910064114
360.75377622959826 268.8041465032068
361.68578156473137 268.44170194843537
362.6177868853949 268.07925735645625
363.54979219562915 267.7168127376589
364.4817974983536 267.3543680995506
365.41380279567556 266.99192344755
366.34580808911426 266.6294787855639
367.27781337976404 266.2670341164062
368.20981265194206 265.9045739714804
369.14177680594963 265.5420235396163
370.07363195443844 265.1791930251404
371.005248304692 264.81574980269664
371.9363884307613 264.4510882258565
372.8666086910312 264.0840864991801
373.7952338580237 263.71306722848357
374.7214237117028 263.3360097329449
375.64446111018026 262.951299503016
376.5640809369204 262.5584899126718
377.48062128329315 262.1585476750037
378.39493315111105 261.7535368006221
379.30813077767124 261.3460198134365
380.2213170704497 260.9384774295283
381.13538516350275 260.53291668036445
382.050930450152 260.13070177748995
382.9682552037249 259.7325619823395
383.88742684898307 259.33870479178256
384.8083538197914 258.94896960676874
385.73085575870795 258.5629771551648
386.6547175741994 258.18025095293024
387.57973758785215 257.8003325744042
388.50578489566067 257.42292512389395
389.4328601946831 257.0480499580821
390.3611298273021 256.67614205394807
391.29116086580404 256.3086610783548
392.22412068940673 255.94868056840568
393.1618625397887 255.6013475552292
394.10610943385484 255.27210933896873
395.05749089902207 254.9640942293779
396.01539526961636 254.67700675699996
396.9782514968846 254.40699215441185
397.94406759240286 254.14776393519605
398.9114336636619 253.89438105460448
399.46872151826074 253.74841025191427
399.4958853371194 253.73784659738854
399.49606778516903 253.74124742484332
399.5496388832132 254.73981146257665
399.6032099812404 255.73837550031092
399.6567810792555 256.7369395380458
399.71035217726387 257.7355035757811
399.7639232752695 258.73406761351646
399.8174943732749 259.7326316512519
399.8710654712812 260.73119568898727
399.92463656928885 261.7297597267226
399.97820766729785 262.72832376445785
400.03177876530793 263.726887802193
400.0853498633189 264.72545183992816
400.13892096133065 265.72401587766325
400.19249205934284 266.72257991539834
400.24606315735537 267.7211439531334
400.2996342553681 268.7197079908684
400.353205353381 269.71827202860345
400.40677645139397 270.7168360663385
400.46034754940706 271.7154001040735
400.5139186474202 272.71396414180856
400.56748974543336 273.7125281795436
400.62106084344646 274.71109221727863
400.67463194145967 275.70965625501367
400.72820303947276 276.7082202927487
400.78177413748597 277.70678433048374
400.83534523549923 278.7053483682188
400.88891633351244 279.7039124059538
400.9424874315257 280.70247644368885
400.9960585295389 281.7010404814239
401.0496296275521 282.6996045191589
401.1032007255652 283.69816855689396
401.1567718235784 284.696732594629
401.21034292159163 285.69529663236403
401.26391401960484 286.69386067009907
401.31748511762214 287.6924247078339
401.37105621565587 288.6909887455678
401.42462731372495 289.6895527832998
401.47820068979854 290.6881166988185
401.53178448740186 291.68668005516315
401.5853984551281 292.6852417920951
401.6390817003829 293.68379980702406
401.6928988925871 294.68235061185237
401.74693904584365 295.68088937516404
401.8013575945656 296.6794075880951
401.8563262309266 297.67789566965473
401.91195140616634 298.6763473910112
401.9681639836891 299.674766214015
402.02430322953757 300.6731891630078
402.0795990075719 301.67165918105115
402.1377895447914 302.6699646760667
402.20298026714 303.6678374984843
402.29760941793046 304.6633500919861
402.4458906713555 305.6522953229684
402.6683596987792 306.62723508102385
402.98620007581803 307.57537931832314
403.42012777276864 308.47632701592784
403.98310670567577 309.3027982623138
404.67341190421257 310.02631656399876
405.4736817273744 310.6259566311528
406.3569040371226 311.09491116153185
407.29514481715006 311.4408941650067
408.2658114072433 311.68132371992215
409.25358451306295 311.83722205673007
410.24938717200337 311.9287483614039
411.24840807407975 311.97298903516
412.2483540710742 311.9833814889036
413.2438708085332 311.88879594329023
414.2269505938608 311.7056180634025
415.19744018435506 311.46447504620676
416.15885242070215 311.18936322929943
417.11469315770165 310.89547807232094
418.0673994538089 310.5915854706381
419.018430333889 310.2824895872393
419.96859400124356 309.97073807523105
420.9183183227145 309.65765068614223
421.86782341927994 309.3438990780247
422.81722036013275 309.02982034792774
423.79967369335577 308.84331177429374
424.7821270265788 308.65680320065974
425.7645803598018 308.4702946270257
426.74703369302483 308.2837860533916
427.72948702624785 308.0972774797577
428.7119403594709 307.9107689061236
429.6943936926938 307.72426033248956
430.6768470259168 307.53775175885556
431.6589019431525 307.3491565851815
432.6409568603882 307.1605614115074
433.62301177762396 306.9719662378333
434.6050666948596 306.78337106415927
435.57946053051444 306.5585229975946
436.5538543661693 306.33367493103
437.51324155162 306.05158234269607
438.4592462927885 305.72742955513013
439.3930450858138 305.36963098869285
440.31784307524936 304.9891724775042
441.2370703219654 304.59544507320675
442.15332873605144 304.19485735669946
443.0682215783736 303.79116058055723
443.98284590825983 303.38685582523004
444.89793052167767 302.9835939372641
445.82627439838063 302.6118713974738
446.7587023349224 302.25051541903093
447.68910122265896 301.88396677328456
448.6162994021297 301.5093956372021
449.54153501000314 301.1300026089015
450.4663736628233 300.7496429550871
451.3921931798452 300.37167705463935
452.3198352829403 299.9982066695145
453.2495306072261 299.62987719200686
454.1816734111046 299.2677863288556
455.1165977263229 298.9129391436989
456.05483446372295 298.5669451775768
456.99668099673374 298.2309018645119
457.94256593794404 297.90639966422424
458.8926498192334 297.594405083319
459.8472799891666 297.29661112996655
460.80653684941 297.01407568780746
461.77072865197863 296.74886979070203
462.739864270328 296.5023415910037
463.7141888685512 296.2771936900649
464.69409516278375 296.0777352870747
465.67928660440083 295.9062773523956
466.6693690734613 295.76578997054537
467.6638444680543 295.66082002461314
468.66178083883267 295.5966094345384
469.6615410240229 295.5747102996565
470.661274603481 295.59779211292704
471.65862352635065 295.67055972969865
472.65045824978336 295.798089653219
473.63861503114146 295.95153728420746
474.6170607314578 296.1580415493752
475.57761012686694 296.43615098643033
476.5134368133947 296.78861149880345
477.4198184093457 297.2110714407167
478.2775566097637 297.72515818392606
479.09307325056693 298.3038918088115
479.87488217928967 298.927409891123
480.625048340728 299.5886592618092
481.3423206452533 300.2854522304598
482.02527847995646 301.0159100293897
482.67353827199565 301.7773292582153
483.28786475009997 302.5663812072655
483.8693471348781 303.37994020094254
484.4198272151579 304.21478849926694
484.9420355991033 305.06760641871824
485.4391334279909 305.9353009205536
485.91418260258405 306.8152601705864
486.3698590000516 307.7054056759904
486.8084009141205 308.6041164134386
487.23167365081247 309.51011872600367
487.641256298917 310.4223917412637
488.03850926897655 311.3401008878777
488.4247128533429 312.2625144564155
488.8010899795491 313.1889810013424
489.16871947617324 314.11895334136756
489.5284556710261 315.0520073966681
489.8808247853025 315.9878685013755
490.22607271649156 316.92638001755927
490.56432588966607 317.86743516516617
490.8957329576548 318.81092303222493
491.220524492667 319.75670866268484
491.5390048767622 320.7046381141455
491.88568570563837 321.6426212711849
492.2359978556045 322.57925428234034
492.571831047656 323.52117575842874
492.8895977226904 324.469344699197
493.162065162488 325.4315097028477
493.4144343979108 326.39914071155505
493.66784730563984 327.36649891728666
493.9285891258089 328.33190748531104
494.1957043738763 329.2955720764681
494.4665628456049 330.2581912578128
494.7389960361468 331.2203659595646
495.01171324210236 332.18246019901096
495.2839695190281 333.14468497507653
495.58012488791263 334.09982475410413
495.8499779444595 335.06272626925113
496.10313458017004 336.03015157272205
496.3546672432516 336.9980003829208
496.6102273374301 337.96479355535405
496.87004404643375 338.93045150603973
497.13291889574043 339.89528144628935
497.39775569127903 340.859574696151
497.6639973982936 341.8234809952517
497.9315297023904 342.78702988672774
498.20041097302555 343.75020321604165
498.4706245201023 344.7130036309648
498.7431415691492 345.6751545848066
499.01878053588564 346.6364158188197
499.29777912005545 347.5967073318673
499.57677770422526 348.5569988449149
499.8582157320283 349.51657825096026
