11.918387226691852
321317
776
0.0 100.0
0.4674623689887659 100.8840129713864
0.854890559898312 101.80591285580365
1.1743737267976102 102.7535048070506
1.4374622662396166 103.7182765004653
1.6545159372845397 104.69443617177217
1.8344683103254162 105.67811149597064
1.9848278406636535 106.66674287906369
2.111793512715343 107.65864999070291
2.220411593292944 108.65273354482281
2.3147341087669986 109.64827523811076
2.3979611066882915 110.64480585320345
2.4725611906159806 111.6420193847392
2.5403714339790473 112.63971762112885
2.602681524420235 113.63777445950493
2.6603088831410187 114.6361126224171
2.713671350761393 115.63468783092644
2.7628621569536227 116.63347723044275
2.8077295228347765 117.63247018311003
2.847961694099838 118.63166054154794
2.883178048289219 119.63104025336804
2.9130278163835035 120.6305946497591
2.9372989425076312 121.63030006258664
2.9560395243096007 122.63012444246229
2.970326494889451 123.63002237848958
2.9820569418147778 124.62995357443006
2.993787388740104 125.62988477037051
2.993640265156999 126.62988475954783
2.9520443396712914 127.62901927450714
2.868880283005519 128.62555514424736
2.7591474136716454 129.61951625887295
2.629638566758869 130.61109452536093
2.4852280238218203 131.60061238527484
2.33072831839363 132.58860521977448
2.170989033468168 133.57576445761381
2.0105894199315895 134.56281661630518
1.8535140942824615 135.55040324140307
1.7029310859053182 136.53900061019792
1.5611039644025353 137.528892052532
1.4294260115673587 138.52018460104486
1.3085404149481557 139.51285104680096
1.1985034008328261 140.50677853687486
1.0989532259077717 141.50181108039914
1.0092604635045146 142.49778056204627
0.9286479118080474 143.49452607445602
0.8562781669619024 144.49190394669446
0.7913125742111679 145.48979145125523
0.7329476222640787 146.48808676446885
0.6804350821642638 147.48670702920026
0.6330913474935356 148.48558568588857
0.5903001885038789 149.48466972475234
0.5515118665060629 150.4839171746248
0.5162404526330839 151.48329494472148
0.48406033843625884 152.48277703072918
0.4546023378770797 153.4823430496609
0.42754944552170787 154.4819770531918
0.40220244368046376 155.481655766328
0.37749333095780685 156.48135044959307
0.3525819791537419 157.48104011371453
0.32733109527166904 158.48072125931208
0.3009283553850954 159.48037264620976
0.2683844761486904 160.47984295388488
0.0910946797210935 161.46400164438285
0.03729727671392251 162.46255351555914
0.021987171718889042 163.46243630903297
0.015414297038342108 164.46241470745886
0.01125535643626792 165.46240605902798
0.008280508965416305 166.46240163415948
0.00610830818240697 167.46239927492857
0.0045175146145369745 168.4623980096157
0.0033498600713451534 169.4623973279069
0.0024897686092665416 170.46239695802817
0.0018535131442517403 171.46239675561762
0.0013808248290768405 172.4623966439005
0.001028372742750197 173.46239658178925
7.648931768159718E-4 174.4623965470785
5.676690557688371E-4 175.4623965276298
4.200425042836725E-4 176.462396516733
3.096804880363461E-4 177.46239651064312
2.2737083058074775E-4 178.46239650725568
1.6618327882836657E-4 179.46239650538374
1.2087863697257724E-4 180.46239650435749
8.74859854932743E-5 181.46239650379997
6.299455469374134E-5 182.46239650350003
4.5125017604334866E-5 183.46239650334036
3.2157015071894623E-5 184.46239650325626
2.2797510816126765E-5 185.46239650321246
1.607953236065099E-5 186.46239650318986
1.1284002358658772E-5 187.46239650317835
7.879386302997132E-6 188.46239650317256
5.4752148402665834E-6 189.46239650316966
3.7864525102534386E-6 190.46239650316824
2.6063415850257573E-6 191.46239650316753
1.7858441004442044E-6 192.46239650316718
1.2181912161648779E-6 193.46239650316704
8.273577492001933E-7 194.46239650316699
5.595295002715986E-7 195.46239650316693
3.7683354134554016E-7 196.46239650316693
2.5276521065198905E-7 197.46239650316693
1.6887661318172368E-7 198.46239650316693
1.1239535985500451E-7 199.46239650316693
7.452379744530751E-8 200.46239650316693
4.923219427785424E-8 201.4623965031669
3.240781510168835E-8 202.46239650316693
2.1258577699853008E-8 203.46239650316693
1.3897572170109531E-8 204.46239650316693
9.055224022243945E-9 205.46239650316696
5.880972098626514E-9 206.46239650316696
3.807340703238352E-9 207.46239650316696
2.457248369829462E-9 208.46239650316696
1.581109781904023E-9 209.46239650316693
1.0143565245358242E-9 210.46239650316693
6.488792400161523E-10 211.46239650316693
4.1391377629805843E-10 212.46239650316693
2.6330301992676533E-10 213.46239650316693
1.670429337425729E-10 214.4623965031669
1.0569445763837843E-10 215.4623965031669
6.670415563240976E-11 216.46239650316693
4.1990796048841295E-11 217.46239650316693
2.6368115932092194E-11 218.46239650316693
1.6517731126796978E-11 219.46239650316693
1.0322617447197367E-11 220.46239650316693
6.436038174189528E-12 221.46239650316696
4.00366091465012E-12 222.46239650316696
2.484996703236302E-12 223.46239650316696
1.5390175283362329E-12 224.46239650316696
9.511069222199906E-13 225.46239650316696
5.865450993187657E-13 226.46239650316696
3.609753224310917E-13 227.46239650316696
2.2170469479732603E-13 228.46239650316699
1.3589713354071976E-13 229.462396503167
8.313808579077203E-14 230.462396503167
5.076447528127716E-14 231.462396503167
3.0938933712293474E-14 232.462396503167
1.882123295336102E-14 233.462396503167
1.142853718069701E-14 234.462396503167
6.926625409490846E-15 235.462396503167
4.18999790885641E-15 236.462396503167
2.497189531959256E-15 237.462396503167
4.556749268278555E-16 238.462396503167
5.587498404131905E-18 239.462396503167
7.348241606081559E-20 240.462396503167
1.0379918456782117E-21 241.462396503167
1.5764701978268114E-23 242.462396503167
2.5757461244250534E-25 243.462396503167
4.528033913510228E-27 244.462396503167
8.562527563875469E-29 245.462396503167
0.12767478190399809 246.45421258998238
0.3741014405129568 247.4233740326362
0.6702613036887932 248.37851241812996
1.0122579207492324 249.3182136014426
1.401177095898666 250.2394854805321
1.8324321267749963 251.1417155500509
2.2967572428551692 252.02738037749813
2.824399205641406 252.87684724507275
3.359556731599036 253.72159952971654
4.067632249095506 254.42773624560243
4.95939601554419 254.8802374995778
4.296355963248373 254.50714886010243
4.296147192900605 254.50924987532926
4.300024312313998 254.50921301800253
5.17152760678796 254.99960266687475
6.04982441744264 255.47771846079274
6.943244615255172 255.9269403994162
7.853295732127485 256.34143643640505
8.793227940865759 256.68279759848474
9.759540244777838 256.94016995773904
10.744309539085705 257.1140361044968
11.289162563343915 257.1327466173356
11.291803561722304 256.9950935996503
12.276974630456506 257.1666685550715
11.291803561722304 256.9950935996503
11.29089001297242 257.0427092071619
11.291803561722304 256.9950935996503
12.276974630457168 257.1666685550716
12.937342027592145 257.2816765068079
13.924100715684647 257.44387173322957
14.910678062505212 257.6071663710487
15.897019188937321 257.77188182966944
16.88310613824716 257.93811217708173
17.86895663755072 258.10573912307467
18.85460947753543 258.27452442761887
19.840105421743846 258.4442234080188
20.825473169952076 258.61466518925516
21.810727649359272 258.7857605159244
22.795875251060256 258.9574701628951
23.78092272161199 259.129753304147
24.765882010646738 259.30253987464414
25.75077330012743 259.47571362526776
26.73561767176368 259.6491540001993
27.720434670665398 259.8227497336556
28.705233000981487 259.996451341612
29.690016429495653 260.1702374139075
30.674800751631977 260.34401842229016
31.659599878743585 260.5177155127673
32.644422757875795 260.69127788408593
33.62928222089829 260.8646325439455
34.61419859213397 261.03766358645504
35.599166166607354 261.21040291965977
36.58415351565734 261.38302945936755
37.56912511654366 261.5557458322088
38.5540849889348 261.7285290772855
39.53906479639113 261.9011986429399
40.52408738769366 262.07362397351415
41.509145836371836 262.2458443343538
42.4942263368641 262.41793851656206
43.479318568942205 262.5899655327525
44.46442018826224 262.7619387853619
45.449536422668366 262.93382829844955
46.434692577651596 263.1054888655541
47.41990222407548 263.27684216313935
48.405165673451805 263.44788582809974
49.390464342456966 263.6187264932139
50.37572927713976 263.7897616021375
51.360839286715134 263.9616867865475
52.34565105822199 264.13531217265654
53.33554794748678 264.2771012717576
54.322297430100896 264.4393524922792
55.30849969889807 264.60489730500166
56.29417937264396 264.7735258339171
57.279399677316675 264.9448178397452
58.26424708053963 265.11824099957397
59.248816372863466 265.2932361669728
60.23319917243349 265.4692773664424
61.21747648683521 265.6459073988665
62.20171492280739 265.8227539457794
63.18596566544327 265.9995319863295
64.1702652837905 266.17603768403217
65.1546375652905 266.35213768804834
66.13909579384848 266.5277565828873
67.12364522342457 266.70286346659384
68.10828538630672 266.87745942771386
69.09301191619049 267.0515676163296
70.07781784120814 267.2252261607497
71.06269451447933 267.39848301760173
72.0476323693859 267.57139172753864
73.03262159178622 267.7440075777819
74.01765273114795 267.91638406831277
75.002717194906 268.08857002082067
75.98780755867195 268.2606077353355
76.9729176762843 268.43253230070576
77.95804263262619 268.6043718200032
78.94317860231764 268.77614818979856
79.92832266903689 268.9478781167416
80.91347264609234 269.1195741350637
81.89862691757025 269.29124551121254
82.88378430720054 269.4628989925545
83.8689439722745 269.634539414109
84.85410532036619 269.8061701754141
85.83926794573723 269.97779360496855
86.8244315804054 270.1494112407972
87.80959605360275 270.3210240630156
88.7947612590179 270.49263268179476
89.77992713043695 270.6642374771565
90.7650936244919 270.8358386979898
91.75026070841103 271.007436532365
92.73542835137748 271.17903115714074
93.72059651899585 271.3506227697314
94.70576517066617 271.5222116031853
95.69093425946177 271.6937979268876
96.67610373380019 271.8653820369671
97.66127354005552 272.03696424129737
98.64644362533917 272.20854484352907
99.63161393989726 272.38012412932295
100.61678443883424 272.5517023564507
101.60195508309288 272.7232797491661
102.58712583977004 272.8948564963906
103.57229668192268 273.0664327528257
104.55746758803659 273.2380086420022
105.54263854131366 273.4095842603726
106.52780952889904 273.5811596817477
107.51298054113145 273.7527349616016
108.49815157086734 273.924310140952
109.4833226129022 274.0958852496827
110.46849366349466 274.26746030927626
111.45366471998788 274.43903533498815
112.4388357805161 274.6106103375314
113.42400684378227 274.7821853243535
114.40917790889313 274.9537603005835
115.39434897523878 275.1253352697234
116.37952004240597 275.2969102341462
117.3646911101167 275.468485195448
118.3498621781852 275.64006015469545
119.33503324648811 275.811635112597
120.32020431494391 275.98321006962067
121.30537538349904 276.15478502607385
122.29054645211849 276.3263599821578
123.27571752077944 276.4979349380035
124.26088858946707 276.6695098936959
125.24605965817182 276.84108484929004
126.23123072688752 277.0126598048213
127.21640179561022 277.1842347603124
128.20157286433735 277.35580971577804
129.18674393306733 277.5273846712273
130.17191500179908 277.69895962666635
131.157086070532 277.8705345820988
132.14225713926564 278.04210953752715
133.1274282079997 278.2136844929529
134.11259927673407 278.385259448377
135.0977703454686 278.55683440380005
136.08294141420325 278.72840935922255
137.068112482938 278.8999843146445
138.0532835516728 279.07155927006625
139.0384546204076 279.2431342254878
140.02362568914242 279.4147091809092
141.00879675787726 279.58628413633056
141.99396782661208 279.75785909175204
142.97913889534695 279.92943404717334
143.9643099640818 280.10100900259465
144.94948103281666 280.2725839580159
145.9346521015515 280.44415891343726
146.91982317028638 280.61573386885857
147.90499423902122 280.7873088242799
148.8901653077561 280.9588837797012
149.87533637649096 281.1304587351225
150.86050744522583 281.30203369054374
151.84567851396068 281.4736086459651
152.83084958269555 281.64518360138635
153.8160206514304 281.8167585568077
154.80119172016526 281.98833351222896
155.7863627889001 282.15990846765027
156.77153385763495 282.3314834230716
157.75670492636982 282.5030583784928
158.49917776384495 282.63236561054026
158.59066189693198 282.87331325531346
157.70029137090174 282.4932335332737
158.49917776384495 282.63236561054026
158.5906618969313 282.8733132553118
159.51036984354556 283.26591648114487
160.43746116026136 283.6407520323805
161.37258526938453 283.9950723684277
162.3156137319155 284.3277844344194
163.26589564401837 284.6391753262742
164.2224980874916 284.93057156019125
165.18439247457104 285.20399282510135
166.15057711918234 285.4618440079904
167.1201445040685 285.70666861084936
168.09230868606392 285.9409692793187
169.0664079557243 286.16709007192117
170.04189434446388 286.3871498487633
171.01831761160273 286.60301462910013
171.99530815519935 286.8162972531528
172.9725610789912 287.0283744158562
173.94982225108808 287.2404135667501
174.9268764300065 287.4534044854721
175.90353721062615 287.66819210056985
176.87963844010406 287.88550843638416
177.85502674550344 288.10600254898156
178.82955483516452 288.3302680221635
179.8030752546792 288.55886809387835
180.77543427191438 288.79235886800313
181.74646260517096 289.0313232503134
182.7159568340952 289.27643738716097
183.68364916893572 289.52857136958085
184.6491735464357 289.7888840209316
185.6120444849184 290.05884615869434
186.57166429934279 290.3401463751254
187.52736402821216 290.63448976003326
188.47846904607152 290.94335744206353
189.42436785786964 291.267819208438
190.3645571557626 291.6084716473365
191.2986414439593 291.96552422405887
192.2262807168026 292.3390016390103
193.1470983496206 292.72899508394426
194.06057471902375 293.1358868662919
194.96595490748868 293.56048869664033
195.8621923845107 294.004063250443
196.7479400690056 294.46823028870824
197.6215905313207 294.95478436555544
198.4813601471696 295.4654664659496
199.3254071126807 296.00173572668666
200.15196925762154 296.56458119442254
200.95950451826388 297.1544004911731
201.746815833241 297.7709561604431
202.51314426152675 298.4134051778765
203.25821944333828 299.08038566743255
203.9822639477255 299.7701389245228
204.68595557681303 300.48064444255357
205.37035743519795 301.2097494392716
206.03682846623525 301.9552803673946
206.68692718354544 302.71513012738114
207.32231923108318 303.48731983588925
207.94469623077964 304.27003745434996
208.55571006060381 305.06165737562753
209.15692387218377 305.86074557649493
209.7497790912214 306.66605464092913
210.33557637225763 307.4765122558175
210.91546787879335 308.2912059655316
211.49045814935067 309.1093662119165
212.0614110117798 309.93034905515015
212.62906037743298 310.75361948318306
213.19402317968076 311.5787358580517
213.7568131489424 312.40533579181556
214.31785449777848 313.23312356950754
214.87749490449 314.06185912152387
215.4360174275887 314.89134847720686
215.9936511624412 315.72143559176436
216.55058057677627 316.5519954195001
217.10695354612199 317.38292809967425
217.66288816463555 318.2141541218476
218.21847843975738 319.0456103420962
218.77379899674384 319.8772467283783
219.32890892550904 320.70902372192063
219.88385490012922 321.5409101115514
220.43867369300355 322.37288132924675
220.99339423667988 323.2049180582578
221.54803931393968 324.0370050959356
222.10262688086442 324.86913046546385
222.6571710376502 325.7012847649629
223.21168272103716 326.5334607036846
223.76617022860222 327.3656527512039
224.32063967148753 328.1978568348916
224.8750954068916 329.03007005124755
225.42954045605438 329.86229038713157
225.9839768870238 330.6945164645972
226.53840613691568 331.52674732611604
227.09282925806372 332.35898227054963
227.64724708664556 333.1912207407915
228.2016603440839 334.0234622562043
228.75606968781398 334.8557063787938
229.31047572905294 335.6879527013677
229.8648790326868 336.52020084760767
230.41928011026567 337.35245047673305
230.97367941287138 338.1847012882498
231.5280773271602 339.0169530245846
232.08247417549015 339.8492054709984
232.63687021965816 340.6814584530963
233.19126566716642 341.5137118326521
233.74566067883893 342.34596550253445
234.30005537678431 343.17821938140196
234.85444985198185 344.0104734086499
235.40884417105104 344.8427275399005
235.9632383820006 345.67498174317353
236.51763251892078 346.5072359957602
237.07202660569016 347.339490281754
237.62642065882392 348.17174459015376
238.18081468961054 349.00399891343966
238.7352087056816 349.8362532465282
239.28960271214356 350.66850758601765
239.84399671238066 351.5007619296538
240.39839070861547 352.3330162759559
240.95278470229528 353.16527062396
241.5071786943551 353.99752497304326
242.06157268539437 354.8297793228063
242.61596667579457 355.66203367299505
243.17036066579698 356.4942880234488
243.7247546555531 357.32654237406666
244.2791486451576 358.1587967247855
244.83354263466921 358.99105107556613
245.3879366241242 359.82330542638454
245.94233061354475 360.6555597772259
246.4967246029446 361.4878141280811
247.05111859233193 362.32006847894456
247.6055125817118 363.152322829813
248.15990657108716 363.9845771806844
248.7143005604599 364.8168315315576
249.26869454983108 365.64908588243185
249.8230885392013 366.4813402333067
250.37748252857102 367.31359458418194
250.9318765179404 368.1458489350574
251.4862705073096 368.978103285933
252.0406644966787 369.81035763680865
252.5950584860477 370.6426119876843
253.14945247541667 371.47486633856
253.70384646478558 372.3071206894357
254.25824045415453 373.13937504031145
254.81263444352345 373.9716293911872
255.36702843289237 374.80388374206296
255.9214224222613 375.6361380929387
256.4758164116302 376.4683924438145
257.0302104009992 377.30064679469024
257.5846043903681 378.132901145566
258.138998379737 378.96515549644175
258.69339236910594 379.79740984731745
259.24778635847485 380.62966419819315
259.8021803478438 381.46191854906886
260.3565743372127 382.29417289994467
260.9109683265816 383.12642725082037
261.46536231595053 383.9586816016961
262.0197563053194 384.7909359525719
262.5741502946883 385.6231903034476
263.12854428405717 386.45544465432334
263.6829382734261 387.2876990051991
264.237332262795 388.1199533560748
264.7917262521639 388.95220770695056
265.34612024153284 389.7844620578263
265.9005142309018 390.616716408702
266.4549082202708 391.4489707595777
267.0093022096397 392.2812251104534
267.56369619900863 393.1134794613291
268.1180901883776 393.9457338122049
268.4689043321488 394.4723747987615
269.21842522432087 393.81039411007936
269.9679461164965 393.1484134213941
270.7174670086721 392.48643273270875
271.46698790084764 391.82445204402336
272.2165087930233 391.1624713553381
272.9660296851989 390.50049066665275
273.7155505773746 389.8385099779675
274.4650714695502 389.17652928928214
275.2145923617258 388.5145486005968
275.96411325390136 387.8525679119115
276.71363414607697 387.19058722322615
277.46315503825264 386.5286065345409
278.2126759304283 385.86662584585565
278.96219682260397 385.2046451571704
279.71171771477964 384.5426644684851
280.46123860695525 383.8806837797998
281.2107594991309 383.21870309111455
281.96028039130664 382.55672240242944
282.7098012834823 381.89474171374417
283.4593221756579 381.23276102505884
284.2088430678336 380.57078033637356
284.95836396000925 379.90879964768834
285.7078848521849 379.2468189590031
286.4574057443605 378.58483827031785
287.2069266365361 377.92285758163246
287.95644752871175 377.2608768929472
288.70596842088736 376.59889620426185
289.45548931306297 375.9369155155766
290.20501020523864 375.2749348268913
290.9545310974143 374.612954138206
291.7040519895899 373.95097344952075
292.4535728817655 373.2889927608354
293.20309377394113 372.62701207215014
293.9526146661168 371.96503138346486
294.7021355582925 371.3030506947796
295.45165645046825 370.64107000609437
296.2045377361916 369.9829136647836
296.9600617678864 369.327792731267
297.73121328777984 368.6911410734776
298.5023648076733 368.0544894156882
299.4445884006213 367.71950478784356
300.4438288297439 367.68053602077543
301.44381909059905 367.67612260998544
302.44282970396546 367.7205950102051
303.437987801183 367.8188821484397
304.42647090147346 367.9702134420976
305.40619249802273 368.170577094627
306.37601677912704 368.41438206541415
307.3356674103287 368.6955771329993
308.285489270242 369.00836849226425
309.22618482248697 369.34762043107446
310.1586054465869 369.70899527767153
311.0836432885193 370.08887024525046
312.0022371195306 370.4840731977039
312.9154820342235 370.89148420122194
313.8248293995523 371.30752190284227
314.73234212964405 371.7275464791726
315.63811840111316 372.1513027133964
316.5459091250707 372.5707261289285
317.46892828574533 372.9554801139989
318.4066254856914 373.3029336522069
319.3556164721223 373.6182368517989
320.310604362471 373.9148816381803
321.26540238566145 374.2121369744009
322.2134539564855 374.53025364962866
323.1482679133853 374.88539146229493
324.06445194273067 375.28614927491066
324.9592018652754 375.73271682423126
325.83329412431954 376.21847676770045
326.6908184958083 376.73292010987024
327.53775797054834 377.26460942340486
328.3802162880055 377.80337095075004
329.2230372747571 378.3415649532167
330.0692282567222 378.8744446976627
330.9201391202672 379.399754798747
331.7759909475652 379.9169758827243
332.63632368642027 380.4267087328078
333.50018674088926 380.9304354673807
334.3661051117882 381.43062080796926
335.23196703772885 381.93090385306107
336.0953983273896 382.4353703118417
336.95284061483335 382.94995045497126
337.8257285563546 383.43787118782325
338.70448492443575 383.915141808705
339.5789391233875 384.4002498935022
340.43820408091744 384.9117806675139
341.29746903844745 385.4233114415255
342.13034631173514 385.97676916135686
342.9460313124261 386.55526547046156
343.8091404852961 387.06028285205116
344.71732090076176 387.4788617967731
345.5855756520169 387.9749804185994
346.4445737052924 388.48695927018315
347.3007043549185 389.0037187023862
348.15616056371766 389.521593856093
349.012608782971 390.0378267955087
349.8722336240587 390.54875255585443
350.73747491139494 391.0501082326835
351.61232526775945 391.53450151708057
352.4989810381329 391.996931560291
353.4379122127723 392.34103655777045
354.3690511161114 392.7057012567591
355.27438977615316 393.1303916270688
356.1652502172983 393.5846687169629
357.0446316925007 394.06078658164654
357.91232657013757 394.55788375456416
358.76726191555497 395.0766183255694
359.6043207254884 395.62373124692374
360.3817643220073 396.2526839114635
361.12153833020193 396.92553933189174
361.92003353057953 397.52754050711815
362.7414673456791 398.097844362454
363.5803735703971 398.6421203458754
364.4363563275292 399.15912471673954
365.3132440146171 399.6398200300448
366.240596154457 400.01400983313187
367.1907114819579 400.3259086379515
368.107208921548 400.7259491899268
369.0142090565137 401.1470795203141
369.91746822222115 401.5761749404313
370.81840091668204 402.0101337864657
371.7167888048426 402.4493367035852
372.6113435855598 402.89629502859555
373.49998940682224 403.35488918943145
374.3801326537689 403.82959737858994
375.24895776169086 404.32471648733474
376.1037454165047 404.84369439166
376.93804726774783 405.3950023101704
377.75344794095656 405.9738993149396
378.55069411111657 406.5775536400009
379.32979062214656 407.20445764102567
380.09065502971976 407.8533685388293
380.83362448170163 408.5226938658727
381.5597112531804 409.2102969492599
382.26564816818814 409.91857166434534
382.95049882269007 410.64725512170406
383.6303171977901 411.3806356347234
384.31669949710374 412.10787654335604
385.00315859576295 412.83504495979616
385.68958811094524 413.5622413023933
386.3759792653428 414.2894738533457
387.06228789480593 415.01678428577776
387.74848074175065 415.74420395612077
388.4345453740052 416.47174455318
389.1204862971307 417.19940178703513
389.80631892823885 417.92716108935105
390.4920648727537 418.65500207444427
391.177749111789 419.38290119131324
391.86339844707385 420.1108331860926
392.5490377645707 420.83877461663656
392.72991033425603 421.0308065403651
393.28928741989444 421.62515520485385
393.28958801318134 421.6250148359562
392.60394869568455 420.8970734054122
392.60540933410175 420.89852188826006
393.28928741989444 421.62515520485385
393.3225006641388 421.60964552222197
393.28928741989444 421.62515520485385
392.60540965263885 420.89852222671175
393.28928741989444 421.62515520485385
393.32250066398615 421.6096455222932
393.28719748648155 421.6229346113314
393.28928741989444 421.62515520485385
393.32250066395017 421.6096455223099
394.2583898629252 421.2573510329379
395.15039213365606 420.80532011694766
396.04970357964385 420.36801138948465
396.9514830944677 419.935815014391
397.8547356535187 419.5067056873333
398.7589450587195 419.07961629207
399.6637972987278 418.65389053086676
400.56908249765644 418.22908621285586
401.47465575917045 417.80489631666455
402.38041732589045 417.38110865255317
403.2862997086451 416.95757930455625
404.19225823421004 416.53421285577195
405.0982639682291 416.11094744267456
406.00429854287006 415.6877437688304
406.9103505059369 415.26457732377276
407.81641282994195 414.84143306348017
408.72248126282017 414.4183018841261
409.62855326363507 413.99517834502757
410.5346273306662 413.5720592305294
411.44070258508225 413.14894265872573
412.34677851709665 412.7258275379557
413.25285483333727 412.3027132399842
414.15893136618365 411.8795994058627
415.0650080204886 411.4564858318385
415.9710847425646 411.03337240294263
416.87716150228283 410.61025905465584
417.7832382828207 410.18714575095333
418.6893150748284 409.76403247181287
419.59539187313186 409.34091920615447
420.50146867487916 408.9178059478709
421.4075454785043 408.4946926936085
422.31362228315015 408.07157944153204
423.21969908834933 407.6484661906405
424.1257758938477 407.2253529403895
425.0318526995073 406.80223969048393
425.9379295052537 406.37912644076414
426.8440063110467 405.9560131911443
427.75008311686463 405.53289994157774
428.65615992269585 405.1097866920397
429.56223672853423 404.6866734425169
430.46831353437636 404.2635601930022
431.3743903402205 403.8404469434917
432.2804671460657 403.4173336939836
433.18654395191146 402.9942204444767
434.09262075775763 402.57110719497047
434.99869756360386 402.14799394546446
435.90477436945025 401.72488069595886
436.81085117529653 401.3017674464531
437.71692798114293 400.87865419694754
438.6230047869894 400.455540947442
439.5290815928358 400.0324276979364
440.4351583986822 399.6093144484308
441.34123520452863 399.1862011989253
442.247312010375 398.7630879494197
443.1533888162214 398.339974699914
444.0597801251945 397.91753559777254
444.96628127079913 397.4953322427203
445.8725704712658 397.0726741242399
446.77854331581244 396.6493383178827
447.68429596268237 396.22553158989444
448.59004860955235 395.8017248619063
449.1502846963295 395.53958726434206
449.205181664037 395.513951871991
448.299455617587 395.9376949476808
448.30083415285964 395.9362575878725
449.205181664037 395.513951871991
449.59076791380215 394.59128007552596
449.5907679138033 394.5912800755233
449.9763541635686 393.6686082790583
450.3619404133337 392.74593648259315
450.7475266630988 391.82326468612814
451.1963626592385 390.929650536414
451.7394575404204 390.08997920188244
452.37171389877494 389.31521995068226
453.0900949115104 388.6195700958407
453.8778702473295 388.00360741817667
454.7171911439534 387.4599711128305
455.591353789368 386.97433784650514
456.4876022361293 386.53078545762867
457.3992693996236 386.1198560439743
458.32155683439885 385.7333513381094
459.2518342993495 385.3664946382863
460.1879073818485 385.01468903255943
461.1287217897648 384.6757668440604
462.07319907783915 384.3471901371688
463.0209036548871 384.02804121481074
463.97148004406756 383.7175504285825
464.92434201164457 383.4141462909291
465.8790414340567 383.1165744292791
466.8351185492521 382.8234591792499
467.7921184677972 382.5333709928225
468.74945814409386 382.24440603960466
469.7068000402041 381.95544844072197
470.66338861273437 381.6640066748331
471.6182614318906 381.3669916933311
472.57115165270847 381.0636763012561
473.52084215623904 380.7504863469092
474.4658933550728 380.42356398367485
475.40481815359084 380.07944158869327
476.3355756213763 379.71380442405916
477.25801832260044 379.3276704279409
478.16891118161936 378.9150274837528
479.0648145967342 378.47077859992135
479.9429781206195 377.9924180399696
480.8014802915942 377.4796081117976
481.6391512503542 376.9334328973744
482.4529709065688 376.3523153815837
483.1541635424753 375.63934351162635
483.7959926197136 374.8724957851439
484.41180668473197 374.084604271466
485.01380565769034 373.28610741076017
485.6054862134616 372.47993489825296
486.18765836652386 371.66686935095754
486.7608932375605 370.84747824615613
487.32628464371976 370.0226555028705
487.8854443320496 369.1935955273881
488.44021971889174 368.36159536503584
488.992405799826 367.52787446927846
489.5435778318065 366.6934828399086
490.1528711590288 365.9005379229046
