7.059021538225972
207628
715
0.0 100.0
0.0 101.0
0.0 102.0
0.0 103.0
0.0 104.0
0.0 105.0
0.0 106.0
0.0 107.0
0.0 108.0
0.0 109.0
0.0 110.0
0.0 111.0
0.0 112.0
0.0 113.0
0.0 114.0
0.0 115.0
0.0 116.0
0.0 117.0
0.0 118.0
0.0 119.0
0.0 120.0
0.0 121.0
0.0 122.0
0.0 123.0
0.0 124.0
0.0 125.0
0.0 126.0
0.0 127.0
0.0 128.0
0.0 129.0
0.0 130.0
0.0 131.0
0.0 132.0
0.0 133.0
0.0 134.0
0.0 135.0
0.0 136.0
0.0 137.0
0.0 138.0
0.0 139.0
0.0 140.0
0.0 141.0
0.0 142.0
0.0 143.0
0.0 144.0
0.0 145.0
0.0 146.0
0.0 147.0
0.0 148.0
0.0 149.0
0.0 150.0
0.0 151.0
0.0 152.0
0.0 153.0
0.0 154.0
0.0 155.0
0.0 156.0
0.0 157.0
0.0 158.0
0.9889628024274273 158.14816401524962
1.9779256048548546 158.29632803049924
2.966888407282282 158.44449204574886
3.955851209709709 158.59265606099848
4.944814012137137 158.7408200762481
5.933776814564564 158.88898409149772
6.922745424756366 159.03710933598796
7.911727538783789 159.18514439309894
8.900725745663582 159.33307189827818
9.889753121749333 159.48080425544117
10.878827793246831 159.628219635243
11.867973557598251 159.7751572303834
12.857219808243599 159.92141677907722
13.846600677653932 160.0667629012988
14.836153430926137 160.21093414840237
15.825916274671544 160.3536559517157
16.815925855306627 160.4946560589878
17.806214777587343 160.63368069855971
18.79680946487201 160.77050966304967
19.78772861251311 160.90496873800646
20.778982375740426 161.03693834393027
21.770572311701667 161.16635781271447
22.762491988710064 161.2932252804261
23.754728102438673 161.41759366311538
24.747261905583134 161.539563534869
25.740070760827415 161.65927392267446
26.73312965659302 161.77689207408315
27.726412568598217 161.89260316567976
28.719893596580725 162.00660074038564
29.713547846788465 162.11907843170306
30.70735206282853 162.23022329294724
31.701285029033777 162.3402108317434
32.695327782512166 162.449201676575
33.68946367437309 162.55733968337137
34.683678319494376 162.66475122570432
35.67795946972685 162.77154539358065
36.67229683941739 162.87781483997472
37.66668190588242 162.98363704743298
38.661107701778015 163.0890758280472
39.65556861152707 163.19418291144825
40.650060180097874 163.29899951338507
41.644578939362425 163.403557810382
42.639122254868404 163.50788227339226
43.63368819404839 163.61199083511045
44.62827541560883 163.71589588170914
45.622883079029776 163.819605070619
46.61751077267846 163.92312198241177
47.612158458881204 164.02644661805851
48.60682643428437 164.12957575413253
49.601526206164166 164.23239775480505
50.596242928803036 164.33505564150929
51.59098036789213 164.43751259478472
52.585741301803054 164.5397411835682
53.58052817864788 164.64171701235784
54.575343456078265 164.743415408565
55.57018978473036 164.84480960153212
56.56507011561162 164.94586961947
57.55998777105063 165.0465615203148
58.55494649788002 165.1468467729995
59.549950510162766 165.24668171448414
60.545004522074 165.34601707263698
61.54011376728532 165.44479758739055
62.53528399853407 165.542961790827
63.5305214598363 165.6404420227753
64.52583282409718 165.73716476143136
65.52122509073608 165.83305133773626
66.5167054412379 165.92801907838947
67.51228105489041 166.02198288791445
68.50795889177405 166.11485723926455
69.5037454546167 166.20655850022658
70.49964654468599 166.29700748473624
71.49566702887347 166.38613208896498
72.49181063517162 166.4738698552422
73.48807979180441 166.5601703045005
74.48447552160604 166.6449968901506
75.48099739836819 166.72832845160517
76.47764356647409 166.81016008118587
77.47441081992386 166.89050335999738
78.47129473245542 166.96938596223498
79.46828982732491 167.0468506690774
80.4653897736392 167.12295386914153
81.4625875959054 167.1977636497022
82.4598758844622 167.27135759991188
83.45724699634727 167.34382045368642
84.45469323854947 167.4152416964416
85.45220702813795 167.48571324801253
86.44978102616481 167.55532731599226
87.44740824431257 167.62417449175686
88.44508212490328 167.69234213794678
89.44279659608411 167.75991309321861
90.44054610478831 167.82696469931795
91.43832563050685 167.89356813809468
92.43613068306985 167.95978805262015
93.43395728760133 168.02568241724404
94.43180195963659 168.09130261604636
95.42966167312855 168.15669368722382
96.42753382375398 168.22189469186475
97.4254161895892 168.2869391686104
98.4233068908784 168.35185564017627
99.42120435027957 168.41666814298767
100.41910725465539 168.48139675674028
101.4170145191862 168.5460581161184
102.41492525432696 168.610665891895
103.41283873591041 168.67523123301552
104.41075437851875 168.73976316493773
105.4086717121034 168.804268942441
106.40659036172468 168.86875435736602
107.40451003020752 168.93322400336393
108.40243048346122 168.99768150081712
109.40035153818533 169.062129685728
110.39827305167618 169.12657076666346
111.39619491345422 169.19100645386737
112.39411703844797 169.25543806449403
113.39203936149158 169.3198666076347
114.38996183291826 169.38429285245513
115.38788441505795 169.4487173823768
116.38580707947379 169.51314063784548
117.38372980479635 169.5775629498562
118.38165257503752 169.64198456605925
119.37957537828599 169.7064056709607
120.37749820570399 169.77082640146003
121.37542105076005 169.8352468587326
122.37334390864557 169.8996671172668
123.3712667758333 169.96408723170163
124.36918964974517 170.02850724197395
125.36711252850321 170.0929271771746
126.36503541074404 170.15734705842402
127.3629582954809 170.2217669010073
128.3608811820019 170.28618671595248
129.35880406979493 170.35060651119267
130.3567269584927 170.41502629241845
131.35464984783232 170.47944606370055
132.35257273762636 170.54386582794342
133.3504956277414 170.60828558721397
134.34841851808267 170.6727053429796
135.3463414085831 170.7371250962796
136.3442642991953 170.8015448478485
137.3421871898858 170.86596459820424
138.34011008063112 170.93038434771125
139.3380329714147 170.99480409662553
140.33595586233227 171.05922384346394
141.33387875483209 171.12364356579172
142.33180165915292 171.1880631050006
143.32972462495917 171.25248169173182
144.32764783856766 171.3168964395877
145.32557187579977 171.38129842646947
146.32349826143394 171.44566401397674
147.32143054769546 171.50993805256846
148.31937615060266 171.57400499910216
149.31734912022569 171.63764423151264
150.3153737958296 171.70046737124375
151.3134888240102 171.761838296934
152.3117502264327 171.8207804078007
153.31023109893596 171.8758798383344
154.30901427702136 171.9251968047216
155.3081733240983 171.96619922714143
156.3077371156163 171.99573271129407
157.307634777698 172.01003884157257
158.30762121095606 172.00482987815664
159.3071887308176 171.97542285114054
160.30547656516092 171.9169301182405
161.30119545952545 171.82449698886882
162.29258751987481 171.69357035797861
163.27744001062825 171.52017609205058
164.25316536168103 171.30117828541103
165.2169487299082 171.03449191693923
166.1659511823068 170.71922322940196
167.09754407703952 170.35571988899983
168.00954190784347 169.9455248663473
168.90039928991285 169.49124177750016
169.7693436719361 168.9963320271919
170.6164275431078 168.46487279526457
171.44249933817053 167.9013079015728
172.2491059550635 167.31021927405195
173.03834723735196 166.69613605629425
173.8127031169539 166.0633857329234
174.57485046509046 165.41598213413172
175.32749476980666 164.7575548028504
176.07324571292983 164.09132996780528
176.81455171011788 163.42016276171353
177.55368482689667 162.7466033837216
178.29275085213823 162.07297038992328
179.03369789612918 161.40140693201255
179.778307465426 160.73390667784662
180.52816617237266 160.07230867330287
181.28462700464632 159.4182696765788
182.04877342862088 158.77322685418102
182.8213981595993 158.138363857086
183.5828192304536 157.49010622862403
184.3334834623272 156.82942233220635
185.0735597590521 156.15689941436196
185.80298057451333 155.47283415872334
186.5215016078623 154.777328928955
187.2287734239158 154.07038722116266
187.92441945661494 153.3520025072454
188.60811552599847 152.62223563713582
189.2796664099297 151.8812771968092
189.9390751898908 151.12949261269603
190.5866011865957 150.36744925199315
191.22280251146572 149.5959261646953
191.84855976236867 148.81590830403928
192.4650783029478 148.02856791442233
193.07386791112762 147.2352361975647
193.67670028989383 146.43736833688155
194.27554683481992 145.63650454344966
194.8725009136324 144.83422913700298
195.46969047256118 144.0321289994226
196.06918780199842 143.2317522431399
196.67292359435356 142.43456776447184
197.28261193309817 141.64192652809888
197.89969160591596 140.85502584987125
198.5252872993133 140.07487840970197
199.16019206956048 139.3022880054661
199.80487031325612 138.53783397669426
200.4594785909822 137.78186572158532
201.12390032883076 137.03450787271083
201.79778975608673 136.2956756591247
202.48062042174755 135.5650989814014
203.17173414581345 134.84235295380407
203.87038707897946 134.1268922078658
204.57579037302054 133.4180860335445
205.2871435599298 132.71525131366076
206.00365905224956 132.01768013502323
206.72457639888864 131.32465908244626
207.4491664090774 130.63547890489133
208.17672844087926 129.94943700392582
208.90658727767942 129.2658391116348
209.63809664991072 128.5840077260725
210.37063956634228 127.903286876101
211.10360561701282 127.22302165681928
211.83633644150513 126.54250307600108
212.568051455041 125.86089238142083
213.29732713664532 125.17667240201322
214.02206672606513 124.48764952320036
214.73983461358597 123.79136706640294
215.44821975686182 123.0855409626167
216.14506292254373 122.36831742532698
216.82853461763602 121.63834041061511
217.52721289028608 120.922904409755
218.2384544507093 120.21995672839691
218.96007035950817 119.527663091153
219.69020151842693 118.84435606588843
220.42722165207292 118.1684852774973
221.1696670138479 117.49857865357217
221.91619007808316 116.83321911575459
222.66554024172393 116.17104517164962
223.41657986310375 115.51078803452981
224.16829571201256 114.85130089856784
224.9198118979752 114.19158624643694
225.6703469978456 113.53075566008178
226.419196232829 112.86801527104186
227.1656874506923 112.2026200038112
227.90915529874735 111.53384832460495
228.6490157440423 110.86108795011194
229.38493879333993 110.1840227645408
230.11703335483998 109.50281974559414
230.8459495919995 108.81821685398093
231.57285013697657 108.13147410905236
232.29926168014708 107.44421413644473
233.02685874086308 106.75820938628813
233.5031690075068 106.85885397888198
233.89415116772898 106.25448300492641
234.4796193239329 107.06517840891603
235.06508748006365 107.8758738129716
235.65055563619617 108.6865692170259
236.23602379233088 109.49726462107864
236.82149194846764 110.3079600251299
237.4069601046062 111.11865542917984
237.99242826074627 111.92935083322871
238.57789641688757 112.74004623727667
239.16336457302978 113.550741641324
239.74883272917265 114.36143704537085
240.33430088531605 115.1721324494173
240.91976904145992 115.98282785346342
241.50523719760395 116.79352325750942
242.09070535374798 117.60421866155542
242.6761735098923 118.41491406560121
243.26164166603672 119.22560946964691
243.84710982218155 120.03630487369233
244.43257797832769 120.84700027773683
245.018046134477 121.65769568177899
245.60351429063275 122.4683910858165
246.18898244679917 123.27908648984632
246.77445060296563 124.08978189387612
247.3599187591753 124.90047729787474
247.94538691540424 125.71117270185943
248.53085507165576 126.52186810582779
249.11632322793156 127.33256350977862
249.70179138422753 128.14325891371487
250.28725954053823 128.95395431764052
250.87272769684893 129.76464972156614
251.45819585317804 130.5753451254785
252.04366400950568 131.3860405293919
252.62913216582837 132.19673593330887
253.21467525104754 133.0073772197926
253.800573780183 133.81776164311088
254.3869039718876 134.62783380427658
254.97359336441895 135.43764585450256
255.56251847385866 136.24583346605783
256.15167164346644 137.05385484123371
256.73829846414776 137.86371221957717
257.3230663728598 138.67491286857876
257.90690367753723 139.48678354896265
258.5559548111584 140.24752833267468
259.2050059447796 141.00827311638668
259.9792760038009 141.6411284519122
260.77789693582514 142.24296282026683
261.5880419649036 142.82919232469277
262.40450333168206 143.40659239098844
263.2266119561372 143.9759230590509
264.05591420920376 144.53472335706334
264.89344034059184 145.081120629423
265.7387629017328 145.61537690465622
266.5904347128347 146.13945240129237
267.44670794445676 146.65597553998757
268.30601059185295 147.1674429975818
269.1694633377653 147.67187273062348
270.04398093994956 148.15686650735663
271.0092965769212 148.41795216574866
271.88421234149905 148.90222729921425
272.7450461091124 149.41111355815298
273.6026643229055 149.92540044246013
274.4588234485972 150.44211269458393
275.31417347901765 150.96016319932224
276.1690589607176 151.4789799426706
277.02367662030696 151.99823773598527
277.8780587785561 152.51788293000277
278.73219631571646 153.03793010826027
279.58610528601844 153.55835250443263
280.43982725265903 154.07908161219913
281.29341132161306 154.60003673236577
282.14679997484325 155.121311905895
282.99993338050325 155.64300471986408
283.85280733354614 156.1651215843888
284.70546136484705 156.68759751963012
285.5578475226232 157.21051035943387
286.40992220314456 157.73393059100164
287.2616974083632 158.25783802535884
288.1132259626758 158.78214625645023
288.96444982777757 159.30694901128413
289.81531370188384 159.83233521945945
290.6658283958995 160.358286505477
291.51605408849133 160.88470484829637
292.36591315549697 161.41171487308557
293.2153323684793 161.93943354872292
294.0643219913836 162.46784306813072
294.91281378148096 162.99705161127557
295.7607697225217 163.5271183259953
296.60823471487805 164.05796961094276
297.4551422407811 164.5897098130799
298.30144849384453 165.12240646787106
299.14720120487533 165.65598153455252
299.99231161198225 166.19057334126077
300.8367186540144 166.7262754481883
301.6803136402273 167.2632554284822
302.5230750998309 167.80154264011446
303.36492673147956 168.34125166383973
304.20586844387157 168.88237737599835
305.045823695573 169.42503304503646
305.8847916230145 169.96921391269404
306.7228972581177 170.51472188184601
307.56000606561116 171.06175830149002
308.3958466782662 171.61073049590104
309.23033714525593 172.16175287339883
310.06338688800855 172.71495096278437
310.89503780504003 173.2702497582096
311.7252000684483 173.82777161106637
312.5536697090237 174.38780558739717
313.3804387478559 174.95034710269044
314.20541566158846 175.51551353110636
315.02838869698826 176.08359396819677
315.8493652747469 176.6545558397536
316.6682091864489 177.2285720836602
317.4846157627335 177.80604961759485
318.2985590644807 178.38699393639047
319.10977218136435 178.9717445490416
319.9179830397432 179.560637755318
320.7217542243189 180.15557630915848
321.5017437281791 180.78136890568538
322.27967909603797 181.40971320894147
323.0544680446661 182.04193317468415
323.82518638406134 182.679109163968
324.59105885717156 183.32210166387145
325.35144244094823 183.97157591703547
326.10580936248294 184.62802892197504
326.8537285202881 185.2918187481912
327.5948451814054 185.9631950172195
328.32885974512567 186.64232874502764
329.05550626164705 187.32934027333505
329.7745292895745 188.02432652162346
330.4856539488762 188.72739246371788
331.1885411403575 189.4386938035532
331.8827210645089 190.15849532682552
332.56750498567396 190.88724149752815
333.2418899882151 191.62562139185593
333.90448252752486 192.3746014495685
334.5534674961748 193.13540267884358
335.18664475021944 193.90940950372337
335.8015498751771 194.69801059889176
336.39573118515455 195.5023417314942
336.96706715555496 196.32305800946523
337.5140740217251 197.16018612890858
338.0362346822384 198.01303326914666
338.5343234440633 198.88015931842887
339.01060467855547 199.75945232173927
339.4687589138782 200.64832503290543
339.9134667204987 201.54400073690255
340.34970965587917 202.44382966582774
340.7819505500939 203.345587842596
341.2133870657382 204.2477311421714
341.6454326691596 205.14958290192143
342.077478272581 206.05143466167144
342.48320748297175 206.965427991973
342.8824937207895 207.88225431156104
343.27166487308165 208.803419776732
343.64594819737243 209.73073417495831
344.00162275931746 210.66534404329119
344.3365171587537 211.60759970988397
344.64994991094466 212.55721010886555
344.9424101732942 213.5134877855612
345.215165849491 214.47557111932312
345.46991170282763 215.44257915972804
345.70850465016923 216.41369882561833
345.9327585508777 217.38822957834861
346.144301711865 218.36559823501787
346.3445167798956 219.34535020696458
346.5345551159557 220.32712687751012
346.7153915364733 221.31064006451598
346.8878839842269 222.29565090479537
347.05281754046047 223.28195558491615
347.2109279964583 224.2693770165775
347.3629094512636 225.25776036194267
347.509413018993 226.24697050374397
347.6510425492834 227.2368902359191
347.7883509171056 228.22741858590513
347.92183837668244 229.21846908821857
348.0519531604825 230.20996802570497
348.1790938744929 231.20185271599962
348.3036958501354 232.19405952290327
348.42631993888693 233.18651271215597
348.54764813335754 234.17912515879692
348.67049633425455 235.17155063183577
348.8154991142821 236.16098187946457
348.9556095802452 237.15111775767906
349.09220372350853 238.1417448520118
349.2264265324968 239.13269603019737
349.35928688698107 240.1238307971218
349.4917056840694 241.11502465413346
349.624538476879 242.1061631152752
349.75958223654834 243.0970027506221
349.90157732545754 244.0868701128104
350.0599115927089 245.07425568076957
350.2487013352409 246.05627321274886
350.48487700293566 247.0279835883181
350.7848922059432 247.9819180084772
351.16120239675377 248.9084117430983
351.61972243669913 249.79709581123979
352.1591101023697 250.63915337822823
352.7719656503806 251.42934833978666
353.4472233758252 252.16693020251606
354.1726685219294 252.855210189145
354.9367992310149 253.5002716276394
355.72980836088857 254.1094813780021
356.54386092255925 254.69027258561238
357.3729631469034 255.24936962690992
358.2126634233738 255.79241975875374
359.05972538196454 256.3239139151736
359.9118356357367 256.8472762327093
360.7673648843594 257.36503071579097
361.62518153093856 257.8789865512979
362.4845102803885 258.390410152991
363.34482702516243 258.90016999709576
364.20578208477355 259.4088510222284
365.0671451086234 259.9168409248291
365.92876620079795 260.42439298474017
366.79054895162403 260.9316705127056
367.65243203479054 261.4387775536263
368.514376845788 261.94577966683164
369.37635932110277 262.4527177421922
370.2383645991894 262.9596170423996
371.1003835810657 263.4664930379694
371.96241074125453 263.9733551248302
372.8244427500721 264.4802089654727
373.68647761553933 264.98705794763487
374.5485141540902 265.49390408425154
375.410551667026 266.0007485636448
376.27258974439985 266.50759208304464
377.13461872082644 267.0144510809928
377.99660402208303 267.521384351175
378.8584771951448 268.0285082350106
379.7201415522322 268.53598684118543
380.58149003643194 269.04400139684975
381.4424268125741 269.55271336593034
382.30262603118445 270.0626715056852
383.161106485459 270.5755177883358
384.0159587263015 271.09438930068404
384.8644311763204 271.62362885094365
385.7033317622746 272.16791352543464
386.5295753641233 272.7312265027431
387.34070589662383 273.316091666046
388.1352647499062 273.92327881073095
388.9129342846288 274.55195209214526
389.6744541248328 275.20009369162466
390.42137120525695 275.86501088569514
391.1557164196865 276.54378706828
391.8796939480373 277.2336106243021
392.59543804437794 277.93197327261134
393.30485668326844 278.6367606127323
394.0095554675056 279.346267218406
394.71082221018435 280.05916619835534
395.40964998978865 280.7744561636515
396.10677976019633 281.4914011289113
396.8027490130887 282.20947271241005
397.49793825162726 282.92829948056783
398.19261113864474 283.6476252621458
398.88694693824857 284.3672764258275
399.58106547701436 285.0871371443986
400.2750456310365 285.8071312734187
400.9689386008659 286.5272094264141
401.6627772003152 287.247339968687
402.35658221374393 287.9675028692458
403.05036666389225 288.68768557990495
403.74413862859495 289.4078803181477
404.4379030716807 290.1280823019758
405.1316630168426 290.8482886185886
405.8254202909186 291.568497508194
406.5191772324183 292.2887067181607
407.2129390026108 293.0089112767546
407.90671487066925 293.729102254829
408.600517505775 294.44926744665673
409.29436066336916 295.1693935971746
409.9882564235551 295.8894690612726
410.6822130605389 296.60948585690033
411.37623407698084 297.32944059765623
412.07031837791425 298.0493343281455
412.7644612248712 298.7691716069929
413.458655527012 299.4889592637885
414.152893107188 300.20870517886647
414.8471657252441 300.9284172961867
415.54146577704927 301.64810294844284
416.2357866829506 302.3677684816097
416.9301230292197 303.0874191178559
417.6244705406409 303.8070589815261
418.3188259555206 304.5266912194278
419.0131868579426 305.2463181624946
419.70755150399714 305.9659414933488
420.4019186631738 306.6855623992826
421.09627783962304 307.4051910077194
421.79057789083913 308.1248766605438
422.4846355924992 308.8447960357285
423.1781100153006 309.5652772810918
423.87055566497 310.2867473236119
424.56149826238175 311.00965694941715
425.2504881080008 311.7344279426514
425.93711948752036 312.4614336844851
426.621022378712 313.19100673457655
427.30722795222846 313.9184143994213
427.9951368725981 314.6442114215122
428.68427667618425 315.36883983050075
429.3742749094912 316.09265088183486
430.0648385576128 316.8159225098509
430.7557376654914 317.53887369958136
431.4467918391787 318.26167666652975
432.1378588834023 318.98446732805496
432.8288251799454 319.70735430196
433.5195975795506 320.4304265611041
434.21009880289864 321.1537577857549
434.9002660874679 321.8774076453626
435.5900498808859 322.6014230584153
436.27940959240675 323.32584226587176
436.96830590273674 324.0507021651721
437.6566913476795 324.7760472411125
438.3445014982665 325.5019378642435
439.0316482970223 326.2284564648034
439.7180158688393 326.9557112732151
440.4034581366442 327.6838382521868
441.08779712870245 328.41300225565146
441.7708209198101 329.1433983815865
442.4522839445599 329.8752509254085
443.13190931948714 330.6088102957085
443.80938906472005 331.3443517254044
444.4843797908517 332.08217793775816
445.1564971548854 332.82262256699414
445.82531837676896 333.56604584693514
446.49040619175923 334.312811003026
447.1513688925836 335.0632297582014
447.80796774995173 335.817469733609
448.46025699202585 336.57543988122325
449.1087631068603 337.33664932613465
449.7546710384412 338.1000646416221
450.3999290320729 338.864029380111
451.04717862241927 339.62630752343955
451.6994678473486 340.3842776858081
452.3597880245143 341.13526188246476
453.03055473096254 341.8769302891807
453.71320100403113 342.60767926513995
454.40801451359727 343.32686921704715
455.1142465381523 344.03484967404637
455.8304103141528 344.73278193862853
456.5546365162156 345.4223444145838
457.2849846914431 346.10541947849833
458.0196627900901 346.78383534754073
458.7564324016183 347.4599792224139
459.4932020131466 348.13612309728705
460.23425985142404 348.8075642937648
460.97594457955483 349.4783129531429
461.71679436048504 350.1499837073787
462.4567975892625 350.82258702390254
463.195235517376 351.4969084801261
463.9326228081624 352.17237867442526
464.6693160297008 352.84860577927947
465.40559164739227 353.52528754702047
466.14181959602706 354.2020211782588
466.8783746209194 354.87839880599785
467.6154854926085 355.55417063349404
468.3535181984039 356.22893557417814
469.09395842227394 356.90105779139407
469.836134857611 357.5712623413864
470.5808025097525 358.2386977973326
471.3308836865788 358.90004356784215
472.08440529543884 359.55746670782196
472.8453521617938 360.2062809081787
473.61524208639383 360.8444576109808
474.39523355862104 361.47024775412217
475.18506289592136 362.08357443537756
475.98585197551927 362.68252088540186
476.79912268908015 363.26440639515795
477.61301813002643 363.84541776441574
478.43067905992905 364.4211178631744
479.2551644796033 364.9870010602607
480.0894815697316 365.53828591686374
480.93656129837575 366.0697517514385
481.7989392084179 366.57601684037047
482.67854107439064 367.0517274218979
483.5767253724025 367.4913465375025
484.49305640995794 367.891768102372
485.4272494523942 368.2485360373994
486.3793131545675 368.55443586905045
487.3486597513579 368.8001331936003
488.3400476388694 368.9310914178383
489.34000817773284 368.9399751510563
490.33311717164463 368.82278075608997
491.30310172711097 368.57961422435335
492.2341838802539 368.2148046519751
493.1123894050809 367.73652120446366
493.92665688996425 367.15603135695403
494.66961638592556 366.48669497862033
495.33839259326555 365.7432312037826
495.93498862802073 364.94068950934275
496.46571128631473 364.0931439589601
496.9397862114696 363.2126594529411
497.3715709811554 362.31068278324983
497.7740818666335 361.39526758397045
498.1569978018631 360.47148439157775
498.5273655221998 359.5425991716864
498.758154506531 358.56959534604573
