9.634779705628786
260769
998
0.0 100.0
0.9868444178130042 99.83832719761409
1.9736888356260085 99.67665439522818
2.9605332534390127 99.51498159284228
3.947377671252017 99.35330879045637
4.934222089065022 99.19163598807046
5.921066506878027 99.02996318568455
6.907910924691031 98.86829038329864
7.894755342504034 98.70661758091273
8.881599760317037 98.54494477852683
9.868444178130042 98.38327197614092
10.85528859594305 98.22159917375502
11.842133013756055 98.05992637136913
12.828977431569058 97.89825356898322
13.815821849382061 97.73658076659731
14.802666267195065 97.5749079642114
15.789510685008068 97.41323516182548
16.76681485045576 97.62507606486028
17.744119015903447 97.83691696789506
18.721423181351135 98.04875787092985
19.69872734679882 98.26059877396466
20.676031512246503 98.47243967699947
21.230843190006116 97.64046371447317
21.700000950134612 96.7573493412965
22.16616172319096 95.87264931661949
22.632220938750123 94.98789578732877
23.09827671596908 94.10314044684144
23.564332376782776 93.21838504503623
24.030388033655562 92.3336296411551
24.496443690394933 91.44887423720368
24.96249934712979 90.56411883324988
25.4285550038645 89.679363429296
25.894610660599188 88.79460802534213
26.36066631733388 87.90985262138824
26.826721974068587 87.02509721743436
27.29277763080328 86.14034181348048
27.75883328753798 85.2555864095266
28.224888944272678 84.37083100557271
28.690944601007374 83.48607560161884
29.157000257742077 82.60132019766496
29.623055914476765 81.71656479371109
30.08911157121146 80.83180938975721
30.555167227946157 79.94705398580334
31.021222884680853 79.06229858184946
31.487278541415552 78.17754317789557
31.953334198150248 77.2927877739417
32.41938985488495 76.40803236998782
32.88544551161964 75.52327696603395
33.351501168354325 74.63852156208006
33.817556825089035 73.75376615812618
34.28361248182374 72.86901075417231
34.74966813855843 71.98425535021842
35.21572379529312 71.09949994626454
35.68177945202781 70.21474454231067
36.147835108762514 69.3299891383568
36.61389076549721 68.44523373440292
37.079946422231906 67.56047833044903
37.54600207896661 66.67572292649515
38.012057735701305 65.79096752254127
38.47811339243601 64.90621211858739
38.944169049170696 64.0214567146335
39.4102247059054 63.136701310679626
39.876280362640095 62.25194590672575
40.34233601937479 61.36719050277187
40.80839167610949 60.48243509881799
41.27444733284418 59.59767969486411
41.74050298957887 58.71292429091024
42.206558646313574 57.828168886956355
42.67261430304827 56.94341348300247
43.138669959782966 56.05865807904859
43.60472561651766 55.17390267509471
44.02896499214688 54.36853088154595
44.79735566854813 55.00851195034374
45.5657463449494 55.648493019141554
46.33413702135068 56.28847408793936
47.10252769775195 56.92845515673718
47.87091837415323 57.568436225534995
48.63930905055451 58.208417294332804
49.407699726955784 58.84839836313062
50.17609040335706 59.488379431928436
50.94448107975834 60.128360500726245
51.71287175615962 60.76834156952406
52.4812624325609 61.40832263832188
53.24965310896217 62.04830370711969
54.018043785363446 62.6882847759175
54.78643446176472 63.32826584471532
55.554825138166 63.96824691351312
56.32321581456727 64.60822798231094
57.09160649096855 65.24820905110874
57.859997167369826 65.88819011990657
58.6283878437711 66.52817118870438
59.39677852017238 67.16815225750217
60.16516919657365 67.8081333263
60.933559872974925 68.44811439509782
61.70195054937621 69.08809546389561
62.47034122577748 69.72807653269342
63.23873190217875 70.36805760149124
64.00712257858004 71.00803867028905
64.7755132549813 71.64801973908688
65.54390393138259 72.28800080788469
66.31229460778385 72.9279818766825
67.08068528418514 73.5679629454803
67.84907596058639 74.20794401427813
68.61746663698767 74.84792508307592
69.38585731338894 75.48790615187373
70.15424798979022 76.12788722067154
70.92263866619149 76.76786828946935
71.69102934259276 77.40784935826716
72.45942001899404 78.04783042706497
73.2278106953953 78.68781149586279
73.99620137179659 79.32779256466058
74.76459204819785 79.96777363345842
75.53298272459915 80.60775470225622
76.30137340100042 81.24773577105404
77.06976407740169 81.88771683985185
77.83815475380295 82.52769790864966
78.60654543020424 83.16767897744748
79.37493610660552 83.80766004624527
80.1433267830068 84.44764111504308
80.91171745940807 85.08762218384092
81.68010813580935 85.72760325263873
82.44849881221063 86.36758432143654
83.2168894886119 87.00756539023435
83.98528016501318 87.64754645903216
84.75367084141445 88.28752752782998
85.52206151781573 88.92750859662777
86.290452194217 89.5674896654256
87.05884287061826 90.20747073422342
87.82723354701956 90.84745180302122
88.59562422342083 91.48743287181904
89.36401489982211 92.12741394061685
90.13240557622339 92.76739500941466
90.90079625262466 93.40737607821248
91.66918692902593 94.0473571470103
92.43757760542721 94.68733821580811
93.20596828182848 95.32731928460592
93.97435895822976 95.96730035340372
94.74274963463102 96.60728142220152
95.51114031103229 97.24726249099935
96.27953098743357 97.88724355979714
97.04792166383484 98.52722462859496
97.81631234023614 99.16720569739276
98.58470301663739 99.8071867661906
99.35309369303866 100.4471678349884
100.12148436943994 101.08714890378621
100.88987504584122 101.72712997258402
101.6582657222425 102.36711104138183
102.42665639864377 103.00709211017966
103.19504707504504 103.64707317897746
103.96343775144634 104.28705424777526
104.7318284278476 104.92703531657308
105.50021910424887 105.5670163853709
106.26860978065015 106.20699745416871
107.03700045705143 106.84697852296652
107.8053911334527 107.48695959176435
108.57378180985398 108.12694066056217
109.34217248625527 108.76692172935996
110.11056316265655 109.40690279815777
110.87895383905781 110.04688386695558
111.6473445154591 110.6868649357534
112.41573519186038 111.32684600455121
113.18412586826165 111.96682707334902
113.9525165446629 112.60680814214685
114.72090722106418 113.24678921094464
115.48929789746545 113.88677027974246
116.25768857386673 114.52675134854026
117.02607925026801 115.16673241733805
117.79446992666927 115.80671348613589
118.56286060307055 116.4466945549337
119.33125127947183 117.0866756237315
120.0996419558731 117.72665669252932
120.86803263227438 118.36663776132711
121.63642330867563 119.00661883012494
122.4048139850769 119.64659989892274
123.17320466147818 120.28658096772057
123.99243147201474 120.86005061198962
124.8317733189246 121.40365457079231
125.67969800639793 121.93377127904935
126.53167663874973 122.45734783507145
127.38583972893306 122.97735304213043
128.24111161159874 123.49553255419309
129.09699831575003 124.01269592263388
129.95325808883908 124.52924137173733
130.80976206745194 125.04538179315416
131.6664349002816 125.56124190742122
132.52322877941427 126.07690095047272
133.3801114633835 126.59241241097934
134.23706029298876 127.10781390829789
135.09405890774565 127.62313261968411
135.9510952794089 128.1383885343967
136.808160450981 128.65359654256238
137.66524768850383 129.16876784152564
138.52235189167675 129.68391091379127
139.37946917484317 130.19903222270543
140.2365965639133 130.7141367158967
141.0937317740973 131.22922819462917
141.95087304503048 131.74430958787013
142.80801901730177 132.25938315758526
143.66516863925682 132.7744506537276
144.5223210961965 133.2895134320006
145.37947575630824 133.80457254380116
146.23663212920312 134.31962880519956
147.0937898340149 134.834682850016
147.95094857479216 135.3497351707652
148.80810812147786 135.86478615030566
149.66526829518455 136.37983608634212
150.52242895678108 136.89488521041807
151.37958999803791 137.40993370265107
152.23675133475194 137.92498170317393
153.09391290140587 138.4400293210224
153.9510746470172 138.95507664104312
154.8082365319113 139.470123729264
155.66539852521166 139.9851706370708
156.522560602888 140.5002174044556
157.3797227462377 141.01526406254413
158.23688494070421 141.53031063556193
159.09404717495778 142.04535714236437
159.95120944018007 142.5604035976274
160.80837172950726 143.075450012774
161.66553403759696 143.59049639669527
162.5226963602908 144.1055427563117
163.3798586943521 144.62058909700994
164.23702103726148 145.13563542298277
165.13548157375584 145.5746897070551
166.10426009912516 145.82261745617416
167.08736533525894 145.63957621850795
167.95832874213275 145.1482283337188
168.65728697086672 144.4330658385577
169.2458588094368 143.6246209172166
169.76278156683645 142.7685888717403
170.23027205243582 141.88459076887239
170.66329422006632 140.98320749726113
171.07237139427608 140.07070770792387
171.4646999943059 139.1508825780222
171.8451069711681 138.226063389232
172.21524342596524 137.29708599185884
172.5796294226656 136.3658379876147
172.93995185747454 135.4330101669675
173.2970725655361 134.49895192473974
173.64876078601688 133.5628347335852
173.99373798193565 132.62422366701077
174.33191389441527 131.6831407523754
174.66390496645067 130.73985822413226
174.99061161571535 129.79473243074483
175.31296794079012 128.84811402838605
175.6318228739266 127.90031049831532
175.94789825070538 126.95157641745064
176.26178550223625 126.00211615323397
176.5739588737809 125.05209100298875
176.8847938217781 124.10162709778058
177.19458535312566 123.1508225925823
177.50356423615384 122.19975369400414
177.81191052685455 121.24847951427932
178.1197645113558 120.29704589902984
178.42723540573488 119.34548841305764
178.7344082045106 118.3938346568562
179.0416621630518 117.44220710105469
179.3492385045168 116.49068369400102
179.6572276088467 115.53929380987671
179.96562831502956 114.5880372701221
180.27439692253623 113.63690008389796
180.5834760280335 112.68586375097212
180.89280879405743 111.73490989306734
181.20234485397495 110.78402218801972
181.5120419792143 109.83318692856702
181.8218658278625 108.882392953613
182.13178895961295 107.93163133658905
182.44178967633752 106.98089501371595
182.75185092742655 106.03017843104101
183.0625134899083 105.07965816704225
183.37410243660645 104.1294411769313
183.6866983719375 103.17955498310884
184.0002375603982 102.2299797215843
184.31459477340985 101.28067495354216
184.629631248924 100.3315953893877
184.94521753662247 99.3826985061508
185.26124207943624 98.43394749121626
185.57761271797915 97.48531182929545
185.8942551270867 96.53676684630594
186.2111102066692 95.58829288327755
186.530815630892 94.64077589571346
186.85301724526158 93.69410482311346
187.11946972927194 92.7302567677828
187.28326538813639 91.74376247882967
187.32833200946726 90.74477849515334
187.26707642394888 89.746656381761
187.11126148566754 88.75887011692008
186.90575028070046 87.78021535418044
186.66713402318493 86.8091014156288
186.40366996552365 85.84443220272696
186.1209718966643 84.88522325684333
185.82341716457756 83.93051849545748
185.5144793552676 82.97943625401945
185.1968688723753 82.03121498176444
184.87266353967416 81.08522824705398
184.5434390887652 80.14097655342368
184.21038546236105 79.19806866718079
183.87440156857537 78.25620093595916
183.5361684128985 77.31513859349675
183.196203949569 76.37470031074074
182.85490372661843 75.43474597258707
182.51257094219062 74.49516720276205
182.16943874900934 73.5558800805238
181.82568690744537 72.61681955456108
181.4814543040716 71.67793515551372
181.13684842353138 70.7391876990074
180.79195255621846 69.80054674490916
180.4468313092505 68.86198863541819
180.10153483649435 67.92349497752691
179.75610209540554 66.98505146756807
179.41056336066677 66.04664697972973
179.06494799982124 65.10827071066299
178.71969554427125 64.16976085885712
178.37401428788158 63.23140886254612
178.0281836588684 62.293111907400075
177.84328229177137 61.79144324304691
177.5458303403375 60.98461745224637
178.53725481785207 60.85393652255525
179.52867929536666 60.723255592864135
180.52010377288124 60.59257466317302
181.51152825039583 60.4618937334819
182.5029527279104 60.331212803790784
183.494377205425 60.20053187409967
184.48580168293958 60.06985094440856
185.47722616045417 59.93917001471744
186.46865063796875 59.80848908502631
187.46007511548333 59.67780815533519
188.45149959299792 59.547127225644076
189.4429240705125 59.416446295952966
190.4343485480271 59.28576536626185
191.42577302554167 59.155084436570725
192.41719750305626 59.02440350687961
193.40862198057084 58.89372257718849
194.40004645808543 58.763041647497374
195.3914709356 58.63236071780625
196.3828954131146 58.50167978811514
197.32308599204242 58.16103088485058
198.1972541365695 57.67540751731762
198.99257128067865 57.06921395063606
199.70790715196998 56.37043316151556
200.35372473364387 55.60694141224719
200.9453891333585 54.80075704244687
201.50064036184273 53.969074366622266
202.0315700157537 53.12165846955756
202.54872825854022 52.26576866828758
203.05735632932314 51.404782323673665
203.5635881989422 50.542384912857756
204.06933801292672 49.67970471391112
204.5805119816051 48.82022744618055
205.097225581466 47.96406913388149
205.6200265807051 47.11161437543701
206.15106951282306 46.264269460867055
206.69224175862786 45.423357693574786
207.2447892350397 44.58987626828032
207.80829056153988 43.76376110982325
208.38319682020023 42.945541827629796
208.96989111952368 42.135733332279585
209.56840243819136 41.33461898249755
210.17842718938834 40.54223662345173
210.7994208591616 39.75842104431237
211.4301187700272 38.98239260074234
212.07000158478002 38.21392010065919
212.71853468493595 37.452733646495595
213.3750462742908 36.69841770934276
214.03878051653334 35.950449223593054
214.7089604128361 35.20825052607897
215.38482933166006 34.47122867798512
216.06567331718773 33.738800205456364
216.75083103853464 33.01040546571787
217.43969693711585 32.28551666474774
218.1317211645263 31.563642389906924
218.82640830495194 30.844330373514012
219.52331576520888 30.12716930942993
220.2220515845911 29.41178951190117
220.9222709810935 28.697861786734414
221.62367143294833 27.985094358930738
222.32598689417955 27.273228505756443
223.02898171219186 26.562033535408766
223.7324445746054 25.85130151755327
224.43618348497904 25.140842830488257
225.14002317988144 24.43048398885982
225.84380905568074 23.72007182608008
226.54742492272186 23.00949128057662
227.2508328659644 22.298704909447245
227.95414081865405 21.58781959965143
228.65769706138497 20.877180019192807
229.3622015840643 20.16748052114848
230.0688142638234 19.45987998355421
230.77923254636062 18.75610028518485
231.49571027896064 18.058490323466746
232.22099642242281 17.370042787265355
232.95818666255082 16.69435754259883
233.71049882605652 16.035550735832715
234.48099957173324 15.39811163998778
235.272320919076 14.786711177737718
236.08640872052095 14.205969366311534
236.92434107423801 13.66019526414636
237.78624384485204 13.153121685651245
238.67131441521965 12.687664828929673
239.5779460243195 12.265741701593537
240.5039274540716 11.888172645983538
241.4466810181336 11.554682440057743
242.4034991664695 11.263995269692227
243.37174682673216 11.014002333000281
244.3490097109452 10.801971073183362
245.33318329232134 10.624763957859958
246.32250869143368 10.479040745326028
247.31556819793028 10.361427750479608
248.3112547821814 10.268647224816675
249.3087282601112 10.197607371025704
250.3073675563811 10.145458009135302
251.30675102525947 10.110348435902601
252.30658678738453 10.092225280111549
253.3065864662683 10.093026674133194
254.3063174574866 10.116220319764292
255.30506825935822 10.166188667353342
256.30174919504447 10.247595745912758
257.294860347093 10.364771851313497
258.28250651522495 10.521472350911477
259.2625703611536 10.720155158178631
260.2329565464685 10.961713952988617
261.1918187480379 11.245585893133203
262.13727900993456 11.571323353635224
263.06841401399294 11.935998008933844
263.98506042485576 12.33569709256092
264.88752575555594 12.766459587312081
265.7764073482375 13.224596591047725
266.6524931067555 13.706751901836654
267.51669835335974 14.209891337521976
268.3700157435194 14.731283159140926
269.2134706930109 15.268483073677684
270.0480825216969 15.819321612105517
270.8748335788602 16.38188955420619
271.69464661878317 16.954520831357755
272.5083701835714 17.535772893812847
273.3167714359329 18.12440471012968
274.1205342027773 18.71935463628693
274.9202607674499 19.31971904375708
275.7164767011727 19.92473159477231
276.50963799693125 20.533743219382774
277.3001380792436 21.146205152782876
278.0883140604928 21.761655087856305
278.87445295143675 22.379704959748086
279.65879726865643 23.000030674228118
280.4415502786001 23.622363162070506
281.22288153447164 24.246479712562703
282.00293177040754 24.87219660494804
282.7818171573332 25.499362893928613
283.5596335514136 26.127854466743855
284.3364598721291 26.757569376400223
285.1123607593239 27.38842420379742
285.88738928090027 28.020350457994176
286.66158889335765 28.653291971935914
287.4349948514741 29.287203025594053
288.20763586485845 29.922046206573743
288.9795351750978 30.55779100981796
289.75071123320345 31.194412944253635
290.5211787668738 31.83189218278614
291.2909493697131 32.47021280677101
292.06003177502987 33.10936244013712
292.8284326022803 33.74933132116247
293.59604173233345 34.39024958698042
294.3624459354146 35.032608207611844
295.1272386054099 35.67688467926155
295.89083920906484 36.3225735502341
296.65530153803536 36.967241951495566
297.4246295470226 37.606095936837875
298.2043141655822 38.2322683536542
299.0003249107269 38.83755084440893
299.81798947936215 39.41324577507833
300.6611040571157 39.95097973232811
301.5314443607786 40.44343049719703
302.42870586299415 40.88492998376738
303.35080647973086 41.27188017773784
304.2944242173928 41.602917283165304
305.25561542676553 41.87880033633205
306.2303731314133 42.102065687942755
307.21503450186566 42.27654200593153
308.2065098970051 42.40683606117977
309.20235701412537 42.497877366768314
310.20074875534186 42.554568909971024
311.2003846198972 42.58155294774788
312.2003834592594 42.58307652060245
313.2001805317606 42.56293169948111
314.19943967663045 42.52444583981838
315.19798364436167 42.470501938332546
316.1957415195138 42.40357494398859
317.19271049661455 42.32577482381708
318.1889289326181 42.23889083353965
319.1844578808448 42.14443389497688
320.1793688071672 42.04367552716418
321.17373570186 41.93768270316686
322.16763024893703 41.827348532165495
323.16111907639913 41.71341894993165
324.1542623890052 41.59651573942935
325.1471134927838 41.47715625834066
326.13971887213165 41.35577025877866
327.1321185892566 41.23271416811133
328.1243468528302 41.10828317130708
329.11643265658864 40.98272140172341
330.1084004257335 40.85623051281161
331.1002706341697 40.72897686996863
332.09206037239716 40.60109757083586
333.0837838568046 40.47270547421457
334.0754528780137 40.34389339258366
335.0670771900957 40.2147375809145
336.05866484482544 40.08530063492303
337.0502224762941 39.95563389486895
338.0417555415935 39.82577943627017
339.03326852321504 39.695771716207226
340.0247650984683 39.56563893301642
341.0162482807475 39.435404147887894
342.0077205369418 39.30508620899593
342.99918388474975 39.17470051210601
343.99063997314784 39.04425962596025
344.98209014879336 38.91377380599336
345.97353551072496 38.783251415943255
346.9649769553522 38.6526992735806
347.95641521340946 38.52212293399185
348.94785088027203 38.391526921523436
349.93928444080086 38.26091491955922
350.9307162896831 38.13028992569521
351.92214674807155 37.999654378542836
352.9135760771851 37.869010261287485
353.90500448941816 37.73835918621715
354.8964321574083 37.60770246368225
355.88785922143404 37.47704115832663
356.8792857954463 37.34637613491796
357.87071197198344 37.2157080956849
358.86213782617506 37.085037610722324
359.85356341900183 36.95436514274175
360.844988799948 36.82369106721126
361.8364140091599 36.69301568873782
362.8278390792009 36.56233925438863
363.81926403647833 36.43166196451995
364.8106889024031 36.30098398157711
365.80211369433187 36.17030543724377
366.79353842633196 36.03962643824831
367.78496310980324 35.908947071078636
368.7763877539821 35.778267405809366
369.7678123663509 35.64758749920793
370.7592369529703 35.51690739725489
371.7506615187487 35.38622713718833
372.7420860676607 35.25554674916211
373.73351060292424 35.12486625759031
374.72493512714453 34.99418568223745
375.71635964243035 34.86350503910203
376.70778415048846 34.73282434113262
377.6992086527001 34.602143598808226
378.6906331501829 34.471462820608316
379.6820576438413 34.34078201339374
380.67348213440687 34.21010118271512
381.66490662247145 34.079420333062664
382.6563311085138 33.94873946806844
383.64775559292116 33.81805859067011
384.6391800760067 33.68737770324352
385.63060455802366 33.556696807709955
386.62202903917677 33.42601590562303
387.6134535196317 33.29533499823897
388.6048779995223 33.164654086573385
389.5963024789567 33.03397317144739
390.5877269580225 32.903292253524775
391.5791514367904 32.77261133334211
392.5705759153176 32.64193041133311
393.56200039365024 32.5112494878483
394.5534248718257 32.380568563171025
395.54484934987414 32.24988763753025
396.53627382782 32.11920671111103
397.527698305683 31.988525784062865
398.51912278347896 31.85784485650659
399.51054726122084 31.727163928539852
400.50197173891905 31.59648300024151
401.4933962165819 31.4658020716753
402.48482069421624 31.335121142892717
403.47624517182754 31.20444021393537
404.46766964942026 31.073759284836854
405.4590941269979 30.94307835562431
406.45051860456346 30.81239742631968
407.44194308211917 30.681716496940663
408.433367559667 30.551035567501586
409.42479203720836 30.420354638014
410.41621651474463 30.289673708487236
411.4076409922767 30.158992778928827
412.39906546980535 30.028311849344863
413.390489947579 29.897630920076644
414.3819144250936 29.766949990385523
415.3733389026082 29.636269060694406
416.3647633801228 29.505588131003293
417.3561878576374 29.374907201312173
418.34761233515195 29.24422627162106
419.3390368126665 29.113545341929942
420.3304612901811 28.982864412238822
421.3218857676957 28.85218348254771
422.3133102452103 28.72150255285659
423.30473472272485 28.59082162316547
424.29615920023946 28.460140693474358
425.287583677754 28.32945976378324
426.2790081552687 28.198778834092124
427.27043263278324 28.06809790440101
428.2618571102978 27.93741697470989
429.25328158781235 27.806736045018773
430.24470606532697 27.67605511532766
431.23613054284147 27.54537418563654
432.22755502035614 27.414693255945423
433.2189794978707 27.28401232625431
434.2104039753853 27.15333139656319
435.20182845289986 27.022650466872076
436.1932529304144 26.891969537180955
437.18467740792903 26.76128860748984
438.1761018854436 26.630607677798725
439.1675263629582 26.499926748107605
440.1589508404728 26.36924581841649
441.15037531798737 26.238564888725374
442.1417997955019 26.107883959034254
443.1332242730166 25.977203029343144
444.12464875053115 25.846522099652024
445.1160732280457 25.715841169960903
446.1074977055603 25.58516024026979
447.0989221830748 25.454479310578673
448.0903466605895 25.32379838088756
449.08177113810405 25.19311745119644
450.0731956156186 25.062436521505326
451.06462009313316 24.93175559181421
452.0560445706478 24.80107466212309
453.0474690481624 24.67039373243197
454.03889352567694 24.53971280274086
455.0303180031916 24.40903187304974
456.02174248070617 24.278350943358625
457.0131669582207 24.147670013667504
458.0045914357353 24.01698908397639
458.99601591324983 23.886308154285274
459.98744039076445 23.755627224594157
460.97886486827906 23.62494629490304
461.9702893457936 23.494265365211923
462.9617138233083 23.363584435520806
463.9531383008228 23.23290350582969
464.94456277833734 23.102222576138573
465.93598725585196 22.971541646447456
466.92741173336657 22.84086071675634
467.9188362108812 22.710179787065222
468.91026068839574 22.579498857374105
469.9016851659103 22.44881792768299
470.89310964342485 22.318136997991875
471.8845341209395 22.187456068300758
472.875958598454 22.056775138609638
473.86738307596863 21.926094208918524
474.85880755348325 21.795413279227407
475.85023203099786 21.66473234953629
476.84165650851236 21.534051419845177
477.83308098602697 21.403370490154053
478.82450546354164 21.27268956046294
479.8159299410562 21.142008630771823
480.80735441857075 21.01132770108071
481.7987788960853 20.88064677138959
482.79020337359987 20.749965841698476
483.7816278511144 20.619284912007355
484.77305232862915 20.488603982316242
485.76447680614365 20.35792305262512
486.75590128365826 20.227242122934005
487.7473257611728 20.09656119324289
488.7387502386874 19.965880263551774
489.73017471620193 19.835199333860654
490.7215991937166 19.70451840416954
491.7130236712312 19.573837474478424
492.70444814874577 19.443156544787307
493.35848046568697 19.356947707740858
493.3249394686081 20.356385050206583
493.2913984715291 21.35582239267231
493.2578574744502 22.355259735138034
493.2243164773712 23.35469707760376
493.1907754802923 24.35413442006948
493.15723448321336 25.353571762535207
493.1236934861344 26.353009105000933
493.0901524890555 27.352446447466658
493.0566114919766 28.35188378993238
493.02307049489764 29.35132113239811
492.98952949781875 30.350758474863834
492.95598850073975 31.350195817329556
492.9224475036608 32.34963315979528
492.88890650658186 33.34907050226101
492.855365509503 34.34850784472673
492.82182451242403 35.34794518719246
492.7882835153451 36.34738252965818
492.7547425182662 37.34681987212391
492.72120152118725 38.346257214589635
492.6876605241083 39.34569455705536
492.65411952702937 40.34513189952108
492.6205785299504 41.344569241986804
492.58703753287153 42.34400658445253
492.55349653579253 43.343443926918255
492.51995553871365 44.34288126938399
492.4864145416347 45.342318611849706
492.4528735445557 46.34175595431543
492.4193325474768 47.34119329678116
492.3857915503979 48.34063063924688
492.352250553319 49.34006798171261
492.31870955624004 50.339505324178326
492.2851685591611 51.33894266664406
492.2516275620822 52.338380009109784
492.21808656500326 53.33781735157551
492.1845455679244 54.33725469404123
492.15100457084543 55.33669203650696
492.1174635737665 56.336129378972686
492.0839225766875 57.335566721438404
492.0503815796086 58.33500406390413
492.01684058252965 59.33444140636986
491.98329958545065 60.33387874883558
491.94975858837176 61.333316091301306
491.9162175912928 62.33275343376703
491.8826765942139 63.33219077623276
491.84913559713493 64.33162811869849
491.81559460005604 65.33106546116421
491.78205360297716 66.33050280362994
491.74851260589816 67.32994014609565
491.71497160881927 68.32937748856139
491.6814306117403 69.32881483102712
491.64788961466144 70.32825217349283
491.61434861758244 71.32768951595855
491.5808076205035 72.3271268584243
491.5472666234246 73.32656420089
491.5137256263457 74.32600154335573
491.48018462926666 75.32543888582146
491.4466436321878 76.32487622828718
491.4131026351089 77.3243135707529
491.3795616380299 78.32375091321863
491.346020640951 79.32318825568436
491.31247964387205 80.3226255981501
491.2789386467931 81.3220629406158
491.24539764971416 82.32150028308152
491.2118566526353 83.32093762554726
491.1783156555564 84.32037496801298
491.14477465847744 85.31981231047872
491.1112336613985 86.31924965294444
491.07769266431956 87.31868699541015
491.0441516672406 88.31812433787589
491.01061067016167 89.3175616803416
490.9770696730827 90.31699902280732
490.9435286760038 91.31643636527306
490.90998767892495 92.31587370773879
490.8764466818459 93.31531105020451
490.842905684767 94.31474839267023
490.809364687688 95.31418573513595
490.7758236906092 96.31362307760169
490.7422826935302 97.3130604200674
490.7087416964513 98.31249776253313
490.67520069937234 99.31193510499887
490.64165970229334 100.31137244746458
490.60811870521445 101.3108097899303
490.5745777081355 102.31024713239603
490.54103671105656 103.30968447486175
490.5074957139777 104.3091218173275
490.47395471689873 105.3085591597932
490.44041371981984 106.30799650225893
490.40687272274084 107.30743384472466
490.3733317256619 108.30687118719038
490.339790728583 109.3063085296561
490.30624973150407 110.30574587212183
490.2727087344251 111.30518321458756
490.2391677373462 112.3046205570533
490.20562674026723 113.30405789951901
490.1720857431883 114.30349524198472
490.1385447461094 115.30293258445046
490.1050037490304 116.30236992691619
490.07146275195146 117.30180726938191
490.03792175487257 118.30124461184764
490.0043807577936 119.30068195431336
489.97083976071474 120.30011929677909
489.9372987636358 121.2995566392448
489.90375776655685 122.29899398171052
489.8702167694779 123.29843132417626
489.83667577239896 124.29786866664199
489.80313477532 125.29730600910771
489.76959377824113 126.29674335157343
489.73605278116224 127.29618069403914
489.7025117840833 128.2956180365049
489.66897078700435 129.2950553789706
489.63542978992547 130.29449272143634
489.60188879284647 131.29393006390205
489.5683477957675 132.29336740636776
489.53480679868863 133.2928047488335
489.5012658016097 134.29224209129922
489.46772480453075 135.29167943376498
489.4341838074518 136.2911167762307
489.4006428103729 137.2905541186964
489.36710181329397 138.28999146116215
489.33356081621497 139.28942880362786
489.3000198191361 140.28886614609357
489.26647882205714 141.28830348855934
489.2329378249782 142.28774083102505
489.19939682789925 143.28717817349073
489.16585583082036 144.28661551595647
489.1323148337415 145.28605285842218
489.0987738366624 146.28549020088795
489.06523283958353 147.28492754335366
489.0316918425046 148.28436488581937
488.99815084542564 149.2838022282851
488.96460984834675 150.28323957075082
488.9310688512678 151.2826769132166
488.8975278541889 152.2821142556823
488.8639868571099 153.281551598148
488.83044586003103 154.28098894061375
488.8144693773067 154.7570479378569
488.780928380177 155.75648528032093
488.7473873831094 156.75592262278704
488.7138463860458 157.75535996525326
488.6803053889772 158.75479730771934
488.6467643919043 159.75423465018525
488.61322339482865 160.7536719926511
488.5796823977515 161.7531093351169
488.5461414006737 162.75254667758264
488.5126004035953 163.75198402004838
488.4790594065167 164.75142136251412
488.44551840943797 165.75085870497986
488.4119774123592 166.7502960474456
488.37843641528036 167.74973338991134
488.3448954182014 168.74917073237708
488.3113544211225 169.74860807484282
488.27781342404353 170.74804541730853
488.2442724269647 171.74748275977424
488.21073142988575 172.74692010223998
488.17719043280687 173.74635744470572
488.14364943572787 174.74579478717143
488.1101084386489 175.74523212963715
488.07656744157003 176.74466947210286
488.04302644449115 177.74410681456857
488.0094854474122 178.7435441570343
487.97594445033326 179.74298149950005
487.94240345325437 180.7424188419658
487.9088624561754 181.74185618443153
487.87532145909654 182.74129352689727
487.8417804620176 183.74073086936298
487.80823946493865 184.7401682118287
487.77469846785976 185.73960555429443
487.7411574707809 186.73904289676017
487.70761647370193 187.7384802392259
487.674075476623 188.73791758169162
487.64053447954404 189.73735492415733
487.6069934824651 190.73679226662307
487.57345248538616 191.7362296090888
487.5399114883072 192.73566695155455
487.50637049122827 193.7351042940203
487.4728294941494 194.73454163648603
487.4392884970705 195.73397897895177
487.4057474999915 196.73341632141748
487.3722065029126 197.7328536638832
487.33866550583366 198.73229100634893
487.30512450875466 199.73172834881464
487.2715835116758 200.73116569128035
487.2380425145968 201.73060303374606
487.2045015175179 202.73004037621178
487.17096052043894 203.72947771867751
487.13741952336 204.72891506114325
487.10387852628105 205.72835240360897
487.0703375292021 206.72778974607468
487.03679653212316 207.72722708854042
487.0032555350443 208.72666443100616
486.9697145379654 209.7261017734719
486.9361735408864 210.7255391159376
486.9026325438075 211.72497645840332
486.8690915467285 212.72441380086903
486.8355505496496 213.72385114333474
486.80200955257067 214.72328848580048
486.7684685554917 215.72272582826622
486.7349275584128 216.72216317073196
486.70138656133383 217.7216005131977
486.6678455642549 218.72103785566344
486.63720478348205 219.72056831670682
486.615383087057 220.72033019513844
486.6090682444195 221.7203102563209
486.623604830503 222.72020459457121
486.6619799989611 223.71946799650576
486.7248002596837 224.71749285333186
486.8108227551779 225.7137860482644
486.917649596977 226.70806368849938
487.04228140200325 227.70026674895416
487.181577797856 228.69051748190134
487.33258617767297 229.6790499645366
487.4927255223309 230.6661443826611
487.65980837648925 231.65208724096794
487.832035975195 232.6371444242035
488.0079805428437 233.6215444999425
488.1865488552021 234.6054720164911
488.3669310536867 235.58906861188467
488.5484792823719 236.5724506539524
488.730661644256 237.55571541332205
488.91306284402674 238.53893960053585
489.09533597225914 239.52218753810013
489.2771984214236 240.50551151807008
489.45844787751594 241.4889486714593
489.6389693434951 242.47251971633648
489.8186505496046 243.4562446088603
489.9973720136302 244.440144318331
490.1750402442822 245.42423476123602
490.3515435346804 246.40853481126072
490.52676684327366 247.39306352700527
490.70057450132634 248.37784314600754
490.872843743806 249.36289304733003
491.0435089797161 250.3482221178703
491.2124948233152 251.3338405961179
491.379721464609 252.31975907674476
491.5450755039921 253.30599334995765
491.708448210245 254.29255777200603
491.8697138307732 255.2794688113787
492.02876632161076 256.2667389391342
492.1854878960727 257.25438176328583
492.33972850869907 258.2424150792305
492.49136357663826 259.23085162558596
492.64028011502575 260.21970139405164
492.786410984555 261.2089666612933
492.92968312281687 262.198649991656
493.0699934267217 263.1887575709716
493.2072196426212 264.1792973054951
493.34128892523074 265.17026926648117
493.47215624715557 266.16166915757066
493.59978387741273 267.1534913129972
493.7241422015296 268.14572868743073
493.8452203558494 269.1383716648131
493.9630358476029 270.13140716765423
494.07766921679485 271.12481503488084
494.18923098172684 272.11857253679227
494.2978384559325 273.1126572497552
494.4036125743166 274.1070474326714
494.50668251798845 275.10172154347924
494.6071894029928 276.09665790630186
494.70528653114366 277.0918347516156
494.80113687584503 278.0872305077953
494.8949092169503 279.0828241739281
494.9867740526428 280.07859565974354
495.0768999310327 281.07452604187097
495.1654504663436 282.0705977273917
495.25258196468246 283.06679454629705
495.3384415839839 284.0631017909628
495.42316605049564 285.059506209246
495.5068809645487 286.0559959548857
495.5897006600373 287.05256050273954
495.67172850763995 288.04919054052573
495.7530573446204 289.04587786374975
495.8337698676446 290.042615285856
495.91393905920654 291.0393965561076
495.99362878628017 292.0362162727058
496.0728944167028 293.0330698024852
496.1517833715793 294.0299532123173
496.23033572286636 295.02686320229
496.30858471314116 296.0237970494037
496.38655719339715 297.0207525611106
496.4642741693425 298.01772802302025
496.5417512287281 299.01472215804256
496.61899880285165 300.01173409994294
496.6960221325684 301.00876339072596
496.7728208735912 302.00581000617444
496.8493887780892 303.00287437521024
496.92571359459316 303.99995738197833
497.00177709674256 304.9970603574231
497.07755522493096 305.99418506140364
497.1530184602935 306.99133364617353
497.22813257432347 307.9885085906409
497.3028598117544 308.98571260185724
497.37716044474917 309.9829484896674
497.4509945369697 310.9802190281002
497.52432389075074 311.97752680701
497.59711385275546 312.9748740992966
497.6693346809941 313.9722627657494
497.74095941001434 314.96969441663725
497.81195577246507 315.9671709910583
497.88227371267647 316.964695620972
497.95183327922143 317.96227342079624
498.02051788625056 318.9599118446539
498.0881756548722 319.9576204325417
498.15462857878777 320.95540999397394
498.21968704923086 321.95329144756624
498.28316637534965 322.9512746013096
498.34490495436717 323.9493669556841
498.40478429711953 324.94757257794413
498.46274858238405 325.94589123530443
498.5188192804088 326.9443180362383
498.5731007661808 327.94284370956996
498.6257752654293 328.94145544449447
498.67708834218445 329.9401380608216
498.7273281621565 330.93887524371263
498.77680236618727 331.93765064545994
498.82581599319917 332.9364487553736
498.874713847065 333.9352525398515
498.9239866691088 334.9340378966764
498.97419365399577 335.9327767307409
499.02582314895443 336.93144303899925
499.07920055904094 337.93001744889193
499.13446631267095 338.92848912924933
499.1916022955679 339.9268555346629
499.25047853472967 340.9251208242839
499.31249278111756 341.9231960886027
499.378666242172 342.9210042229913
499.44917260525904 343.9185155526334
499.52397350397325 344.9157140411759
499.6014569556979 345.9127076794248
499.6806289567045 346.90956864979955
499.75980095771115 347.90642962017444
499.8737849762862 348.89991220356956
499.98776899486126 349.89339478696473
