1.8177977153837355
137127
869
0.0 100.0
0.0 101.0
0.0 102.0
0.0 103.0
0.0 104.0
0.0 105.0
0.0 106.0
0.0 107.0
0.0 108.0
0.0 109.0
0.0 110.0
0.0 111.0
0.0 112.0
0.0 113.0
0.0 114.0
0.0 115.0
0.0 116.0
0.0 117.0
0.0 118.0
0.0 119.0
0.0 120.0
0.0 121.0
0.0 122.0
0.0 123.0
0.0 124.0
0.0 125.0
0.0 126.0
0.0 127.0
0.0 128.0
0.0 129.0
0.0 130.0
0.0 131.0
0.0 132.0
0.0 133.0
0.0 134.0
0.0 135.0
0.0 136.0
0.0 137.0
0.0 138.0
0.0 139.0
0.0 140.0
0.0 141.0
0.0 142.0
0.0 143.0
0.0 144.0
0.0 145.0
0.0 146.0
0.0 147.0
0.0 148.0
0.0 148.99999999999997
0.0 150.0
0.0 151.0
0.0 152.0
0.0 153.00000000000003
0.0 154.0
0.0 155.0
0.0 156.0
0.0 157.0
0.0 158.0
0.0 159.0
0.0 160.0
0.0 161.0
0.0 162.0
0.0 163.0
0.0 163.99999999999997
0.0 164.99999999999997
0.0 165.99999999999997
0.0 166.99999999999997
0.0 167.99999999999997
0.0 168.99999999999997
0.0 170.0
0.0 170.99999999999997
0.0 172.0
0.0 172.99999999999997
0.0 173.99999999999997
0.0 174.99999999999997
0.0 175.99999999999997
0.0 176.99999999999997
0.0 177.99999999999997
0.0 178.99999999999997
0.0 179.99999999999997
0.0 180.99999999999994
0.0 181.99999999999994
0.0 182.99999999999994
0.0 183.99999999999994
0.0 184.99999999999994
0.0 185.99999999999994
0.0 186.99999999999994
0.0 187.99999999999994
0.0 188.99999999999994
0.0 189.99999999999994
0.0 190.99999999999994
0.0 191.99999999999994
0.0 192.99999999999994
0.0 193.99999999999994
0.0 194.99999999999994
0.0 195.99999999999994
0.0 196.99999999999994
0.0 197.99999999999994
0.0 198.99999999999994
0.0 199.99999999999994
0.0 200.99999999999994
0.0 201.99999999999991
0.0 202.99999999999991
0.0 203.99999999999991
0.0 204.9999999999999
0.0 205.9999999999999
0.0 206.9999999999999
0.0 207.9999999999999
0.0 208.9999999999999
0.0 209.9999999999999
0.0 210.99999999999991
0.0 211.99999999999991
0.0 212.9999999999999
0.0 213.9999999999999
0.0 214.9999999999999
0.0 215.9999999999999
0.0 216.9999999999999
0.0 217.9999999999999
0.0 218.9999999999999
0.0 219.9999999999999
0.0 220.9999999999999
0.0 221.9999999999999
0.0 222.99999999999991
0.0 223.9999999999999
0.0 224.9999999999999
0.0 225.9999999999999
0.03360041825185925 226.99943534652976
0.12055825072231886 227.99564733971798
0.2673432412920217 228.98481576144576
0.4714494040104142 229.96376452125924
0.725204495436375 230.93103302254283
1.0188805010992363 231.886938040679
1.342859169798499 232.83300242655764
1.688812348818153 233.77125420402794
2.0501208886475695 234.7037005236873
2.4218343093879313 235.63204805174
2.80041663399709 236.55761567406347
3.18343279129021 237.4813573171934
3.5692554413868316 238.4039302859457
3.9568241945677074 239.32577108649525
4.345462890614623 240.24716132083407
4.734748387509502 241.16827846968505
5.124420188909681 242.08923226179058
5.514320224757551 243.01008945052607
5.904353795512966 243.93089008784327
6.294464808665425 244.85165791819855
6.684658784428678 245.7723905945374
7.075065596040329 246.6930330449204
7.465940588372137 247.61347681852618
7.857606255480586 248.5335844237597
8.250772875497375 249.45305166564742
8.64540647288845 250.3718902389617
9.041484625791844 251.2901070416791
9.439000373116887 252.2077023940151
9.837912893952494 253.12469138016516
10.238134516285728 254.04110976333794
10.639540498711705 254.95700999659078
11.041985165977803 255.87245430936412
11.445316586143823 256.7875082779949
11.849387440921724 257.70223596661
12.25406206124026 258.61669671025624
12.659220325963362 259.53094327466135
13.064759222958415 260.4450210629398
13.470592887455767 261.358968018053
13.876651977184574 262.27281484091156
14.282883135355728 263.1865851874051
14.689248902305565 264.10029567954757
15.095727891722836 265.01395580845895
15.502314631513231 265.92756799260854
15.909018395721972 266.841128088157
16.316107016161187 267.7545167541196
16.72400465381745 268.6675444191958
17.133074635996323 269.5800474327142
17.543494178152493 270.49194424673226
17.95524759351588 271.4032395473547
18.36818466392829 272.31399910721626
18.78209131597009 273.2243184376688
19.19674471997387 274.1342978630121
19.61194583549606 275.04402751168203
20.02753307075634 275.95358083606095
20.443383743390967 276.86301374621394
20.859409282291477 277.7723666760396
21.275548216877905 278.6816677192158
21.69175922449123 279.59093577492956
22.108015250087533 280.50018322263276
22.52432132913178 281.40940775406096
22.940703304971848 282.3185975308378
23.357186872198 283.2277407749036
23.773784880057956 284.136831584365
24.190495321821516 285.0458708616931
24.607305427812065 285.95486444557815
25.024197218371775 286.86382056936185
25.44115198715842 287.77274780560583
25.858153000449928 288.6816538265529
26.275186649595362 289.59054487364295
26.69224258647129 290.499425693947
27.109313330068105 291.4082997197809
27.526403804075898 292.3171646913207
27.943527137158092 293.22601458266604
28.360695715335318 294.1348437070792
28.77791574377041 295.04364921315437
29.195186508681942 295.9524314251007
29.612502323565717 296.86119295083114
30.02985509260772 297.76993750579305
30.447236366152104 298.6786689691498
30.864638575892485 299.5873908161986
31.282055563134925 300.49610587536813
31.69949449810025 301.40481085256096
32.11697146676647 302.3134983569503
32.53450130641631 303.22216156903824
32.95209142060266 304.1307970826155
33.36974101647632 305.03940525727967
33.78744343724736 305.9479891486634
34.205189190271966 306.8565531176991
34.62296836586354 307.7651017187337
35.040786522749855 308.67363239393194
35.458660149225025 309.58213755753667
35.87660468345571 310.49061010324544
36.29462709634435 311.39904681668384
36.712724926213156 312.3074488227687
37.130889020601025 313.2158203272562
37.54910711391932 314.1241669716719
37.96738574088437 315.03248574293247
38.38574511263562 315.9407673270615
38.80420389296132 316.8490031164732
39.22276972892958 317.75718957362847
39.64143810659249 318.6653287642513
40.06021619400323 319.57341736868625
40.47912030188196 320.48144784636986
40.898162711284286 321.3894145082701
41.31734375878416 322.29731717343685
41.73665179622973 323.2051611962368
42.15609567336452 324.11294246611084
42.57569964477374 325.02064974666865
42.99548357009833 325.9282738186495
43.41547555054316 326.83580163440064
43.83570251592127 327.7432206652618
44.256175421887015 328.6505257602264
44.67688386585696 329.55772166253877
45.09783942024583 330.464802927492
45.519069789722565 331.3717566064803
45.94059370164351 332.2785738933021
46.36244767556205 333.1852376814227
46.78467188794822 334.09172911242183
47.207318732661356 334.9980235704508
47.63042973055751 335.90410142773425
48.054050844689236 336.80994090118514
48.47821410392681 337.71552663954066
48.90296031335191 338.62083910359877
49.328319389836636 339.5258637751145
49.75433712539192 340.43057858597604
50.18108635386693 341.33494858547624
50.60862204219332 342.23894705627544
51.03700094687914 343.1425462561534
51.46629596419585 344.0457105757028
51.89659068986199 344.94839903196214
52.32792849616187 345.85058953116754
52.76034496968215 346.7522635262613
53.19388679079074 347.6533969732878
53.62860522769755 348.5539633953874
54.0645431915416 349.45394011268604
54.50172801551672 350.3533117987457
54.940171693506684 351.2520704655916
55.379875441101014 352.1502133352685
55.820834920977205 353.0477403471781
56.26304375993236 353.9446524625773
56.70649478799459 354.84095106556106
57.15117993713815 355.7366380187602
57.59709030176623 356.6317156392587
58.04421737251215 357.52618608740454
58.49255540285259 358.42005017693407
58.94210395783669 359.31330607347866
59.39286938684976 360.20594851477676
59.844825496089214 361.0979886906215
60.2979637514663 361.98942894185194
60.7523087864452 362.8802547324474
61.20790263168795 363.7704424925165
61.664786157201775 364.6599690205718
62.12299065018378 365.54881582548876
62.582538808414796 366.43696867847433
63.043449642098814 367.32441512947446
63.50574285462276 368.2111422496497
63.96944114930025 369.0971354163915
64.43457087899166 369.9823779450565
64.90116182394131 370.8668511725151
65.36924633049873 371.7505348799133
65.83885750937831 372.6334082234181
66.31002705386469 373.51545088698293
66.78278449743645 374.3966434876937
67.257159566395 375.2769663227665
67.73318748256884 376.15639649226443
68.21091500780017 377.03490455235055
68.69040421126977 377.91245233096777
69.17173173724734 378.78899315302704
69.6549830565822 379.66447482751323
70.14024284817697 380.53884484910674
70.62758353916063 381.4120567654887
71.1170541054261 382.28407658450647
71.60867087047522 383.1548882497491
72.10241153467885 384.0244974473268
72.59821283604586 384.89293343780787
73.09597138823716 385.76024908030513
73.5955468716036 386.6265194401924
74.09676694195255 387.49183928919587
74.59943323931267 388.3563198230995
75.10332771198271 389.2200850460696
75.60821859874657 390.0832682204091
76.11386575009244 390.94600859754223
76.62002533624849 391.8084484350627
77.12645429602651 392.67073012262085
77.63291502425126 393.53299315138065
78.13918069999261 394.3953707169319
78.64504132742113 395.2579859414774
79.15031008422523 396.12094798200854
79.65482917509998 396.9843485188064
80.1584742792624 397.84825916757353
80.66115732556597 398.71272996231386
81.1628281590643 399.5777885584893
81.66347578483612 400.4434397323515
82.16312911400426 401.3096651941403
82.66185622269956 402.176424255848
83.15976055400736 403.04365621839605
83.65697277585676 403.91128517506104
84.15363811911803 404.7792273026267
84.64990054096161 405.6473998711094
85.14588617843282 406.51573059578885
85.64168888324681 407.3841657850224
86.13735983153015 408.2526761827885
86.63290192620694 409.12126010642703
87.12826820771917 409.98994431092297
87.62336265840116 410.8587834703212
88.11804185044991 411.7278591269553
88.61211754954793 412.59727801538645
89.10536247046375 413.467168495844
89.59752258743792 414.3376731881117
90.08833835113555 415.20893657314855
90.57757386804983 416.08108828528907
91.06504872328563 416.95422531091157
91.5506642648948 417.8283978028991
92.03441688271289 418.70360258165323
92.51639385890068 419.5797864632813
92.99675203395569 420.45685887970876
93.47568496614393 421.33471037424846
93.95338798217004 422.21323176185354
94.43002971071354 423.09232940296687
94.90573308188974 423.9719351684389
95.38056435130108 424.85201202053156
95.8545285761322 425.73255612140343
96.32757183946745 426.6135953208793
96.79959261894504 427.49518274351044
97.27046500853274 428.3773840769508
97.74007377802704 429.26025870203307
98.20835640088197 430.143837439403
98.67534264667292 431.02810201872416
99.14118087299676 431.9129719226622
99.60614153124251 432.79830326531516
100.0705919054331 433.6839024127369
100.53494824660723 434.56955086918646
100.99963073639836 435.45502824534094
101.46506862660934 436.34010878989943
101.93181679661106 437.2244990577111
102.40083422705699 438.107687967253
102.87392751522992 438.9887003058077
103.35428203783722 439.8657747226109
103.84800900526274 440.73539169670744
104.363468011755 441.5923059354887
104.90983640506796 442.42985090669237
105.49588571201932 443.24012629803894
106.12896253046424 444.01421527351124
106.81402062476269 444.742703713664
107.55282275334378 445.41662612374114
108.34362749940844 446.0286946277516
109.18157437519073 446.57444643339835
110.05967222744509 447.05292753215383
110.97003833454436 447.46673129125344
111.90499861344003 447.8214837075769
112.85781614454334 448.12502736575834
113.82301354878668 448.3865497755857
114.79637663051165 448.61581885578374
115.77476182446826 448.8226096008534
116.75581710645967 449.0163375897366
117.7376965479896 449.20584421838294
118.7188196989039 449.3992281958475
119.69771178541325 449.6036059905547
120.67295854163494 449.82472533498003
121.64330911944435 450.0664271267503
122.60793972755144 450.33003249449325
123.5668318393969 450.6138033841923
124.5211388201118 450.91263140590183
125.4733603238453 451.2180396700787
126.42715865420428 451.51848724454794
127.38673343788295 451.79994103210106
128.35580033176814 452.0467392395009
129.3363792354094 452.24286423467925
130.32777826753124 452.37373806364394
131.32632839050567 452.4275679058112
132.32590436367664 452.39844963217956
133.31978921901631 452.2880281925656
134.30283557805063 452.10467101111533
135.27273900444595 451.86118108634105
136.2301440384057 451.57243275137006
137.1779794432823 451.2536725824932
138.12049216016206 450.91950229877557
139.0622481883831 450.58320543094993
140.00724258772647 450.25611892066604
140.95827205069054 449.94701867709733
141.91671724637263 449.66174195727274
142.88275194220012 449.403329561174
143.85581293122513 449.1727817100939
144.8350751401583 448.97018475514307
145.8197400373141 448.79572834136246
146.80908564743174 448.65014240886586
147.8023554536893 448.53431887077005
148.79864413862958 448.44824415752646
149.7969279169006 448.38968224122414
150.7962609921724 448.35316642728293
151.79598656838488 448.3297405384711
152.79574236234066 448.3076418405037
153.79517071843117 448.27383413365726
154.79350154274658 448.21607978125246
155.7893475861871 448.12502673207825
156.78094378147034 447.9956552301941
157.76672751669204 447.8276361021986
158.74591252318936 447.6246663432421
159.71878792882268 447.3933366107955
160.68672819319448 447.1421561087499
161.6520424395444 446.88106530884704
162.61773805432622 446.62138862604485
163.58715114318267 446.3759537810171
164.56334156278032 446.15903844111284
165.54821715175984 445.98577542072985
166.54157295805834 445.87069178986485
167.5405371119255 445.82518773193055
168.54011145461584 445.8543619231822
169.53505477540835 445.9547999060888
170.52210671851967 446.11520084623623
171.50100591884777 446.3195445654865
172.47363231515274 446.5519190331261
173.4424264032287 446.79978596296775
174.4093785341765 447.0547439525571
175.37588606784547 447.31138219476026
176.34313765836572 447.5652017382081
177.31257691793496 447.81053319156416
178.28609405391106 448.03914724616465
179.26573914950862 448.23988460360385
180.25295670515493 448.39926307713057
181.24758030505865 448.5028193155453
182.24700032996302 448.53687241849
183.24557296701485 448.4834618527626
184.23462917076304 448.3359226178886
185.20561015696757 448.09676592358693
186.1516253638734 447.772643680748
187.06769577820288 447.3716262297683
187.9507456219864 446.9023470235447
188.80035448025745 446.3749337245586
189.62018911031421 445.80233335836965
190.41871619004652 445.20037447029324
191.20806437074532 444.5864286667996
192.001811398062 443.97818064450445
192.81165651155686 443.39153689217386
193.64502141242946 442.8388136865875
194.50463557595793 442.3278699618377
195.38959471044626 441.8622012702922
196.29689172592612 441.4417109306869
197.2227229858691 441.0637737955541
198.16332739728787 440.7242692429785
199.11540323302484 440.418407177652
200.07624335045824 440.1413038237738
201.04371862982686 439.888338245462
202.01619683294797 439.65534437332315
202.99244539209093 439.43869084630063
203.9715409067696 439.23528983072777
204.95279363387573 439.0425644158319
205.93568810478575 438.8583947683476
206.91983800666554 438.68105619208734
207.9049854944977 438.50934589181975
208.8910156215729 438.3427788227453
209.87794414953572 438.1816202651285
210.86586858115268 438.0266837703499
211.85490220817059 437.87899326751443
212.84511888557822 437.73945498680325
213.83652528033696 437.60863694358477
214.82906094769183 437.48668224286183
215.822616011284 437.37333174391995
216.81705438847257 437.2680116889706
217.81223417569157 437.1699444104791
218.8080216464515 437.07825300915096
219.80429879802023 436.99204490476325
220.80096600564306 436.91046992545387
221.79794163180878 436.8327550566612
222.79516008811635 436.75822083365233
223.79256934155677 436.68628488192115
224.79012842485514 436.61645741362287
225.7878052142914 436.54833235347513
226.7855745633349 436.4815766338002
227.78341679002673 436.4159192607895
228.78131647685444 436.35114106207135
229.77926153027013 436.28706555689854
230.77724244857643 436.2235510963676
231.7752517536977 436.1604842517396
232.77328355039793 436.09777434203414
233.77133318403688 436.0353489562271
234.76939697434693 435.9731503190081
235.76747200786562 435.911132358169
236.76555599201754 435.84925861107496
237.7636471495081 435.7875006857605
238.76174412509 435.7258368605934
239.7598458929169 435.6642506522277
240.75795166864683 435.60272943268023
241.75606083527742 435.5412632510189
242.75417288818176 435.4798439556216
243.7522873992342 435.4184646201211
244.75040399610833 435.3571192124332
245.74852235161407 435.29580242515203
246.74664217854615 435.23450959453487
247.74476322687127 435.17323665686797
248.74288528144098 435.1119801128784
249.74100815943356 435.05073698732264
250.73913170734812 434.98950478093997
251.73725579767404 434.9282814168459
252.73538032545443 434.8670651849857
253.7335052049476 434.8058546880363
254.73163036653523 434.7446487912149
255.72975575396222 434.68344657741727
256.7278813219412 434.62224730824965
257.7260070341179 434.56105039091096
258.7241328613715 434.4998553505136
259.72225878041246 434.43866180723745
260.7203847726362 434.37746945765474
261.7185102561082 434.31626881024147
262.7166333305352 434.2550288862022
263.71475053345205 434.1936933398898
264.71285731112573 434.1321883777987
265.7109489056707 434.07043751627725
266.7090212318864 434.00837600129154
267.70707146122163 433.94596014013496
268.7050982343177 433.88317033058337
269.70310156620604 433.8200090327837
270.70108256575037 433.75649584873116
271.6380986343762 433.4072095948691
272.40952824251434 432.7708949245307
273.02294055107296 431.981132086896
273.58737530511934 431.1556544019011
274.14538494955366 430.3258199384577
274.87914646871224 429.64641281971217
275.7663014690389 429.1849412546127
276.7217647751044 428.8898313246503
277.70025225885087 428.68352513436105
278.68640381320097 428.51767848274284
279.6752972083049 428.3690519268395
280.66522372255304 428.22746980795233
281.655546502432 428.088686553729
282.6460210057808 427.9509903002727
283.6385291733421 427.82881199890875
284.63549619040896 427.7509867659777
285.63548182742164 427.74562712342555
286.63214435199865 427.8272592990909
287.61818816369635 427.9937453387838
288.58953946981995 428.231393482248
289.5462519859818 428.52242812180003
290.4909593562608 428.8503427212625
291.4270174956437 429.2021880845898
292.35738783409573 429.5688091878132
293.28426039926376 429.94418532975465
294.2090889260345 430.32456960397093
295.1327698270901 430.70773222352705
296.0558269027575 431.09239523846395
296.9785538591641 431.4778494691069
297.90111005628137 431.8637122208211
298.8235796497143 432.2497819673589
299.7460060746133 432.6359548439932
300.66841131037177 433.0221783298734
301.59080628809426 433.4084263137805
302.5131963612464 433.79468601003464
303.4355841158231 434.180951243012
304.3579707855824 434.56721906648465
305.2803569525534 434.9534880905864
306.20274288850936 435.3397576663372
307.1251287191677 435.7260274935315
308.0475145021847 436.11229743448996
308.96990026379393 436.4985674265687
309.89228601584455 436.88483744147294
310.8146717636523 437.27110746650874
311.73705750958715 437.6573774960169
312.6594432546995 438.0436475274891
313.5818289994523 438.4299175598199
314.50421474404874 438.81618759252405
315.42660048857744 439.20245762538997
316.34898623307686 439.5887276583257
317.2713719775637 439.9749976912915
318.19375772204523 440.3612677242702
319.1161434665245 440.7475377572542
320.03852921100264 441.13380779024067
320.9609149554804 441.5200778232282
321.88330069995806 441.90634785621603
322.8053814601409 442.2933453648651
323.72660791909357 442.682372113721
324.64648671976823 443.0745748572979
325.5647888542085 443.4704551294541
326.48156888036704 443.8698476477074
327.39706736552534 444.27216906606947
328.31159276392117 444.676697551703
329.2254367318367 445.08276306649645
330.138833551176 445.48983339263293
331.0519521748305 445.89752736994353
331.9649052245112 446.30559198379615
332.87776335067645 446.7138689014563
333.79056877177715 447.12226364090475
334.70334572795616 447.5307219965159
335.6161076778724 447.9392138847894
336.52886188327506 448.3477230774886
337.44161216657653 448.75624103343796
338.35436049677276 449.1647633531759
339.2671078689757 449.57328781332063
340.17985477765603 449.98181330909114
341.0926014648198 450.3903392997841
342.0053480473063 450.79886552435136
342.918094580834 451.2073918583045
343.8306883736972 451.6162592808604
344.74285525543644 452.02607824071737
345.65435124333385 452.4373872049365
346.5650661680552 452.85042270690917
347.47503085536664 453.2651084528013
348.38436668762813 453.68117136170486
349.29322669724957 454.09827264785827
350.20175434384623 454.5160973902677
351.1100642708814 454.93439522249895
352.01823889162876 455.3529867396495
352.9263330364515 455.7717528129393
353.8343810629951 456.1906188792306
354.74240348894375 456.6095404398769
355.65015211065486 457.02905496856636
356.5571659791768 457.45015571934806
357.4630307707115 457.87372269098046
358.3675571270587 458.3001404095068
359.270795637613 458.729279306662
360.1729526894196 459.1606870649088
361.0742902120244 459.5938044512427
361.9746649373733 460.0289197853243
362.8735698654576 460.467063517752
363.7705132018514 460.90920902694427
364.66529499618605 461.35571271173
365.6516263806663 461.5204864960203
366.62589203527716 461.2950836694063
367.568079835505 460.9599983830957
368.4745192723578 460.5376625601799
369.3506754586985 460.05563524027275
370.20504936875363 459.5359764851102
371.0452700463715 458.993731878956
371.8768837985093 458.43837742704693
372.7472555198416 457.9459821928041
373.702503150397 457.6501748833638
374.70214705954703 457.67685924019025
375.63200342484834 458.0447819765205
376.428060809288 458.65000312674505
377.1139366507791 459.3777217056331
377.7352226681181 460.1613055777611
378.3240426135277 460.9695698117142
378.89777734100835 461.7886109965656
379.4648315295065 462.6122914851694
380.0290260848525 463.43793335893673
380.59202836734744 464.2643886994757
381.1545440960361 465.09117528317057
381.71686479738025 465.91809452278216
382.27910850773424 466.74506611248
382.84132221916093 467.57205809713514
383.40352437292785 468.3990579389125
383.96572211726004 469.2260607782473
384.52791819359834 470.0530647514844
385.0901136436516 470.88006915046867
385.6523088600821 471.7070737082691
386.21450398986303 472.5340783249736
386.776699087668 473.36108296341524
387.33889417372563 474.1880876098427
387.9010892554846 475.0150922591924
388.463284335676 475.8420969096077
389.0254794152977 476.66910156041024
389.5876744947128 477.49610621135326
390.14986957405324 478.3231108623471
390.7120646533667 479.15011551335925
391.2742597326705 479.977120164378
391.8364548119708 480.8041248153991
392.3986498912699 481.63112946642104
392.9608449705685 482.45813411744325
393.52304004986684 483.2851387684656
394.08523512916514 484.112143419488
394.6474302084635 484.93914807051044
395.2096252877619 485.7661527215329
395.7718203670603 486.5931573725553
396.3340154463586 487.42016202357775
396.8962105256569 488.2471666746002
397.4584056049559 489.0741713256235
397.55466559574194 489.21577245843105
397.9815959731739 488.31148796070715
398.4085263506063 487.4072034629823
398.83545672803865 486.50291896525744
399.26238710547113 485.59863446753263
399.6893174829035 484.69434996980783
400.116247860336 483.79006547208303
400.5431782377684 482.8857809743582
400.97010861520084 481.98149647663337
401.3970389926332 481.0772119789085
401.8239693700656 480.17292748118365
402.250899747498 479.26864298345885
402.67783012493044 478.36435848573404
403.10476050236286 477.4600739880092
403.5316908797953 476.5557894902844
403.9586212572277 475.6515049925596
404.38555163466015 474.7472204948348
404.8124820120926 473.84293599711
405.239412389525 472.9386514993852
405.66634276695737 472.03436700166037
406.09327314438974 471.13008250393557
406.52020352182217 470.22579800621077
406.94713389925454 469.32151350848596
407.37406427668697 468.41722901076116
407.80099465411934 467.5129445130363
408.22792503155176 466.60866001531144
408.6548554089842 465.70437551758664
409.0817857864166 464.80009101986184
409.50871616384904 463.89580652213704
409.93564654128147 462.99152202441223
410.3625769187139 462.08723752668743
410.7895072961463 461.18295302896263
411.2164376735787 460.2786685312378
411.6433680510111 459.374384033513
412.0702984284435 458.4700995357882
412.4972288058759 457.5658150380634
412.92415918330835 456.6615305403386
413.3510895607408 455.7572460426138
413.7780199381732 454.852961544889
414.20495031560563 453.9486770471642
414.631880693038 453.0443925494394
415.05881107047037 452.1401080517146
415.48574144790274 451.2358235539898
415.9126718253351 450.331539056265
416.33960220276754 449.4272545585402
416.76653258019996 448.5229700608154
417.1934629576324 447.6186855630906
417.6203933350648 446.7144010653658
418.04732371249725 445.810116567641
418.4742540899297 444.9058320699162
418.9011844673621 444.0015475721914
419.32811484479447 443.0972630744666
419.75504522222684 442.1929785767418
420.18197559965927 441.288694079017
420.6089059770917 440.3844095812922
421.0358363545241 439.4801250835674
421.46276673195655 438.57584058584257
421.889697109389 437.67155608811777
422.31662748682135 436.76727159039297
422.7435578642537 435.8629870926681
423.17048824168614 434.9587025949433
423.59741861911857 434.05441809721844
424.024348996551 433.15013359949364
424.4512793739834 432.24584910176884
424.87820975141585 431.34156460404404
425.3051401288482 430.43728010631924
425.7320705062806 429.53299560859443
426.159000883713 428.62871111086963
426.5859312611454 427.7244266131448
427.0128616385779 426.8201421154199
427.4397920160103 425.9158576176951
427.86672239344267 425.01157311997025
428.29365277087504 424.1072886222454
428.72058314830747 423.2030041245206
429.1475135257399 422.2987196267958
429.5744439031723 421.394435129071
430.00137428060475 420.4901506313462
430.4283046580371 419.5858661336213
430.8552350354695 418.68158163589646
431.28216541290203 417.77729713817166
431.90173741294814 416.9923573081472
432.6295021912697 416.3065304878532
433.407141909135 415.6778203247428
434.1950875737848 415.0620755484275
434.9864537755642 414.45073314462974
435.7792816266982 413.84128749613745
436.5727892269224 413.23272715534415
437.36245271528617 412.61918695686876
438.1497610259001 412.0026274511937
438.9358753433204 411.3845463238756
439.7214084016849 410.765726629444
440.502875312789 410.1417799435409
441.2819258516523 409.5148188140465
442.0597585195612 408.88634738213125
442.83367515081443 408.253059889858
443.60530378128374 407.6169865791146
444.3757833121558 406.97952184086853
445.1419668387239 406.33690002080965
445.90562883085727 405.69128375570256
446.6680231737251 405.0441710406651
447.4253561293373 404.3911421022989
448.17971104491363 403.7346753008947
448.928813897036 403.0722215916121
449.6749229889009 402.40639787392365
450.4195355908896 401.73890100280016
451.15755122872537 401.064117394293
451.8916713836911 400.3850978083656
452.6191978473626 399.6990181886
453.3398875350464 399.0057603909041
454.0568352685774 398.30863346746423
454.7677240247657 397.60532899831514
455.47517824266464 396.8985698246379
456.1759279218927 396.1851625867564
456.86983900379977 395.46510188764375
457.5600168305998 394.7414620826347
458.2436029967507 394.01159226311404
458.92067126446244 393.27567204946456
459.5919295088353 392.5344484871289
460.2600683946765 391.7904119092466
460.9228789233148 391.0416247544914
461.58080076890997 390.2885385409085
462.2343713835032 389.5316729968782
462.88403217204007 388.77144878005953
463.5305584800923 388.00855708853555
464.1745998960582 387.24356646472336
464.81662174956875 386.47688012754577
465.4569546518034 385.708782624415
466.096391070725 384.9399386440414
466.7343364736689 384.1698570491031
467.3717940285924 383.3993715750862
468.009384724167 382.6289962737449
468.64738039037445 381.85895632030065
469.2858684491815 381.0893245909906
469.92556665363094 380.3206984092714
470.5668807113534 379.55341992047636
471.20990114827913 378.78757090291754
471.8551736853261 378.023618448289
472.50295643944924 377.26179333485373
473.1532146076253 376.5020800239789
473.8057548721396 375.7443259720679
474.4612250653861 374.9891049277601
475.11998377712456 374.2367506497044
475.7825970084398 373.4877888978866
476.4492281006265 372.74240108813257
477.11968991564817 372.0004570507565
477.7944368208963 371.26240785601533
478.4736211971952 370.5284401571406
479.1577375455382 369.7990672607907
479.84687542679126 369.07443702362
480.5407463027318 368.35433758081956
481.2399239328545 367.63938958163635
481.9446139572674 366.9298742756049
482.6553698968422 366.2264355829251
483.3727841460893 365.5297887606563
484.0968427319404 364.8400502853953
484.8278095257117 364.15763725327787
485.5655152111891 363.4825148039294
486.3085822227529 362.81329778656834
487.05571448117075 362.1486223857663
487.80596376723713 361.48746732925014
488.5586663114592 360.8291065771381
489.31334672781554 360.17301400046296
490.0696499986997 359.51879281275205
490.82730026536933 358.8661320483304
491.5860766102925 358.21478079256667
492.34579846112626 357.56453260197657
493.1063162946617 356.9152155570174
493.8675800951047 356.26677324953346
494.6292442959994 355.61880130177997
495.39110546051694 354.97106094793446
496.1530616354909 354.323432360379
496.91506342785 353.67585744699716
497.67708709812644 353.02830827825517
498.3457108571967 352.2847073982081
498.9321848198364 351.47473931788295
499.518658782476 350.66477123755766
