0.09324156274451322
150375
1228
0.0 100.0
0.0 101.0
0.0 102.0
0.0 103.0
0.0 104.0
0.0 105.0
0.0 106.0
0.0 107.0
0.0 108.0
0.0 109.0
0.0 110.0
0.0 111.0
0.0 112.0
0.0 113.0
0.0 114.0
0.0 115.0
0.0 116.0
0.0 117.0
0.0 118.0
0.0 119.0
0.0 120.0
0.0 121.0
0.0 122.0
0.0 123.0
0.0 124.0
0.0 125.0
0.0 126.0
0.0 127.0
0.0 128.0
0.0 129.0
0.0 130.0
0.0 131.0
0.0 132.0
0.0 133.0
0.0 134.0
0.0 135.0
0.0 136.0
0.0 137.0
0.0 138.0
0.0 139.0
0.0 140.0
0.0 141.0
0.0 142.0
0.0 143.0
0.0 144.0
0.0 145.0
0.0 146.0
0.0 147.0
0.0 148.0
0.0 149.0
0.0 150.0
0.0 151.0
0.0 152.0
0.0 153.0
0.0 154.0
0.0 155.0
0.0 156.0
0.0 157.0
0.0 158.0
0.0 159.0
0.0 160.0
0.0 161.0
0.0 162.0
0.0 163.0
0.0 164.0
0.0 165.0
0.0 166.0
0.0 167.0
0.0 168.0
0.0 169.0
0.0 170.0
0.0 171.0
0.0 172.0
0.0 173.0
0.0 174.0
0.0 175.0
0.0 176.0
0.0 177.0
0.0 178.0
0.0 179.0
0.0 180.0
0.0 181.0
0.0 182.0
0.0 183.0
0.0 184.0
0.0 185.0
0.0 186.0
0.0 187.0
0.0 188.0
0.0 189.0
0.0 190.0
0.0 191.0
0.0 192.0
0.0 193.0
0.0 194.0
0.0 195.0
0.0 196.0
0.0 197.0
0.0 198.0
0.0 199.0
0.0 200.0
0.0 201.0
0.0 202.0
0.0 203.0
0.0 204.0
0.0 205.0
0.0 206.0
0.0 207.0
0.0 208.0
0.0 209.0
0.0 210.0
0.0 211.0
0.0 212.0
0.0 213.0
0.0 214.0
0.0 215.0
0.0 216.0
0.0 217.0
0.0 218.0
0.0 219.0
0.0 220.0
0.0 221.0
0.0 222.0
0.0 223.0
0.0 224.0
0.0 225.0
0.0 226.0
0.0 227.0
0.0 228.0
0.0 229.0
0.0 230.0
0.0 231.0
0.0 232.0
0.0 233.0
0.0 234.0
0.0 235.0
0.0 236.0
0.0 237.0
0.0 238.0
0.0 239.0
0.0 240.0
0.0 241.0
0.0 242.0
0.0 243.0
0.0 244.0
0.0 245.0
0.0 246.0
0.0 247.0
0.0 248.0
0.0 249.0
0.0 250.0
0.0 251.0
0.0 252.0
0.0 253.0
0.0 254.0
0.0 255.0
0.0 256.0
0.0 257.0
0.0 258.0
0.0 259.0
0.0 260.0
0.0 261.0
0.0 262.0
0.0 263.0
0.0 264.0
0.0 265.0
0.0 266.0
0.0 267.0
0.0 268.0
0.0 269.0
0.0 270.0
0.0 271.0
0.0 272.0
0.0 273.0
0.0 274.0
0.0 275.0
0.0 276.0
0.0 275.0
0.0 274.0
0.0 273.0
0.0 272.0
0.0 271.0
0.0 270.0
0.0 269.0
0.0 268.0
0.0 267.0
0.0 266.0
0.0 265.0
0.0 264.0
0.0 263.0
0.0 262.0
0.0 261.0
0.0 260.0
0.0 259.0
0.0 258.0
0.0 257.0
0.0 256.0
0.0 255.0
0.0 254.0
0.0 253.0
0.0 252.0
0.0 251.0
0.0 250.0
0.0 249.0
0.0 248.0
0.0 247.0
0.0 246.0
0.0 245.0
0.0 244.0
0.0 243.0
0.0 242.0
0.0 241.0
0.0 240.0
0.0 239.0
0.0 238.0
0.0 237.0
0.0 236.0
0.0 235.0
0.0 234.0
0.0 233.0
0.0 232.0
0.0 231.0
0.0 230.0
0.0 229.0
0.0 228.0
0.0 227.0
0.0 226.0
0.0 225.0
0.0 224.0
0.0 223.0
0.0 222.0
0.0 221.0
0.0 220.0
0.0 219.0
0.0 218.0
0.0 217.0
0.0 216.0
0.0 215.0
0.0 214.0
0.0 213.0
0.0 212.0
0.0 211.0
0.0 210.0
0.0 209.0
0.0 208.0
0.0 207.0
0.0 206.0
0.0 205.0
0.0 204.0
0.0 203.0
0.0 202.0
0.0 201.0
0.0 200.0
0.0 199.0
0.0 198.0
0.0 197.0
0.0 196.0
0.0 195.0
0.0 194.0
0.0 193.0
0.0 192.0
0.0 191.0
0.0 190.0
0.0 189.0
0.0 188.0
0.0 187.0
0.0 186.0
0.0 185.0
0.0 184.0
0.0 183.0
0.0 182.0
0.0 181.0
0.0 180.0
0.0 179.0
0.0 178.0
0.0 177.0
0.0 176.0
0.0 175.0
0.0 174.0
0.0 173.0
0.0 172.0
0.0 171.0
0.0 170.0
0.0 169.0
0.0 168.0
0.0 167.0
0.0 166.0
0.0 165.0
0.0 164.0
0.0 163.0
0.0 162.0
0.0 161.0
0.0 160.0
0.0 159.0
0.0 158.0
0.0 157.0
0.0 156.0
0.0 155.0
0.0 154.0
0.0 153.0
0.0 152.0
0.0 151.0
0.0 150.0
0.0 149.0
0.0 148.0
0.0 147.0
0.0 146.0
0.0 145.0
0.0 144.0
0.0 143.0
0.0 142.0
0.0 141.0
0.0 140.0
0.0 139.0
0.0 138.0
0.0 137.0
0.0 136.0
0.0 135.0
0.0 134.0
0.0 133.0
0.0 132.0
0.0 133.0
0.0 134.0
0.0 135.0
0.0 136.0
0.0 137.0
0.0 138.0
0.0 139.0
0.0 140.0
0.0 141.0
0.0 142.0
0.0 143.0
0.0 144.0
0.0 145.0
0.0 146.0
0.0 147.0
0.0 148.0
0.0 149.0
0.0 150.0
0.0 151.0
0.0 152.0
0.0 153.0
0.0 154.0
0.0 155.0
0.0 156.0
0.0 157.0
0.0 158.0
0.0 159.0
0.0 160.0
0.0 161.0
0.0 162.0
0.0 163.0
0.0 164.0
0.0 165.0
0.0 166.0
0.0 167.0
0.0 168.0
0.0 169.0
0.0 170.0
0.0 171.0
0.0 172.0
0.0 173.0
0.0 174.0
0.0 175.0
0.0 176.0
0.0 177.0
0.0 178.0
0.0 179.0
0.0 180.0
0.0 181.0
0.0 182.0
0.0 183.0
0.0 184.0
0.0 185.0
0.0 186.0
0.0 187.0
0.0 188.0
0.0 189.0
0.0 190.0
0.0 191.0
0.0 192.0
0.0 193.0
0.0 194.0
0.0 195.0
0.0 196.0
0.0 197.0
0.0 198.0
0.0 199.0
0.0 200.0
0.0 201.0
0.0 202.0
0.0 203.0
0.0 204.0
0.0 205.0
0.0 206.0
0.0 207.0
0.0 208.0
0.0 209.0
0.0 210.0
0.0 211.0
0.0 212.0
0.0 213.0
0.0 214.0
0.0 215.0
0.0 216.0
0.0 217.0
0.0 218.0
0.0 219.0
0.0 220.0
0.0 221.0
0.0 222.0
0.0 223.0
0.0 224.0
0.0 225.0
0.0 226.0
0.0 227.0
0.0 228.0
0.0 229.0
0.0 230.0
0.0 231.0
0.0 232.0
0.0 233.0
0.0 234.0
0.0 235.0
0.0 236.0
0.0 237.0
0.0 238.0
0.0 239.0
0.0 240.0
0.0 241.0
0.0 242.0
0.0 243.0
0.0 244.0
0.0 245.0
0.0 246.0
0.0 247.0
0.0 248.0
0.0 249.0
0.0 250.0
0.0 251.0
0.0 252.0
0.0 253.0
0.0 254.0
0.0 255.0
0.0 256.0
0.0 257.0
0.0 258.0
0.0 259.0
0.0 260.0
0.0 261.0
0.0 262.0
0.0 263.0
0.0 264.0
0.0 265.0
0.0 266.0
0.0 267.0
0.0 268.0
0.0 269.0
0.0 270.0
0.0 271.0
0.0 272.0
0.0 273.0
0.0 274.0
0.0 275.0
0.0 276.0
0.0 277.0
0.0 278.0
0.0 279.0
0.0 280.0
0.0 281.0
0.0 282.0
0.0 283.0
0.0 284.0
0.0 285.0
0.0 286.0
0.0 287.0
0.0 288.0
0.0 289.0
0.0 290.0
0.0 291.0
0.0 292.0
0.0 293.0
0.0 294.0
0.0 295.0
0.0 296.0
0.0 297.0
0.0 298.0
0.0 299.0
0.0 300.0
0.0 301.0
0.0 302.0
0.0 303.0
0.0 304.0
0.0 305.0
0.0 306.0
0.0 307.0
0.0 308.0
0.0 309.0
0.0 310.0
0.0 311.0
0.0 312.0
0.0 313.0
0.0 314.0
0.0 315.0
0.0 316.0
0.0 317.0
0.0 318.0
0.0 319.0
0.0 320.0
0.0 321.0
0.0 322.0
0.0 323.0
0.0 324.0
0.0 325.0
0.0 326.0
0.0 327.0
0.0 328.0
0.0 329.0
0.0 330.0
0.0 331.0
0.0 332.0
0.0 333.0
0.0 334.0
0.0 335.0
0.0 336.0
0.0 337.0
0.0 338.0
0.0 339.0
0.0 340.0
0.0 341.0
0.0 342.0
0.0 343.0
0.0 344.0
0.0 345.0
0.0 346.0
0.0 347.0
0.0 348.0
0.0 349.0
0.0 350.0
0.0 351.0
0.0 352.0
0.0 353.0
0.0 354.0
0.0 355.0
0.0 356.0
0.0 357.0
0.0 358.0
0.0 359.0
0.0 360.0
0.0 361.0
0.0 362.0
0.0 363.0
0.0 364.0
0.0 365.0
0.0 366.0
0.0 367.0
0.0 368.0
0.0 369.0
0.0 370.0
0.0 371.0
0.0 372.0
0.0 373.0
0.0 374.0
0.0 375.0
0.0 376.0
0.0 377.0
0.0 378.0
0.0 379.0
0.0 380.0
0.0 381.0
0.0 382.0
0.0 383.0
0.0 384.0
0.0 385.0
0.0 386.0
0.0 387.0
0.0 388.0
0.0 389.0
0.0 390.0
0.0 391.0
0.0 392.0
0.0 393.0
0.0 394.0
0.0 395.0
0.0 396.0
0.0 397.0
0.0 398.0
0.0 399.0
0.0 400.0
0.0 401.0
0.0 402.0
0.0 403.0
0.0 404.0
0.0 405.0
0.0 406.0
0.0 407.0
0.0 408.0
0.0 409.0
0.0 410.0
0.0 411.0
0.0 412.0
0.0 413.0
0.0 414.0
0.0 415.0
0.0 416.0
0.0 417.0
0.0 418.0
0.0 419.0
0.0 420.0
0.0 421.0
0.0 422.0
0.0 423.0
0.0 424.0
0.0 425.0
0.0 426.0
0.6319400047097212 425.2249826902272
1.2621065948527042 424.4485227307524
1.8885688956539606 423.66907100955683
2.512951796868755 422.88795258532747
3.13445055701246 422.1045374392269
3.7539531840153915 421.31954285635607
4.372620767970007 420.5338899937228
4.993240785845465 419.7497785262565
5.617304221792933 418.96840484618184
6.2477827366464815 418.19219814541964
6.888580268775703 417.4244882244097
7.544541653509317 416.66969377441796
8.221369057957377 415.93355203223234
8.92540372809313 415.22338642954037
9.663217970016849 414.5483826188737
10.440960673968338 413.91979985865015
11.263426706849554 413.3509856317213
12.132897137871913 412.8570006424982
13.04793754291963 412.453638451496
14.002524649810962 412.1557064871873
14.986003705094642 411.9746845332195
15.984295552823566 411.9162603365372
16.982353741010854 411.97854880250253
17.967245251160165 412.1517212981126
18.930808060748543 412.4192034694402
19.87098801264304 412.7598817018761
20.791576719927775 413.1504152241502
21.70068518606055 413.5669746998625
22.608544588781875 413.9862494366288
23.525166477620886 414.38600475291764
24.458258541081502 414.74564234982154
25.411732091294088 415.0471190305864
26.385119926760893 415.27628299320975
27.374102878934078 415.4243124507876
28.372028610501424 415.4886881781682
29.37190866659693 415.4732003305951
30.368176567996976 415.38688539191156
31.357661113575336 415.24224675923836
32.33965266419167 415.053321920961
33.31531621847732 414.8340489658601
34.286844863096114 414.5971268421883
35.256676999543686 414.3533531210584
36.22694795923235 414.1113319137545
37.19921078031718 413.87744089909984
38.174378607451075 413.65597372563394
39.152809218189134 413.4493979768861
40.134454322613294 413.2586812000675
41.11901600790254 413.0836432388693
42.10607713565835 412.9232988280736
43.09519342965488 412.7761629828469
44.08594880139252 412.64050240134657
45.077982119484716 412.51452662671113
46.07099506288694 412.3965211427892
47.06474927339873 412.284930062993
48.059058622660054 412.178398762562
49.05378014300628 412.07578737449955
50.04880548712046 411.97616526565594
51.04405371314969 411.8787950002477
52.03946559219498 411.7831122376647
53.03499932514232 411.6887057412572
54.0306274000007 411.59529944300164
55.02633424567811 411.50273661314463
56.0221143195368 411.41096491540515
57.01797030472594 411.32002066455357
58.0139111898353 411.23001092414955
59.009950143049664 411.14109296376125
60.00610224292025 411.05345168397014
61.00238224693902 410.96727655071027
61.99880263391143 410.8827400945168
62.99537213495604 410.7999800220924
63.99209488498355 410.71908651445676
64.98897021436568 410.64009551706295
65.98599299590039 410.5629879746251
66.98315439213209 410.4876942174785
67.98044282287968 410.4141021941539
68.97784498707469 410.3420680157444
69.975346812123 410.2714273120015
70.97293425173672 410.2020061313365
71.97059389722438 410.1336304648648
72.96831340161876 410.0661338682763
73.96608174042922 409.99936305079285
74.96388934943667 409.93318166816266
75.96172818993335 409.86747285295303
76.95959179338786 409.8021411692092
77.95747532734839 409.7371146157834
78.9553757010717 409.6723469994704
79.95329169656318 409.60782052473144
80.95122407768054 409.54354795890845
81.9491756188433 409.47957357738824
82.94715105763984 409.41597307771383
83.9451571845554 409.352855959283
84.94320365437922 409.2903800113333
85.94130548431968 409.22879480962484
86.93948821223674 409.1685350246263
87.9377957483317 409.1103795143456
88.93629838203762 409.05567585375184
89.93509367521247 409.00660486097854
90.93428649706067 408.9664339166652
91.93392885323635 408.9396914459582
92.93390075389982 408.93219492119835
93.93372613035282 408.9508822591742
94.93234467386034 409.00342752121486
95.92789480994395 409.0976608833743
96.91758937603194 409.2408553869557
97.89744582504888 409.44055851492305
98.86271832238248 409.70180362184635
99.80879120368057 410.02575748163554
100.73194386386274 410.4101910467656
101.62972629808242 410.85063026028615
102.50101362378851 411.3414035236817
103.34588947828965 411.8763659433721
104.1654527409589 412.44935465048854
104.96158626599643 413.05447563864817
105.73670788103477 413.6862877008157
106.49352529384274 414.3399140494819
107.23481777935459 415.01109617895463
107.96326209391995 415.6962011932243
108.68131049344484 416.3921943655613
109.39111940182961 417.0965886539947
110.09452086930432 417.80738143361083
110.79302603763065 418.5229864432505
111.48784967875899 419.2421666068598
112.17994639568818 419.9639713826932
112.8700512976134 420.68768073342653
113.55872022460977 421.41275666668434
114.24636654124512 422.1388024939004
114.93329300804228 422.8655294228177
115.61971827549434 423.5927297749927
116.30579819619231 424.32025595487556
116.99164250802917 425.04800424921984
117.67732759392942 425.77590256833724
118.36290604493824 426.50390132349577
119.04841369957573 427.23196674324413
119.73387474205126 427.96007604770904
120.41930534037607 428.68821401188904
121.10471620741447 429.416370549555
121.79011438110132 430.1445390352139
122.47550444738332 430.87271515198915
123.16088937108714 431.6008961091417
123.84627105455633 432.3290801160829
124.53165070956628 433.05726603224605
125.21702910262292 433.78545313617684
125.90240671531801 434.5136409745925
126.58778384827045 435.2418292645463
127.27316068795729 435.97001783052417
127.9585373493525 436.6982065643115
128.64391390292968 437.42639539957787
129.32929039164154 438.154584295896
130.01466542719737 438.88277455993205
130.70002614295223 439.61097830154563
131.3853250151646 440.3392402432564
132.07045718354408 441.06765901831074
132.75527427067522 441.79637402239206
133.43964514786487 442.52550809953743
134.12353452663876 443.25509381595487
134.80705625211652 443.9850239843956
135.49047194050382 444.71505343370984
136.17416344630624 445.44482457927097
136.85853463620575 446.1739583629044
137.54387484790342 446.9021814016983
138.23023489501986 447.6294433116883
138.91744305996295 448.3559038667328
139.60520740865732 449.0818378862311
140.29321832932612 449.807538219041
140.8339216517475 450.37786140613696
141.08447673375522 450.6440676145604
141.08574904572396 450.6434839684133
141.08447318994325 450.6440638493814
141.085749045886 450.6434839683376
141.9961298974863 450.22971264859746
142.90626805329143 449.8154077640648
143.81572671939853 449.3996134223011
144.72460015664302 448.9825413960618
145.63312521340907 448.5647110223116
146.54151397968246 448.14658442747657
147.44990550786645 447.7284638330022
148.35837057781384 447.31050304933285
149.26693271142884 446.8927533044365
150.17558876053886 446.47520787647
151.08432372233034 446.05783421987695
151.99311960050414 445.64059322019654
152.90195984304722 445.22344886444637
153.81083102878225 444.8063719318061
154.71972308070895 444.3893404726277
155.62862882482915 443.9723388559578
156.53754335254166 443.55535638472776
157.4464634080573 443.13838596289725
158.3553868856023 442.72142300055225
159.2643124514492 442.3044645904561
160.17323927573491 441.88750892363544
161.08216684994628 441.47055489159084
161.99109486661112 441.053601824062
162.9000231419878 440.636649320507
163.80895156741457 440.2196971440512
164.71788007922822 439.80274515591327
165.62680864044236 439.3857932754652
166.53573722973184 438.96884145621954
167.4446658348868 438.5518896715596
168.3535944489602 438.1349379063413
169.2625230680226 437.71798615199884
170.17145168986335 437.30103440371295
171.08038031324472 436.88408265878553
171.98930893747726 436.4671309157136
172.89823756217802 436.0501791736624
173.80716618713575 435.6332274321713
174.716094812234 435.2162756909865
175.6250234374087 434.79932394996837
176.53395206262493 434.38237220904085
177.44288068786372 433.96542046816245
178.3518093131148 433.5484687273109
179.2607379383723 433.13151698647323
180.16966656363348 432.7145652456437
181.07859518889654 432.2976135048182
181.98752381416048 431.8806617639947
182.89645243942505 431.4637100231725
183.80538106468984 431.0467582823508
184.71430968995492 430.6298065415297
185.62323831522002 430.21285480070867
186.53216694048518 429.7959030598878
187.44109556575032 429.37895131906686
188.35002419101556 428.9619995782461
189.25895281628078 428.5450478374253
190.16788144154594 428.1280960966044
191.07681006681116 427.71114435578363
191.98573869207635 427.29419261496275
192.89466731734151 426.8772408741419
193.8035959426068 426.4602891333212
194.71252456787192 426.04333739250023
195.62145319313709 425.6263856516793
196.53038181840233 425.20943391085854
197.4393104436676 424.79248217003783
198.34823906893277 424.3755304292169
199.25716769419807 423.95857868839624
200.1660963194633 423.5416269475755
201.07502494472843 423.12467520675455
201.9839535699937 422.7077234659339
202.89288219525892 422.2907717251131
203.80181082052414 421.8738199842923
204.7107394457893 421.4568682434714
205.61966807105452 421.0399165026506
206.5285966963197 420.6229647618298
207.43752532158493 420.20601302100897
208.34645394685012 419.7890612801881
209.25538257211525 419.3721095393671
210.1643111973805 418.95515779854634
211.07323982264575 418.5382060577256
211.982168447911 418.12125431690487
212.8910970731762 417.70430257608405
213.80002569844143 417.2873508352632
214.7089543237066 416.8703990944423
215.61788294897184 416.4534473536215
216.52681157423706 416.03649561280065
217.43574019950225 415.61954387197983
218.34466882476744 415.202592131159
219.25359745003266 414.78564039033824
220.16252607529785 414.3686886495174
221.07145470056304 413.9517369086966
221.98038332582823 413.5347851678757
222.88931195109348 413.11783342705496
223.79824057635864 412.700881686234
224.70716920162386 412.2839299454132
225.61609782688907 411.86697820459244
226.52502645215432 411.45002646377174
227.43395507741943 411.0330747229507
228.3428837026847 410.61612298213004
229.2518123279499 410.1991712413092
230.16074095321514 409.78221950048845
231.06966957848033 409.36526775966763
231.97859820374555 408.94831601884675
232.8875268290107 408.5313642780259
233.79645545427599 408.1144125372052
234.705384079541 407.69746079638406
235.61431270480622 407.2805090555633
236.52324133007144 406.86355731474254
237.43216995533663 406.4466055739217
238.34109858060188 406.02965383310095
239.25002720586716 405.61270209228024
240.15895583113235 405.1957503514594
241.06788445639756 404.77879861063866
241.97714761866038 404.36257691279985
242.88803227675396 403.94991586587423
243.80312695610883 403.5466768203734
244.72593476666265 403.1614162010768
245.659833719148 402.80387914488995
246.60697701483272 402.4830683323548
247.56771607705093 402.2056148149359
248.540727888725 401.97485950222847
249.5236374926451 401.79077063640096
250.51375590853016 401.65053682262817
251.5086382642959 401.549496740552
252.50636540405296 401.4821131031298
253.5055915591047 401.44278002467723
254.50545658560497 401.4263505152025
255.5054544310921 401.42842633338284
256.505309198639 401.44546874558733
257.50487901555147 401.474797590051
258.5040904027127 401.51450406014595
259.50289788160006 401.5633263923176
260.50126187171634 401.6205045633188
261.4991373410465 401.68565475678855
262.4964689624912 401.7586591187569
263.4931883698804 401.839593801889
264.48921303079794 401.9286717163458
265.48444412221454 402.02621696060595
266.4787649992915 402.1326406112147
267.4720376233908 402.2484399817436
268.4640936996058 402.3742364111243
269.45472874484443 402.5107728793115
270.4436999754391 402.65888062744153
271.4307228417749 402.81946039369546
272.4154644042633 402.9934835390179
273.39754684607465 403.18193532989795
274.3765586692877 403.3857387891646
275.3520611503888 403.60572721923677
276.32358560419567 403.8426665271942
277.29062770907035 404.0972830376557
278.2526477152704 404.37026198862236
279.20909523384415 404.66216632948436
280.159443955846 404.97335326139114
281.10321080774554 405.3039650114178
282.0399542880439 405.6539816569058
282.9692654620355 406.0232792901155
283.8907663221069 406.4116556087648
284.8041205216306 406.8188215530829
285.7090522646846 407.244378294791
286.6053656523978 407.68779943885846
287.4929582429535 408.14842878354966
288.3718260334583 408.6254941950113
289.24206018288595 409.1181325260108
290.10383758091956 409.6254191473979
290.9574078552158 410.1463968694148
291.8030790692476 410.6801010925179
292.6412036911608 411.2255798896703
293.47216574782726 411.78190898326574
294.2963695724834 412.34820224247176
295.1142302358247 412.9236185572898
295.92616558269566 413.50736592773495
296.73258972678036 414.0987034792546
297.53390783886147 414.6969419628469
298.3305120702981 415.301443160908
299.1227784661146 415.91161851116385
299.9110647346052 416.5269271807835
300.69570875091813 417.14687376530856
301.4770276811579 417.7710057459417
302.25531762211693 418.39891080867164
303.0308536605395 419.030214105913
303.8038902651612 419.664575523336
304.57466193458487 420.3016869999348
305.34338403409447 420.94126993726627
306.1102537644176 421.5830727237311
306.8754512149004 422.2268683914508
307.6391404622965 422.87245241651
308.4014706842254 423.51964066789736
309.1623617191382 424.16852034317577
309.9212148816568 424.81978210140784
310.6768409259743 425.4747853694524
311.427688437546 426.1352609665539
312.1722329150382 426.8028338247768
312.9093347782057 427.4786154783566
313.6384454610092 428.163011279207
314.35963627279426 428.8557477464129
315.0734912760824 429.55604128078295
315.78093152074587 430.2628144411608
316.48303238762816 430.9748919458773
317.18087403969304 431.69114401648045
317.87544114117185 432.4105719430605
318.5675703774774 433.13234553654473
319.2579350986317 433.85580704331994
319.94705402282665 434.58045530856066
320.63531255311625 435.3059208111751
321.32298842992293 436.03193864047284
322.01030812313036 436.7582936771658
322.69751045300455 437.48475975195214
323.3848734829443 438.21107377843947
324.0726926346557 438.9369558725422
324.76123235879464 439.6621544993216
325.45068193940784 440.3864881764292
326.14113394816025 441.10986637876164
326.8325877073288 441.8322871003163
327.52496992350115 442.5538180190774
328.2181620399934 443.27457088215397
328.9120892338965 443.9946160540437
329.60682419684105 444.7138818819977
330.30261829047157 445.432123191913
330.9998369160473 446.1489817471038
331.698844679507 446.86409582655057
332.3999830974916 447.57712101462323
333.10362257383133 448.28767818145525
333.8101822035268 448.99533169108037
334.52016591106604 449.69954979296983
335.23418598335525 450.39967502203115
335.95290519550025 451.09497545644325
336.6770477078276 451.7846258184676
337.4075089331035 452.4675799885028
338.14538356900596 453.1425177794819
338.8918857310313 453.80790076851264
339.64819174738 454.46211878235425
340.4152335083767 455.10371595884976
341.19349127104584 455.73166090456175
341.9828517812035 456.3455908557807
342.7825780807609 456.94595561640233
343.5913932834463 457.53401851091706
344.4076447107211 458.11171532367587
345.22950391778835 458.68140597987343
346.0551666428888 459.2455700201842
346.88303092225743 459.8064984781407
347.71185723693367 460.3660044567506
348.5408972533956 460.92519373696325
349.36992167993736 461.4844061297061
350.19908300722136 462.0434155154383
351.02863568530535 462.6018439838062
351.8586248663279 463.1596234737352
352.68867078687134 463.71731852462705
353.5179189051791 464.27619915435315
354.3451482419342 464.83806357252865
355.16898091376817 465.4048966421522
355.9881255545415 465.97848365167414
356.8016001077369 466.560084160016
357.60890814546616 467.1502144271754
358.41012098562425 467.74859389270364
359.20588975769886 468.354194471791
359.9973614974381 468.96540023517525
360.7860391145991 469.5802072099155
361.57357437120265 470.1964768096901
362.09392991106677 470.60367038941075
362.5831079565004 471.03453463154204
362.6675077024689 471.05251195299184
361.87997244586495 470.4362423532177
361.932401236668 470.4613971812671
362.5831079565004 471.03453463154204
363.56116685197475 471.24286321071423
364.53922574749015 471.45119178989427
365.51728464300555 471.65952036907424
366.49534353852096 471.8678489482543
367.4734024340364 472.0761775274343
368.4514613295518 472.2845061066144
369.42952022506717 472.4928346857946
370.40757912058257 472.70116326497464
371.38563801609797 472.9094918441548
372.3636969116134 473.1178204233348
373.3417558071287 473.326149002515
374.3198147026441 473.5344775816951
375.2978735981595 473.74280616087526
376.27593249367493 473.9511347400553
376.6112595480201 474.0225601001361
377.048935183269 473.12342716323803
377.4871297771199 472.22454702778066
377.92509172344523 471.32555351636313
378.3628548774924 470.42646318666385
378.80048372518456 469.5273074761956
379.23804098518457 468.62811692674495
379.67557368059613 467.72891442427635
380.1131109734109 466.82971415882025
380.5506674722413 465.93052323897547
380.9882479714199 465.03134399836847
381.4258516465155 464.13217603656
381.8634750652476 463.23301768377826
382.3011140460809 462.3338669052905
382.7387646432692 461.4347217808636
383.1764235632564 460.5355807075299
383.6140882563716 459.6364424443021
384.05175684959715 458.7373060795031
384.4894280199863 457.8381709691831
384.9271008615565 456.9390366723443
385.36477476929394 456.039902894486
385.8024493475775 455.14076944303156
386.2401243422992 454.2416361942884
386.67779959275265 453.34250307002895
387.1154749986695 452.4433700214452
387.5531504982358 451.5442370184477
387.9908273936303 450.64510469490574
388.42851398547265 449.7459770914359
388.86623767866445 448.84686754948984
389.30406258847944 447.94780729102797
389.7421093792898 447.04885511818406
390.1805753366959 446.15010732030305
390.6197572411124 445.25170915977895
391.0600851329026 444.35387212127387
391.50217865146976 443.45690315813135
391.94693695738334 442.5612525290795
392.39566700438877 441.66758517210917
392.8502428618524 440.77687714485717
393.3132720286213 439.8905341013795
393.78822634270955 439.0105236471638
394.27948110664744 438.13950771337824
394.7922045775058 437.28095390467956
395.3320584872129 436.43919517667376
395.90471119663596 435.6193971073967
396.5152215524282 434.8273888337843
397.16740613184334 434.0693286288051
397.8633318081367 433.35121481256454
398.6030598059074 432.6783088092371
399.3847036005366 432.0545837269151
400.20477273881914 431.48231927018503
401.0586968332657 430.96192169051767
401.94139202310447 430.4919757342254
402.8477529402701 430.0694714291176
403.7730059111475 429.6901207471853
404.7129135395792 429.3486919112386
405.66385636760754 429.03932523911396
406.6228299839952 428.755829907455
407.58739334354345 428.49197857541935
408.55559614737047 428.24181196961126
409.52590561187844 427.9999451817171
410.4971459376166 427.7618438804607
411.46845521134253 427.52402400161543
412.4392544247154 427.28413051001
413.4092154658446 427.0408701994547
414.378213976415 426.79380363653615
415.3462601448452 426.54303159705074
416.3134119140718 426.2888319603834
417.279684076254 426.031308935021
418.24496860111896 425.77010827258647
419.20897640783903 425.5042343389587
420.1712026698882 425.23198331394156
421.1309113446192 424.9509864106738
422.0871324937207 424.6583413799435
423.03866771375255 424.35080158570725
423.9841023987311 424.02498989709034
424.9218263114723 423.67760845908094
425.8500648617593 423.3056229838793
426.76692270277493 422.90640913220557
427.6704396293421 422.4778567277011
428.5586571306703 422.01843353462715
429.42969267659873 421.5272135454887
430.28181785704675 421.0038755315374
431.1135357909128 420.44867711791795
431.92365300408875 419.86240917498054
432.7113416583992 419.2463356534991
433.47618971856434 418.60212493885547
434.21823884075513 417.931779430736
434.93801141399695 417.2375694892854
435.636528354809 416.52197597100945
436.3153177504422 415.787642969997
436.9764121247818 415.03734021229417
437.6223305833788 414.27393380359456
438.2560422487496 413.5003644626994
438.88090852529336 412.71963266724185
439.5006027021142 411.9347892897363
440.11900625111986 411.14892858288215
440.7400832666319 410.36517904329526
441.36773903592587 409.5866880444571
442.0056751520483 408.816598756292
442.65725925904695 408.05802235835523
443.32542940325675 407.3140138514236
444.01264832036657 406.58756346773157
444.72091084638146 405.8816143234988
445.4517910690418 405.1991085725165
446.2065016012418 404.5430506386522
446.98585713458726 403.91646867861516
447.79003526976066 403.32208031490916
448.61818999761545 402.76158076385514
449.46814667123004 402.2347281725376
450.3364016545735 401.738609956888
451.2184594858983 401.2674688079755
452.109343048343 400.81323706297553
453.0040704848958 400.3666244631985
453.89804436967074 399.9185054016307
454.78744492589726 399.4613766992021
455.66971172342903 398.99062698016553
456.54405249702654 398.5053144915307
457.4117580688087 398.00823598596224
458.2760792237857 397.50529569024195
459.14158848759644 397.0044027732848
460.0131982702529 396.51420241957464
460.89516294115776 396.04288689969906
461.79037122764794 395.5972389177679
462.70008160056136 395.181995570544
463.62407115239654 394.7995778563892
464.56104445193967 394.4501768890991
465.5091172884579 394.13212359693534
466.46623409342317 393.8424212986134
467.43045256494736 393.57731237916414
468.4000934141733 393.332778897791
469.37378813669534 393.10492239177745
470.3504654807753 392.8902101062395
471.32930962161265 392.6856028044432
472.3097109840221 392.48859222456076
473.2912203525493 392.2971781198207
474.2735102116318 392.10981047922155
475.2563437757277 391.925316074736
476.23955037505436 391.7428200938475
477.2230056526438 391.561669005025
478.2066149559977 391.38135611487087
479.19035973282394 391.20178380612845
480.17410450965014 391.0222114973861
480.5275487561442 390.9576939509149
481.1156643922468 390.85113287756445
481.1154766545045 390.8503738689286
480.13173187767904 391.029946177675
481.11561648338846 390.85114158419924
481.4817422531419 389.920485983847
481.8525148969877 388.99176231850004
482.22992097676536 388.0657144520553
482.61559936624786 387.14308116635283
483.0108496500534 386.2245076999651
483.4166201851714 385.3105327151706
483.833498952942 384.401570618611
484.26170412731744 383.49788907700565
484.70107592455986 382.59958377044893
485.1510754000211 381.7065549511577
485.61079831568406 380.8184925429823
486.0790113605791 379.9348769339134
486.5542136625221 379.0550003674405
487.0347205173236 378.17800939685486
487.51876112792746 377.30296386244754
488.00457958096575 376.4289041215331
488.49042926970947 375.5548617427278
488.9747564650943 374.6799747969967
489.4563358753658 373.803572337163
489.9343041451378 372.9251952352921
490.4030687417753 372.0418721047565
490.8608163920797 371.1527899439633
