1.683187725775273
318754
1114
0.0 100.0
0.0 101.0
0.0 102.0
0.0 103.0
0.0 104.0
0.0 105.0
0.0 106.0
0.0 107.0
0.0 108.0
0.0 109.0
0.0 110.0
0.0 111.0
0.0 112.0
0.0 113.0
0.0 114.0
0.0 115.0
0.0 116.0
0.0 117.0
0.0 118.0
0.0 119.0
0.0 120.0
0.0 121.0
0.0 122.0
0.0 123.0
0.0 124.0
0.0 125.0
0.0 126.0
0.0 127.0
0.0 128.0
0.0 129.0
0.0 130.0
0.0 131.0
0.0 132.0
0.0 133.0
0.0 134.0
0.0 135.0
0.0 136.0
0.0 137.0
0.0 138.0
0.0 139.0
0.0 140.0
0.0 141.0
0.0 142.0
0.0 143.0
0.0 144.0
0.0 145.0
0.0 146.0
0.0 147.0
0.0 148.0
0.0 149.0
0.0 150.0
0.0 151.0
0.0 152.0
0.0 153.0
0.0 154.0
0.0 155.0
0.0 156.0
0.0 157.0
0.0 158.0
0.0 159.0
0.0 160.0
0.0 161.0
0.0 162.0
0.0 163.0
0.0 164.0
0.0 165.0
0.0 166.0
0.0 167.0
0.0 168.0
0.0 169.0
0.0 170.0
0.0 171.0
0.0 172.0
0.0 173.0
0.0 174.0
0.0 175.0
0.0 176.0
0.0 177.0
0.0 178.0
0.0 179.0
0.0 180.0
0.0 181.0
0.0 182.0
0.0 183.0
0.0 184.0
0.0 185.0
0.0 186.0
0.0 187.0
0.0 188.0
0.0 189.0
0.0 190.0
0.0 191.0
0.0 192.0
0.0 193.0
0.0 194.0
0.0 195.0
0.0 196.0
0.0 197.0
0.0 198.0
0.0 199.0
0.0 200.0
0.0 201.0
0.0 202.0
0.0 203.0
0.0 204.0
0.0 205.0
0.0 206.0
0.0 207.0
0.0 208.0
0.0 209.0
0.0 210.0
0.0 211.0
0.0 212.0
0.0 213.0
0.0 214.0
0.0 215.0
0.0 216.0
0.0 217.0
0.0 218.0
0.0 219.0
0.0 220.0
0.0 221.0
0.0 222.0
0.0 223.0
0.0 224.0
0.0 225.0
0.0 226.0
0.0 227.0
0.0 228.0
0.0 229.0
0.0 230.0
0.0 231.0
0.0 232.0
0.0 233.0
0.0 234.0
0.0 235.0
0.0 236.0
0.0 237.0
0.0 238.0
0.0 239.0
0.0 240.0
0.0 241.0
0.0 242.0
0.0 243.0
0.0 244.0
0.0 245.0
0.0 246.0
0.0 247.0
0.0 248.0
0.0 249.0
0.0 250.0
0.0 251.0
0.0 252.0
0.0 253.0
0.0 254.0
0.0 255.0
0.0 256.0
0.0 257.0
0.0 258.0
0.0 259.0
0.0 260.0
0.0 261.0
0.0 262.0
0.0 263.0
0.0 264.0
0.0 265.0
0.0 266.0
0.0 267.0
0.0 268.0
0.0 269.0
0.0 270.0
0.0 271.0
0.0 272.0
0.0 273.0
0.0 274.0
0.0 275.0
0.0 276.0
0.0 277.0
0.0 278.0
0.0 279.0
0.0 280.0
0.0 279.0
0.0 278.0
0.0 277.0
0.0 276.0
0.0 275.0
0.0 274.0
0.0 273.0
0.0 272.0
0.0 271.0
0.0 270.0
0.0 269.0
0.0 268.0
0.0 267.0
0.0 266.0
0.0 265.0
0.0 264.0
0.0 263.0
0.0 262.0
0.0 261.0
0.0 260.0
0.0 259.0
0.0 258.0
0.0 257.0
0.0 256.0
0.0 255.0
0.0 254.0
0.0 253.0
0.0 252.0
0.0 251.0
0.0 250.0
0.0 249.0
0.0 248.0
0.0 247.0
0.0 246.0
0.0 245.0
0.0 244.0
0.0 245.0
0.0 246.0
0.0 247.0
0.0 248.0
0.0 249.0
0.0 250.0
0.0 251.0
0.0 252.0
0.0 253.0
0.0 254.0
0.0 255.0
0.0 256.0
0.0 257.0
0.0 258.0
0.0 259.0
0.0 260.0
0.0 261.0
0.0 262.0
0.0 263.0
0.0 264.0
0.0 265.0
0.0 266.0
0.0 267.0
0.0 268.0
0.0 269.0
0.0 270.0
0.0 271.0
0.0 272.0
0.0 273.0
0.0 274.0
0.0 275.0
0.0 276.0
0.0 277.0
0.0 278.0
0.0 279.0
0.0 280.0
0.0 281.0
0.0 282.0
0.0 283.0
0.0 284.0
0.0 285.0
0.0 286.0
0.0 287.0
0.0 288.0
0.0 289.0
0.0 290.0
0.0 291.0
0.0 292.0
0.0 293.0
0.0 294.0
0.0 295.0
0.0 296.0
0.0 297.0
0.0 298.0
0.0 299.0
0.0 300.0
0.0 301.0
0.0 302.0
0.0 303.0
0.0 304.0
0.0 305.0
0.0 306.0
0.0 307.0
0.0 308.0
0.0 309.0
0.0 310.0
0.0 311.0
0.0 312.0
0.0 313.0
0.0 314.0
0.0 315.0
0.0 316.0
0.0 317.0
0.0 318.0
0.0 319.0
0.0 320.0
0.0 321.0
0.0 322.0
0.0 323.0
0.0 322.0
0.0 321.0
0.0 320.0
0.0 319.0
0.0 318.0
0.0 316.99999999999994
0.0 315.99999999999994
0.0 314.99999999999994
0.0 313.99999999999994
0.0 312.99999999999994
0.0 311.99999999999994
0.0 310.9999999999999
0.0 309.9999999999999
0.0 308.9999999999999
0.0 307.9999999999999
0.0 306.99999999999994
0.0 305.99999999999994
0.0 304.99999999999994
0.0 303.99999999999994
0.0 302.99999999999994
0.0 301.99999999999994
0.0 302.99999999999994
0.0 303.99999999999994
0.0 304.99999999999994
0.0 305.99999999999994
0.0 306.99999999999994
0.0 307.99999999999994
0.0 308.99999999999994
0.0 309.99999999999994
0.0 310.99999999999994
0.0 311.99999999999994
0.0 312.99999999999994
0.0 313.99999999999994
0.0 314.99999999999994
0.0 315.99999999999994
0.0 316.99999999999994
0.0 317.99999999999994
0.0 318.99999999999994
0.0 319.99999999999994
0.0 320.99999999999994
0.0 321.99999999999994
0.0 322.99999999999994
0.0 323.99999999999994
0.0 324.99999999999994
0.0 325.99999999999994
0.0 326.99999999999994
0.0 327.99999999999994
0.0 328.99999999999994
0.0 329.99999999999994
0.0 330.99999999999994
0.0 331.99999999999994
0.0 332.99999999999994
0.0 333.99999999999994
0.0 334.99999999999994
0.0 335.99999999999994
0.0 336.99999999999994
0.0 337.99999999999994
0.0 338.99999999999994
0.0 339.99999999999994
0.0 340.99999999999994
0.0 341.99999999999994
0.0 342.99999999999994
0.0 343.99999999999994
0.0 344.99999999999994
0.0 345.99999999999994
0.0 346.99999999999994
0.0 347.99999999999994
0.0 348.99999999999994
0.0 349.99999999999994
0.0 350.99999999999994
0.0 351.99999999999994
0.0 352.99999999999994
0.0 353.99999999999994
0.0 354.99999999999994
0.0 355.99999999999994
0.0 356.99999999999994
0.0 357.99999999999994
0.0 358.99999999999994
0.0 359.99999999999994
0.0 360.99999999999994
0.0 361.99999999999994
0.0 362.99999999999994
0.0 363.99999999999994
0.0 364.99999999999994
0.0 365.99999999999994
0.0 366.99999999999994
0.0 367.99999999999994
0.0 368.99999999999994
0.0 369.99999999999994
0.0 370.99999999999994
0.0 371.99999999999994
0.0 372.99999999999994
0.0 373.99999999999994
0.0 374.99999999999994
0.0 375.99999999999994
0.0 376.99999999999994
0.0 377.99999999999994
0.0 378.99999999999994
0.0 379.99999999999994
0.0 380.99999999999994
0.0 381.99999999999994
0.0 382.99999999999994
0.0 383.99999999999994
0.0 384.99999999999994
0.0 385.99999999999994
0.0 386.99999999999994
0.0 387.99999999999994
0.0 388.99999999999994
0.0 389.99999999999994
0.0 390.99999999999994
0.0 391.99999999999994
0.0 392.99999999999994
0.0 393.99999999999994
0.0 394.99999999999994
0.0 395.99999999999994
0.0 396.99999999999994
0.0 397.99999999999994
0.0 398.99999999999994
0.0 399.99999999999994
0.0 400.99999999999994
0.0 401.99999999999994
0.0 402.99999999999994
0.0 403.99999999999994
0.0 404.99999999999994
0.0 405.99999999999994
0.0 406.99999999999994
0.0 407.99999999999994
0.0 408.99999999999994
0.0 409.99999999999994
0.0 410.99999999999994
0.0 411.99999999999994
0.0 412.99999999999994
0.0 413.99999999999994
0.0 414.99999999999994
0.0 415.99999999999994
0.0 416.99999999999994
0.0 417.99999999999994
0.0 418.99999999999994
0.0 419.99999999999994
0.0 420.99999999999994
0.0 421.99999999999994
0.0 422.99999999999994
0.0 423.99999999999994
0.0 424.99999999999994
0.0 425.99999999999994
0.0 426.99999999999994
0.0 427.99999999999994
0.0 428.99999999999994
0.0 429.99999999999994
0.0 430.99999999999994
0.0 431.99999999999994
0.0 432.99999999999994
0.0 433.99999999999994
0.0 434.99999999999994
0.0 435.99999999999994
0.0 436.99999999999994
0.0 437.99999999999994
0.0 438.99999999999994
0.0 439.99999999999994
0.0 440.99999999999994
0.0 441.99999999999994
0.0 442.99999999999994
0.0 443.99999999999994
0.0 444.99999999999994
0.0 445.99999999999994
0.0 446.99999999999994
0.0 447.99999999999994
0.006091036698009906 448.99998144946386
0.014392951204435827 449.9999469879778
0.026303473936785733 450.9998760551862
0.043522605923691574 451.99972779494243
0.06813503635396574 452.99942486319276
0.1026881619916753 453.9988277256604
0.1502584992849757 454.99769561632957
0.2144975741187753 455.99563015389424
0.2996468618455041 456.99199835832457
0.4105102099238745 457.98583401780394
0.5523718952628527 458.9757205073737
0.7308500885737947 459.95966437493547
0.9516801729318274 460.9349766704811
1.220430801448793 461.8981864605433
1.542167788280178 462.8450155429571
1.9210958162507656 463.7704416878322
2.3602225339134226 464.6688668242987
2.861098649310093 465.5343858113955
3.423684856363335 466.3611244397621
4.046377933109506 467.1435906257231
4.7261962969035745 467.8769711492226
5.459089055980744 468.55731532954036
6.240305171428034 469.18157599702266
7.064750762116576 469.7475172201141
7.927274737396739 470.2535334175494
8.822849538759145 470.6984443919754
9.746644757342434 471.08133131277924
10.694017961991932 471.4014625532294
11.660464054010943 471.6583320750127
12.641569899433323 471.8518038302589
13.633014816342572 471.98232960064473
14.630641123938679 472.0511899694512
15.630595877245808 472.0607026629962
16.629521059084418 472.01435095225435
17.624752090874 471.916805099636
18.614479223351008 471.7738358608508
19.597834468544946 471.59214254300565
20.574884392087036 471.37913210451404
21.54652936428319 471.1426875063395
22.514326223281216 470.89095502986186
23.48026024284525 470.632166564414
24.446493918561202 470.3744991743305
25.41511682127757 470.1259641218061
26.387915583455122 469.89431229620175
27.366178186748403 469.6869423875895
28.350543072370993 469.51080104674867
29.340901081581368 469.37226941284194
30.336356103367454 469.2770365424617
31.335247684670602 469.2299662885672
32.335235171322104 469.23496894190407
33.33343820270498 469.2948914596919
34.326623235549384 469.41143969234196
35.311421336316585 469.5851426017169
36.28455991440106 469.81536273081883
37.243091066835255 470.10035050215856
38.18460163147512 470.4373339686247
39.10739387717567 470.82263186801555
40.01062943127847 471.2517769877648
40.89443107481868 471.71963877812135
41.759936689635 472.22053800024236
42.609297363446366 472.7483508892312
43.44560908280543 473.29660512593404
44.272766872976476 473.85857486725416
45.09523395269059 474.42738758053207
45.91772813762345 474.9961610993879
46.74484369440467 475.55819299859866
47.58064695276338 476.10722206278103
48.428302527520465 476.63776897548837
49.28979525359975 477.1455388868779
50.16580238815874 477.62783703139195
51.05573862836042 478.083921988802
51.95795105301462 478.5152139326168
52.87000003840308 478.92529520291805
53.78894445822405 479.3196822631519
54.711563517430854 479.7053946839894
55.687679783321556 479.488145896965
56.663796049212195 479.2708971099403
57.63991231510286 479.0536483229157
58.61602858099351 478.836399535891
59.59214484688417 478.6191507488664
60.56826111277483 478.40190196184176
61.544377378665466 478.184653174817
62.52049364455614 477.9674043877924
63.49660991044682 477.7501556007678
64.47272617633747 477.5329068137431
65.44884244222814 477.31565802671844
66.42495870811882 477.09840923969386
67.40107497400948 476.88116045266923
68.37719123990013 476.66391166564455
69.3533075057908 476.4466628786199
70.32942377168145 476.2294140915953
71.30554003757211 476.0121653045707
72.28165630346275 475.794916517546
73.25777256935342 475.5776677305214
74.23388883524406 475.36041894349665
75.21000510113473 475.1431701564721
76.18612136702538 474.92592136944745
77.16223763291605 474.70867258242276
78.13835389880671 474.4914237953982
79.11447016469737 474.2741750083735
80.09058643058802 474.0569262213489
81.06670269647869 473.8396774343243
82.04281896236931 473.62242864729956
83.01893522825996 473.4051798602749
83.99505149415063 473.18793107325035
84.97116776004127 472.97068228622567
85.9472840259319 472.7534334992009
86.9234002918226 472.53618471217646
87.89951655771324 472.3189359251517
88.87563282360391 472.1016871381271
89.85174908949456 471.88443835110246
90.82786535538521 471.66718956407783
91.80398162127588 471.4499407770532
92.78009788716653 471.23269199002846
93.75621415305721 471.01544320300394
94.73233041894785 470.79819441597925
95.7084466848385 470.58094562895457
96.68456295072917 470.36369684193
97.66067921661983 470.14644805490525
98.6367954825105 469.9291992678806
99.61291174840117 469.71195048085605
100.58902801429183 469.49470169383136
101.5651442801825 469.2774529068068
102.54126054607315 469.0602041197821
103.51737681196379 468.84295533275736
104.49349307785447 468.62570654573284
105.46960934374515 468.4084577587082
106.44572560963579 468.1912089716835
107.42184187552645 467.97396018465884
108.3979581414171 467.75671139763415
109.37407440730777 467.5394626106095
110.35019067319844 467.32221382358495
111.32630693908908 467.10496503656026
112.30242320497975 466.8877162495357
113.2785394708704 466.67046746251094
114.25465573676107 466.4532186754863
115.23077200265173 466.23596988846174
116.20688826854239 466.01872110143705
117.18300453443304 465.8014723144124
118.15912080032369 465.58422352738773
119.13523706621437 465.36697474036316
120.11135333210503 465.14972595333853
121.08746959799568 464.9324771663139
122.06358586388633 464.7152283792892
123.039702129777 464.4979795922646
124.01581839566765 464.28073080523995
124.9919346615583 464.0634820182153
125.96805092744894 463.84623323119064
126.94416719333961 463.628984444166
127.92028345923026 463.4117356571413
128.89639972512094 463.1944868701167
129.87251599101162 462.9772380830921
130.84863225690228 462.75998929606743
131.82474852279293 462.54274050904286
132.80086478868358 462.32549172201817
133.7769810545742 462.1082429349935
134.75309732046486 461.89099414796885
135.72921358635554 461.6737453609443
136.7053298522462 461.4564965739195
137.68144611813688 461.23924778689496
138.65756238402753 461.0219989998703
139.63367864991818 460.8047502128456
140.60979491580886 460.58750142582096
141.58591118169952 460.3702526387963
142.56202744759017 460.15300385177164
143.53814371348085 459.93575506474707
144.50827448358487 459.69317252436673
145.47840525368886 459.4505899839863
146.4485360237929 459.208007443606
147.41866679389693 458.96542490322554
148.38879756400095 458.7228423628452
149.35892833410495 458.4802598224648
150.32905910420897 458.23767728208446
151.29918987431296 457.99509474170407
152.26932064441698 457.7525122013237
153.239451414521 457.50992966094327
154.20958218462502 457.26734712056293
155.17971295472904 457.02476458018253
156.14984372483303 456.78218203980214
157.11997449493705 456.5395994994218
158.09010526504105 456.29701695904134
159.06023603514507 456.054434418661
160.0303668052491 455.81185187828066
161.00049757535308 455.56926933790027
161.9706283454571 455.32668679751987
162.94075911556112 455.08410425713953
163.9108898856651 454.8415217167591
164.88102065576913 454.59893917637874
165.85115142587316 454.3563566359984
166.82128219597715 454.11377409561794
167.79141296608117 453.8711915552376
168.7615437361852 453.6286090148572
169.7316745062892 453.3860264744768
170.70180527639323 453.14344393409647
171.67193604649722 452.900861393716
172.64206681660124 452.6582788533357
173.61219758670526 452.41569631295533
174.58232835680928 452.17311377257494
175.55245912691328 451.93053123219454
176.5225898970173 451.6879486918142
177.49272066712132 451.44536615143386
178.46285143722534 451.20278361105346
179.42336959388632 450.9245663025973
180.38388775054727 450.6463489941411
181.3444059072082 450.3681316856848
182.30492406386918 450.0899143772286
183.26544222053013 449.81169706877233
184.22596037719111 449.5334797603162
185.18647853385207 449.25526245185995
186.146996690513 448.97704514340364
187.10751484717395 448.69882783494745
188.06803300383487 448.4206105264912
189.02855116049585 448.142393218035
189.98906931715683 447.86417590957876
190.94958747381781 447.5859586011226
191.91010563047877 447.3077412926664
192.84364953707882 446.9492782200216
193.7771934436788 446.59081514737676
194.71073735027883 446.2323520747319
195.64428125687883 445.873889002087
196.57782516347888 445.51542592944224
197.4599120006647 445.0443390885482
198.34199883785047 444.57325224765407
199.22408567503632 444.10216540676015
199.99795116072323 443.46881541657893
200.77181664641006 442.8354654263976
201.37575440702082 442.0384339456464
201.9254866957578 441.2030930507298
202.45596901801684 440.35539705229013
203.02631374460682 439.5339916147314
203.6770305013241 438.7746710615213
204.4294229337318 438.11595592760096
205.2862076438438 437.6002816500592
206.22869209739372 437.2660316615526
207.21964645316606 437.13183231440127
208.2181814767712 437.18594152465107
209.19650302414303 437.39303317090463
210.14441518838868 437.7115650042826
211.0631668260199 438.10640095546984
211.95825443373948 438.55229127214744
212.8342068843913 439.03468872673966
213.69693264278087 439.54036081990995
214.5507675387685 440.0609047377437
215.39835497137327 440.59156050572375
216.2413249002954 441.12952119102795
217.08078399124858 441.6729440784886
217.91755252079994 442.22050085906255
218.7522649919532 442.7711868771356
219.58541643115157 443.32423179336007
220.41739046217947 443.87904636751546
221.2484812077848 444.4351831965145
222.07891193436546 444.9923050937244
222.90885080550936 445.5501594386608
223.7384237775817 446.1085577588652
224.5677248404515 446.6673598232163
225.39682396266048 447.226461464738
226.22577315513215 447.7857853747406
227.05461104810922 448.3452742014077
227.88336632122378 448.90488540330125
228.71206026260444 449.46458742359323
229.54070867305913 450.0243568509925
230.3693232807812 450.58417631463203
231.19791279155768 451.14403292362334
232.02648366810797 451.7039171103376
232.8550407083495 452.2638217728171
233.6835874744769 452.82374163881565
234.51212661137114 453.38367279407896
235.34066008290912 453.9436123323697
236.16918934736188 454.5035580957659
236.9977154875962 455.06350848191494
237.82623930773372 455.6234623009614
238.65476140491438 456.1834186693361
239.48328222257996 456.743376930901
240.31180209003807 457.3033365984014
241.14032125184008 457.86329730999364
241.96883988959678 458.42325879696375
242.79735813817797 458.98322085975724
243.62587609774246 459.54318335017877
244.45439384267183 460.10314615817333
245.28291142820473 460.66310920200993
246.11142889536333 461.2230724209923
246.93994627461237 461.783035770045
247.76846358857614 462.3429992156932
248.59698085405645 462.9029627330772
249.42549808353093 463.46292630373506
250.2540152862659 464.0228899139564
251.08253246914316 464.5828535535592
251.91104963727307 465.1428172149819
252.7395667944512 465.7027808926088
253.56808394421992 466.26274458119866
254.38990543872123 466.8324896392515
255.19719646287248 467.42264318056493
255.98557926027772 468.0378281647408
256.7549848443857 468.67658872014744
257.5081484075635 469.3344220174966
258.2487101304332 470.00641036160704
258.9800175500815 470.6884583496309
259.7046993252323 471.37754203450834
260.4246710997406 472.07154538025776
261.1433087906911 472.76693007173816
261.8628477498073 473.46138214806456
262.58414767147474 474.15400500576027
263.30727786872876 474.84471675303206
264.03199223292023 475.53376616369474
264.7579731474307 476.2214810114089
265.48492859092494 476.90816564293493
266.2126197008639 477.5940706279844
266.9408609376859 478.27939150246
267.6695116879707 478.9642769557362
268.39846664796124 479.6488386157094
269.12764740085186 480.3331597607969
269.8569956996013 481.01730233300776
270.5864683227906 481.70131234171913
271.3160332079927 482.38522394293676
272.0456665702017 483.0690624887585
272.77535076237615 483.7528467966296
273.5050726892276 484.43659083460886
274.2348226316013 485.120304971954
274.97077237964663 485.7973411366837
275.7164088800572 486.4636940531293
276.4720080391302 487.11872833529185
277.2371534398095 487.7625858628702
278.01519544193474 488.3907981223247
278.8101002287754 488.99753231442025
279.62968647852614 489.5704881410069
280.4817992311674 490.0938463899972
281.36978554324384 490.5537162732956
282.29123696747064 490.94220986756767
283.23977742755426 491.2588658253268
284.20785204579727 491.5095280153628
285.1887980330615 491.70380866306124
286.1776815641355 491.85250083491474
287.171247883965 491.96575262563124
288.1675097537818 492.05213715404363
289.1653126431498 492.1183896556492
290.1640044822334 492.16952291828517
291.16322078086176 492.2091055982781
292.16275639692395 492.2395777531615
293.1624926607487 492.26254300503626
294.16235699611894 492.27901452150036
295.1623008537246 492.2896108244744
296.16228787594383 492.29470546804686
297.162287861801 492.29453728484754
298.1622740853025 492.28928820805356
299.1622225413293 492.2791351154391
300.16211221808976 492.2642813513418
301.16192579047566 492.2449727917642
302.16165032723404 492.2215025850499
303.1612777613686 492.1942080265141
304.1608050028882 492.1634624014557
305.16023367554266 492.12966405421423
306.1595695313521 492.0932244151702
307.15882163817787 492.0545562499145
308.1580014498493 492.014062991855
309.1571218618988 491.97212968497337
310.15619633632474 491.92911579709414
311.1552381531055 491.88534996197774
312.15425982007616 491.8411265640624
313.15327265002384 491.79670398421865
314.1522864964263 491.7523042691733
315.15130962767546 491.70811396221455
316.15034871341976 491.66428583020723
317.1494088948234 491.62094123499867
318.14849391187454 491.5781729207459
319.14760626422947 491.5360480187066
320.14674738648097 491.494611104898
321.1459178234305 491.4538871816345
322.14511739539915 491.4138844895026
323.1443453474925 491.3745970900548
324.1436004798746 491.3360071897182
325.1428812584488 491.2980872006344
326.1421859069433 491.26080155329703
327.1415124823507 491.22410828845847
328.1408589361109 491.18796046200794
329.140223163491 491.1523073971614
330.13960304344357 491.1170958146064
331.13899647091023 491.0822708646939
332.1384013831808 491.0477770778699
333.1378157815567 491.0135592416
334.13723774924165 490.9795632049372
335.13666546609323 490.94573660609944
336.136097220613 490.9120295140044
337.13553141932664 490.87839497161605
338.1349665935048 490.84478942720267
339.1344014030226 490.81117303947
340.13383463706185 490.7775098444657
341.13326521136594 490.74376777656664
342.13269216186114 490.7099185428407
343.1321146346702 490.6759373591602
344.1315318728332 490.64180256660666
345.1309432003714 490.60749515649877
346.13034800462725 490.5729982402546
347.12974571803585 490.5382965049424
348.12913580058716 490.50337569598696
349.128517724205 490.4682221649283
350.12789096010596 490.432822512885
351.1272549699314 490.39716335044864
352.12660920110756 490.3612311833781
353.125953086521 490.32501242184776
354.125286048226 490.28849350004145
355.12460750455 490.2516610831987
356.1239168796453 490.21450233124847
357.12321361427036 490.1770051824546
358.1224971763982 490.1391586177356
359.1217670701876 490.10095286730234
360.1210228419422 490.06237952657096
361.1202640819547 490.0234315579678
362.11949042157124 489.9841031685202
363.1187015253767 489.9443895684336
364.11789707901943 489.90428663112834
365.11707677377234 489.8637904881833
366.11624028937945 489.82289710143607
367.11538727699156 489.7816018578163
368.1145173440112 489.73989922987346
369.1136300424344 489.69778253663446
370.1127248618218 489.65524382634254
371.11180122740245 489.6122738864059
372.1108585031038 489.5688623687152
373.1098959986055 489.524998002976
374.1089129789572 489.4806688594142
375.10790867497303 489.4358626171949
376.1068822925835 489.3905667970977
377.1058330196004 489.3447689260505
378.1047600288838 489.29845661533045
379.10366247759424 489.2516175508618
380.1025395029366 489.20423940987763
381.1013902154063 489.15630973014913
382.10021369091083 489.10781576370965
383.09900896318646 489.0587443455532
384.09777501765257 489.0090817998448
385.09651078733503 488.9588138940131
386.09521515087204 488.90792583792756
387.0938869320604 488.85640231458086
388.0925249000508 488.8042275228908
389.0911277692367 488.7513852135764
390.0896941981127 488.69785870498623
391.08822278682305 488.6436308751563
392.0867120736314 488.5886841361366
393.0851605309535 488.53300040358226
394.08356656176215 488.47656107647043
395.0819284970357 488.419347038011
396.0802445945118 488.3613386806811
397.07851303846627 488.30251594864063
398.0767319397359 488.2428583829173
399.07489933491763 488.18234515133827
400.07301318369656 488.12095504728484
401.07107136356217 488.05866644798033
402.0690716616445 487.9954572316621
403.0670117638669 487.9313046605811
404.06488924191694 487.86618524104637
405.0627015386107 487.8000745719634
406.06044595210204 487.7329471904648
407.0581196191574 487.6647764191313
408.0557194974996 487.5955342157311
409.05324234707007 487.52519102427095
410.0506847099998 487.45371562547456
411.04804288907224 487.38107498507736
412.0453129244966 487.30723409908126
413.0424905688628 487.2321558360726
414.03957127315005 487.1558009466546
415.03655021995957 487.07812868893933
416.0334224468515 486.9990985475277
417.03018307281155 486.91867308802875
418.0268275852376 486.83682129604387
419.023352095672 486.75352123539926
420.0197534582014 486.6687608392841
421.01602917291996 486.5825361313285
422.01217705541944 486.49484692907566
423.00819471793375 486.40569079659116
424.0040789546184 486.3150564370857
424.99982513820134 486.2229177487939
425.99542671804096 486.1292294665975
426.9908748729828 486.0339248453931
427.98615833356274 485.9369153969051
428.98126335956533 485.83809238731556
429.97617384316015 485.7373296480059
430.970871499973 485.6344871882383
431.96533610560965 485.52941507901863
432.9595457321941 485.42195709463925
433.95347693959906 485.31195366311783
434.9471048805928 485.1992437927583
435.9404032894006 485.0836658058403
436.9333443390787 484.96505690286847
437.9258983710949 484.84325175712996
438.91803351506434 484.71808045011124
439.9097152230559 484.5893660762642
440.9009057394982 484.4569222764287
441.8915635171902 484.3205508443088
442.8816425776893 484.18003944277444
443.87109180464057 484.0351593983043
444.8598541515177 483.88566350739734
445.8478657382403 483.73128376616813
446.83505480227484 483.5717289108659
447.821340460486 483.4066816436756
448.8066312317791 483.23579543590944
449.79082327114213 483.058690863257
450.7737982737694 482.8749515255802
451.7554210210787 482.68411970966645
452.735536553319 482.4856920315029
453.71396695731386 482.2791153035339
454.6905077429293 482.06378278385904
455.6649237482502 481.8390308126231
456.63694447813623 481.6041357282304
457.6062587686118 481.35831098114437
458.5725086968972 481.10070454471776
459.5352827242762 480.83039699357573
460.4941081563856 480.5464008831442
461.44844312284226 480.2476622485517
462.3976684109559 479.9330651214102
463.34096017643986 479.6011002962103
464.2773606702653 479.2501670900821
465.2058852040705 478.8788960433767
466.1255554065099 478.48620441022774
467.035372170416 478.071194222262
467.93427501598154 477.63304621732055
468.82111774197074 477.1709748166041
469.69466824379896 476.6842412953056
470.5536284723259 476.1721989866934
471.3966674174462 475.6343464632166
472.22246093920126 475.07037389346925
473.0297340177459 474.48019580453587
473.8173023136273 473.8639684282189
474.5841106859411 473.2220923341404
475.32926674179555 472.5552021989431
476.05206783081155 471.86414606105177
476.7520202964707 471.14995662832564
477.42885029173783 470.4138172682133
478.08250602849836 469.6570252374677
478.71315189370137 468.8809544979714
479.3211553600252 468.08702012729697
479.90706799123905 467.27664589980446
480.4716020635319 466.4512361341605
481.01560439181293 465.6121524274752
481.54002888367967 464.76069546888584
482.04590917583965 463.8980917765658
482.53433247515073 463.0254849460344
483.00641546360265 462.1439308342442
483.46328286136907 461.2543960227511
483.9060489943681 460.3577588879697
484.33580249511886 459.45481263896454
484.75359408513833 458.5462697465764
485.16042724720205 457.63276726806566
485.55725149769125 456.71487265852505
485.94495791199387 455.7930897468216
486.32437653596304 454.8678646348702
486.69627510801587 453.9395912634407
487.06135780824616 453.00861617140407
487.4202616878758 452.07524164572493
487.7735477952474 451.1397263191064
488.1216846790919 450.20228260873915
488.46502414106783 449.26307123005483
488.8037721374217 448.3221940887839
489.1379603695038 447.3796877357348
489.4674252723705 446.4355199128458
489.79180037778724 445.4895913790834
490.1105257092362 444.54174425897764
490.4228747682249 443.5917768567217
490.72799669227487 442.6394635619159
491.02496897704356 441.68457746290755
491.3128550624245 440.7269128024736
491.5907610516584 439.7663045258343
491.8578866162569 438.8026427943445
492.1135664157239 437.8358812724868
492.3572998304558 436.86603900565
492.58876823608875 435.8931965840864
492.8078402801595 434.9174878983063
493.0145665660698 433.9390890825294
493.2091657671635 432.9582062399158
493.39200449186495 431.9750633201175
493.5635732408466 430.9898911705046
493.7244606034408 430.0029183965349
493.8753275064223 429.0143643122356
494.01688292212714 428.02443397918955
494.14986202029377 427.03331513694576
494.27500735139773 426.04117671610777
494.393053308123 425.0481685831598
494.504713841293 424.05442217419414
494.6106732103416 423.06005171399795
494.7115794221091 422.065155771486
494.80803994677177 421.06981896056124
494.90061928406647 420.0741136495851
494.9898379727927 419.07810158862304
495.07617267879687 418.0818354000272
495.1600570510203 417.0853599050467
495.24188309477915 416.0887132783215
495.32200287150476 415.0919280349629
495.40073039090817 414.0950318629928
495.4783436113543 413.0980483184887
495.5550865040431 412.10099740282703
495.63117116440003 411.10389604165135
495.7067799695297 410.10675848414644
495.78206778510844 409.10959663929606
495.8571642215284 408.1124203633864
495.9321759311689 407.11523771040004
496.00718892993297 406.11805515438715
496.0822709191322 405.1208777905758
496.15747357950227 404.12370951998486
496.23283480790195 403.1265532206746
496.3083808691464 402.1294109075465
496.38412844011964 401.1322838817912
496.4600865297007 400.1351728706058
496.5362582641698 399.13807815751784
496.61264253141627 398.1409997033743
496.68923547687183 397.1439372576336
496.7660318396251 396.1468904589988
496.8430261104649 395.1498589237614
496.920213487798 394.1528423196969
496.99759060582716 393.1558404232065
497.07515601426206 392.15885315778416
497.1529104004732 391.16188061281366
497.23085656168644 390.1649230430284
497.30899915340655 389.16798085044184
497.3873442572244 388.1710545519083
497.4658988234542 387.1741447364664
497.54467004786983 386.17725201696044
497.62366472898594 385.1803769794781
497.70288861058344 384.18352013088617
497.78234563673885 383.18668183858665
497.86203694647884 382.1898622485143
497.94195935080467 381.1930611603895
498.0221030181059 380.1962778375999
498.10244818467106 379.1995107363121
498.1829609075145 378.2027571551998
498.2635881478521 377.20601283085404
498.3442527490058 376.20927152935167
498.4248490713811 375.2125247045162
498.5052400923552 374.2157613004194
498.58525667715344 373.2189677680581
498.66469951813536 372.2221283451736
498.7433440383926 371.2252256220188
498.8209483240527 370.22824138199934
498.8972629233294 369.23115759317454
498.97204146857115 368.23395742812664
499.04505197804264 367.23662625669624
499.11608688162767 366.2391524262261
499.1849686711207 365.24152759740707
499.2515554829077 364.2437469619485
499.31571287195874 363.24580716946093
499.37739884687113 362.24771156256793
499.43672188795784 361.2494727250164
499.4939227764871 360.25111003623465
499.54931590066866 359.25264541403044
499.60323096348526 358.2540998887781
499.6559734763922 357.2554917437421
499.70696538255146 356.2567926772029
499.7567664006897 355.25803351774937
499.80594914827674 354.25924372137587
499.8548493924939 353.2604400539239
499.90085520785095 352.2614988820057
499.94465343976674 351.2624584849841
499.98845167168236 350.26341808796246
