3.1701274965766073
200284
802
0.0 100.0
0.0 101.0
0.0 102.0
0.11965264060695947 102.99281581655198
0.25683507136711803 103.98336161594277
0.4215260120343861 104.96970683647265
0.6421417525284607 105.94506763896896
0.9495498398102633 106.89664541712152
1.3585853524063989 107.80916388237864
1.8623628421745568 108.67299733901417
2.439580292976294 109.48958782052246
3.0655545353217866 110.26943155353567
3.7193299849756984 111.0261201694338
4.3859024488981895 111.77156040871546
5.0558407121645175 112.51397722116766
5.724191949182691 113.25782305464142
6.389332059655542 114.00454163177753
7.067872444328625 114.73910473074704
7.77451964429603 115.44667079464371
8.511062277203534 116.12306191663578
9.269645350658676 116.7746382518931
10.038855730176667 117.41363386380431
10.808042740853232 118.05265760562182
11.569337400678759 118.70106368279966
12.318162267227233 119.36383160540805
13.052911116788145 120.04217084802116
13.774213558668425 120.73479108114861
14.484088255806817 121.43911906892325
15.185203790276917 122.15216675829942
15.880355265102937 122.8710300464476
16.572166242348292 123.59310869296945
17.262980605913906 124.31614086036689
17.9548868153619 125.03812825452782
18.649799774338028 125.75722211449815
19.349531694237253 126.4716276297863
20.057548629704332 127.1778230836741
20.777185230408765 127.87217397690213
21.510350593155792 128.55222438008414
22.257790873163145 129.2165533857903
23.02002040715179 129.86386021992342
23.798110021295752 130.49201350723575
24.59405490541109 131.09738260245834
25.41072946821509 131.67448108492812
26.251499011084572 132.21587426532759
27.11955882368039 132.7123338928464
28.017096708256013 133.15327124185592
28.944436155524063 133.52749249932344
29.89938210280909 133.82427227923424
30.877006248950433 134.03463156446168
31.87002656024903 134.15257503120927
32.86975288017471 134.17596915970037
33.86735793744473 134.1068016116068
34.85510754253578 133.95075444680563
35.82722314966928 133.71625232236437
36.780224527448425 133.41328636066066
37.71279895139198 133.05230859984104
38.625366313521624 132.64338218888702
39.51953018288819 132.19564233727738
40.39755749278768 131.71703180347077
41.26196281284356 131.2142361763427
42.11521854278197 130.6927434541238
42.95957961684922 130.15696889649718
43.79699737923925 129.61040555045787
44.62909527402739 129.05577676154664
45.4571828252211 128.49517796779304
46.28229013080342 127.93020192027005
47.10521068501272 127.36204546166041
47.92654491720454 126.7915981993917
48.74674020379804 126.21951455878502
49.56610890962638 125.64624767162931
50.38483880791692 125.07206882001148
51.203017938447104 124.49710542085909
52.02067452498428 123.92139915331255
52.8378172626267 123.34496377417778
53.65446299830335 122.76782449947788
54.47064814145322 122.19003404256341
55.28642749792432 121.61167079895642
56.10186672142645 121.03282809772038
56.91703359638201 120.45360191912071
57.73199113827996 119.87408125089252
58.54679349998101 119.29434242058494
59.36148444121615 118.71444702461305
60.176097608807034 118.13444238050445
60.990657831579185 117.55436338288655
61.80518280712377 116.97423489348606
62.61968478124976 116.39407411047425
63.43417201232553 115.81389262988864
64.24864712393962 115.23369413578406
65.06310490981588 114.65347132080214
65.87753333832511 114.0732072991396
66.69191778722103 113.49288155492648
67.50624591089431 112.9124767763497
68.3205108300494 112.33198332984635
69.13471192844487 111.7514003716297
69.94885380742417 111.17073437392358
70.76294310478042 110.58999465948173
71.57698517053026 110.00918874078798
72.390982744696 109.42832046892912
73.2049367601692 108.8473911610998
74.01884800022228 108.26640192426726
74.83271680859241 107.6853532492303
75.64654180287103 107.10424320914547
76.46031980025708 106.52306735712617
77.2740473377101 105.94182085624152
78.08772260585346 105.36050118685827
78.90135256514759 104.7791181037375
79.71497250512729 104.19772099911157
80.52865871814865 103.61641664961901
81.34256111694317 103.03541502721464
82.15696651539196 102.45511868311323
82.97236301101773 101.87621579408847
83.78946093627027 101.29971689508865
84.60913644642818 100.72688877248348
85.43228836798134 100.15906757347508
86.25962883360901 99.59736680443967
87.09145356450496 99.04232841201093
87.92744729762228 98.49358942288353
88.76656845979178 97.94964487129826
89.60703064878788 97.40777467570905
90.44637120993096 96.8641687316466
91.28158258385577 96.31423968088947
92.1092836381064 95.75307039734628
92.92591836617227 95.17591554731312
93.72797654588828 94.5786696378666
94.51222830083506 93.9582269049227
95.27595388753448 93.31268586965027
96.01713960113227 92.64138583392963
96.73460871499921 91.94479551627731
97.42806589322466 91.22429767313855
98.09805105459111 90.48192318304021
98.74581699454285 89.7200837727716
99.37315761614042 88.94133879237458
99.98221747400112 88.14821453379795
100.57530952487444 87.34307987475583
101.15475976421484 86.5280722550808
101.7227882544735 85.70506336433024
102.28142829264998 84.87565314752183
102.8324801537614 84.0411821496042
103.37749299958702 83.2027544557122
103.91776764303584 82.36126570971126
104.45437324510408 81.51743253435669
104.9881721012361 80.67182105075909
105.51984800828376 79.8248731598797
106.04993501208341 78.97692990210669
106.57884446798145 78.12825164301104
107.10688924271129 77.2790351123897
107.63430454321609 76.4294274966085
108.16126530453423 75.57953788258146
108.68790034572845 74.72944639727747
109.21430365268108 73.8792113953931
109.74054320757728 73.028875032027
110.26666778820368 72.17846752638005
110.79271212943999 71.32801038398352
111.31870079136128 70.47751880405445
111.84465102444445 69.62700345891378
112.3705748694384 68.776471796207
112.89648068137731 67.92592898307596
113.42237422574891 67.07537858481123
113.94825946039383 66.22482304871588
114.47413908894646 65.37426404648656
115.00001494976618 64.52370271477255
115.52588828743713 63.67313982307858
116.05175994111337 62.82257589023178
116.57763047441887 61.97201126470295
117.1035002645509 61.12144617969976
117.62936956308903 60.27088079076425
118.15523853729687 59.42031520130886
118.68110729804948 58.5697494798831
119.20697591863878 57.71918367180031
119.73284444738692 56.86861780693607
120.25871291607598 56.01805190493985
120.78458134556193 55.16748597870605
121.31044974950211 54.31692003667838
121.83631813682234 53.46635408437531
122.36218651334553 52.6157881253969
122.88805488286397 51.76522216208775
123.4139232478436 50.914656195972455
123.93979160988563 50.06409022804097
124.46565997002838 49.21352425893524
124.99152832894436 48.362958289071045
125.51739668706864 47.512392318717374
126.04326504468239 46.661826348048066
126.56913340196715 45.811260377175365
127.09500175904009 44.960694406171704
127.6208701159767 44.11012843508375
128.14673847282563 43.25956246394159
128.6726068296182 42.40899649276457
129.19847518637448 41.55843052156514
129.72434354310752 40.70786455035133
130.25021189982562 39.857298579128276
130.7760802565341 39.006732607899295
131.30194861323645 38.15616663666651
131.82781402674436 37.30559884579023
132.3536624948398 36.455020578608625
132.87946119108506 35.60441154325409
133.40516194223503 34.753741971539924
133.9307208998983 33.902984789954075
134.45612633882374 33.05213279063366
134.98141842962633 32.20121080869863
135.50668809925116 31.350274986105525
136.032054636775 30.499398966200022
136.55763150428672 29.648652848761586
137.08349597050113 28.79808447221975
137.609668828557 27.947706836433557
138.1361126090613 27.097496894143813
138.66274218766787 26.24740202476942
139.18944715633947 25.39735386379461
139.19011800835557 25.39744408288281
139.5203046036942 24.863383650113036
140.2559243627757 25.540778343071928
140.25592436277577 25.540778343071988
139.52030248127906 24.86338708301421
140.25592436098245 25.540778339875178
140.99154680420574 26.21817011796685
141.72716888387913 26.895562290860045
142.4627904438159 27.572955028166984
143.19841137997497 28.25034844287105
143.93403168253423 28.9277425456374
144.66965142532774 29.60513725628431
145.40527073257113 30.282532439918487
146.14088974476886 30.959927943958192
146.87650859353704 31.63732362547453
147.6121273872485 32.31471936677977
148.34774620572057 32.992115081196204
149.08336510104272 33.66951071215716
149.81898410180582 34.346906228614316
150.55460321865257 35.0243016190102
151.29022244979882 35.701696885282274
152.025841785792 36.37909203769546
152.7614612132162 37.05648709081887
153.4970807173321 37.73388206065867
154.2327002837909 38.41127696279696
154.9683198996197 39.0886718113217
155.70393955367945 39.76606661832942
156.43955923677171 40.443461393809145
157.17517894153332 41.12085614575699
157.91079866221975 41.79825088041119
158.64641839444636 42.47564560253326
159.38203813492933 43.15304031568928
160.11765788125004 43.83043502250581
160.85327763165347 44.50782972488869
161.58889738488324 45.185224424202275
162.32451714005094 45.86261912141135
163.06013689653543 46.540013817190484
163.7957566539069 47.2174085120064
164.5313764118709 47.894803206178864
165.26699617022757 48.57219789992489
166.00261592884243 49.24959259339053
166.73823568762577 49.926987286673196
167.4738554465182 50.60438197983739
168.20947520548074 51.28177667292546
168.94509496448796 51.959171365964984
169.68071472352352 52.63656605897377
170.41633448257681 53.31396075196327
171.1519542416412 53.991355444940766
171.8875740007124 54.66875013791082
172.6231937597878 55.346144830876355
173.3588135188652 56.02353952383971
174.09443327794463 56.700934216800825
174.83005303702512 57.378328909760825
175.5656727961061 58.05572360272027
176.30129255518733 58.733118295679446
177.0369123142687 59.41051298863847
177.77253207335013 60.08790768159743
178.50815183243162 60.765302374556356
179.2437715915131 61.442697067515255
179.9793913505946 62.12009176047415
180.71501110967608 62.797486453433045
181.45063086875757 63.47488114639194
182.18625062783906 64.1522758393508
182.92187038692057 64.82967053230969
183.65749014600206 65.50706522526858
184.39310990508358 66.18445991822746
185.12872966416506 66.86185461118635
185.86434942324655 67.53924930414524
186.59996918232804 68.21664399710413
187.33558894140953 68.89403869006301
188.071208700491 69.57143338302188
188.8068284595725 70.24882807598077
189.542448218654 70.92622276893965
190.27806797773547 71.60361746189854
191.01368773681696 72.28101215485742
191.74930749589848 72.9584068478163
192.48492725498 73.63580154077519
193.22054701406148 74.31319623373409
193.956166773143 74.99059092669299
194.6917865322245 75.66798561965189
195.427406291306 76.34538031261079
196.16302605038751 77.02277500556966
196.898645809469 77.70016969852855
197.63426556855052 78.37756439148745
198.369885327632 79.05495908444632
199.1055050867135 79.73235377740522
199.84112484579498 80.40974847036412
200.57674460487652 81.08714316332299
201.312364363958 81.76453785628189
202.0479841230395 82.44193254924079
202.783603882121 83.11932724219967
203.51922364120253 83.79672193515856
204.25484340028402 84.47411662811744
204.9904631593655 85.15151132107633
205.726082918447 85.82890601403523
206.46170267752848 86.50630070699411
207.19732243661 87.183695399953
207.9329421956915 87.86109009291188
208.668561954773 88.53848478587078
209.4041817138545 89.21587947882966
210.13980147293603 89.89327417178856
210.87542123201752 90.57066886474746
211.611040991099 91.24806355770636
212.3466607501805 91.92545825066523
213.082280509262 92.60285294362413
213.81790026834352 93.28024763658303
214.553520027425 93.95764232954191
214.5736684540664 93.9761959873384
215.19695904885424 94.75818629050619
214.57366845404118 93.9761959873152
215.1972762299152 94.75793337412561
215.820884005764 95.53967076091284
215.92471370800106 95.66982879171549
216.54762938395976 96.45211777965082
217.1707495600727 97.23424388592845
217.79396268698278 98.01629592923948
218.41721806600702 98.79831430019846
219.04049265205526 99.58031736309934
219.66377596940794 100.3623134668683
220.28706325594754 101.14430640701423
220.9103523468568 101.92629790898438
221.53364225802343 102.70828875716475
222.1569325420753 103.49027930813489
222.78022299563906 104.2722697239945
223.4035135262622 105.05426007843344
224.02680409191618 105.83625040495082
224.650094673495 106.61824071877516
225.2733852623132 107.40023102682932
225.89667585442243 108.18222133226038
226.51996644802773 108.96421163649899
227.14325704231308 109.74620194019552
227.76654763690763 110.5281922436456
228.38983823164276 111.31018254698365
229.01312882644174 112.0921728502708
229.6364194212698 112.8741631535348
230.25971001611106 113.65615345678827
230.88300061095828 114.43814376003695
231.50629120580825 115.22013406328345
232.12958180065948 116.00212436652896
232.75287239551125 116.78411466977403
233.3761629903633 117.5661049730189
233.99945358521546 118.34809527626366
234.62274418006768 119.13008557950839
235.2460347749199 119.9120758827531
235.86932536977213 120.6940661859978
236.49261596462435 121.4760564892425
237.11590655947663 122.25804679248718
237.73919715432885 123.04003709573189
238.36248774918113 123.82202739897656
238.9857783440334 124.60401770222126
239.60906893888566 125.38600800546598
240.2323595337379 126.16799830871068
240.85565012859016 126.94998861195538
241.4789407234424 127.73197891520007
242.10223131829468 128.51396921844477
242.72552191314693 129.29595952168947
243.34881250799918 130.07794982493417
243.9721031028514 130.85994012817886
244.59539369770366 131.64193043142356
245.2186842925559 132.42392073466823
245.84197488740816 133.20591103791293
246.4652654822604 133.9879013411576
247.08855607711263 134.7698916444023
247.7118466719649 135.55188194764696
248.33513726681716 136.33387225089166
248.9584278616694 137.11586255413636
249.58171845652163 137.89785285738105
250.20500905137388 138.67984316062575
250.82829964622613 139.46183346387042
251.45159024107838 140.2438237671151
252.07488083593063 141.0258140703598
252.69817143078285 141.80780437360448
253.32146202563513 142.58979467684918
253.94475262048738 143.37178498009388
254.56804321533963 144.15377528333858
255.1913338101919 144.93576558658327
255.81462440504413 145.71775588982797
256.43791499989635 146.49974619307267
257.0612055947486 147.28173649631734
257.68449618960085 148.06372679956203
258.3077867844531 148.84571710280673
258.9310773793054 149.62770740605143
259.5543679741577 150.4096977092961
260.1776585690099 151.1916880125408
260.8009491638622 151.9736783157855
261.4242397587144 152.7556686190302
262.0475303535667 153.5376589222749
262.66974656408706 154.31830128583238
261.68411623386254 154.4872179876162
261.6841162338619 154.4872179876163
260.6984859036374 154.65613468940012
259.71285557341287 154.82505139118393
258.72722524318834 154.99396809296775
257.7415949129638 155.16288479475156
256.7559645827393 155.33180149653538
255.77033425251477 155.5007181983192
254.78470392229025 155.669634900103
253.79907359206572 155.8385516018868
252.8134432618412 156.00746830367058
251.82781293161668 156.1763850054544
250.84218260139215 156.3453017072382
249.85655227116763 156.51421840902202
248.8709219409431 156.68313511080584
247.88529161071858 156.85205181258965
246.89966128049406 157.02096851437346
245.91403095026953 157.18988521615728
244.928400620045 157.3588019179411
243.9427702898205 157.5277186197249
242.95713995959596 157.69663532150872
241.97150962937144 157.86555202329254
240.98587929914692 158.03446872507635
240.0002489689224 158.20338542686017
239.01461863869787 158.37230212864398
238.02898830847334 158.54121883042777
237.04335797824882 158.7101355322116
236.0577276480243 158.87905223399542
235.07209731779977 159.04796893577924
234.08646698757525 159.21688563756305
233.10083665735075 159.38580233934687
233.52590204188084 160.29096498709274
233.98946862568243 161.177027074298
234.47147075187013 162.053197120779
234.96235687925264 162.92442086353594
235.45754077365393 163.79320904872583
235.95480807306777 164.6608064397625
236.45308639057328 165.52782357817662
236.9518555812881 166.39455842482448
237.4508631631752 167.261156043803
237.94998653342236 168.1276869787806
238.44916614633243 168.99418551545273
238.94837307917405 169.86066831286007
239.44759328289013 170.7271434643801
239.94681993308393 171.593614901726
240.44604971473794 172.46008453484058
240.9452810175419 173.32655329151947
241.44451305926594 174.19302162245606
241.94374545993105 175.0594897465819
242.44297803495692 175.92595777024638
242.94221069468108 176.79242574511028
243.44144339554865 177.6588936962686
243.94067611640224 178.52536163591157
244.43990884696433 179.3918295699608
244.93914158224248 180.2582975012928
245.43837431981146 181.12476543130484
245.9376070584933 181.99123336067566
246.43683979771572 182.85770128973508
246.93607253720074 183.72416921864317
247.4353052768133 184.59063714747776
247.9345380164878 185.45710507627666
248.43377075619244 186.32357300505822
248.93300349591172 187.19004093383137
249.43223623563807 188.05650886260042
249.9314689753679 188.9229767913675
250.43070171509936 189.7894447201336
250.92993445483165 190.6559126488992
251.42916719456434 191.5223805776646
251.9283999342972 192.3888485064299
252.42763267403018 193.2553164351951
252.9268654137632 194.1217843639603
253.42609815349624 194.9882522927255
253.92533089322927 195.85472022149068
254.42456363296236 196.72118815025584
254.92379637269542 197.58765607902103
255.42302911242848 198.45412400778622
255.92226185216154 199.3205919365514
256.4214945918946 200.18705986531657
256.92072733162763 201.05352779408173
257.4199600713607 201.9199957228469
257.9191928110938 202.78646365161208
258.4184255508269 203.65293158037727
258.9176582905599 204.51939950914246
259.41689103029296 205.38586743790762
259.91612377002605 206.2523353666728
260.41535650975914 207.118803295438
260.9145892494922 207.9852712242032
261.41382198922526 208.85173915296838
261.90921055114154 209.720410651708
262.4027282165601 210.59014642418134
262.8953362482106 211.46039772533143
263.38750222279646 212.33089910583573
263.8794534186205 213.2015218834652
264.3713002730691 214.0722036116352
264.86309644028034 214.94291397100636
265.3548679851448 215.81363823715589
265.8466275693585 216.68436925838688
266.3383813435536 217.55510356089533
266.83013229547606 218.4258394572975
267.3218818764544 219.29657612794347
267.8136307914849 220.16731317468398
268.3053793830255 221.03805040411535
268.7971278174283 221.9087877222903
269.28887617550004 222.77952508357313
269.78062449649326 223.65026246579595
270.2723727994754 224.52099985819058
270.76412109370847 225.39173725552624
271.2558693836916 226.26247465526205
271.7476176716103 227.13321205616376
272.2393659585262 228.0039494576318
272.73111424495494 228.87468685937492
273.22286253114703 229.74542426125169
273.7146108172242 230.61616166319334
274.2063591032455 231.48689906516654
274.6981073892398 232.3576364671551
275.1898556752208 233.22837386915108
275.6816039611955 234.0991112711507
276.17335224716703 234.96984867315206
276.6651005331371 235.84058607515425
277.15229099216674 236.7138818192355
277.6372626107496 237.58841170961614
278.1211552917349 238.4635390565142
278.60452361263236 239.33895613788332
279.08763716311466 240.21451384434266
279.5706269441946 241.09013983263463
280.05355660085326 241.96579898248666
280.5364570512768 242.84147423906342
281.0193433145895 243.71715731912374
281.50222268647303 244.59284419935508
281.98509871083695 245.46853292549838
282.46797310914195 246.3442225482881
282.9508467175889 247.2199126066223
283.4337199423625 248.09560287652184
283.91659298076684 248.97129324918913
284.3979708722869 249.84780641255617
284.87862198966604 250.7247183256707
285.35891995798124 251.60182371365568
285.839046356471 252.47902303050063
286.31908940851366 253.35626796105626
286.79909197356625 254.23353504555388
287.2790748717482 255.11081289062514
287.7590482166869 255.98809596247162
288.2695694925121 256.8479610838306
288.7947121000899 257.6989753267822
289.3268984927579 258.54560254312895
289.8624907044448 259.39007929401106
290.39973284961 260.23350734515606
291.18354393236245 260.8545066902076
291.69588544222927 261.7132884886101
292.0311435549936 262.65541480595067
292.28325304755657 263.6231135213367
292.472013348231 264.3476522867024
292.54889084347013 264.74888991527456
292.57853185155824 264.7565136024222
293.54701127805345 265.0056071600576
294.5154907045487 265.2547007176929
295.483970131044 265.50379427532823
296.45244955753924 265.75288783296355
297.4209289840345 266.00198139059887
298.38940841052977 266.2510749482342
299.35788783702503 266.5001685058695
300.3263672635203 266.7492620635049
301.29484669001556 266.99835562114026
302.2633261165108 267.2474491787756
303.2318055430061 267.4965427364109
304.20028496950135 267.74563629404634
305.1687643959966 267.99472985168165
306.1372438224919 268.243823409317
307.10572324898715 268.4929169669523
308.0742026754824 268.7420105245876
309.0426821019777 268.99110408222293
310.01116152847294 269.24019763985825
310.9796409549682 269.4892911974936
311.94812038146347 269.73838475512895
312.91659980795873 269.9874783127643
313.885079234454 270.23657187039964
314.85355866094926 270.48566542803496
315.8220380874445 270.7347589856703
316.7905175139398 270.9838525433057
317.75899694043505 271.23294610094104
318.7274763669303 271.48203965857635
319.6959557936442 271.73113321536164
320.664435220247 271.98022677257865
321.6329146467406 272.2293203302206
322.60139407318036 272.4784138880717
323.5698734996073 272.7275074459726
324.5383529260416 272.97660100384485
325.5068323524898 273.2256945616632
326.47531177895166 273.47478811942847
327.44379120542453 273.723881677151
328.41227063190536 273.9729752348425
329.3807500583916 274.22206879251297
330.34922948488133 274.4711623501697
331.3177089113733 274.720255907818
332.28618833786663 274.96934946546094
333.25466776436076 275.2184430231007
334.22314719085534 275.4675365807385
335.19162661735027 275.7166301383753
336.1601060438453 275.9657236960114
337.1285854703404 276.2148172536472
338.0970648968356 276.46391081128274
339.06554432333087 276.7130043689183
340.03402374982613 276.9620979265537
341.0025031763214 277.2111914841891
341.97098260281666 277.4602850418245
342.9394620293119 277.7093785994598
343.9079414558072 277.9584721570951
344.87642088230245 278.20756571473044
345.8449003087977 278.45665927236575
346.813379735293 278.7057528300011
347.78185916178825 278.9548463876364
348.7503385882835 279.20393994527177
349.7188180147788 279.45303350290715
350.68729744127404 279.70212706054247
351.6557768677693 279.9512206181778
352.6192533335381 280.21901363509517
353.57456981994534 280.51459849735727
354.52096024556363 280.8376235154253
355.45935453988136 281.18318993218475
356.39144198468387 281.54542327582044
357.3189726172477 281.919170417155
358.2434106448852 282.30050273031213
359.16584384047036 282.68665943384394
360.0851295949901 283.08025021312733
361.0007718353115 283.4822443520638
361.913042301391 283.89183267797057
362.822594158716 284.30742312400685
363.73014499525885 284.72736535704655
364.6363143326981 285.15028039802405
365.5415736430883 285.5751398817969
366.4459956706617 286.0017788345896
367.3496731821413 286.4299925140138
368.2527492596097 286.8594731285988
369.1553776403755 287.28989386025114
370.05769289969743 287.7209706199991
370.9597992814312 288.15248432318276
371.8617713276951 288.58427875084294
372.76364443205887 289.0162797967042
373.66544395733195 289.44843441743296
374.5671906252244 289.88069932110295
375.4689008716292 290.31304019533127
376.3705869550095 290.7454314614761
377.272257514274 291.17785509930786
378.1739326700458 291.61026915257594
379.07562317291155 292.04265120243656
379.9773312247861 292.47499665364967
380.87905462385413 292.9073100950011
381.7807897807538 293.3395990109023
382.6973985479894 293.73938441312066
383.63894364077476 294.076271394543
384.6006679827172 294.35029017148247
385.57932484426817 294.5557913815498
386.56404799320603 294.7299186911423
387.3557587263923 294.8699158670936
387.7323903480771 294.86761054340417
387.7454413945019 294.9388229448502
387.68955079418976 294.86787275993817
387.7323903480771 294.86761054340417
387.7454413945017 294.9388229448492
388.36424841220895 295.72436598939623
389.0980307490033 296.403750624348
389.90774693922384 296.99057231046294
390.7113310584319 297.5857635094542
391.51491517763986 298.18095470844537
392.318499296848 298.77614590743667
393.122083416056 299.3713371064279
393.9256675352641 299.96652830541916
394.72925165447214 300.56171950441035
395.5328357736802 301.15691070340165
396.3364198928882 301.7521019023929
397.14000401209626 302.34729310138414
397.94358813130424 302.9424843003754
398.74717225051234 303.5376754993666
399.5507563697204 304.1328666983578
400.3543404889284 304.7280578973491
401.15792460813645 305.3232490963403
401.9615087273445 305.9184402953316
402.2145225287851 306.1058402006323
402.31541488156586 307.10073754867904
402.4163072343467 308.0956348967257
402.51719958712744 309.0905322447724
402.6180919399082 310.08542959281914
402.7189842926889 311.08032694086586
402.81987664546966 312.0752242889125
402.9207689982505 313.0701216369592
403.02166135103124 314.0650189850059
403.12255370381206 315.0599163330526
403.2234460565928 316.05481368109935
403.3243384093736 317.049711029146
403.42523076215434 318.04460837719273
403.5261231149351 319.03950572523945
403.62701546771586 320.0344030732861
403.7279078204966 321.02930042133283
403.8288001732775 322.0241977693796
403.92969252605826 323.0190951174262
404.030584878839 324.01399246547294
404.1314772316198 325.00888981351966
404.23236958440054 326.0037871615664
404.3332619371813 326.9986845096131
404.43415428996207 327.99358185765976
404.5350466427428 328.9884792057065
404.6359389955236 329.98337655375315
404.7368313483044 330.97827390179987
404.83772370108517 331.97317124984653
404.9386160538659 332.96806859789325
405.03950840664675 333.9629659459399
405.1404007594275 334.95786329398663
405.24129311220827 335.9527606420334
405.3369752184735 336.8962798598444
406.32599710450717 336.7485107529699
407.31501899054075 336.60074164609523
408.3040408765744 336.4529725392207
409.29306276260803 336.30520343234616
410.2820846486416 336.1574343254715
411.27110653467525 336.0096652185969
412.26012842070884 335.86189611172233
413.2491503067425 335.7141270048478
414.238172192776 335.5663578979732
415.2271940788097 335.4185887910986
416.2162159648433 335.270819684224
417.20523785087687 335.12305057734943
418.19425973691057 334.9752814704749
419.18328162294415 334.82751236360036
420.17230350897773 334.6797432567257
421.16132539501143 334.5319741498512
422.150347281045 334.3842050429766
423.1393691670786 334.236435936102
424.1283910531122 334.0886668292274
425.1174129391459 333.9408977223528
426.10643482517946 333.7931286154782
427.09545671121305 333.6453595086037
428.0844785972467 333.4975904017291
429.07350048328027 333.3498212948545
430.0625223693139 333.2020521879799
431.05154425534755 333.0542830811053
432.0405661413811 332.90651397423073
433.0295880274148 332.7587448673562
434.0186099134484 332.61097576048167
435.007631799482 332.463206653607
435.99665368551564 332.3154375467324
436.9856755715493 332.1676684398579
437.33154845222293 332.11599180115957
438.32894565779435 332.043888997342
439.3266105740544 331.97559027946386
440.3250623281142 331.919965691241
441.323790557915 331.8695482042055
442.3237902896192 331.8702807283601
443.32260923023307 331.91886800931945
444.3203142669902 331.98657812399614
445.313808753715 332.1004583454893
446.30497603105135 332.2330759474044
447.2869185296175 332.42225556974716
448.2586474248347 332.6583550280266
449.21988906177336 332.9340623282847
450.17077311537093 333.2436096051487
451.1125627645322 333.579812307001
452.0466336574249 333.9368999251715
452.977536765832 334.30216613324177
453.90069800858083 334.6865790881306
454.8183717285288 335.08391388866653
455.73209515617793 335.49025056897614
456.6428813975304 335.9031287865694
457.55375539158086 336.31581337189164
458.4658781649445 336.72573049316287
459.38125446772796 337.12832982786483
460.30018658142944 337.52274556082716
461.22429265248127 337.9048816222571
462.1545068944587 338.27189860282135
463.0907862186275 338.62315495811475
464.0324445275105 338.9597253509177
464.97853030825456 339.28364153679587
465.9280796982477 339.5972590681357
466.88024249136095 339.90285032359105
467.83432366478496 340.2023985075579
468.7897805933976 340.49752908470316
469.74620199969814 340.7895189707783
470.7032824594128 341.07934131917887
471.66079863156847 341.36772089553676
472.61858934316825 341.6551873331831
473.5765397916279 341.94212101593206
474.5345693411985 342.22879048090766
475.4926220059305 342.5153826852677
476.45065891943597 342.80202753933094
477.4086525094642 343.08881715118054
478.36658230704063 343.37581976948763
479.32443226963505 343.66308871865886
480.28218934571515 343.9506672005006
481.239842903869 344.23859021548077
482.19738464617035 344.5268848768091
483.1548072856398 344.81557483062016
484.11210235469025 345.1046875262453
485.06925872383556 345.39425908045007
486.02625968217393 345.684343836581
486.9830669621032 345.9750667787001
487.9396522103101 346.2665194556701
488.8960116555527 346.5587122199461
489.85216257341875 346.8515866337547
490.80813381963173 347.14504698271855
491.76395757990963 347.43898734961
492.71966426783683 347.7333081382934
493.6751675504965 348.02828860684446
494.6304356885774 348.3240296834088
495.58561035869724 348.6200725005174
496.5407492757339 348.9162306494211
497.49587443171816 349.21243317541666
498.44980755338094 349.51245250711827
499.4037406750437 349.8124718388199
