6.154512657354259
271082
662
0.0 100.0
0.0 101.0
0.0 102.0
0.0 103.0
0.0 104.0
0.0 105.0
0.0 106.0
0.3219167116403543 106.94676799204804
0.6439216109060915 107.89350599426875
0.966135860447744 108.84017276636561
1.2887552509217448 109.78670154505656
1.6120538994663494 110.73299853007197
1.936372828003241 111.67894632598498
2.262095379153379 112.62441172443816
2.5896155030618284 113.56925592769868
2.919306534228636 114.51334481332765
3.25149692916356 115.45655716561794
3.586456558599557 116.39878964576712
3.924394450044433 117.33995805871231
4.265466257649634 118.2799953037494
4.609787843439804 119.21884707349739
4.957451107616684 120.15646653508182
5.308539501463459 121.09280885480581
5.663142443422635 122.02782583516172
6.021369082336853 122.9614604934581
6.3833621233447815 123.89364129044002
6.748929194542731 124.82442629056396
7.11735637226519 125.75408290174654
7.487503092572457 126.6830562089227
7.858041237960492 127.61187345833852
8.227698779542797 128.54104152814685
8.608022735553053 129.46589486164612
8.998388387287152 130.38655476516436
9.398559064401056 131.30299539563543
9.808621118426213 132.21505302092493
10.228898200952791 133.1224488407869
10.659860725897904 134.02481866635338
11.102039942241998 134.92174538612113
11.555952155689916 135.8127917948355
12.022036592938944 136.69753203770586
12.500609258068291 137.57557998866923
12.991143940270952 138.4470016578721
13.492002263979959 139.31253094078022
14.000701849147031 140.17347503423275
14.514392869043508 141.03145028800043
15.030279182594919 141.88810734393957
15.565790679603534 142.73263528105684
16.11759813867981 143.56660682020419
16.683259635354528 144.3912443594781
17.26106664179911 145.20741778670026
17.849900912593576 146.0156715844259
18.449116772441876 146.8162590895159
19.058448393984328 147.6091745799614
19.677934952464526 148.3941818435344
20.307855153975662 149.1708417045599
20.948664198421664 149.93854201624163
21.600929176144987 150.6965330444442
22.26526217726782 151.44396977328427
22.942253309146608 152.17996094670787
23.63240787474504 152.90362293657859
24.336092871286823 153.61413502348634
25.053497682504258 154.31079156500596
25.78461261001575 154.9930458891182
26.52922727474784 155.66054045918293
27.286949812707526 156.3131173170839
28.057248747411784 156.95080027215914
28.83952628080843 157.57373033303503
29.63325841074003 158.18199779551696
30.438350693838537 158.77514736830213
31.25618696746238 159.35059834757408
32.08806876598329 159.90555120439132
32.93225321119644 160.44160402124817
33.78205587467934 160.9687049917817
34.62470825624387 161.50716294171247
35.43720354288165 162.09013070170556
36.226467700909225 162.70418451763135
37.0157318589368 163.31823833355713
37.75063990558119 163.99640509990397
38.58501764424745 164.54759815974614
39.479361590945935 164.99497820512565
40.37655157583108 165.43662300699904
41.262462574645895 165.90047826694436
42.138256814309266 166.3831628945973
43.00777301230738 166.87706731998637
43.873860233698494 167.3769602334619
44.73812968359914 167.87998937572746
45.60141153952742 168.38471151435922
46.46412626672054 168.89040242735263
47.326491591002565 169.3966889544062
48.188625145177284 169.90337005210577
49.05059393454078 170.41033139793325
49.912438453906944 170.91750397648863
50.774184783371936 171.42484337339528
51.635850849998846 171.9323190768764
52.49744977267899 172.43990876987306
53.358991728772224 172.94759514736518
54.22048510614313 173.45536395375848
55.08193738493432 173.96320248258968
55.943356018550254 174.47109807979373
56.80474945111428 174.97903641693276
57.66612828014792 175.4869995188335
58.52750645081987 175.99496373714996
59.38890227656982 176.50289801575354
60.250339047067854 177.01076285056095
61.11184502090057 177.51851028487306
61.97345269814434 178.02608511730134
62.83519739966018 178.53342727936692
63.69711530970764 179.04047512359804
64.55924123403321 179.54716920349813
65.42160636718846 180.0534560561006
66.28768649404333 180.55336126098152
67.15115009636298 181.05777241021315
68.01433736884329 181.56265629055397
68.87774366166286 182.0671655308257
69.74143822057043 182.5711811148243
70.60541737998017 183.0747086831914
71.46966382625013 183.577777346606
72.33415566470424 184.0804242020087
73.19886867839824 184.58269046998637
74.06315379721366 185.08569269005525
74.92826593682139 185.5872711843145
75.793546844735 186.08855847759074
76.65894550620676 186.5896424592973
77.52444165937668 187.09055802987587
78.39001844051906 187.59133426328475
79.25566158019114 188.09199578041847
80.12135945240117 188.59256265312484
80.98710307006382 189.09305040370057
81.85288599531005 189.59347015386246
82.71870415596433 190.09382893781773
83.58455556508717 190.59413018438823
84.45043995180822 191.09437435360232
85.31635832526877 191.59455968975627
86.18231250536633 192.0946830325144
87.04830466166432 192.59474061442907
87.91433690409245 193.09472876936368
88.78041096511137 193.59464448308972
89.64652800234336 194.09448573570546
90.51268853388662 194.5942516144894
91.37889249812824 195.09394221109102
92.24513941029085 195.5935583509111
93.11142857452468 196.09310122587885
93.97775930725282 196.5925720073373
94.8441311354842 197.09197150197764
95.71054394973358 197.59129988621436
96.57699810942333 198.0905565227815
97.44349451358882 198.5897398373747
98.3100346578256 199.08884721903334
99.17662069911253 199.5878749066887
100.04325554544384 200.08681783240698
100.90994298035146 200.5856694036917
101.77668782623367 201.08442121786044
102.64349614642393 201.58306270836135
103.5103754840803 202.0815807260342
104.37733772007206 202.5799545629921
105.24439736410876 203.07815891231368
106.11156985956268 203.57616680695813
106.97887152000433 204.07394972128438
107.84632045472976 204.57147594737071
108.7139376080408 205.06870876535487
109.58174748551164 205.56560514948742
110.44977853567129 206.06211506475472
111.31806334118409 206.55818108507418
112.18663880101857 207.0537380147738
113.05554642776934 207.5487122930695
113.92483279119773 208.0430211219988
114.79455003954217 208.53657143142243
115.66475634617512 209.02925894282924
116.53551608109834 209.52096768185717
117.40689951201016 210.01157028716244
118.27898190724795 210.5009293536119
119.15184203700503 210.9888998382526
120.02556022595151 211.47533228608486
120.90021626118828 211.96007636291705
121.77588756213332 212.44298398627916
122.65264804239429 212.9239112783437
123.53056802956397 213.4027186468417
124.40971547460813 213.87926850768767
125.29015851533295 214.35342043696696
126.17196930403117 214.8250238009662
127.05522769838554 215.29391036379621
127.94001977104206 215.75989640238984
128.82642165783196 216.22281291224377
129.71445823386094 216.68258572530985
130.6040317675633 217.13937772188626
131.4948268679084 217.59378292564293
132.38620902016243 218.04703545861204
133.2771385052822 218.50117712433342
134.16611743334659 218.95912522778787
135.05117892997654 219.42459933789831
135.92992082671975 219.90189660261723
136.79958512191837 220.39554021257962
137.65718712574076 220.90985412746022
138.49969940140974 221.44853127134795
139.32429103746156 222.01425968123505
140.1286117247636 222.60845513054275
140.91109536748442 223.231126270772
141.67124407866936 223.8808754045797
142.40984518889712 224.55501811941858
143.1290753864782 225.24978996894
143.83245928256596 225.9606001367938
144.52467283476042 226.68229286791856
145.21120951731845 227.40938803603774
145.89795149179173 228.1362893089053
146.59070345525552 228.857465235512
147.29475096164416 229.56761811253773
148.0144985076736 230.26185400183226
148.75322769528228 230.93585636634964
149.5129950333808 231.58605140782467
150.2946658827383 232.20974258402066
151.09806011783206 232.80519006534718
151.92217084698618 233.3716187952798
152.76541292753225 233.909152788248
153.62586292873496 234.41868766971376
154.50146359639473 234.9017233524472
155.39017935908043 235.36018195816197
156.29010114917799 235.79623329884058
157.1995066991891 236.21214380076253
158.11688624729825 236.6101573240391
159.0409441552718 236.99240983575297
159.97058560146297 237.3608752771766
160.90489539432673 237.71733735224052
161.82900224410935 238.09947153048793
162.70574000582954 238.58044023755093
163.64640202029526 238.9197851572732
164.59309628146735 239.24191863250334
165.54202064045256 239.55742229480296
166.49268399048702 239.86764672147052
167.44483575756695 240.17327232976703
168.39831368806415 240.47473515675367
169.35300234827946 240.77234154454842
170.30882505464396 241.06628533849215
171.26575268277054 241.35661190380785
172.22381036474823 241.64318733541973
173.1830746442349 241.92569758673977
174.14366127593365 242.20367838284196
175.1057007019528 242.47658888609305
176.06930356982224 242.7439267117627
177.0345278776634 243.00534980858566
178.03023923923195 243.097864047724
179.0010306399181 243.337789153442
179.9702791385992 243.58387317934466
180.94055114797837 243.8258901783661
181.9118067343989 244.0639292210606
182.88386287564617 244.2986777210845
183.85654765798853 244.53080767218867
184.84274861250194 244.6963603143205
185.84258791902738 244.71428686241882
186.82667835988585 244.53661862043128
187.75632407493498 244.16816394955464
188.61189067014638 243.65047118240565
189.39782851328857 243.03216566996295
190.1305959067819 242.35168646599487
190.82752171040698 241.63454322769337
191.50210999588762 240.89634904924688
192.16348529341184 240.1462939073908
192.8173279845975 239.3896633930821
193.4669928056186 238.6294426223006
194.1143894661927 237.86728938057192
194.76057581324812 237.10410971307599
195.4061255072728 236.3403914452935
196.05134435112078 235.5763936419305
196.69639305519527 234.81225218292448
197.3896995399552 234.09160933227665
198.10384713076252 233.39161417619047
198.85398866617322 232.730336869116
199.65456784609069 232.13110988651033
200.514163922934 231.6201357338611
201.43136189155732 231.22170395004707
202.39435278732063 230.95217002884795
203.38497447211415 230.81553665950923
204.38489832173116 230.80319587480648
205.38042363651323 230.89769110023107
206.36404277716878 231.07795031951284
207.3334252568046 231.3235060324887
208.289447703109 231.61679954104648
209.23443640013062 231.9439025255962
210.17102516981356 232.2943329416617
211.1022882792934 232.65868033210378
212.03170214227185 233.02771945103765
212.96265864910166 233.39284954071974
213.89792907533024 233.74678347498178
214.83939016969578 234.08390512631266
215.77312619578518 234.44186746173744
216.70140053525392 234.81376361751734
217.62599168379035 235.19472451846144
218.54818891242564 235.58144440610283
219.46887526072 235.971747683138
220.38863059388228 236.3642398832128
221.30782352643132 236.75804739044437
222.22668240389012 237.1526337096638
223.14534571914965 237.54767511660287
224.06389599340463 237.94297929526292
224.98238165741935 238.33843357201232
225.90083076244804 238.73397275018814
226.81925936809824 239.12955952489563
227.7376765738398 239.52517276557128
228.65608748763105 239.92080061270684
229.5744949526794 240.31643646566192
230.4929005394348 240.71207667875518
231.41130510923728 241.1077192525082
232.329709131446 241.50336309738736
233.24811286029416 241.89900762324086
234.1665164327268 242.2946525121791
235.08491992213106 242.69029759384966
236.00332336764544 243.08594277740093
236.92172679004963 243.48158801459738
237.8401302003299 243.8772332799369
238.75798105539556 244.2741587236353
239.67404520427613 244.67519048688575
240.58664952986913 245.08403439953332
241.49398672204404 245.50443803854722
242.39432299797426 245.93963292620572
243.30062914004296 246.3622547155736
244.21080736656506 246.7764715621227
245.12345969915773 247.18520829868203
246.03768067434248 247.5904243009971
246.9528946135928 247.99339259429308
247.86873788786008 248.39492851669522
248.78497920710123 248.795555331718
249.70146863917074 249.1956142285131
250.6181064821356 249.59533296067957
251.53482484545145 249.99486699222072
252.45157685320015 250.39432381878487
253.3683301924358 250.7937775895773
254.28506306899294 251.19327831928783
255.20176150576174 251.59285806855655
256.1184174294995 251.99253533520607
257.03502726394674 252.39231829056376
257.9515908790183 252.792207199546
258.86811080540815 253.1921962300584
259.78459165045297 253.59227479817466
260.70103966471584 253.99242856506135
261.6174624183445 254.39264017987492
262.5338685549005 254.79288984306334
263.45026759864675 255.19315574545948
264.3666697989904 255.59341442082496
265.2830860025984 255.99364103383914
266.1995275494356 256.39380961235406
267.11600619358444 256.79389322213956
268.0325340532322 257.1938640741893
268.9491298670794 257.5936791740015
269.86582805590047 257.9932594921007
270.78407125571744 258.3892764437454
271.7068970322281 258.77449402668736
272.63796903716656 259.1393294986742
273.58038404703063 259.4737752329612
274.5359147479909 259.76866687326725
275.48032959318243 260.0974230141709
276.4157094184184 260.4510677264763
277.3433935436647 260.8244337181867
278.2641142718204 261.21465588662977
279.1772835292474 261.6222364397604
280.0809317444416 262.05051193891524
280.97250031322915 262.5033976719099
281.84985380204733 262.9832422880708
282.7119956790454 263.48990922396285
283.5592840993578 264.02104228902715
284.3932054858219 264.572925538635
285.21591584647626 265.14138632221807
286.02991120225 265.72225770279977
286.8377067047211 266.3117205313033
287.6415337919418 266.90658355238486
288.44314478705974 267.50442952962817
289.24376183788013 268.1036059126204
290.0441380393835 268.7031039827316
290.8450481210018 269.30188861944333
291.6474546228105 269.89866647246333
292.45230367503126 270.492146045102
293.2602563924225 271.0813933670816
294.07202174390477 271.6653771118321
294.88843277351623 272.24284834984206
295.7101909583273 272.812684717316
296.53813984779913 273.3734882804487
297.37321509288427 273.9236240228305
298.2160793868106 274.46175019950664
299.06759205434463 274.9860842314263
299.9287876194629 275.4943579752107
300.80109538364917 275.98331519679596
301.6863944307453 276.44833734380694
302.5862411916589 276.8845434956128
303.50170710226723 277.28693903052095
304.43339112859366 277.6502087307275
305.3812377468694 277.968935554549
306.3442773025214 278.2382955631798
307.3205375217395 278.4548965427996
308.3072405178782 278.61743022365033
309.30122383989544 278.7269617513105
310.29942964517346 278.78683804302335
311.2993098058539 278.80231913722514
312.29905855581455 278.77990403178137
313.2976438142026 278.7267299616904
314.2947049889913 278.65012047318555
315.29037859208495 278.55720074383487
316.2850162892325 278.45377999440325
317.27897366618936 278.3440132745245
318.27252252807193 278.2306084287204
319.26584197979446 278.1152114320971
320.2590393949807 277.9987687660876
321.25229873925014 277.88285554414347
322.24591164289734 277.7700131863795
323.23985582589364 277.66012705855655
324.2352572180299 277.56433526071754
325.2273984930206 277.4392125591007
326.2195654524314 277.31429368681347
327.21191024802624 277.1907954817422
328.20445192877867 277.0688897313894
329.19716072829385 276.9483524368908
330.18999571287134 276.82885895004307
331.1829196283731 276.7101066952241
332.17590331854365 276.5918553059924
333.168925773472 276.4739298888506
334.1619726570045 276.35621036155624
335.15503457159895 276.23861770114706
336.1481055483508 276.1211015953019
337.1411818928824 276.00363085881077
338.1342613679123 275.8861865900093
339.12734264369504 275.76875754892615
340.12042494266757 275.6513371611421
341.1135078166311 275.5339216364432
342.1065910105072 275.4165088175482
343.09967438077 275.2990974905503
344.0927578474849 275.18168697936187
345.0858413665443 275.06427691091517
346.0789249138141 274.94686708107974
347.0720084761905 274.82945737901946
348.06509204660847 274.71204774497744
349.0581725520285 274.5946121892261
350.05124604541584 274.47711735218434
351.04430991950005 274.35954124071236
352.03736352995105 274.24187847357575
353.0304077539282 274.12413651323214
354.0234442526777 274.00632941602885
355.016474865027 273.8884727109289
356.0095012488501 273.77058038280165
357.00252473340504 273.652663636229
357.9955463038296 273.5347307711254
358.98856664945123 273.41678759335986
359.98158623172253 273.2988379887575
360.97460534881435 273.18088446786805
361.9676241878792 273.0629286063681
362.9606428635645 272.94497136945483
363.95366144466215 272.82701333626187
364.94667564112535 272.7090183972916
365.9396799087598 272.5909399299077
366.93267057999424 272.4727471769941
367.92564674964365 272.3544326533364
368.91860965714193 272.23600687771057
369.91156164859467 272.11748961031907
370.90450532141597 271.9989026691996
371.897443017952 271.88026569858005
372.8903766166007 271.76159443552723
373.8833002295296 271.6428396508311
374.87620546275883 271.52393129189034
375.8690867623734 271.4048232532207
376.8619429962356 271.2855064527232
377.8547764942007 271.16600061471314
378.84758089985803 271.0462533303712
379.84034718655107 270.92619043016566
380.8330703809834 270.80577174708014
381.82573858872206 270.6849006200689
382.8183405201909 270.5634864296116
383.8108590339573 270.44139220439615
384.80328126805136 270.31851784061064
385.79558972873 270.1947280233172
386.7877640961062 270.0698680028072
387.779788405863 269.9438213096668
388.77165637081646 269.81655018136604
389.7633726413254 269.6881023755934
390.7549508823139 269.5585933334454
391.7464103719518 269.4281783020765
392.7377725361482 269.2970254927287
393.72905822304494 269.1652958948636
394.7202859787727 269.0331310876154
395.71147123919536 268.9006479584222
396.7026261971722 268.7679383156757
397.69376021199184 268.63507235063014
398.6848807496576 268.50210588938097
399.67599474255644 268.3690906531103
400.6671277212933 268.2362169594752
401.6583882187923 268.10429794606915
402.65007762768795 267.97564291785716
403.64281670766576 267.85535526643434
404.6374796126993 267.7521772389757
405.63474122756406 267.6782227156707
406.634273737642 267.64764884942224
407.63390743804683 267.6747129402975
408.629192609883 267.77170483028374
409.6136749280521 267.94718863356013
410.5813356239309 268.1994440153686
411.52806645151134 268.52147000827745
412.45193164053603 268.904188067047
413.3530218112788 269.33781982809637
414.2126893516864 269.8486737406483
415.0342907173874 270.418736189752
415.82297425763977 271.03353556624404
416.5843923088702 271.68179674143533
417.3176733644516 272.36172239437497
418.0184688329769 273.07508465248395
418.68724023321226 273.8185527514816
419.35637696719226 274.56169205957843
420.02550387541055 275.30484021485995
420.69450074033455 276.04810543987844
421.3632569595421 276.79158719437635
422.03167142510586 277.53537621165555
422.6996953361004 278.2795160199843
423.367349356286 279.0239877181233
424.0347109103404 279.7687216009097
424.70189073085805 280.51361829649505
425.3690088692378 281.2585702341694
425.63959544543525 281.5607266029597
426.05494214624315 282.0268531383866
426.0558021868263 282.0254928874207
426.59021030384974 281.18026631160836
427.1246184208736 280.3350397357963
427.65902653789794 279.48981315998446
428.19343465492295 278.6445865841731
428.72784277194853 277.7993600083621
429.2622508889745 276.9541334325513
429.7966590060007 276.1089068567407
430.33106712302697 275.2636802809301
430.8654752400531 274.4184537051195
431.39988335707926 273.57322712930886
431.93459615056315 272.7281932669787
432.46945631266846 271.88325267321324
433.00438768153253 271.0383571586049
433.5391418246873 270.1933494625578
434.073895967842 269.3483417665107
434.610940866634 268.50478810687696
435.1685858626655 267.67470855743545
435.77625423554883 266.8805176807582
436.44699798631416 266.13882851351275
437.1873383794633 265.4665963346699
437.99565183875285 264.87784396607054
438.86247598744 264.3792299918853
439.7743526055037 263.9687655799946
440.7179376000198 263.637635155352
441.6825622996637 263.37400816728564
442.68021619713556 263.30554868394574
443.6683916239113 263.15222117200943
444.6610579262903 263.03133439803804
445.6572712197477 262.94439146308235
446.6557591494822 262.88942006893495
447.65548039906884 262.8658102590049
448.6554487494639 262.87376627610934
449.654658507278 262.9135137274636
450.6521188037701 262.98473842066676
451.6469415804184 263.08636343265636
452.63842390047654 263.2166047817435
453.62608936715793 263.37318359871756
454.6096830598757 263.55358162433294
455.58913357672145 263.75526624211665
456.5645011216207 263.9758521717611
457.53592679969813 264.21319612464765
458.50359150151013 264.4654361390527
459.46768689248097 264.7309923046915
460.42839743037297 265.00854457433303
461.3858908068454 265.29699982911535
462.34031401637225 265.5954564207941
463.29179270968626 265.9031710551056
464.24043213370265 266.2195304128016
465.1863185588719 266.5440282874951
466.1295205582571 266.87624807672455
467.07008981987036 267.2158499967844
468.008061368681 267.562562231385
468.9434531798529 267.9161752396194
469.8762652090968 268.2765385536483
470.80647787014937 268.643559541083
471.7340499661808 269.01720376579925
472.6589160401566 269.39749673866174
473.58098305714475 269.78452699094515
474.50012627694525 270.1784505133385
475.41618412389494 270.57949667158215
476.32895181961555 270.9879757207987
477.2381735292822 271.4042879625968
478.1435328061191 271.82893438003765
479.044641222608 272.26252822424306
479.9410252529412 272.70580654557585
480.8321116985765 273.1596401565006
481.7172121911304 273.6250401114649
482.5955075303626 274.10315860837017
483.46603280317333 274.5952823218791
484.3276643868377 275.1028165710013
485.1791100818328 275.6272593500291
486.0189037561486 276.17016503666275
486.845406001114 276.7330984599618
487.6568123555018 277.31758090457333
488.45090673776883 277.92537536987544
489.22445764387516 278.5591095378529
489.97254619744973 279.2227084498552
490.68826074527607 279.92110138082575
491.3630339647267 280.6591265174656
491.9876476115717 281.4400604405187
492.5537067590541 282.26442506952185
493.0551937279068 283.1295902676609
493.4896114746054 284.0303017760548
493.8583366417472 284.959840237398
494.1661238385663 285.9112954604507
494.4200401756468 286.87852164587144
494.6282501495366 287.85660579704296
494.79898494683255 288.84192281658153
494.9398452006058 289.83195230548927
495.0574327158255 290.8250148293338
495.15723176622276 291.8200224421387
495.24364782720875 292.8162815773057
495.320128736051 293.81335262321096
495.3892888912864 294.8109581930269
495.45300928474717 295.8089259838184
495.5125372970017 296.80715261928606
495.56861260773223 297.8055791611641
495.62161807172157 298.8041733834522
495.67173187969917 299.8029168971984
495.71905417301264 300.8017965699095
495.7636923370282 301.80079979028136
495.8058035548397 302.7999127195013
495.84560342604885 303.79912039073474
495.88335345686147 304.79840760428937
495.9197009954086 305.7977468141884
495.95542432060466 306.79710853250504
495.991153561548 307.79647003933906
496.0272724636694 308.79581753891546
496.0639472388654 309.79514479305413
496.1011985008823 310.79445072392724
496.13896867876167 311.7937371761835
496.1771693168643 312.79300726542294
496.21570865603 313.79226434912897
496.25559965189825 314.7914683865751
496.2982386531399 315.79055893080675
496.34461643322635 316.7894829026456
496.3961356129011 317.78815490792346
496.4540225615376 318.7864780525903
496.51983717710175 319.78430992038074
496.5947329840717 320.7815012852142
496.6785670411725 321.7779810144962
496.76968322235746 322.77382128357874
496.8654907132924 323.7692211653753
496.9632825023926 324.76442806144496
497.06083564110025 325.75965837907415
497.1566620014055 326.7550564445086
497.24998669041094 327.7506921722836
497.34058691878374 328.7465795146164
497.4285976868927 329.7426990379151
497.51451250244503 330.7390015243461
497.5990912639539 331.73541832122464
497.68315863681846 332.7318783940924
497.7523809464277 333.7294796530392
497.83644488818203 334.72594001537016
497.93357028606647 335.721212167641
498.04207782206936 336.7153077941431
498.16028801326115 337.7082963895954
498.2864716626021 338.70030328807894
498.4188752455858 339.69149917750394
498.55583667474485 340.68207555866934
498.6959084177449 341.67221691565476
498.8373975978244 342.66215671782476
498.97834893116453 343.6521732437624
499.11822612199603 344.64234210384893
499.25944991001876 345.6323198014243
499.407609521237 346.62128326364297
499.57046865086284 347.6079325954207
499.7564627985694 348.59048344754945
499.9424569462759 349.5730342996782
