16.072671358537455
308067
832
0.0 100.0
0.0 101.0
0.0 102.0
0.6950847080617096 102.71892784660129
1.3901694161234226 103.43785569320258
2.0852541241851337 104.15678353980385
2.78033883224684 104.87571138640514
3.475423540308543 105.59463923300643
4.170508248370245 106.31356707960774
4.865592956431959 107.03249492620903
5.56067766449367 107.75142277281032
6.255762372555381 108.47035061941159
6.952217543732264 109.18795092218534
7.6527711281662185 109.90155072272954
8.361288052780512 110.60724454269334
9.079802686931696 111.30275638336221
9.80872192079789 111.98735608428234
10.54743629115343 112.66137468864738
11.295059585201844 113.32549772709449
12.050863118084049 113.98029618439472
12.814335574203486 114.6261365739237
13.585047144760857 115.26332075060182
14.363732617014904 115.89073523505408
15.152750579689844 116.50510536337762
15.955335310484692 117.10164350121539
16.774321903924196 117.67545615336446
17.611183216121702 118.2228711185847
18.46575135522356 118.74221040617229
19.336513764051553 119.23391440999174
20.221165215489005 119.70016735579435
21.11713896742665 120.14427436524002
22.021981317668917 120.57002114585973
22.933553317647068 120.98116161924546
23.847999101122795 121.38587004401995
24.760850447603453 121.79416211990247
25.668368591644416 122.21417499855792
26.568276463268454 122.65025506298312
27.411065944586 123.18849840031348
28.167368749580717 123.84272012660901
28.799187855065036 124.61783600049174
29.281350665012308 125.49391763179315
29.614230368414297 126.43688693302357
29.819654009827303 127.41556007945634
29.928012422123135 128.4096719717928
29.967983334988737 129.40887281552978
29.962210366295857 130.40885615180716
29.926916417910647 131.40823312633046
29.873065281260576 132.40678210113416
29.807786360451033 133.4046491576592
29.735588154981798 134.40203946196692
29.65926046133984 135.39912224849135
29.580499057308884 136.39601574392356
29.500319238270272 137.39279615937068
29.419320948094956 138.3895103997569
29.3378546145372 139.3861864938299
29.256122818560392 140.38284085393997
29.174241586759408 141.37948294811358
29.092276813656284 142.37611817525044
29.0102656349813 143.3727495848359
28.928228831397398 144.36937888545762
28.846177955781307 145.36600702765043
28.764119392150405 146.36263453687081
28.682056648487546 147.35926170191425
28.59999164234423 148.35588868066142
28.517925416789318 149.3525155589981
28.435858536618568 150.34914238343094
28.353791306345393 151.34576917903465
28.271723889490072 152.34239595927423
28.189656373529072 153.33902273135294
28.107588805091996 154.3356494991105
28.025521208951467 155.33227626458677
27.943453598226622 156.3289030288621
27.86138597984433 157.32552979250687
27.77931835745161 158.3221565558214
27.697250732963525 159.31878331896343
27.615183107383118 160.31541008201546
27.533115481234503 161.3120368450207
27.451047854790918 162.30866360800167
27.368980228194502 163.30529037097006
27.286912601519038 164.3019171339319
27.204844974802768 165.2985438968904
27.122777348065462 166.2951706598472
27.040709721317327 167.29179742280309
26.958642094563633 168.28842418575852
26.87657446780708 169.28505094871372
26.794506841049067 170.28167771166878
26.712439214290306 171.27830447462378
26.630371587531158 172.27493123757876
26.54830396077182 173.27155800053373
26.46623633401238 174.2681847634887
26.38416870725289 175.26481152644368
26.302101080493372 176.26143828939863
26.220033453733844 177.25806505235357
26.13796582697431 178.25469181530852
26.055898200214777 179.25131857826347
25.973830573455235 180.2479453412184
25.891762946695692 181.24457210417336
25.80969531993615 182.2411988671283
25.727627693176608 183.23782563008325
25.64556006641707 184.2344523930382
25.56349243965753 185.23107915599314
25.48142481289799 186.2277059189481
25.39935718613845 187.22433268190304
25.317289559378906 188.220959444858
25.235221932619368 189.21758620781296
25.15315430585983 190.2142129707679
25.07108667910029 191.21083973372285
24.989019052340744 192.2074664966778
24.906951425581198 193.20409325963274
24.824883798821656 194.2007200225877
24.742816172062113 195.19734678554263
24.66074854530257 196.19397354849758
24.57868091854303 197.19060031145256
24.496613291783483 198.1872270744075
24.440298106441233 198.87111697215366
25.353178573067193 199.27934393556075
26.26605903969325 199.68757089896786
27.178939506319306 200.09579786237498
28.091819972945363 200.5040248257821
29.004700439571415 200.9122517891892
29.917580906197472 201.32047875259633
30.830461372823525 201.72870571600345
31.743341839449577 202.13693267941056
32.65622230607562 202.54515964281768
33.56910277270167 202.9533866062248
34.48198323932772 203.3616135696319
35.39486370595376 203.7698405330391
36.30774417257982 204.1780674964462
37.220624639205866 204.58629445985332
38.133505105831915 204.99452142326044
39.046385572457964 205.40274838666755
39.959266039084014 205.81097535007467
40.87214650571006 206.2192023134818
41.78502697233611 206.6274292768889
42.69790743896216 207.03565624029602
43.61078790558821 207.44388320370314
44.52366837221426 207.85211016711025
45.43654883884031 208.26033713051737
46.34942930546636 208.6685640939245
47.262309772092394 209.07679105733163
48.17519023871844 209.48501802073878
49.088070705344485 209.89324498414592
50.000951171970534 210.30147194755304
50.91383163859658 210.70969891096016
51.826712105222626 211.1179258743673
52.739592571848675 211.52615283777442
53.652473038474724 211.93437980118154
54.56535350510078 212.34260676458865
55.47823397172684 212.75083372799577
56.391114438352886 213.15906069140289
57.303994904978936 213.56728765481
58.216875371604985 213.97551461821712
59.129755838231034 214.38374158162424
60.04263630485708 214.79196854503135
60.95551677148313 215.20019550843847
61.86839723810918 215.60842247184559
62.78127770473523 216.0166494352527
63.69415817136127 216.42487639865985
64.60703863798732 216.833103362067
65.51991910461336 217.2413303254741
66.43279957123941 217.64955728888123
67.34568003786546 218.05778425228834
68.2585605044915 218.46601121569546
69.17144097111755 218.87423817910258
70.0843214377436 219.2824651425097
70.99720190436965 219.6906921059168
71.9100823709957 220.09891906932396
72.82296283762176 220.50714603273107
73.73584330424782 220.9153729961382
74.64872377087386 221.3235999595453
75.56160423749989 221.73182692295245
76.47448470412593 222.1400538863596
77.38736517075199 222.5482808497667
78.30024563737805 222.9565078131738
79.2131261040041 223.36473477658092
80.12600657063014 223.7729617399881
81.03888703725619 224.1811887033952
81.95176750388224 224.58941566680232
82.84202622606708 225.04487083207528
83.74230103247024 225.48019286569607
84.6699589842289 225.85362388280487
85.59761693598756 226.2270548999137
85.76045605715304 226.2926061933906
86.33041703747716 226.54748451400846
86.33851484656135 226.52530519766086
86.68147718175754 225.5859560417892
87.02443951695372 224.64660688591755
87.3674018521499 223.70725773004588
87.71036418734612 222.76790857417424
88.05332652254229 221.82855941830258
88.39628885773848 220.88921026243094
88.73925119293467 219.94986110655927
89.08221352813088 219.0105119506876
89.42517586332707 218.07116279481596
89.76813819852327 217.13181363894432
90.11110053371947 216.19246448307268
90.45406286891566 215.25311532720104
90.79702520411182 214.31376617132938
91.13998753930802 213.37441701545774
91.48294987450421 212.4350678595861
91.8259122097004 211.49571870371446
92.16887454489658 210.55636954784282
92.51183688009277 209.61702039197118
92.85479921528896 208.67767123609954
93.19776155048515 207.73832208022787
93.54072388568136 206.79897292435624
93.88368622087756 205.8596237684846
94.22664855607374 204.92027461261296
94.56961089126993 203.98092545674132
94.91257322646612 203.04157630086968
95.2555355616623 202.10222714499804
95.59849789685848 201.16287798912637
95.94146023205467 200.22352883325473
96.28442256725086 199.2841796773831
96.62738490244702 198.34483052151145
96.97034723764322 197.40548136563982
97.3133095728394 196.46613220976818
97.65627190803559 195.52678305389654
97.99923424323175 194.58743389802487
98.34219657842796 193.64808474215326
98.68515891362416 192.70873558628165
99.02812124882036 191.76938643041
99.37108358401655 190.83003727453837
99.71404591921274 189.89068811866673
100.05700825440893 188.9513389627951
100.39997058960512 188.01198980692345
100.7429329248013 187.07264065105178
101.08589525999749 186.13329149518012
101.42885759519368 185.19394233930848
101.77181993038987 184.25459318343684
102.11478226558606 183.3152440275652
102.45774460078225 182.37589487169356
102.80070693597845 181.43654571582192
103.14366927117463 180.49719655995028
103.4866316063708 179.55784740407864
103.829593941567 178.618498248207
104.17255627676317 177.67914909233534
104.51551861195938 176.7397999364637
104.85848094715558 175.80045078059206
105.20144328227353 174.86110162469186
105.54440561723823 173.9217524687357
105.88736795205062 172.9824033127239
106.23033028678304 172.04305415668296
106.57329262153333 171.1037050006485
106.91625495638411 170.16435584465074
107.25982224015722 169.22522778015644
107.60633832264976 168.28718374890096
107.96074098159536 167.3520908362274
108.33065697034539 166.42302562793085
108.72580584980093 165.50440853519578
109.15701140969946 164.60215482081574
109.63505860468389 163.72382067063853
110.17073911779518 162.87939992961375
110.77248028860538 162.08070877318846
111.44406360028098 161.33977972430534
112.1840050084436 160.6671083985553
112.98642767745531 160.07035228400252
113.8426357608049 159.55372116027223
114.74271822856639 159.1180015816114
115.67682855208619 158.761017123275
116.63603609458644 158.47831429270792
117.61278059102646 158.26390769608804
118.6010165748113 158.11097097599495
119.59614737209507 158.0124078170697
120.59483933578626 157.9612769882221
121.59478729242413 157.95107483081503
122.59447885520788 157.97590987256984
123.59298377452458 158.03057179807905
124.58978273135291 158.11052077972343
125.5846370568777 158.21183647931952
126.57749304537845 158.33115532149557
127.56841298912208 158.4656085293082
128.5575264249967 158.6127635868915
129.5449966905698 158.77056876617584
130.53099896277655 158.93730064436107
131.51570665064241 159.1115153666376
132.49928359615134 159.29200468007014
133.48188010728467 159.47775746284515
134.46363138593094 159.6679269316786
135.44465737243226 159.8618032164819
136.4250633800726 160.0587906784756
137.40494113780088 160.2583892253376
138.38436810334466 160.46018818263354
139.3634024514182 160.66388340911715
140.34207360376755 160.86931655045328
141.32037134393076 161.0765206324391
142.29823782668905 161.2857505105586
143.27556562362196 161.49748236300937
144.25220260471124 161.71237816838675
145.22796244605465 161.9312222499185
146.20263858318043 162.15484342001997
147.17601937586454 162.38403729522966
148.14790265743991 162.61950042821283
149.11810834537712 162.8617831620061
150.0864882451794 163.11126336093776
151.05293258133236 163.36813948890193
152.01737315960364 163.6324392637482
152.97978339859998 163.9040392119718
153.9401757338386 164.18269053964661
154.89859706357393 164.468047429713
155.85512296105048 164.75969483233592
156.80985133548216 165.0571737913482
157.76289611297406 165.36000320223067
158.7143813628882 165.66769756226316
159.66443614472468 165.97978074269693
160.61319021640307 166.29579610857908
161.56077063811648 166.61531347021287
162.50729922987327 166.93793340913004
163.4528907932232 167.2632895145306
164.3976519833971 167.5910490201764
165.341680711174 167.92091226628293
166.28506595854196 168.2526113393123
167.2278879039039 168.58590817299643
168.17021826761317 168.9205923310194
169.11212080451122 169.25647863765454
170.05365188531033 169.59340477776433
170.99486112222814 169.9312289514711
171.93579200585881 170.26982764052647
172.87648252978255 170.60909352180562
173.81696578699916 170.94893354725173
174.75727052814645 171.28926719791812
175.69742167588942 171.63002491154705
176.63744079310663 171.97114667758686
177.57734650479665 172.31258079001918
178.51715487518737 172.65428274632552
179.45687974253582 172.99621427995032
180.39653301469494 173.33834251339607
181.3361249288124 173.68063921937653
182.27566427860424 174.0230801780727
183.21515861257836 174.36564461935427
184.1546144064238 174.7083147397474
185.09403721256373 175.05107528488665
186.03343178962473 175.39391318913349
186.9728022143171 175.7368172649524
187.91215197796674 176.07977793548392
188.85148406969267 176.42278700453863
189.79080104799675 176.7658374589469
190.73010510231836 177.10892329883976
191.66939810591634 177.45203939200928
192.60868166126696 177.79518134900076
193.54795713901237 178.13834541603887
194.48722571135767 178.48152838328
195.42648838069468 178.82472750622455
196.3657460041245 179.16794043842398
197.30499931445922 179.5111651738748
198.244248938203 179.8543999977159
199.18349541094284 180.19764344404183
200.1227391905196 180.54089425981124
201.0619806682967 180.88415137397368
202.00122017880005 181.22741387106512
202.9404580079635 181.57068096862665
203.87969440018043 181.91395199789562
204.81892956433373 182.25722638729556
205.75816367895197 182.60050364832122
206.69739689661765 182.94378336347103
207.63662934773615 183.28706517593122
208.5758611437575 183.63034878075743
209.51509237993076 183.9736339173369
210.4543231376582 184.31692036294572
211.3935534865077 184.6602079272414
212.3327834859329 185.00349644755596
213.2720131867433 185.34678578487308
214.21124263236084 185.69007582038964
215.1504718598939 186.03336645257704
216.08970921972156 186.3766348343194
217.02899812922897 186.71976213500585
217.96846154492366 187.06241135880651
218.90834969388487 187.4038938143475
219.8490706301147 187.74307535886146
220.791187747772 188.0783593230129
221.7353797946946 188.40775479737175
222.68237134094645 188.7290132779252
223.63285015437606 189.0398026362073
224.58739012534247 189.33788558410512
225.54639471037714 189.62127613772762
226.51006875702336 189.88835727113192
227.47841898954943 190.13795259794466
228.45127763932214 190.3693527871459
229.42834071184635 190.58230290409713
230.40921207280894 190.7769599698394
231.39344609914951 190.95383105677394
232.3805840779685 191.11370166311906
233.3701820077861 191.2575624892698
234.36182944566488 191.3865406228755
235.35516035188155 191.50183897826182
236.3498575434311 191.6046859379806
237.3456525310659 191.69629566782112
238.34232236470092 191.77783855667042
239.3396848081387 191.85042062346255
240.33759281992312 191.91507044957592
241.33592900039278 191.97273214193083
242.33460040701996 192.02426292482122
243.3335339482485 192.07043413022754
244.33267243433843 192.11193455930842
245.33197128058478 192.14937539117324
246.33139581110873 192.18329600123482
247.33091908903071 192.21417021202836
248.33052019232932 192.2424126319712
249.33018285755176 192.26838484328144
250.31375918605295 192.44887751906674
251.27993423914435 192.70676463930317
252.23614365626995 192.99944800165974
253.1874637887363 193.30765248826597
254.1365086960275 193.62279335192002
255.08451688814978 193.94103927517605
256.0320569139654 194.26067641237591
256.97938635182504 194.5809371439127
257.9266212293678 194.90147744834664
258.8738136795583 195.22214310335528
259.82098710006767 195.54286496335322
260.7681519866436 195.86361202512867
261.7153130464123 196.18437038722985
262.6624723902087 196.50513381634738
263.6096309645595 196.8258995174965
264.5567891938916 197.14666623741704
265.50394726851795 197.4674334141513
266.4511052737747 197.7882007957195
267.3982632479263 198.1089682691345
268.3454212081304 198.42973578373346
269.29257916208053 198.75050331679907
270.2397371132264 199.0712708581451
271.18689506311483 199.39203840320405
272.13405301243944 199.7128059499279
273.131313856967 199.78677086033974
274.12899752180914 199.7187465638923
275.1195638682618 199.58171257805145
276.10506522277444 199.41204502000394
277.087793061978 199.22698828801535
278.06912538443396 199.0346685726888
279.0497791419884 198.83891820156686
280.0301078814827 198.64154656601224
281.01028201323965 198.44340855493286
281.99038283524607 198.24490823074595
282.97044894855736 198.0462366083664
283.950498640601 197.84748399548982
284.9305405660683 197.6486930894446
285.9105788188495 197.4498840778642
286.89061533500774 197.25106650571215
287.870651030036 197.05224488598614
288.85068633681465 196.8534213525017
289.8307214600212 196.654596914161
290.81075649643157 196.45577204798943
291.7907914918032 196.2569469795324
292.770826467771 196.05812181543138
293.75086143456434 195.85929660610844
294.7308963970199 195.66047137540374
295.7109313574244 195.46164613458942
296.6909663168592 195.26282088899507
297.67100127583547 195.0639956411407
298.651036234595 194.86517039221772
299.63107119325196 194.66634514278954
300.6111061518605 194.46751989312247
301.59114111044613 194.26869464334237
302.5711760690209 194.06986939350892
303.5512110275905 193.87104414365018
304.5312459861577 193.67221889377956
305.5112809447238 193.47339364390325
306.4913159032894 193.27456839402427
307.47135086185466 193.07574314414404
308.4513858204198 192.87691789426324
309.4314207789849 192.67809264438213
310.41145573755 192.4792673945009
311.39149069611506 192.2804421446196
312.3715256546801 192.0816168947383
313.35156061324517 191.88279164485692
314.3315955718102 191.68396639497556
315.3116305303753 191.4851411450942
316.29166548894034 191.28631589521285
317.27170044750534 191.08749064533146
318.2517354060704 190.88866539545012
319.23177036463545 190.68984014556878
320.2118053232005 190.4910148956874
321.19184028176556 190.29218964580608
322.1718752403306 190.0933643959247
323.1519101988956 189.89453914604334
324.1319451574607 189.69571389616198
325.11198011602573 189.49688864628064
326.0920150745908 189.29806339639927
327.07205003315585 189.09923814651793
328.05208499172096 188.9004128966366
329.03211995028596 188.70158764675517
330.012154908851 188.50276239687383
330.9921898674161 188.30393714699247
331.97222482598113 188.10511189711113
332.9522597845462 187.90628664722976
333.93229474311124 187.7074613973484
334.9123297016763 187.50863614746706
335.8923646602414 187.30981089758572
336.87239961880647 187.11098564770433
337.85243457737147 186.912160397823
338.8324695359365 186.7133351479416
339.8125044945016 186.51450989806025
340.79253945306664 186.31568464817892
341.7725744116317 186.11685939829755
342.75260937019675 185.9180341484162
343.7326443287618 185.71920889853484
344.71267928732686 185.52038364865345
345.6927142458919 185.3215583987721
346.672749204457 185.12273314889077
347.65278416302203 184.92390789900938
348.6328191215871 184.72508264912804
349.61285408015215 184.52625739924665
350.5928890387172 184.32743214936528
351.5729239972823 184.12860689948397
352.5529589558474 183.92978164960255
353.53299391441243 183.73095639972118
354.5130288729775 183.53213114983984
355.4930638315425 183.33330589995848
356.47309879010754 183.1344806500771
357.4531337486726 182.93565540019577
358.43316870723766 182.73683015031443
359.4132036658027 182.53800490043307
360.39323862436777 182.3391796505517
361.3732735829328 182.14035440067036
362.3533085414979 181.94152915078897
363.33334350006294 181.74270390090763
364.313378458628 181.5438786510263
365.29341341719305 181.34505340114495
366.2734483757581 181.14622815126356
367.25348333432316 180.9474029013822
368.2335182928882 180.74857765150082
369.2135532514533 180.5497524016195
370.19358821001833 180.3509271517381
371.1736231685834 180.15210190185675
372.15365812714845 179.95327665197541
373.1336930857135 179.75445140209402
374.11372804427856 179.55562615221265
375.0937630028436 179.3568009023313
376.0737979614087 179.15797565244995
377.05383291997373 178.95915040256858
378.0338678785388 178.76032515268724
379.01390283710384 178.56149990280588
379.9939377956689 178.36267465292454
380.97397275423396 178.16384940304317
381.954007712799 177.9650241531618
382.93404267136407 177.7661989032804
383.9140776299291 177.56737365339907
384.8941125884942 177.36854840351774
385.87414754705924 177.16972315363637
386.8541825056243 176.970897903755
387.83421746418935 176.77207265387366
388.8142524227544 176.57324740399227
389.79428738131946 176.37442215411093
390.7743223398845 176.17559690422954
391.7543572984496 175.9767716543482
392.73439225701463 175.77794640446683
393.71442721557975 175.57912115458547
394.6944621741448 175.3802959047041
395.67449713270986 175.1814706548228
396.6545320912749 174.98264540494137
397.63456704984 174.78382015506003
398.61460200840503 174.58499490517866
399.5946369669701 174.38616965529732
400.57467192553514 174.18734440541596
401.5547068841002 173.9885191555346
402.5347418426652 173.78969390565325
403.51477680123025 173.5908686557719
404.49481175979537 173.39204340589055
405.4748467183604 173.1932181560092
406.4548816769255 172.9943929061278
407.43491663549054 172.79556765624645
408.4149515940556 172.5967424063651
409.3949865526206 172.39791715648371
410.37502151118565 172.19909190660238
411.3550564697507 172.00026665672104
412.33509142831576 171.80144140683967
413.3151263868809 171.6026161569583
414.29516134544593 171.4037909070769
415.27519630401093 171.20496565719554
416.255231262576 171.00614040731418
417.23526622114105 170.80731515743284
418.2153011797061 170.6084899075515
419.19533613827116 170.4096646576701
420.1753710968362 170.21083940778874
421.1554060554013 170.01201415790746
422.13544101396633 169.81318890802612
423.1154759725313 169.6143636581447
424.0955109310963 169.41553840826333
425.0755458896614 169.216713158382
426.05558084822644 169.01788790850065
427.0356158067915 168.81906265861926
428.01565076535655 168.6202374087379
428.9956857239216 168.42141215885658
429.97572068248667 168.22258690897525
430.9557556410517 168.02376165909385
431.9357905996168 167.8249364092125
432.91582555818184 167.62611115933117
433.8958605167469 167.4272859094498
434.87589547531195 167.22846065956844
435.855930433877 167.02963540968705
436.83596539244206 166.83081015980568
437.816000351007 166.63198490992437
438.7960353095721 166.433159660043
439.7760702681371 166.23433441016164
440.7561052267022 166.03550916028027
441.73614018526723 165.8366839103989
442.7161751438323 165.63785866051757
443.69621010239734 165.4390334106362
444.6762450609624 165.24020816075483
445.65628001952746 165.0413829108735
446.6363149780925 164.84255766099213
447.61634993665757 164.64373241111076
448.5963848952227 164.44490716122942
449.5764198537877 164.24608191134803
450.55645481235274 164.0472566614667
451.5364897709178 163.8484314115853
452.51652472948285 163.64960616170396
453.4965596880479 163.4507809118226
454.47659464661297 163.25195566194125
455.4566296051781 163.0531304120599
456.4366645637431 162.85430516217855
457.4166995223082 162.65547991229718
458.3967344808732 162.45665466241581
459.37676943943825 162.25782941253445
460.35680439800336 162.05900416265308
461.33683935656836 161.86017891277172
462.3168743151335 161.66135366289035
463.29690927369853 161.462528413009
464.27694423226353 161.26370316312764
465.25697919082864 161.06487791324628
466.23701414939364 160.86605266336494
467.21704910795876 160.66722741348357
468.1970840665238 160.4684021636022
469.1771190250889 160.26957691372087
470.15715398365387 160.07075166383947
471.1371889422189 159.87192641395814
472.11722390078404 159.6731011640768
473.0972588593491 159.47427591419543
474.0772938179142 159.27545066431406
475.0573287764792 159.0766254144327
476.03736373504427 158.87780016455133
477.0173986936093 158.67897491467
477.9974336521744 158.48014966478866
478.7613190577831 158.32517590051265
478.80307889201373 159.32430357816202
478.84483872624446 160.32343125581139
478.8865985604751 161.32255893346075
478.9283583947058 162.32168661111015
478.9701182289365 163.3208142887595
479.01187806316716 164.3199419664089
479.05363789739783 165.31906964405826
479.0953977316285 166.31819732170763
479.1371575658592 167.317324999357
479.1789174000898 168.31645267700637
479.22067723432053 169.31558035465574
479.26243706855126 170.3147080323051
479.3041969027819 171.31383570995447
479.34595673701256 172.31296338760384
479.38771657124323 173.31209106525324
479.42947640547385 174.31121874290258
479.47123623970447 175.31034642055198
479.51299607393526 176.30947409820135
479.55475590816593 177.30860177585072
479.5965157423966 178.3077294535001
479.6382755766273 179.30685713114943
479.68003541085795 180.30598480879883
479.72179524508863 181.3051124864482
479.7635550793193 182.30424016409756
479.80531491355 183.30336784174693
479.84707474778065 184.3024955193963
479.8888345820113 185.30162319704567
479.930594416242 186.30075087469504
479.9723542504726 187.2998785523444
480.01411408470335 188.2990062299938
480.055873918934 189.29813390764318
480.0976337531646 190.29726158529252
480.1393935873954 191.29638926294191
480.181153421626 192.29551694059128
480.22291325585667 193.29464461824065
480.2646730900874 194.29377229589002
480.306432924318 195.29289997353942
480.34819275854875 196.29202765118876
480.3899525927794 197.29115532883813
480.4317124270101 198.29028300648753
480.4734722612407 199.2894106841369
480.51523209547145 200.28853836178624
480.556991929702 201.28766603943563
480.59875176393274 202.28679371708503
480.64051159816336 203.28592139473434
480.68227143239415 204.28504907238374
480.72403126662476 205.28417675003314
480.7440163586053 205.76233139087284
480.7857761922296 206.76145906854754
480.8275360263976 207.76058674619952
480.869295860742 208.75971442384412
480.91105569511706 209.75884210148746
480.95281552947273 210.7579697791316
480.9945753637978 211.75709745677705
481.0363351980949 212.75622513442363
481.07809503237036 213.75535281207112
481.1198548666305 214.75448048971924
481.16161470088 215.75360816736782
481.20337453512263 216.75273584501667
481.24513436936087 217.7518635226657
481.28689420359626 218.75099120031487
481.3286540378299 219.7501188779641
481.3712049085639 220.74921317951913
481.41686047406824 221.7481704205152
481.4701003261816 222.74675217387693
481.5387703274512 223.74439160319278
481.63336574062237 224.7399074030709
481.76536951968365 225.73115661609128
481.9456826632543 226.7147658729894
482.1834653474695 227.68608425286666
482.4854032625093 228.63941184370913
482.85544003966186 229.5684289498781
483.2950057822376 230.46663936952035
483.80359534313834 231.32764846270277
484.37979754274215 232.14495564190273
485.02078455129254 232.9125073697163
485.7213979534084 233.62604844125707
486.4738314861214 234.2847166269538
487.26803064077956 234.89237418079506
488.0926824771594 235.45801483417432
488.9363064143698 235.99494932977467
489.78793918921457 236.51908825869546
490.6372710707682 237.0469474775944
491.4744504342871 237.59387591285633
492.28944124439545 238.17334979444112
493.07237677933 238.7954526381388
493.8143780641434 239.46585109677017
494.5082983969139 240.18590288085772
495.14914682230267 240.95357031906053
495.73416726697366 241.7645888634336
496.26266735645345 242.61352210899526
496.73570751354214 243.49456297625483
497.1557289278794 244.40207716980672
497.5261679470749 245.33093395804565
497.8510892243909 246.27667502384926
498.13486283055545 247.23556633179004
498.3817428391294 248.2046123891921
498.59582206506616 249.1814286897432
498.78105964230303 250.16412245688505
498.94121968771657 251.1512135164399
499.0797596483776 252.14157036086522
499.1997430013832 253.13434626458246
499.3038093512406 254.12891662148405
499.3941954622861 255.12482341979907
499.47278525474746 256.12173045885584
499.5411684030149 257.1193895915425
499.6006949169974 258.1176163163566
499.6525203789381 259.116272474148
499.6976411697091 260.11525401263617
499.7369212035521 261.1144822543014
499.7711122709144 262.11389756882915
499.8008698790003 263.11345471314905
499.82676600854046 264.113119352153
499.84929974193426 265.1128654353458
499.86890636135905 266.1126732071073
499.8859652767667 267.1125276932227
499.9008069994333 268.1124175487909
499.91371929676563 269.1123341816047
499.9249526230771 270.11227108580414
499.9347249013646 271.11222333595265
499.9432257218075 272.1121872033258
499.9506200177012 273.1121598651462
499.9570512758164 274.11213918439194
499.9626443344722 275.11212354311704
499.96750781856645 276.11211171630833
499.9717362564462 277.11210277642493
499.97541191901405 278.11209602115446
499.9786064170236 279.1120909187327
499.981382088287 280.1120870665498
499.98379320258584 281.11208415980946
499.98588700851474 282.1120819677954
499.98770464329243 283.112080315896
499.98928192377025 284.1120790719884
499.9906500344042 285.1120781361246
499.99183612582306 286.1120774327179
499.992863835775 287.1120769046239
499.9937537426468 288.11207650865674
499.99452376037124 289.112076212193
499.9951894823631 290.1120759906001
499.9957644811029 291.11207582528834
499.9962605691145 292.11207570223667
499.99668802632397 293.11207561087684
499.9970557981366 294.1120755432488
499.9973716680024 295.11207549336194
499.99764240775164 296.1120754567119
499.99787390855806 297.1120754299156
499.9980712950198 298.1120754104349
499.998239024525 299.1120753963683
499.99838097379353 300.1120753862935
499.9984819530166 301.1120753811951
499.9985374449897 302.1120753796554
499.99855214754905 303.1120753795473
499.9985345129726 304.11207537939185
499.9984931459491 305.11207537853625
499.998435236412 306.1120753768595
499.99836620395223 307.1120753744768
499.9982870064671 308.11207537134067
499.99819886691125 309.1120753674564
499.9981035303259 310.11207536291187
499.99800280903867 311.11207535783944
499.99789826965423 312.1120753523752
499.9977911269199 313.1120753466354
499.99768130490975 314.112075340605
499.99756895205775 315.11207533429337
499.99745448274626 316.11207532774176
499.9973383945595 317.11207532100354
499.99722114261425 318.1120753141295
499.9971030899527 319.11207530716126
499.9969845035327 320.11207530012985
499.996865569516 321.11207529305716
499.9967464130589 322.11207528595804
499.9966271161287 323.11207527884216
499.99650773138444 324.11207527171575
499.9963882921729 325.11207526458287
499.99626881938184 326.112075257446
499.99614932598587 327.1120752503067
499.9960298199929 328.11207524316586
499.9959103063206 329.1120752360241
499.99579078797746 330.1120752288818
499.9956712667982 331.11207522173913
499.99555174389917 332.1120752145963
499.9954322199586 333.1120752074533
499.9953126953876 334.11207520031024
499.99519317043547 335.11207519316713
499.9950736452528 336.11207518602396
499.9949541199309 337.1120751788808
499.9948345945249 338.1120751717376
499.99471506906804 339.11207516459444
499.9945955435806 340.1120751574513
499.9944760180746 341.1120751503081
499.99435649255736 342.11207514316493
499.99423696703343 343.11207513602176
499.99411744150547 344.1120751288786
499.9939979159749 345.1120751217354
499.9946446031581 346.11207491263326
499.99529129034124 347.1120747035311
499.9959379775243 348.1120744944289
499.99808955239394 349.11207217978904
