1.0120035548667337
136892
1402
0.0 100.0
0.0 101.0
0.0 102.0
0.0 103.0
0.0 104.0
0.0 105.0
0.0 106.0
0.0 107.0
0.0 108.0
0.0 109.0
0.0 110.0
0.0 111.0
0.0 112.0
0.0 113.0
0.0 114.0
0.0 115.0
0.0 116.0
0.0 117.0
0.0 118.0
0.0 119.0
0.0 120.0
0.0 121.0
0.0 122.0
0.0 123.0
0.0 124.0
0.0 125.0
0.0 126.0
0.0 127.0
0.0 128.0
0.0 129.0
0.0 130.0
0.0 131.0
0.0 132.0
0.0 133.0
0.0 134.0
0.0 135.0
0.0 136.0
0.0 137.0
0.0 138.0
0.0 139.0
0.0 140.0
0.0 141.0
0.0 142.0
0.0 143.0
0.0 144.0
0.0 145.0
0.0 146.0
0.0 147.0
0.0 148.0
0.0 149.0
0.0 150.0
0.0 151.0
0.0 152.0
0.0 153.0
0.0 154.0
0.0 155.0
0.0 156.0
0.0 157.0
0.0 158.0
0.0 159.0
0.0 160.0
0.0 161.0
0.0 162.0
0.0 163.0
0.0 164.0
0.0 165.0
0.0 166.0
0.0 167.0
0.0 168.0
0.0 169.0
0.0 170.0
0.0 171.0
0.0 172.0
0.0 173.0
0.0 174.0
0.0 173.0
0.0 172.0
0.0 171.0
0.0 170.0
0.0 169.0
0.0 168.0
0.0 167.0
0.0 166.0
0.0 167.0
0.0 168.0
0.0 169.0
0.0 170.0
0.0 171.0
0.0 172.0
0.0 173.0
0.0 174.0
0.0 175.0
0.0 176.0
0.0 177.0
0.0 178.0
0.0 179.0
0.0 180.0
0.0 181.0
0.0 182.0
0.0 183.0
0.0 184.0
0.0 185.0
0.0 186.0
0.0 187.0
0.0 188.0
0.0 189.0
0.0 190.0
0.0 191.0
0.0 192.0
0.0 193.0
0.0 194.0
0.0 195.0
0.0 196.0
0.0 197.0
0.0 198.0
0.0 199.0
0.0 200.0
0.0 201.0
0.0 202.0
0.0 203.0
0.0 204.0
0.0 205.0
0.0 206.0
0.0 207.0
0.0 208.0
0.0 209.0
0.0 210.0
0.0 211.0
0.0 212.0
0.0 213.0
0.0 214.0
0.0 215.0
0.0 216.0
0.0 217.00000000000003
0.0 218.00000000000006
0.0 219.00000000000009
0.0 220.00000000000009
0.0 221.00000000000009
0.0 222.00000000000009
0.0 223.0000000000001
0.0 224.0000000000001
0.0 225.00000000000009
0.0 226.00000000000009
0.0 227.00000000000009
0.0 228.00000000000009
0.0 229.0000000000001
0.0 230.0000000000001
0.0 231.00000000000009
0.0 232.00000000000009
0.0 233.00000000000009
0.0 234.00000000000009
0.0 235.00000000000009
0.0 236.00000000000009
0.0 237.00000000000009
0.0 238.00000000000009
0.0 239.00000000000009
0.0 240.00000000000009
0.0 241.00000000000009
0.0 242.00000000000009
0.0 243.00000000000009
0.0 244.00000000000009
0.0 245.00000000000009
0.0 246.00000000000009
0.0 247.00000000000009
0.0 248.00000000000009
0.0 249.00000000000009
0.0 250.00000000000009
0.0 251.00000000000009
0.0 252.00000000000009
0.0 253.00000000000009
0.0 254.00000000000009
0.0 255.00000000000009
0.0 256.0000000000001
0.0 257.0000000000001
0.0 258.0000000000001
0.0 259.0000000000001
0.0 260.0000000000001
0.0 261.0000000000001
0.0 262.0000000000001
0.0 263.0000000000001
0.0 264.0000000000001
0.0 265.0000000000001
0.0 266.0000000000001
0.0 267.0000000000001
0.0 268.0000000000001
0.0 269.0000000000001
0.0 270.0000000000001
0.0 271.0000000000001
0.0 272.0000000000001
0.0 273.0000000000001
0.0 274.0000000000001
0.0 275.0000000000001
0.0 276.0000000000001
0.0 277.0000000000001
0.0 278.0000000000001
0.0 279.0000000000001
0.0 280.0000000000001
0.0 281.0000000000001
0.0 282.0000000000001
0.0 283.0000000000001
0.0 284.0000000000001
0.0 285.0000000000001
0.0 286.0000000000001
0.0 287.0000000000001
0.0 288.0000000000001
0.0 289.0000000000001
0.0 290.0000000000001
0.0 291.0000000000001
0.0 292.0000000000001
0.0 293.0000000000001
0.0 294.0000000000001
0.0 295.0000000000001
0.0 296.0000000000001
0.0 297.0000000000001
0.0 298.0000000000001
0.0 299.0000000000001
0.0 300.0000000000001
0.0 301.0000000000001
0.0 302.0000000000001
0.0 303.0000000000001
0.0 304.0000000000001
0.0 305.0000000000001
0.0 306.0000000000001
0.0 307.0000000000001
0.0 308.0000000000001
0.0 309.0000000000001
0.0 310.0000000000001
0.0 311.0000000000001
0.0 312.0000000000001
0.0 313.0000000000001
0.0 314.0000000000001
0.0 315.0000000000001
0.0 316.0000000000001
0.0 317.0000000000001
0.0 318.0000000000001
0.0 319.0000000000001
0.0 320.0000000000001
0.0 321.0000000000001
0.0 322.0000000000001
0.0 323.0000000000001
0.0 324.0000000000001
0.0 325.0000000000001
0.0 326.0000000000001
0.0 327.0000000000001
0.0 328.0000000000001
0.0 329.0000000000001
0.0 330.0000000000001
0.0 331.0000000000001
0.0 332.0000000000001
0.0 333.0000000000001
0.0 334.0000000000001
0.0 335.0000000000001
0.0 336.0000000000001
0.0 337.0000000000001
0.0 338.0000000000001
0.0 339.0000000000001
0.0 340.0000000000001
0.0 341.0000000000001
0.0 342.0000000000001
0.0 343.0000000000001
0.0 344.0000000000001
0.0 345.0000000000001
0.0 346.0000000000001
0.0 347.0000000000001
0.0 348.0000000000001
0.0 349.0000000000001
0.0 350.0000000000001
0.0 351.0000000000001
0.0 352.0000000000001
0.0 353.0000000000001
0.0 354.0000000000001
0.0 355.0000000000001
0.0 356.0000000000001
0.0 357.0000000000001
0.0 358.0000000000001
0.0 359.0000000000001
0.0 360.0000000000001
0.0 361.0000000000001
0.0 362.0000000000001
0.0 363.0000000000001
0.0 364.0000000000001
0.0 365.0000000000001
0.0 366.0000000000001
0.0 367.0000000000001
0.0 368.0000000000001
0.0 369.0000000000001
0.0 370.0000000000001
0.0 371.0000000000001
0.0 372.0000000000001
0.0 373.0000000000001
0.0 374.0000000000001
0.0 375.0000000000001
0.0 376.0000000000001
0.0 377.0000000000001
0.0 378.0000000000001
0.0 379.0000000000001
0.0 380.0000000000001
0.0 381.0000000000001
0.0 382.0000000000001
0.0 383.0000000000001
0.0 384.0000000000001
0.0 385.0000000000001
0.0 386.0000000000001
0.0 387.0000000000001
0.0 388.0000000000001
0.0 389.0000000000001
0.0 390.0000000000001
0.0 391.0000000000001
0.0 392.0000000000001
0.0 393.0000000000001
0.0 394.0000000000001
0.0 395.0000000000001
0.0 396.0000000000001
0.0 397.0000000000001
0.0 398.0000000000001
0.0 399.0000000000001
0.0 400.0000000000001
0.0 401.0000000000001
0.0 402.0000000000001
0.0 403.0000000000001
0.0 404.0000000000001
0.0 405.0000000000001
0.0 406.0000000000001
0.0 407.0000000000001
0.0 408.0000000000001
0.0 409.0000000000001
0.0 410.0000000000001
0.0 411.0000000000001
0.0 412.0000000000001
0.0 413.0000000000001
0.0 414.0000000000001
0.0 415.0000000000001
0.0 416.0000000000001
0.0 417.0000000000001
0.0 418.0000000000001
0.0 419.0000000000001
0.0 420.0000000000001
0.0 421.0000000000001
0.0 422.0000000000001
0.0 423.0000000000001
0.0 424.0000000000001
0.0 425.0000000000001
0.0 426.0000000000001
0.0 427.0000000000001
0.0 428.0000000000001
0.0 429.0000000000001
0.0 428.0000000000001
0.0 427.0000000000001
0.0 426.0000000000001
0.0 425.0000000000001
0.0 424.0000000000001
0.0 423.0000000000001
0.0 422.0000000000001
0.0 421.0000000000001
0.0 420.0000000000001
0.0 419.0000000000001
0.0 418.0000000000001
0.0 417.0000000000001
0.0 416.0000000000001
0.0 415.0000000000001
0.0 414.0000000000001
0.0 413.0000000000001
0.0 412.0000000000001
0.0 411.0000000000001
0.0 410.0000000000001
0.0 409.0000000000001
0.0 408.0000000000001
0.0 407.0000000000001
0.0 406.0000000000001
0.0 405.0000000000001
0.0 404.0000000000001
0.0 403.0000000000001
0.0 402.0000000000001
0.0 401.0000000000001
0.0 400.0000000000001
0.0 399.0000000000001
0.0 398.0000000000001
0.0 397.0000000000001
0.0 396.0000000000001
0.0 395.0000000000001
0.0 394.0000000000001
0.0 393.0000000000001
0.0 392.0000000000001
0.0 391.0000000000001
0.0 390.0000000000001
0.0 389.0000000000001
0.0 388.0000000000001
0.0 387.0000000000001
0.0 386.0000000000001
0.0 385.0000000000001
0.0 384.0000000000001
0.0 383.0000000000001
0.0 382.0000000000001
0.0 381.0000000000001
0.0 380.0000000000001
0.0 379.0000000000001
0.0 378.0000000000001
0.0 377.0000000000001
0.0 376.0000000000001
0.0 375.0000000000001
0.0 374.0000000000001
0.0 373.0000000000001
0.0 372.0000000000001
0.0 371.0000000000001
0.0 370.0000000000001
0.0 369.0000000000001
0.0 368.0000000000001
0.0 367.0000000000001
0.0 366.0000000000001
0.0 365.0000000000001
0.0 364.0000000000001
0.0 363.0000000000001
0.0 362.0000000000001
0.0 361.0000000000001
0.0 360.0000000000001
0.0 359.0000000000001
0.0 358.0000000000001
0.0 357.0000000000001
0.0 356.0000000000001
0.0 355.0000000000001
0.0 354.0000000000001
0.0 353.0000000000001
0.0 352.0000000000001
0.0 351.0000000000001
0.0 350.0000000000001
0.0 349.0000000000001
0.0 348.0000000000001
0.0 347.0000000000001
0.0 346.0000000000001
0.0 345.0000000000001
0.0 344.0000000000001
0.0 343.0000000000001
0.0 342.0000000000001
0.0 341.0000000000001
0.0 340.0000000000001
0.0 339.0000000000001
0.0 338.0000000000001
0.0 337.0000000000001
0.0 336.0000000000001
0.0 335.0000000000001
0.0 334.0000000000001
0.0 333.0000000000001
0.0 332.0000000000001
0.0 331.0000000000001
0.0 330.0000000000001
0.0 329.0000000000001
0.0 328.0000000000001
0.0 327.0000000000001
0.0 326.0000000000001
0.0 325.0000000000001
0.0 324.0000000000001
0.0 323.0000000000001
0.0 322.0000000000001
0.0 321.0000000000001
0.0 320.0000000000001
0.0 319.0000000000001
0.0 318.0000000000001
0.0 317.0000000000001
0.0 316.0000000000001
0.0 315.0000000000001
0.0 314.0000000000001
0.0 313.0000000000001
0.0 312.0000000000001
0.0 311.0000000000001
0.0 310.0000000000001
0.0 309.0000000000001
0.0 308.0000000000001
0.0 307.0000000000001
0.0 306.0000000000001
0.0 305.0000000000001
0.0 304.0000000000001
0.0 303.0000000000001
0.0 302.0000000000001
0.0 301.0000000000001
0.0 300.0000000000001
0.0 299.0000000000001
0.0 298.0000000000001
0.0 297.0000000000001
0.0 296.0000000000001
0.0 295.0000000000001
0.0 294.0000000000001
0.0 293.0000000000001
0.0 292.0000000000001
0.0 291.0000000000001
0.0 290.0000000000001
0.0 289.0000000000001
0.0 288.0000000000001
0.0 287.0000000000001
0.0 286.0000000000001
0.0 285.0000000000001
0.0 284.0000000000001
0.0 283.0000000000001
0.0 282.0000000000001
0.0 281.0000000000001
0.0 280.0000000000001
0.0 279.0000000000001
0.0 278.0000000000001
0.0 277.0000000000001
0.0 276.0000000000001
0.0 275.0000000000001
0.0 274.0000000000001
0.0 273.0000000000001
0.0 272.0000000000001
0.0 271.0000000000001
0.0 270.0000000000001
0.0 269.0000000000001
0.0 268.0000000000001
0.0 267.0000000000001
0.0 266.0000000000001
0.0 265.0000000000001
0.0 264.0000000000001
0.0 263.0000000000001
0.0 262.0000000000001
0.0 261.0000000000001
0.0 260.0000000000001
0.0 259.0000000000001
0.0 258.0000000000001
0.0 257.0000000000001
0.0 256.0000000000001
0.0 255.0000000000001
0.0 254.0000000000001
0.0 253.0000000000001
0.0 252.0000000000001
0.0 251.0000000000001
0.0 250.0000000000001
0.0 249.0000000000001
0.0 248.0000000000001
0.0 247.0000000000001
0.0 246.0000000000001
0.0 245.0000000000001
0.0 244.0000000000001
0.0 243.0000000000001
0.0 242.0000000000001
0.0 241.0000000000001
0.0 240.0000000000001
0.0 241.0000000000001
0.0 242.0000000000001
0.0 243.0000000000001
0.0 244.0000000000001
0.0 245.0000000000001
0.0 246.0000000000001
0.0 247.0000000000001
0.0 248.0000000000001
0.0 249.0000000000001
0.0 250.0000000000001
0.0 251.0000000000001
0.0 252.0000000000001
0.0 253.0000000000001
0.0 254.0000000000001
0.0 255.0000000000001
0.0 256.0000000000001
0.0 257.0000000000001
0.0 258.0000000000001
0.0 259.0000000000001
0.0 260.0000000000001
0.0 261.0000000000001
0.0 262.0000000000001
0.0 263.0000000000001
0.0 264.0000000000001
0.0 265.0000000000001
0.0 266.0000000000001
0.0 267.0000000000001
0.0 268.0000000000001
0.0 269.0000000000001
0.0 270.0000000000001
0.0 271.0000000000001
0.0 272.0000000000001
0.0 273.0000000000001
0.0 274.0000000000001
0.0 275.0000000000001
0.0 276.0000000000001
0.0 277.0000000000001
0.0 278.0000000000001
0.0 279.0000000000001
0.0 280.0000000000001
0.0 281.0000000000001
0.0 282.0000000000001
0.0 283.0000000000001
0.0 284.0000000000001
0.0 285.0000000000001
0.0 286.0000000000001
0.0 287.0000000000001
0.0 288.0000000000001
0.0 289.0000000000001
0.0 290.0000000000001
0.0 291.0000000000001
0.0 292.0000000000001
0.0 293.0000000000001
0.0 294.0000000000001
0.0 295.0000000000001
0.0 296.0000000000001
0.0 297.0000000000001
0.0 298.0000000000001
0.0 299.0000000000001
0.0 300.0000000000001
0.0 301.0000000000001
0.0 302.0000000000001
0.0 303.0000000000001
0.0 304.0000000000001
0.0 305.0000000000001
0.0 306.0000000000001
0.0 307.0000000000001
0.0 308.0000000000001
0.0 309.0000000000001
0.0 310.0000000000001
0.0 311.0000000000001
0.0 312.0000000000001
0.0 313.0000000000001
0.0 314.0000000000001
0.0 315.0000000000001
0.0 316.0000000000001
0.0 317.0000000000001
0.0 318.0000000000001
0.0 319.0000000000001
0.0 320.0000000000001
0.0 321.0000000000001
0.0 322.0000000000001
0.0 323.0000000000001
0.0 324.0000000000001
0.0 325.0000000000001
0.0 326.0000000000001
0.0 327.0000000000001
0.0 328.0000000000001
0.0 329.0000000000001
0.0 330.0000000000001
0.0 331.0000000000001
0.0 332.0000000000001
0.0 333.0000000000001
0.0 334.0000000000001
0.0 335.0000000000001
0.0 336.0000000000001
0.0 337.0000000000001
0.0 338.0000000000001
0.0 339.0000000000001
0.0 340.0000000000001
0.0 341.0000000000001
0.0 342.0000000000001
0.0 343.0000000000001
0.0 344.0000000000001
0.0 345.0000000000001
0.0 346.0000000000001
0.0 347.0000000000001
0.0 348.0000000000001
0.0 349.0000000000001
0.0 350.0000000000001
0.0 351.0000000000001
0.0 352.0000000000001
0.0 353.0000000000001
0.0 354.0000000000001
0.0 355.0000000000001
0.0 356.0000000000001
0.0 357.0000000000001
0.0 358.0000000000001
0.0 359.0000000000001
0.0 360.0000000000001
0.0 361.0000000000001
0.0 362.0000000000001
0.0 363.0000000000001
0.0 364.0000000000001
0.0 365.0000000000001
0.0 366.0000000000001
0.0 367.0000000000001
0.0 368.0000000000001
0.0 369.0000000000001
0.0 370.0000000000001
0.0 371.0000000000001
0.0 372.0000000000001
0.0 373.0000000000001
0.0 374.0000000000001
0.0 375.0000000000001
0.0 376.0000000000001
0.0 377.0000000000001
0.0 378.0000000000001
0.0 379.0000000000001
0.0 380.0000000000001
0.0 381.0000000000001
0.0 382.0000000000001
0.0 383.0000000000001
0.0 384.0000000000001
0.0 385.0000000000001
0.0 386.0000000000001
0.0 387.0000000000001
0.0 388.0000000000001
0.0 389.0000000000001
0.0 390.0000000000001
0.0 391.0000000000001
0.0 392.0000000000001
0.0 393.0000000000001
0.0 394.0000000000001
0.0 395.0000000000001
0.0 396.0000000000001
0.0 397.0000000000001
0.0 398.0000000000001
0.0 399.0000000000001
0.0 400.0000000000001
0.0 401.0000000000001
0.0 402.0000000000001
0.0 403.0000000000001
0.0 404.0000000000001
0.0 405.0000000000001
0.0 406.0000000000001
0.0 407.0000000000001
0.0 408.0000000000001
0.0 409.0000000000001
0.0 410.0000000000001
0.0 411.0000000000001
0.0 412.0000000000001
0.0 413.0000000000001
0.0 414.0000000000001
0.0 415.0000000000001
0.0 416.0000000000001
0.0 417.0000000000001
0.0 418.0000000000001
0.0 419.0000000000001
0.0 420.0000000000001
0.0 421.0000000000001
0.0 422.0000000000001
0.0 423.0000000000001
0.0 424.0000000000001
0.0 425.0000000000001
0.0 426.0000000000001
0.0 427.0000000000001
0.0 428.0000000000001
0.0 429.0000000000001
0.0 430.0000000000001
0.0 431.0000000000001
0.0 432.0000000000001
0.0 433.0000000000001
0.0 434.0000000000001
0.0 435.0000000000001
0.0 436.0000000000001
0.0 437.0000000000001
0.0 438.0000000000001
0.0 439.0000000000001
0.0 440.0000000000001
0.0 441.0000000000001
0.0 442.0000000000001
0.0 443.0000000000001
0.0 444.0000000000001
0.0 445.0000000000001
0.0 446.0000000000001
0.0 447.0000000000001
0.0 448.0000000000001
0.0 449.0000000000001
0.0 450.0000000000001
0.0 451.0000000000001
0.0 452.0000000000001
0.0 453.0000000000001
0.0 454.0000000000001
0.0 455.0000000000001
0.0 456.0000000000001
0.0 457.0000000000001
7.770310290493012E-10 458.0000000000001
3.108124116197348E-9 459.0000000000001
1.598923631461747E-7 460.0000000000001
1.0379667449470442E-6 460.9999999999997
4.392245528181934E-6 461.9999999999941
1.9809913849698252E-5 462.99999999987523
6.435665956264034E-5 463.999999998883
1.709168416655199E-4 464.9999999932055
4.6638380001551543E-4 465.99999994955516
0.0010798170968651065 466.9999997614049
0.0022609828627122523 467.99999906382845
0.004464163233176857 468.99999663682365
0.00841903807348293 469.9999888162756
0.015215557710799573 470.9999657196693
0.026418375671069055 471.9999029661352
0.04421306135728609 472.9997446281804
0.07157938768202789 473.9993701001365
0.11248435911637596 474.9985331415426
0.17208424815593426 475.99675548813
0.25691729224869386 476.99315066808117
0.3882743439191144 477.98448579051774
0.5658561633199513 478.96859183024026
0.79785309454764 479.94130834798887
1.0959204305460415 480.89585319408616
1.4725705115839425 481.82220880423495
1.9392232950909052 482.70664940690153
2.50422271234827 483.53174071003036
3.170765690942707 484.2772073140352
3.935173288035564 484.92194061200166
4.786228979496143 485.4470160447088
5.7062053338931005 485.83898990525375
6.673582804958249 486.09232925962965
7.666631988547833 486.2100293827055
8.66660203329798 486.20228925335334
9.65957795843186 486.08397267757243
10.636829640126837 485.87188979135965
11.594085552814942 485.5826474749126
12.530339749357854 485.2313241488214
13.446655783903967 484.830868252581
14.34520064399425 484.39198656646806
15.22856647375917 483.9233024395726
16.099346860736745 483.43163027475623
16.959904389146296 482.92227701787294
17.812267402817394 482.3993264533589
18.658106607623992 481.86588850981525
19.498756360884656 481.32430934446376
20.335257461846997 480.77634410095936
21.16840714562551 480.2232965402381
21.99880811265674 479.66613028681496
22.826912424955488 479.1055562524964
23.653058577514127 478.54210036725556
24.47750149755592 477.9761552536686
25.30043599720208 477.4080189942272
26.122014559207074 476.83792368074546
26.942360440756474 476.2660560084428
27.76157704731327 475.6925717876122
28.579754426392313 475.117605896134
29.396973601721726 474.54127888872074
30.213309335517884 473.9637012145266
31.028831783367803 473.38497577266935
31.843607398456918 472.80519935278306
32.65769935153288 472.22446336118537
33.471167659707845 471.6428541181407
34.28406915942824 471.06045292329964
35.096457414604785 470.4773360200536
35.9083826177815 469.8935745409832
36.71989151819845 469.3092344819901
37.53102739375032 468.72437672886315
38.34183007249982 468.13905714424925
39.1523360021895 467.5533267131311
39.96257836199368 466.96723173927535
40.77258720873901 466.380814082486
41.58238964951204 465.7941114261787
42.39201003398034 465.2071575667882
43.20147016357234 464.6199827217881
44.01078952233398 464.0326138636302
44.81998554772175 463.4450751053371
45.62907398034433 462.85738819192454
46.43806935955989 462.2695731900678
47.24698576353266 461.68164951187157
48.05583792048188 461.0936374472006
48.86464283148874 460.50556039788546
49.67342203203968 459.9174479896197
50.48220456933481 459.3293401701117
51.29103068135392 458.7412922804666
52.09995603721175 458.1533809192477
52.90905625235591 457.5657102275728
53.71843125134339 456.9784180421881
54.52820894441571 456.3916812291258
55.33854763945021 455.8057194562005
56.14963664771387 455.22079670858864
56.961694666602696 454.6372200007272
57.77496572566419 454.0553349738593
58.589712738654896 453.47551836076275
59.40620897762204 452.89816760796816
60.224728033544544 452.32368823053866
61.04553301348621 451.75247970040016
61.868865818520405 451.1849208116895
62.694937337549895 450.6213555133892
63.52391928462531 450.06208015059997
64.3559382219992 449.50733292180905
65.19107207900345 448.9572861593558
66.02934923293427 448.41204179836006
66.87074999489255 447.87163014251234
67.71521016564097 447.33601178955985
68.56262620811927 446.80508236774335
69.41286152754347 446.27867957367437
70.26575335108622 445.7565919015982
71.12111974493914 445.2385684153864
71.97876638221946 444.72432893269206
72.83849276595485 444.2135740549774
73.70009770469977 443.7059945739792
74.56338392491094 443.2012799001351
75.4281617782145 442.6991252780955
76.29425206039085 442.19923766760724
77.16148800189893 441.7013402667739
78.02971651825821 441.20517573420375
78.89879882467743 440.7105082249927
79.76861055249967 440.2171244411662
80.63904146543328 439.72483385034656
81.50999482873098 439.2334681627366
82.3813864951596 438.7428801852252
83.25314380943723 438.25294224527414
84.12520444720246 437.7635444070479
84.9975152806978 437.2745926612011
85.87003131997596 436.78600719150074
86.74271474041913 436.2977207513003
87.61553398741309 435.80967714456324
88.4884629460906 435.32182979845777
89.36148017024124 434.8341404236131
90.23456817192778 434.34657776988445
91.10771277760342 433.85911649185357
91.98090255664188 433.3717361375277
92.85412832535431 432.8844202678327
93.72738272555952 432.39715570671393
94.6006598730689 431.90993191456306
95.47395506884996 431.4227404726988
96.34726456438952 430.93557466416905
97.22058537296044 430.4484291363059
98.09391512073405 429.9612996343727
98.96725193835974 429.47418280754425
99.8405944104962 428.987076118653
100.71394163825443 428.4999779563007
101.58729354240039 428.0128881786163
102.46065165906211 427.5258095401388
103.33402086337799 427.0387507829517
104.20741269147615 426.55173259580533
105.08085118157696 426.0647980991731
105.95438235284522 425.57802988654754
106.82808848923308 425.0915757908323
107.7021081826312 424.605685293341
108.57666250812518 424.1207577402367
109.45208667943653 423.63740225999067
110.32886505503589 423.15650759368486
111.20766552639114 422.6793181852255
112.08936734534927 422.20751112461073
112.97507471429022 421.7432671622335
113.8661074758291 421.28932815987264
114.763960558098 420.849032983133
115.67022594611545 420.42632380830753
116.58647512754624 420.02571497474617
117.51410610602954 419.652216959011
118.45416661313672 419.3112092714475
119.40717295661699 419.00825893015974
120.37295034322419 418.7488865347161
121.35052344543627 418.5382901676262
122.33808344383846 418.38104752215145
123.3330486327394 418.280826402245
124.33222058109189 418.2401395785118
125.33201977932221 418.2601786208545
126.3287685102919 418.34075136631077
127.31897938278829 418.4803308346788
128.2996086027448 418.6762040920864
129.26824321825262 418.9246934915384
130.2232074123807 419.22141455235703
131.16358913316478 419.56153544147617
132.08920170560765 419.9400078522748
133.00050114382066 420.35175211017366
133.89847859249244 420.791793587397
134.78455723918654 421.2553285179823
135.66048870173847 421.73776408146375
136.52824599814642 422.2347522850771
137.39008597363846 422.7419325850138
138.24829605321284 423.25523119139893
139.1050647287839 423.7709321091412
139.59813985825272 424.06772085041194
140.07755173302877 424.4299546000044
140.230481753149 424.4483361843095
140.07754348503607 424.4299483679908
140.2304817939212 424.44833618934615
141.22333155604446 424.5677068300069
142.21618180574046 424.687073415275
143.20903283396572 424.80643352482616
144.201884838075 424.92578551658244
145.19473791575416 425.0451285773065
146.1875920609916 425.1644627563369
147.1804471669571 425.28378894188825
148.17330304643195 425.40310869126847
149.16615944701084 425.5224241044787
150.15901610749575 425.6417373549193
151.1518727679807 425.7610506053599
151.4129613607451 425.79242605953726
151.93870203761202 425.85561801202505
152.26801011423925 424.91139547963763
152.5973181908663 423.96717294725016
152.92662626749342 423.02295041486275
153.2559343441206 422.07872788247533
153.5852424207478 421.1345053500879
153.91455049737488 420.1902828177005
154.24385857400202 419.2460602853131
154.57316665062913 418.3018377529256
154.9024747272563 417.35761522053815
155.23178280388345 416.41339268815074
155.5610908805106 415.4691701557633
155.89039895713773 414.5249476233759
156.21970703376485 413.58072509098844
156.54901541341525 412.63650266428374
156.8783270155069 411.6922813614485
157.2076565519178 410.7480663136721
157.53705559934855 409.80387551327647
157.8666653382877 408.85975824302005
158.19680687609593 407.9158268021762
158.52811086383497 406.9723027337453
158.86167469026935 406.0295752154801
159.19922088821735 405.08826625225345
159.5432198145456 404.14929621083303
159.89693757949826 403.2139440083142
160.26437839500187 402.28389710245295
160.65010758673594 401.361285054708
161.0589636191117 400.4486861588124
161.49568978955534 399.5490916656936
161.96453423393012 398.66581091362275
162.46887682600047 397.80230726578804
163.0109406315066 396.9619699342597
163.59163248187696 396.1478464946552
164.21053350196271 395.3623775090569
164.8660313992644 394.6071805104975
165.5555601226392 393.8829221728575
166.2630733063524 393.1762220279077
166.96615821825705 392.4651161239441
167.64465231418774 391.73051026922525
168.28502647016126 390.9624471596039
168.88153633868143 390.15984141781155
169.43515594390294 389.32707174214227
169.95124815729667 388.47053871459786
170.43709236005287 387.5964932863459
170.90003627254958 386.7101057109128
171.3464690978932 385.8152885606213
171.78145087025678 384.91484930241927
172.20873711272617 384.0107329011764
172.63098452009706 383.10425227426344
173.05000401602607 382.19627503774734
173.46699393687817 381.2873639277328
173.88272818439725 380.37787778960876
174.29769645771114 379.46804190762623
174.71220327313995 378.55799570002847
175.12643515951805 377.6478243181956
175.54050487464878 376.73757914736984
175.95447978935385 375.8272908578731
176.36839973879495 374.91697757363806
176.78228805688434 374.0066499072733
177.19615829621546 373.0963140214619
177.61001826773452 372.18597346761726
178.02387244156193 371.27563027804223
178.43772335937513 370.36528560824667
178.85157245774877 369.4549401113196
179.26542054417467 368.5445941543551
179.67926807022133 367.63424794263943
180.09311528721662 366.72390159042766
180.50696233442108 365.8135551610283
180.9208092886791 364.9032086893751
181.334656192229 363.9928621946699
181.7485030682028 363.08251568742844
182.1623499292254 362.1721691733901
182.57585115433596 361.2616656111609
182.98851281113065 360.3507812293585
183.39995052573482 359.43934335050926
183.8100002207897 358.5272801687146
184.21870060895895 357.6146115581498
184.6262205140468 356.7014152337172
185.03278420080898 355.78779279057875
185.43861764547472 354.8738457378505
185.8439188063274 353.9596625127739
186.24884636731508 353.0453137443312
186.65351978228352 352.13085246728457
187.05802480420056 351.21631669037697
187.4624207310207 350.3017326677901
187.86674733793308 349.38711799759136
188.27103063786453 348.4724841837639
188.67528728232452 347.55783858824077
189.07952773574547 346.64318583674543
189.48396847132537 345.7286216282813
189.8889133040738 344.8142805089881
190.2945974292595 343.9002671663216
190.70112094863487 342.98662684967906
191.1084603415871 342.073349991903
191.51651315522477 341.160391667946
191.9251435251076 340.24769170585034
192.33421474144296 339.3351892455984
192.74360717184754 338.4228308522422
193.15369574418435 337.51078515007663
193.56508018812437 336.5993232258669
193.9782297288662 335.6886600296276
194.39332862357003 334.77888373425844
194.81096502727587 333.8702694958164
195.23184299817356 332.96315223018144
195.6563825571961 332.05774284055434
196.08566402895696 331.1545720826116
196.52087512682698 330.2542436423795
196.96401017713112 329.357788776147
197.4177043583818 328.4666313322016
197.88470155097014 327.5823725340465
198.36742072972078 326.70659733773965
198.8678902862206 325.84084320230806
199.38815410005654 324.9868376027873
199.93097816528325 324.1469911678894
200.5004435477518 323.3249758528435
201.10199638247747 322.5261428371052
201.74176089966687 321.75757184978823
202.42527248367742 321.0276321847998
203.15607669804933 320.3450450473175
203.93472980536586 319.7175903967918
204.7585772226705 319.15077875876693
205.6223493004179 318.6468960365945
206.51927820913147 318.2047212603874
207.44229036919768 317.8199504813904
208.38491717309313 317.4861021496919
209.3417836662999 317.19557415761847
210.30872634704633 316.9405803299463
211.28267846551864 316.71382656278166
212.26145707862722 316.50890602569166
213.24354092486072 316.32046155385126
214.22788177500203 316.14418594367476
215.21376069761894 315.97672624721093
216.20068761498175 315.8155578266543
217.18833672440985 315.6588758664743
218.17650657732008 315.5055124360242
219.16509265369677 315.35485531009203
220.15406302343206 315.2067418137939
221.14343289828372 315.0613208705431
222.133238991534 314.9188993210339
223.12351738045342 314.77979967172035
224.114288350017 314.6442530529132
225.10554951671003 314.5123390680352
226.09727610853867 314.3839709759718
227.0894258446081 314.25891538346445
228.08194573216736 314.13683232649385
229.0747787553127 314.01732254383114
230.06786927339033 313.89997168996
231.0611666682198 313.78438498905996
232.05462728294845 313.6702096546702
233.0482149819583 313.557145582674
234.0419007688294 313.4449468439541
235.03566193107116 313.3334176889322
236.029481085595 313.22240648183345
237.02334530323245 313.11179944363107
238.01724531910415 313.0015145468852
239.0111748295061 312.8914957832487
240.00512989949218 312.7817081753459
240.99910846547758 312.6721334959642
241.99310986846655 312.5627661751781
242.9871344625933 312.4536098365114
243.98118338984565 312.34467531384564
244.97525857591924 312.23598067537273
245.96936292303724 312.12755306338596
246.96350053582995 312.0194308786559
247.95767680355738 311.9116647026658
248.95189826755166 311.804316295444
249.9461722931681 311.6974558163862
250.94050658955865 311.5911576178054
251.93490861805358 311.4854949199165
252.9293849426876 311.38053378547886
253.9239406041599 311.276327085918
254.91857861563014 311.17290935949495
255.9132996659593 311.0702934151586
256.90810207486385 310.9684692174566
257.9029819919184 310.86740512570503
258.89793378670083 310.7670511220018
259.8929505525017 310.6673433701707
260.8880246428233 310.5682093458874
261.88314817309924 310.4695728440679
262.87831344167483 310.37135834299534
263.87351324691156 310.27349441881097
264.86874109658186 310.1759161054381
265.8639913193742 310.07856625165346
266.8592590961543 309.9813960272885
267.8545404315636 309.88436477775525
268.8498320859636 309.7874394318352
269.8451314850374 309.6905936461586
270.84043662067285 309.59380683415515
271.83574595291697 309.4970631876052
272.8310583193228 309.4003507619311
273.8263728551734 309.30366066562124
274.82168892594837 309.2069863709137
275.81700607194045 309.1103231468095
276.8123239640439 309.0136676055364
277.80764236927155 308.91701734834504
278.8029611244062 308.820370694615
279.7982801162318 308.72372647848607
280.79359926694354 308.6270838987066
281.78891852353934 308.5304424094304
282.7842378502115 308.4338016418793
283.7795572229575 308.33716134885157
284.77487662252344 308.24052133204816
285.77019601764334 308.1438812694545
286.76551533233624 308.04724037852725
287.760834400662 307.9505969502603
288.75615292351847 307.8539479044355
289.75147044652715 307.757288562456
290.74678637261576 307.66061277813355
291.74210001089006 307.56391344274186
292.73741065119174 307.4671832545779
293.7327176465594 307.3704155689994
294.7280204854134 307.273605141001
295.72331884030007 307.1767486246483
296.71861258752745 307.07984477162825
297.7139017991618 306.9828943450989
298.709186713823 306.8858998161399
299.7044676949381 306.7888649325647
300.6997451849501 306.6917942476206
301.6950196622522 306.59469267795794
302.6902916052404 306.4975651355177
303.6855614655296 306.40041625389796
304.6808296505096 306.30325021061867
305.67609651416956 306.20607063405794
306.6713623544764 306.10888057737344
307.6666452326159 306.0118651534327
308.6620163686163 305.91575947401054
309.6576269351681 305.8221667404755
310.6536900946848 305.73352035163975
311.65040764465334 305.652562797423
312.64787924316323 305.58149655954486
313.6460592920192 305.5211924132038
314.6447843861889 305.47071285025277
315.64383887159545 305.4272371652197
316.64300337146483 305.3863678344105
317.642050355262 305.34272010633913
318.64069350438956 305.29064457753327
319.6385315509933 305.2249237075606
320.6350303834858 305.141317028156
321.6295625965618 305.03688677796896
322.6214918654724 304.91009432756914
323.6102697800668 304.7607014374762
324.59551222585685 304.58953682952904
325.57703621238227 304.39819769637734
326.55485572767975 304.1887484292424
327.52914739034713 303.9634580476082
328.5002009167849 303.72459606069356
329.4683679823846 303.4742911804215
330.4340188586517 303.2144481794295
331.39751065477344 302.94671032479164
332.3591668663033 302.67245254308614
333.3192664207612 302.3927940986761
334.2780397057088 302.10862198873076
335.2356692348193 301.8206190634406
336.1922930857139 301.52929311557534
337.1480100680832 301.2350057566707
338.10288617179947 300.9380013348996
339.0569620664796 300.6384363382956
340.0102616859509 300.33641012169187
340.96280244389413 300.03199904361315
341.91460673898354 299.7252930217463
342.865714760392 299.4164345887831
343.8161995510118 299.1056635109775
344.7661847976095 298.79336872836564
345.7158636575023 298.480143469051
346.6655144872018 298.16683323677137
347.61550811862816 297.85456396154666
348.5663020587621 297.54474000604205
349.51841950615085 297.2390074981566
350.4724145843851 296.93918523296475
351.42882859509757 296.64717112352344
352.38814436273856 296.36483575918635
353.35074624155766 296.0939158025682
354.3168920202511 295.8359190306643
355.2867002838043 295.5920503530035
356.260153605696 295.36316472632933
357.2371151097476 295.14974912333537
358.2173540841577 294.95193215478275
359.200575405551 294.76951550763215
360.1864484708758 294.602021331414
361.17463278331763 294.4487510973704
362.1647984213464 294.30885109998985
363.1566405111543 294.1813784798496
364.1498877346808 294.06536144249355
365.14430570628434 293.95984889465234
366.13974563050226 293.86445834337474
367.13614733274693 293.77970194087936
368.13348014403283 293.70671383546073
369.1316528115684 293.6462876343153
370.13049065914 293.5980905985284
371.12978773625184 293.5606025780992
372.1293683011444 293.53164235902
373.1291131313159 293.5090531017198
374.1289540056025 293.4912142086573
375.12885668480965 293.47726314724844
376.1288047330021 293.467069967365
377.12878673201317 293.46106982954313
378.1287862165523 293.4600544865426
379.12877403185837 293.4649910075286
380.12870304492674 293.4769060746325
381.12850424818157 293.4968448301163
382.12808251279097 293.5258843363181
383.12731073784266 293.56516479278196
384.12602268281523 293.61590384055756
385.12401460289016 293.6792451972308
386.12107117175344 293.7559146076013
387.1170197243621 293.8458394682168
388.11162051742133 293.94961452517134
389.1043504816506 294.0699773853954
390.0941371095954 294.21253415002485
391.0802471686335 294.378627351162
392.06044100168356 294.5766678764354
393.0443376615897 294.755406128149
394.03175594645654 294.91353623505654
395.0220819128616 295.0522967491228
396.014636710736 295.174095653948
397.009088505121 295.27928894577116
398.0055107287767 295.3638037504215
399.003635305274 295.4250191879524
400.0029084778023 295.4631390864998
401.00285332232704 295.47364184367893
402.00256804382116 295.4497572120538
403.00252291488016 295.45925751969764
404.0018096218379 295.4970209583345
404.99987106585036 295.55925723373457
405.9963459183882 295.64314923728523
406.9909865802203 295.7465414702155
407.98361842149063 295.86771088754597
408.97412155572204 296.00520103656686
409.9624231664825 296.1577130891012
410.9484933685648 296.32404275141465
411.9323412321786 296.50304940286253
412.91400986501225 296.69364503584114
413.8935705949523 296.89479367829085
414.8711167167602 297.1055152475201
415.8467573016861 297.3248903806717
416.82061145085333 297.55206453446095
417.79280322678125 297.786250680119
418.76345737539 298.0267304584552
419.7326958675999 298.2728538933791
420.70063524606127 298.52403780931263
421.6673847585683 298.779763013521
422.63304529575566 299.0395701091111
423.59770922060795 299.30305352811223
424.56146125724234 299.56985310060645
425.5243806470755 299.83964236778246
426.486544712178 300.11211312185605
427.44803372228046 300.38695650171485
428.40893652054615 300.66384242097615
429.3693557837827 300.94240092255905
430.3294112355516 301.2222107321239
431.28923883099543 301.50280115787734
432.24898409822333 301.78367305400377
433.20878855806893 302.0643426085701
434.1687709380474 302.34440301300265
435.1290106216121 302.62357992843
436.08954689465173 302.90173468423177
437.0504089019879 303.1787621248543
438.0116840349148 303.45435261601176
438.97360706069344 303.7276731100785
439.93660945777026 303.99716593600203
440.9012455213078 304.26075133947245
441.86795883062996 304.5166133678771
442.8367605215849 304.76445057977804
443.8069613818433 305.0067526448827
444.777042876157 305.2495321629441
445.74462259589916 305.5020979681192
446.70643121036255 305.775820800824
447.6907507757886 305.95221522567783
448.68739540879693 305.8703649019417
449.5972831534072 305.45551035850747
450.33028814160764 304.7752870956935
450.89318501943416 303.9487599606682
451.34317292981973 303.0557253138001
451.73064910654864 302.13384559688063
452.0865193444278 301.19931021831445
452.42721484089066 300.2591365222934
452.7608672792585 299.3164403621382
453.0913298682776 298.37262127075536
453.4203746176994 297.42830694126656
453.7487984945195 296.4837764985944
453.86084200101266 297.4774798007187
453.8378283951174 298.4772149526183
453.75950746150505 299.47414315031267
453.6538281853631 300.4685434171037
453.5325531889266 301.4611623647565
453.4083138580671 302.45341464551353
453.3039583543167 303.4479547044539
453.2523201134752 304.4466205605253
453.2883700723112 305.445970549502
453.4387870282033 306.4345931971185
453.71418890940015 307.39592238310695
454.1079052086436 308.31515438630856
454.6012648377365 309.1849798149903
455.1712721665773 310.00661942276724
455.79642433328786 310.78712231735324
456.45934631640466 311.5358108001687
457.14713577646575 312.26172102783386
457.85068082403006 312.972371691696
458.5637438760098 313.6734716017669
459.282144643474 314.36910105579176
460.00312921446596 315.0620521712332
460.72491584613954 315.7541678106586
461.4463809124768 316.446618645054
462.16686011137165 317.1400951940157
462.88603131401345 317.83492811011195
463.6038356948179 318.53117294556705
464.3205386811145 319.22855148655725
465.03683084647884 319.9263519837179
465.7537866790657 320.6234705777316
466.4726414292725 321.3186308816221
467.1945376131184 322.01063225427157
467.92035125661357 322.6985236373521
468.65061182106194 323.3816923632255
469.385501150245 324.05987941253636
470.1249044488747 324.7331421858838
470.86849006222883 325.4017829232105
471.6157945410479 326.06626468814983
472.36629516120206 326.72713443261404
473.11946884857434 327.3849561384357
473.8748346872639 328.04025946495017
474.63197993014444 328.69350603492467
475.3905687991096 329.3450756228293
476.1503377938408 329.9952687284872
476.91108264968085 330.64431977756794
477.6726408427942 331.2924163124313
478.434875116097 331.93971756579225
479.1976627139028 332.5863666828825
479.9608914242978 333.23249510326707
480.72446034445045 333.878221441724
481.488282298876 334.5236484491675
482.2522856169645 335.1688607630223
483.01641430815175 335.813924591883
483.78062671350915 336.4588892416878
484.5448932058722 337.10378979886787
485.3091935684382 337.74865021460255
486.073514518254 338.39348622916185
486.837847627059 339.03830783145554
487.6021877176633 339.6831211578493
488.36653170580763 340.3279298642015
489.1308778074043 340.97273606529916
489.8952649452402 341.61749361935426
490.6596490059826 342.2622548214151
491.423084603757 342.9081387800724
492.183817622834 343.55720370262327
492.93975916823354 344.2118428245363
493.68548590469106 344.87809475476416
494.4209178040178 345.5556933981015
495.18058723859565 346.20600282458116
