2.2525512323360446
159596
1120
0.0 100.0
0.0 101.0
0.0 101.99999999999999
0.0 102.99999999999999
0.0 103.99999999999999
0.0 104.99999999999999
0.0 105.99999999999999
0.0 106.99999999999999
0.0 107.99999999999999
0.0 109.0
0.0 110.0
0.0 111.0
0.0 112.0
0.0 113.0
0.0 114.0
0.0 115.0
0.0 116.0
0.0 117.0
0.0 118.0
0.0 119.0
0.0 120.0
0.0 121.0
0.0 122.0
0.0 123.00000000000001
0.0 124.00000000000001
0.37708782809130953 124.92617750453431
0.9855337799599545 125.71977281932305
1.5722035842835618 126.52959906037411
2.2103703550588856 127.29949721771584
2.9060149587188016 128.01788331543685
3.659952538827947 128.67482937509408
4.469421858822073 129.26199155029633
5.32881473845004 129.77330738072283
6.230456727624309 130.20579058659084
7.165551285676201 130.56018890416829
8.125228912769781 130.84129182492157
9.101514802889229 131.0577770686535
10.088001123623203 131.22162071059532
11.080085433433888 131.34719428356135
12.074767129616333 131.45019099845854
13.070120994215475 131.54647539089862
14.06465501279704 131.6508884450825
15.056795350177733 131.77601858110944
16.04471382843902 131.9309930316163
17.02660640497539 132.1204315919539
18.001347331696635 132.34377018193467
18.969239069436593 132.59513761024377
19.932459272376228 132.86385091592274
20.89486440559063 133.13546895575544
21.86104873916122 133.39332130413095
22.83489769166488 133.62051773391698
23.818201169804155 133.80249100085254
24.810047663398063 133.92992935122427
25.80748319892607 134.00149996297205
26.80719758984566 134.02539842711244
27.807176869389004 134.01896099874563
28.807097127973243 134.00633259928915
29.80706092607404 134.01484156443362
30.805492516707986 134.07082690916036
31.79768607984558 134.1955342997526
32.77617159478266 134.40184982766633
33.73289090713197 134.6928621253066
34.66192981707313 135.06284415705318
35.561234832422606 135.50016610867152
36.432613945124935 135.99077638368226
37.28050701518681 136.5209436608138
38.11054304398356 137.07865343381343
38.92866704359039 137.65369527687125
39.741080797510605 138.23677665407453
40.55476531733526 138.81808337362773
41.378021678664105 139.38575313989296
42.22027085835611 139.92484155500512
43.09044073799833 140.4175933998149
43.9940393870528 140.84597346637602
44.93049503494601 141.19675946884607
45.8944394799437 141.46286303319292
46.873843063329126 141.66477544205327
47.85987790828004 141.83131458022393
48.84696209944303 141.9915169508559
49.83091755133522 142.16993126836334
50.80783225250969 142.3835610102749
51.774196045944954 142.6407399727454
52.72772744050111 142.9420336494062
53.66797968569993 143.28251230571018
54.59627314720891 143.6543607282155
55.51509751158859 144.0490274071007
56.427355111598224 144.45864438822414
57.33570861714682 144.87684757921818
58.24210927175836 145.2992666286463
59.14748667889883 145.72387438957347
60.05157633080532 146.15121722772057
60.95286993616255 146.58442599603228
61.84866176879342 147.02889983394834
62.735155922958604 147.4916396254413
63.60762004969965 147.98031778901114
64.46060785509745 148.50224863102247
65.28828877433871 149.0634476117093
66.0848966585722 149.66794399612945
66.84525181150669 150.31745153373464
67.56525820519273 151.0114189631225
68.24226444976252 151.74739623506335
68.87521284060371 152.5215902253084
69.46456586547366 153.32946584201966
70.0120603259979 154.1662751486692
70.52037075835545 155.0274490593031
70.99276170158414 155.9088381883236
71.43278442548197 156.80682482656135
71.84404418949008 157.71834301426142
72.23004036407308 158.64084339540352
72.59406797185548 159.57223155335498
72.93916436152416 160.51079880285693
73.26808564968964 161.45515614316386
73.58330112648562 162.4041762710791
73.88699784727761 163.35694502674872
74.18109098574308 164.3127217924778
74.46723781180312 165.27090757505638
74.74685441512752 166.23101931602474
75.02113475262314 167.19266909451133
75.29107156106187 168.15554713427022
75.55747844852912 169.11940779344766
75.8210123013493 170.0840579416453
76.08219509055873 171.0493473027287
76.34143427888188 172.0151604540357
76.59904132998473 172.98141021844555
76.85524818647384 173.94803219558446
77.1102218206902 174.9149802013503
77.36407698509352 175.88222244376206
77.61688717868837 176.84973833821266
77.86869375987189 177.81751591889568
78.11951317370176 178.78554981378056
78.36934240988718 179.7538397252983
78.6181629806098 180.7223893231947
78.8659438169514 181.6912054343024
79.11649909238305 182.65930772949304
79.3886534964255 183.62156132411366
79.73273477640541 184.56050119054143
80.24236856160648 185.4208926159878
81.02441513315657 186.04411260918985
82.02162703992013 186.11873440901394
82.81990844015738 185.51644975369283
83.22290224657525 184.6012470482833
83.4086812843504 183.61865550083172
83.50370590566936 182.62318057832329
83.55901060745092 181.62471105452155
83.99609607033881 182.5241310332479
84.37507256673399 183.4495373306006
84.69103673004457 184.39830845553195
84.94771065921867 185.36480651247894
85.15322551145552 186.3434605093083
85.31712614031605 187.32993736350164
85.4485903166674 188.32125828547203
85.55557677655193 189.31551876311426
85.64456001767577 190.3115518864586
85.72058095976632 191.30865810766258
85.78743841022194 192.3064206452027
85.84792208308033 193.30458983192287
85.90403698384222 194.30301414949156
85.95719750602768 195.30160012920538
86.00838498514358 196.30028919091666
86.05827012504523 197.29904415226454
86.10730503570474 198.2978412175068
86.1557906009577 199.29666510086267
86.20392468726627 200.29550598395429
86.25183596956663 201.29435757905154
86.29960725309826 202.29321587954752
86.34729130073269 203.2920783483595
86.39492142031133 204.29094339014887
86.44251845349828 205.28981000908846
86.49009533298452 206.28867758816904
86.53766002042414 207.28754574789224
86.58521738043926 208.28641425651006
86.6327703641541 209.28528297347933
86.68032074971885 210.28415181413493
86.7278696015996 211.28302072779917
86.77541755309467 212.2818896843238
86.82296497876297 213.28075866587858
86.87051209888796 214.27962766197757
86.91805904232442 215.27849666648711
86.96560588405791 216.27736567583779
87.01315266751021 217.27623468796264
87.06069941770663 218.27510370167053
87.10824614900469 219.27397271627797
87.15579286960563 220.27284173139458
87.20333958417467 221.27171074679833
87.25088629535486 222.2705797623634
87.29843300463781 223.26944877801878
87.34597971286223 224.26831779372458
87.39352642049796 225.2671868094584
87.44107312780736 226.26605582520773
87.4886198349364 227.26492484096565
87.53616654196605 228.26379385672828
87.58371324894111 229.26266287249354
87.63125995588625 230.2615318882602
87.67880666281503 231.26040090402768
87.7263533697349 232.25926991979554
87.77390007664991 233.25813893556364
87.8214467835623 234.25700795133187
87.86899349047326 235.25587696710016
87.91654019738345 236.25474598286849
87.96408690429324 237.25361499863686
88.0116336112028 238.2524840144052
88.05918031811224 239.2513530301736
88.10672702502163 240.25022204594197
88.15427373193097 241.24909106171032
88.2018204388403 242.2479600774787
88.24936714574962 243.24682909324707
88.29691385265892 244.24569810901545
88.34446055956823 245.24456712478383
88.39200726647753 246.2434361405522
88.43955397338685 247.24230515632058
88.48710068029615 248.24117417208896
88.53464738720544 249.24004318785734
88.58219409411474 250.23891220362572
88.62974080102404 251.2377812193941
88.67728750793334 252.23665023516247
88.72483421484264 253.23551925093085
88.77238092175195 254.23438826669923
88.81992762866125 255.2332572824676
88.86747433557055 256.232126298236
88.91502104247985 257.23099531400436
88.96256774938915 258.22986432977274
89.01011445629845 259.2287333455411
89.05766116320775 260.22760236130944
89.10520787011707 261.2264713770778
89.15275457702637 262.2253403928462
89.20030128393566 263.22420940861457
89.24784799084496 264.22307842438295
89.29539469775428 265.2219474401513
89.34294140466358 266.2208164559197
89.39048811157289 267.2196854716881
89.4380348184822 268.21855448745646
89.4855815253915 269.21742350322484
89.5331282323008 270.2162925189932
89.58067493921011 271.2151615347616
89.62822164611941 272.21403055052997
89.67576835302873 273.21289956629835
89.72331505993802 274.2117685820667
89.77086176684732 275.2106375978351
89.81840847375662 276.2095066136035
89.86595518066592 277.20837562937186
89.91350188757525 278.20724464514024
89.96104859448455 279.2061136609086
90.00859530139385 280.204982676677
90.05614200830314 281.20385169244537
90.10368871521246 282.20272070821375
90.15123542212176 283.2015897239821
90.19878212903107 284.2004587397505
90.24632883594037 285.1993277555189
90.29387554284968 286.19819677128726
90.34142224975898 287.19706578705564
90.38896895666826 288.195934802824
90.43651566357758 289.1948038185924
90.48406237048688 290.19367283436077
90.53160907739618 291.19254185012915
90.57915578430548 292.1914108658975
90.6267024912148 293.1902798816659
90.6742491981241 294.1891488974343
90.7217959050334 295.18801791320266
90.76934261194272 296.18688692897103
90.816889318852 297.1857559447394
90.86443602576131 298.1846249605078
90.91198273267061 299.18349397627617
90.95952943957994 300.18236299204455
91.00707614648923 301.1812320078129
91.05462285339854 302.1801010235813
91.10216956030784 303.1789700393497
91.14971626721714 304.17783905511806
91.19726297412645 305.17670807088643
91.24480968103576 306.1755770866548
91.29235638794506 307.1744461024232
91.33990309485436 308.17331511819157
91.38744980176367 309.17218413395995
91.43499650867297 310.1710531497283
91.48254321558227 311.1699221654967
91.53008992249157 312.1687911812651
91.57763662940089 313.16766019703346
91.6251833363102 314.16652921280183
91.6727300432195 315.1653982285702
91.72027675012879 316.1642672443386
91.76782345703809 317.16313626010697
91.81537016394739 318.16200527587534
91.8629168708567 319.1608742916437
91.910463577766 320.1597433074121
91.9580102846753 321.1586123231805
92.0055569915846 322.15748133894886
92.0531036984939 323.15635035471723
92.1006504054032 324.1552193704856
92.14819711231252 325.154088386254
92.19574381922182 326.15295740202237
92.24329052613113 327.15182641779074
92.29083723304043 328.1506954335591
92.33838393994975 329.1495644493275
92.38593064685905 330.1484334650959
92.43347735376838 331.14730248086425
92.48102406067767 332.14617149663263
92.52857076758696 333.145040512401
92.57611747449626 334.1439095281694
92.62366418140557 335.14277854393777
92.67121088831487 336.14164755970614
92.71875759522418 337.1405165754745
92.76630430213348 338.1393855912429
92.81385100904278 339.1382546070113
92.86139771595208 340.13712362277965
92.90894442286138 341.13599263854803
92.95649112977071 342.1348616543164
93.00403783668 343.1337306700848
93.05158454358931 344.13259968585317
93.0991312504986 345.13146870162154
93.1466779574079 346.1303377173899
93.1942246643172 347.1292067331583
93.2417713712265 348.1280757489267
93.28931807813582 349.12694476469505
93.33686478504511 350.12581378046343
93.38441149195442 351.1246827962318
93.43195819886374 352.1235518120002
93.47950490577304 353.12242082776856
93.52705161268234 354.12128984353694
93.57459831959164 355.1201588593053
93.62214502650095 356.1190278750737
93.66969173341025 357.1178968908421
93.71723844031956 358.11676590661045
93.76478514722886 359.11563492237883
93.81233185413816 360.1145039381472
93.85987856104747 361.1133729539156
93.90742526795677 362.11224196968396
93.95497197486607 363.11111098545234
94.00251868177537 364.1099800012207
94.05006538868467 365.1088490169891
94.09761209559397 366.1077180327575
94.14515880250327 367.10658704852585
94.19270550941259 368.10545606429423
94.24025221632189 369.1043250800626
94.2877989232312 370.103194095831
94.33534563014051 371.10206311159936
94.38289233704981 372.10093212736774
94.43043904395913 373.0998011431361
94.47798575086841 374.0986701589045
94.52553245777773 375.0975391746729
94.57307916468703 376.09640819044125
94.62062587159633 377.09527720620963
94.66817257850565 378.094146221978
94.71571928541493 379.0930152377464
94.76326599232425 380.09188425351476
94.81081269923355 381.09075326928314
94.85835940614285 382.0896222850515
94.90590611305215 383.0884913008199
94.95345281996146 384.0873603165883
95.00099952687076 385.08622933235665
95.04854623378009 386.08509834812503
95.09609294068939 387.0839673638934
95.14363964759868 388.0828363796618
95.19118635450798 389.08170539543016
95.23873306141728 390.08057441119854
95.2862797683266 391.0794434269669
95.3338264752359 392.0783124427353
95.38137318214521 393.0771814585037
95.4289198890545 394.07605047427205
95.47646659596381 395.07491949004043
95.5240133028731 396.0737885058088
95.57156000978242 397.0726575215772
95.61910671669172 398.07152653734556
95.66665342360103 399.07039555311394
95.71420013051033 400.0692645688823
95.76174683741964 401.0681335846507
95.80929354432895 402.0670026004191
95.85684025123825 403.06587161618745
95.90438695814757 404.06474063195583
95.95193366505686 405.0636096477242
95.99948037196617 406.0624786634926
96.04702707887547 407.06134767926096
96.09457378578476 408.06021669502934
96.14212049269406 409.0590857107977
96.18966719960336 410.0579547265661
96.23721390651266 411.0568237423345
96.28476061342197 412.05569275810285
96.33230732033128 413.0545617738712
96.37985402724058 414.0534307896396
96.4274007341499 415.052299805408
96.4749474410592 416.05116882117636
96.5224941479685 417.05003783694474
96.5700408548778 418.0489068527131
96.61758756178709 419.0477758684815
96.6651342686964 420.0466448842499
96.7126809756057 421.04551390001825
96.76022768251502 422.0443829157866
96.80777438942432 423.043251931555
96.85532109633363 424.0421209473234
96.90286780324293 425.04098996309176
96.95041451015226 426.03985897886014
96.99796121706154 427.0387279946285
97.04550792397083 428.0375970103969
97.09305463088013 429.0364660261653
97.14060133778945 430.03533504193365
97.18814804469875 431.034204057702
97.23569475160805 432.0330730734704
97.28324145851735 433.0319420892388
97.33078816542665 434.03081110500716
97.37833487233597 435.02968012077554
97.42588157924527 436.0285491365439
97.47342828615459 437.0274181523123
97.52097499306387 438.02628716808067
97.56852169997318 439.02515618384905
97.61606840688249 440.0240251996174
97.6636151137918 441.0228942153858
97.71116182070111 442.0217632311542
97.7587085276104 443.02063224692256
97.80625523451971 444.01950126269094
97.85380194142901 445.0183702784593
97.90134864833831 446.0172392942277
97.94889535524761 447.01610830999607
97.9964420621569 448.01497732576445
98.04398876906622 449.0138463415328
98.09153547597555 450.0127153573012
98.13908218288483 451.0115843730696
98.18662888979412 452.01045338883796
98.23417559670344 453.00932240460634
98.28172230361274 454.0081914203747
98.32926901052205 455.0070604361431
98.37681571743136 456.00592945191147
98.42436242434067 457.00479846767985
98.47190913124997 458.0036674834482
98.51945583815927 459.0025364992166
98.56700254506858 460.001405514985
98.61454925197788 461.00027453075336
98.66209595888719 461.99914354652174
98.70964266579648 462.9980125622901
98.7571893727058 463.9968815780585
98.80473607961508 464.99575059382687
98.8522827865244 465.99461960959525
98.89982949343369 466.9934886253636
98.947376200343 467.992357641132
98.9949229072523 468.9912266569004
99.0424696141616 469.99009567266876
99.09001632107092 470.98896468843714
99.1375630279802 471.9878337042055
99.18510973488952 472.9867027199739
99.23265644179881 473.98557173574227
99.28020314870813 474.98444075151065
99.32774985561743 475.983309767279
99.37529656252674 476.9821787830474
99.42284326943604 477.9810477988158
99.47038997634536 478.97991681458416
99.51793668325465 479.97878583035254
99.56548339016395 480.9776548461209
99.61303009707326 481.9765238618893
99.66057680398255 482.97539287765767
99.70812351089185 483.97426189342605
99.75567021780117 484.9731309091944
99.80321692471047 485.9719999249628
99.84051958981236 486.75566043055653
100.6991023840433 486.24298549899606
101.55768517827426 485.73031056743554
101.5576851782744 485.7303105674354
102.41626797250544 485.21763563587507
103.27485076673638 484.70496070431454
104.13343356096736 484.1922857727541
104.99201635519834 483.6796108411936
105.85059914942934 483.1669359096332
106.70918194366034 482.6542609780728
107.56776473789131 482.1415860465123
108.42634753212229 481.62891111495185
109.28493032635326 481.1162361833914
110.14351312058427 480.60356125183097
111.00209591481524 480.0908863202705
111.86067870904623 479.57821138871003
112.71926150327721 479.0655364571496
113.57784429750818 478.5528615255891
114.43642709173916 478.0401865940287
115.29500988597013 477.5275116624682
116.1535926802011 477.01483673090775
117.01217547443208 476.5021617993473
117.87075826866305 475.9894868677868
118.72934106289404 475.47681193622634
119.58792385712502 474.9641370046659
120.44650665135603 474.45146207310546
121.30508944558702 473.938787141545
122.16367223981801 473.4261122099845
123.02225503404901 472.9134372784241
123.88083782827997 472.4007623468636
124.73942062251096 471.8880874153032
125.59800341674193 471.37541248374265
125.97963615876606 472.2997265268119
126.37002704810251 473.2203757290182
126.7667694575376 474.1383057157577
127.21227049237434 475.033587139646
127.70256677180541 475.90514296595666
128.2749729371169 476.72511319829033
128.91300041530218 477.4951267936772
129.66067473582407 478.1591923856424
130.51314967504103 478.6819604776365
131.4407739380553 479.0554751716811
132.4113187511283 479.2963958345913
133.4018509878928 479.4336761606774
134.39985347600447 479.49685078946857
135.3997653060199 479.51012980280575
136.39958555179237 479.49116994670163
137.39881755607948 479.45198574569713
138.39748578878442 479.4003934886621
139.39573945388537 479.3413204820302
140.39372002057786 479.2778004969533
141.39153082891303 479.21166736781595
142.3892396704158 479.1440133392055
143.38688857703744 479.07548116342906
144.38450275848888 479.00644533963475
145.38209702115765 478.9371222764425
146.3796799405269 478.8676361700416
147.3772564350569 478.79805788635167
148.3748293057689 478.7284276657622
149.37240013930335 478.6587682652379
150.36996983068087 478.58909251016536
151.36753888310977 478.5194076076676
152.3651075787489 478.44971759776024
153.36267607546029 478.3800247403858
154.36024446140203 478.3103302974972
155.3578127857303 478.2406349727122
156.35538107581857 478.17093915784255
157.35294934689367 478.10124307083436
158.3505176074178 478.0315468328091
159.34808586209016 477.96185051102714
160.34565411351855 477.8921541428138
161.34322236314932 477.8224577488712
162.3407906117843 477.7527613406759
163.33835885986784 477.6830649245875
164.33592710764606 477.6133685041291
165.33349535525525 477.54367208125166
166.3310636027709 477.4739756570354
167.32863172394775 477.4042774245491
168.32619917920255 477.33456966159224
169.32376472173004 477.2648345315514
170.3213262982898 477.1950426912573
171.31888123222336 477.12515597016665
172.3164266247141 477.0551331887274
173.31395982530563 476.9849369372773
174.31147882599583 476.91453918687296
175.3089824912251 476.843924472725
176.3064706051028 476.77309042248976
177.30394376876208 476.7020461561515
178.30140320539488 476.63080942214276
179.29885053187687 476.5594033237063
180.29628754296579 476.4878532789125
181.29371603592327 476.41618458674805
182.29113768653718 476.3444207317333
183.28855397517486 476.27258239127207
184.2859661543797 476.20068701747215
185.28337524680623 476.1287488332798
186.28078206255208 476.0567790903063
187.27818722681002 475.98478646352015
188.27559174810625 475.91278492952335
189.27299826867704 475.8408110959249
190.27041233186375 475.768941863583
191.26784278672864 475.69730048093265
192.265300940533 475.6260457869879
193.26279875556708 475.5553484815074
194.26034787493472 475.4853788134448
195.2579603724437 475.4163186598547
196.25565121185213 475.3483996716367
197.25344084902628 475.2819478849948
198.25135683840676 475.2174213157482
199.24943352273078 475.1554299275656
200.2477087796891 475.0967229318597
201.246217633227 475.0421329198939
202.24498430019372 474.9924826937498
203.244015570043 474.9484767638839
204.24329819853466 474.91060555589183
205.24280130305965 474.87908502219005
206.24248264772507 474.8538420206261
207.24229639640953 474.8345425920979
208.242199900856 474.8206508033134
209.24215804360244 474.8115013358373
210.24214487930652 474.8063702132988
211.24214319250905 474.8045334792158
212.24214289106052 474.8053099436313
213.24213903047394 474.80808864085424
214.24212998029506 474.81234308275
215.2421159798497 474.8176346510155
216.24209813903525 474.82360803452593
217.24207782423701 474.82998213711625
218.24205632719054 474.83653908997985
219.24203471952765 474.8431128909261
220.2420138157158 474.8495787386446
221.24199418848946 474.85584404530164
222.24197620188954 474.8618417845664
223.24196004915595 474.8675255514785
224.2419457939703 474.8728650428499
225.24193341179486 474.8778414067386
226.24192282413367 474.8824430597334
227.24189928489125 474.87558172380477
228.2409787155385 474.83268310777106
229.23502947981154 474.72376534958573
230.2149305749785 474.52428140614506
231.16835042159585 474.2226349308198
232.08443084338504 473.821640341312
232.95779899035813 473.33457968815594
233.78939733177913 472.7792021602114
234.58464948721718 472.1729233388172
235.3612886698768 471.54297764277845
236.13354402109442 470.90766537899333
236.87744503496168 470.2393755604511
237.603700549415 469.55195070803006
238.31926178666515 468.8534006985497
239.02841042525762 468.1483416879822
239.73372038139829 467.4394426360934
240.43672179363148 466.72825418399503
241.13764597094354 466.0150183901236
241.8357313688061 465.2990038809892
242.52993233666638 464.5792226529609
243.21949533614054 463.85499694936004
243.90419546204805 463.12617204749245
244.5842983531061 462.39305537357586
245.26129941652178 461.65707333566047
245.9376741486392 460.92051565173267
246.61596843339368 460.18572529845534
247.29926262678504 459.4555821307973
247.99076769118903 458.7332105187419
248.69422549988633 458.02247349889365
249.4131303834439 457.3273650408836
250.15111160116973 456.652543788785
250.91155830119396 456.00314343736665
251.69657505916254 455.38366891028056
252.49932002883344 454.7873464189488
253.3145046777514 454.2081452551305
254.15816849257112 453.67127341980677
255.027957173166 453.1778490070453
255.9204810279178 452.7268488200176
256.8162467774561 452.28232241815374
257.71556320661205 451.8450239385655
258.61802209041815 451.41424793756335
259.5181589888691 450.97864081635544
260.41254631577254 450.5313475015445
261.31492759376425 450.10040895705106
262.2215761532832 449.6785222548166
263.13048416849705 449.2615255883071
264.0405856591818 448.847140167891
264.9513184927963 448.43414415607435
265.8623867812659 448.0218886846187
266.77363447999926 447.61002993267437
267.68497889320037 447.19838523086577
268.59637588838484 446.7868569606719
269.5078017167108 446.3753925521743
270.41924348456763 445.9639634528072
271.33069413003625 445.5525540206416
272.24214975314 445.1411556162785
273.1536081838953 444.7297634323408
274.0650682068628 444.3183747760411
274.97652913727774 443.90698813025983
275.8879905873544 443.49560263583385
276.799452337465 443.0842178061605
277.71091427050334 442.67283338178095
278.622376355894 442.261449294953
279.5338386871491 441.8500657528625
280.4453015818282 441.4386834590976
281.3567657437949 441.0273039731599
282.2682324684809 440.61593016530367
283.1797038512432 440.20456667834185
284.0911829467192 439.79322028111665
285.0026738295826 439.38190000389113
285.9141815243581 438.97061698410437
286.8257114349963 438.5593832038626
287.737266583307 438.14820536935747
288.64883873143106 437.73706522443774
289.56038772885796 437.32587375408605
290.4718041578767 436.9143885260223
291.3828543848585 436.5020931417207
292.29311309694833 436.08805319550237
293.201893410281 435.6707782955875
294.10818623537284 435.2481279493354
295.0106186008393 434.8172963978461
295.90743721416516 434.37489796340924
296.7965213173639 433.917154085854
297.67542877611174 433.44016175996455
298.5414796979125 432.9402059610702
299.3918798377665 432.414069474846
300.22387982955433 431.8592938322073
301.03495683213805 431.27435443715876
301.82299606667414 430.6587294174984
302.586445275541 430.0128615475122
303.32441801984817 429.3380310290413
304.0367314631775 428.63616953383564
304.7238841453044 427.9096564978577
305.3870081607199 427.16114695204067
306.02785030716564 426.39347427222276
306.64882489066486 425.6096435719769
307.2531341752789 424.81289374390707
307.8448960980849 424.0067809560685
308.4291871914886 423.195236799433
309.01192088481264 422.382573620333
309.59953139362153 421.5734296962148
310.1984972328759 420.772655119067
310.81478992402265 419.98513793269
311.4533566772983 419.21557149526507
312.117737299549 418.468177095515
312.8098809427493 417.7464173174881
313.53017888162026 417.05275249982884
314.2776802212621 416.3884921990177
315.0504231168097 415.75377303483515
315.84580354431 415.1476625040328
316.6609157264646 414.5683593618843
317.49282353084067 414.01344549017244
318.3387488175889 413.48014406579796
319.1961825732135 412.9655497064084
320.0629350527273 412.46681115841295
320.9371436251295 411.9812605720283
321.81725476628594 411.5064928612345
322.7019925603444 411.0404037755818
323.59032199364765 410.5811970487941
324.48141207514686 410.1273705768318
325.3746014269732 409.6776898214242
326.26935860353666 409.2311368066677
327.165208963895 408.7867809449466
328.0615882416132 408.343493013149
328.95760085478764 407.8994644138085
329.8517020183652 407.45159935679993
330.74238470166995 406.9969738431505
331.63045736008837 406.53727072877166
332.523966622801 406.08822596769915
333.44258328498444 405.6930760873259
334.4057446120313 405.42415182646175
335.40571012623457 405.4324566686787
336.35500745565247 405.7468363441669
337.16455161213906 406.33389533498337
337.7826959978891 407.1199599114437
338.21082528147036 408.02367740963666
338.48526198703314 408.9852825753049
338.64961330895704 409.9716844421836
338.7399397744469 410.9675966519853
338.78187787785214 411.9667168627121
338.79249558623496 412.9666604932577
338.7828603671923 413.96661407345727
338.76009147654315 414.96635482866265
338.728769352641 415.9658641705671
338.6918512337087 416.96518246445277
338.65125498206305 417.96435809683794
338.6082301869879 418.9634321016087
338.5635947525994 419.96243544394395
338.51788644372317 420.9613902730026
338.47146042430575 421.96031200403115
338.42455231377994 422.95921121274387
338.377319121573 423.95809510267
338.3298659305582 424.95696856545817
338.2822633652178 425.9558349207696
338.23455907841657 426.9546964231916
338.1867853402742 427.95355460629065
338.1389640758283 428.95241051515177
338.09111022508705 429.9512648633774
338.0432339944991 430.95011813916153
337.9953423721919 431.94897067708325
337.94744015184716 432.9478227068084
337.8995306270801 433.9466743862066
337.85161606388834 434.94552582392606
337.8036980230145 435.94437709481616
337.7557775804387 436.94322825048624
337.70785547850846 437.94207932654643
337.6599322297082 438.94093034758225
337.61200818801456 439.9397813305761
337.5640835980222 440.9386322872629
337.5161586288009 441.9374832257543
337.4682333972472 442.9363341516589
337.4203079842025 443.9351850688555
337.3723824455831 444.9340359800269
337.3244568200713 445.9328868870292
337.2765311344295 446.9317377911464
337.22860540717556 447.93058869326705
337.18067965112317 448.9294395940059
337.13275387513966 449.92829049378844
337.0848280853618 450.9271413929091
337.03690228603637 451.9259922915716
336.98897648010285 452.92484318991717
336.9410506695956 453.92369408804325
336.8931248559226 454.92254498601744
336.84519904005845 455.9213958838865
336.79727322267763 456.9202467816827
336.74934740424715 457.91909767942866
336.7014215850899 458.9179485771397
336.6534957654298 459.91679947482663
336.6055699454215 460.9156503724968
336.55764412517226 461.9145012701555
336.50971830475623 462.9133521678061
336.4617924842248 463.9122030654512
336.4138666636135 464.91105396309246
336.36594084294677 465.909904860731
336.3180150222418 466.90875575836776
336.27008920151036 467.9076066560032
336.22216338076055 468.90645755363784
336.17423755999806 469.9053084512719
336.1263117392268 470.9041593489054
336.0783859184494 471.90301024653877
336.0304600976678 472.9018611441719
335.9825342768833 473.9007120418048
335.9346084560968 474.89956293943766
335.88668263530883 475.89841383707045
335.8387568145199 476.8972647347032
335.7908309937303 477.89611563233586
335.74290517294037 478.89496652996854
335.69497935214997 479.89381742760116
335.64705353135946 480.8926683252338
335.5991277105687 481.8915192228664
335.55120188977793 482.890370120499
335.503276068987 483.8892210181317
335.45535024819605 484.88807191576433
335.40742442740515 485.88692281339695
335.3594986066142 486.88577371102963
335.31157278582316 487.8846246086622
335.2636469650321 488.88347550629476
335.21572114424106 489.8823264039273
335.16779532345004 490.88117730156
335.11986950265896 491.8800281991926
335.07194368186794 492.87887909682524
335.0240178610769 493.8777299944579
334.9760920402859 494.8765808920906
334.92816621949476 495.8754317897232
334.8802403987038 496.87428268735584
334.83367978369074 497.84468050908333
335.7787739254013 497.51788230942077
336.7238680671127 497.191084109758
337.6689622088239 496.86428591009485
338.61405635053524 496.53748771043183
339.55915049224654 496.2106895107688
340.50424463395785 495.88389131110586
341.4493387756692 495.5570931114429
342.3944329173805 495.23029491177994
343.33952705909184 494.90349671211703
344.28462120080314 494.5766985124541
345.22971534251445 494.24990031279106
346.17480948422576 493.9231021131281
347.11990362593707 493.59630391346514
348.0649977676484 493.2695057138022
349.0100919093597 492.94270751413916
349.955186051071 492.61590931447626
350.90028019278236 492.28911111481335
351.84537433449367 491.9623129151504
352.790468476205 491.63551471548743
353.73556261791623 491.3087165158244
354.68065675962754 490.9819183161615
355.62575090133885 490.6551201164986
356.57084504305016 490.3283219168356
357.51593918476146 490.0015237171727
358.4610333264728 489.67472551750967
359.4061274681841 489.3479273178467
360.35122160989545 489.0211291181838
361.29631575160676 488.6943309185208
362.2414098933181 488.36753271885783
363.1865040350294 488.0407345191948
364.1315981766005 487.7139363191265
365.0766923182438 487.3871381192668
366.0217864599566 487.0603399196082
366.9668806017032 486.7335417200473
367.9119747434578 486.40674352050934
368.85706888520764 486.0799453209578
369.8021630269488 485.7531471213811
370.7472571686814 485.4263489217797
371.6923513104071 485.0995507221583
372.6374454521278 484.77275252252247
373.58253959384507 484.4459543228767
374.5276337355601 484.1191561232244
375.47272787727366 483.79235792356786
376.4178220189863 483.46555972390894
377.36291616069843 483.13876152424825
378.3080103024102 482.81196332458666
379.2531044441218 482.48516512492455
380.1981985858332 482.158366925262
381.14329272754463 481.8315687255993
382.088386869256 481.50477052593646
383.03348101096736 481.1779723262737
383.97857515267873 480.85117412661083
384.92366929439004 480.5243759269479
385.8687634361014 480.197577727285
386.8138575778127 479.87077952762206
387.758951719524 479.5439813279591
388.70404586123533 479.21718312829614
389.6491400029467 478.8903849286332
390.59423414465795 478.56358672897017
391.53932828636925 478.2367885293072
392.48442242808056 477.90999032964424
393.4295165697919 477.5831921299813
394.3746107115032 477.2563939303183
395.3197048532145 476.9295957306554
396.2647989949258 476.6027975309925
397.2098931366371 476.2759993313296
398.1549872783485 475.94920113166677
399.10008142005984 475.62240293200387
400.0451755617711 475.29560473234085
400.99026970348245 474.96880653267795
401.93536384519376 474.6420083330149
402.8804579869051 474.31521013335197
403.8255521286165 473.9884119336891
404.77064627032786 473.6616137340262
405.71574041203917 473.33481553436314
406.66083455375053 473.00801733470024
407.60592869546184 472.6812191350373
408.55102283717315 472.3544209353743
409.4961169788844 472.0276227357113
410.4412111205957 471.7008245360483
411.386305262307 471.3740263363854
412.3313994040184 471.0472281367225
413.27649354572975 470.7204299370596
414.22158768744106 470.3936317373966
415.1666818291524 470.0668335377337
416.11177597086373 469.7400353380708
417.05687011257504 469.4132371384079
418.0019642542864 469.08643893874506
418.9470583959978 468.7596407390821
419.89215253770914 468.4328425394192
420.83724667942045 468.1060443397562
421.7823408211318 467.7792461400933
422.7274349628431 467.4524479404304
423.6725291045544 467.12564974076736
424.61762324626574 466.79885154110445
425.56271738797705 466.47205334144155
426.50781152968835 466.14525514177865
427.45290567139966 465.81845694211563
428.39799981311097 465.49165874245267
429.3430939548223 465.16486054278965
430.2881880965336 464.8380623431267
431.23328223824495 464.5112641434638
432.1783763799563 464.18446594380094
433.1234705216677 463.857667744138
434.068564663379 463.530869544475
435.0136588050903 463.20407134481206
435.95875294680167 462.87727314514916
436.9038470885129 462.5504749454861
437.8489412302243 462.2236767458233
438.7940353719356 461.8968785461604
439.7391295136469 461.5700803464974
440.68422365535827 461.2432821468345
441.62931779706963 460.91648394717157
442.57441193878094 460.58968574750855
443.51950608049225 460.2628875478456
444.4646002222036 459.93608934818275
445.409694363915 459.60929114851984
446.3547885056263 459.2824929488569
447.2998826473376 458.9556947491939
448.2449767890489 458.62889654953096
449.19007093076027 458.302098349868
450.1351650724716 457.975300150205
451.08025921418295 457.6485019505421
452.02535335589425 457.3217037508791
452.9704474976056 456.9949055512163
453.9155416393169 456.6681073515534
454.86063578102824 456.3413091518903
455.8057299227396 456.01451095222745
456.7508240644509 455.68771275256444
457.6959182061622 455.3609145529015
458.6410123478736 455.03411635323863
459.58610648958495 454.7073181535757
460.53120063129626 454.3805199539127
461.47629477300757 454.0537217542498
462.42138891471893 453.7269235545869
463.36648305643024 453.40012535492394
464.31157719814155 453.073327155261
465.2093703275025 452.7628848771894
464.519066579893 452.03936519118906
463.82876283228103 451.3158455051867
463.1384590846692 450.59232581918434
462.44815533705736 449.8688061331819
461.7578515894455 449.14528644717944
461.0675478418337 448.42176676117697
460.37724409422185 447.69824707517455
459.68694034660996 446.97472738917213
459.067323489017 446.18982296837515
458.44770663142407 445.4049185475782
457.9161859439434 444.55787323664134
457.3894070626683 443.70787087767843
456.8627699628203 442.85778066772195
456.33604689453136 442.00774372185884
455.80923678407964 441.15776071760183
455.28234870934807 440.3078260396967
454.7553910212682 439.4579345201641
454.22837099183465 438.6080816572661
453.70129495866394 437.7582635265716
453.1741684655493 436.9084766943268
452.6469963797371 436.05871814512557
452.12525480860097 435.20561455648675
451.60048548269424 434.3543700824445
451.0742112537639 433.5040551784449
450.547188429327 432.65420404882127
450.0197930733686 431.80458405228546
449.4922122927002 430.9550791848071
448.96453920887916 430.10563164869274
448.43682017484036 429.2562126583745
447.9090782653524 428.406807880327
447.38132496760954 427.55741017799807
446.8535660003317 426.70801599832777
446.32580421052035 425.8586235724049
445.79804101553077 425.00923201957755
445.27027712098277 424.15984090141615
444.742512878164 423.31044999965064
444.2285929302358 422.45261185225837
443.7216182128551 421.5906509274266
443.21811314846383 420.72665865307897
442.71633819657507 419.8616604463426
442.2154251731715 418.99616281897164
441.7149413661981 418.1304169215182
441.21467125047224 417.2645475252975
440.7145075123435 416.39861667640645
440.2143967271808 415.53265524391423
439.7143123004039 414.6666785894396
439.21424099386 413.80069435842177
438.71417621804176 412.9347063562036
438.2141146929458 412.068716476864
437.7140547859209 411.2027256631793
437.2139956843023 410.3367343844193
436.7252909080288 409.4642851643225
436.242270655191 408.58867598475183
435.7620873594552 407.7115078124517
435.28331791202095 406.83356714463673
434.80525260260555 405.955242853766
434.32753785763316 405.0767278439705
433.849997617026 404.1981179654688
433.3725442342918 403.31946088371524
432.89513408247274 402.4407803120966
432.417745447117 401.56208805036147
431.95985138521553 400.67308128544045
431.5117477175956 399.7790996843627
431.06853604516584 398.8826826980097
430.62776335625756 397.98506393889613
430.1882053826996 397.0868497172977
429.7492520787325 396.18833984148307
429.33988695163924 395.27596919710663
428.94541874406445 394.35705960785816
428.55839846564606 393.4349884044834
428.206123173632 392.49909197931856
427.87132438792 391.55680233537373
427.5452536672119 390.61145695663805
427.2725078949877 389.649370815103
427.0266240007824 388.6800715266629
426.8472933188104 387.6962826740612
426.73785243753537 386.7022893674913
426.6632915800159 385.70507290226124
426.6629697584268 384.7050729540458
426.72693910773955 383.7071210903026
426.8437205051624 382.71396344661457
427.0040235335272 381.72689559732703
427.20166294689204 380.74662080815574
427.43394830404 379.77397312638465
427.7018036935439 378.8105139989103
428.0095180916909 377.8590352292191
428.36399579804333 376.9239707631532
428.7734945789097 376.0116600987033
429.24599303882474 375.13032860296636
429.78746699692454 374.28961108042995
430.40046232327813 373.49952454727764
431.08337074837596 372.7690205548653
431.8316384726329 372.10562368056196
432.6369656549963 371.51279307292884
433.4888253692991 370.98902305932745
434.3767264036246 370.5289885462269
435.2916506596829 370.12536297013423
436.22648736278575 369.77028503709454
437.1758881139151 369.4562178249329
438.1359221509474 369.1763345497279
439.10372571934624 368.9246278692556
440.0772133806038 368.69588833751845
441.05486085104326 368.4856374789156
442.03554840416984 368.29005649021144
443.01844978793224 368.10592373973526
444.00295352293676 367.93056012959295
444.98860443493436 367.7617635665995
445.975058128364 367.5977235997655
446.9620461563047 367.43692984148544
447.9493515984203 367.27809670901934
448.9367941661691 367.1201183073383
449.9242202370969 366.9620368269174
450.91149416430835 366.80300792184516
451.8984907700774 366.64226682504534
452.8850908427602 366.4791095494421
453.8711776795209 366.3128785343837
454.856632735423 366.1429422734004
455.84133157921866 365.9686775694946
456.82513926604327 365.789450240817
457.80790491876706 365.6045944272045
458.789458245068 365.4134058615748
459.76960611431184 365.2151379760846
460.7481276298963 365.00899326104593
461.72476497608454 364.7940991149406
462.69921175005675 364.5694805834362
463.6710988224364 364.3340330976962
464.6399808217833 364.086510025354
465.60532174676405 363.8255178826421
466.5664814991094 363.5495252550749
467.5226991899491 363.2568689246715
468.47306578951043 362.94573659520665
469.4164844432988 362.6141325486631
470.35163451811235 362.25988074898345
471.2769499997921 361.880682569447
472.1906126840034 361.4742093237347
473.0905600049639 361.03821067752585
473.97451247162985 360.5706339066367
474.8400286255607 360.06975289553253
475.68459292494225 359.5342987479063
476.50573522723084 358.9635752427024
477.3011725438847 358.3575393730755
478.0689572096525 357.7168313998054
478.80761238127366 357.0427479202293
479.5162367947708 356.3371620355946
480.1945662308717 355.6024041325279
480.84298888849963 354.8411235948319
481.4625248112746 354.05615528949
482.0547931929026 353.2504145345795
482.6220082894407 352.42684484459613
483.16704838313694 351.5884348635823
483.693632748722 350.73831198662776
484.2066163635185 349.87991358789304
484.7124635302445 349.017290469773
485.2495771380261 348.17378055736185
485.84656964784733 347.3715337479464
486.51228830733635 346.6253309159978
487.2456573165855 345.945500130969
488.03957415786033 345.3374737753394
488.8903950615389 344.81201798284724
489.79638025289916 344.38870860067385
490.7518368846153 344.0935770623564
491.7419219638326 343.95310807677134
492.74137984028584 343.9860315212398
493.70906872188255 344.2381787568664
494.62484458183707 344.6398684061289
495.4803521668314 345.15765868415394
496.2765696440731 345.76266920384336
497.0136856430007 346.438435438665
497.73382286421395 347.13226710601896
498.3900592846177 347.8868224456301
