2.5669773663525173
194815
706
0.0 100.0
0.0 101.0
0.0 102.0
0.0 103.0
0.0 104.0
0.0 105.0
0.0 106.0
0.0 107.0
0.0 108.0
0.0 109.0
0.0 110.0
0.0 111.0
0.0 112.0
0.0 113.0
0.0 114.0
0.0 115.0
0.0 116.0
0.0 117.0
0.0 118.0
0.0 119.0
0.0 120.0
0.0 121.0
0.0 122.0
0.0 123.0
0.0 124.0
0.0 125.0
0.0 126.0
0.0 127.0
0.0 128.0
0.0 129.0
0.0 130.0
0.0 131.0
0.0 132.0
0.0 133.0
0.0 134.0
0.0 135.0
0.0 136.0
0.0 137.0
0.0 138.0
0.0 139.0
0.0 140.0
0.0 141.0
0.0 142.0
0.0 143.0
0.0 144.0
0.0 145.0
0.0 146.0
0.0 147.0
0.0 148.0
0.0 149.0
0.0 150.0
0.0 151.0
0.0 152.0
0.0 153.0
0.0 154.0
0.0 155.0
0.0 156.0
0.0 157.0
0.0 158.0
0.0 159.0
0.0 160.0
0.0 161.0
0.0 162.0
0.0 163.0
0.0 164.0
0.0 165.0
0.0 166.0
0.0 167.0
0.0 168.0
0.0 169.0
0.0 170.0
0.0 171.0
0.0 172.0
0.0 173.0
0.0 174.0
0.0 175.0
0.0 176.0
0.0 177.0
0.0 178.0
0.0 179.0
0.0 180.0
0.0 181.0
0.0 182.0
0.0 183.0
0.0 184.0
0.0 185.0
0.0 186.0
0.0 187.0
0.0 188.0
0.0 189.0
0.0 190.0
0.0 191.0
0.0 192.0
0.0 193.0
0.0 194.0
0.0 195.0
0.0 196.0
0.0 197.0
0.0 198.0
0.0 199.0
0.0 199.99999999999997
0.0 200.99999999999997
0.0 201.99999999999997
0.0 202.99999999999997
0.0 203.99999999999997
0.0 204.99999999999997
0.0 206.0
0.0 206.99999999999997
0.0 207.99999999999997
0.0 208.99999999999997
0.0 209.99999999999997
0.0 210.99999999999997
0.0 211.99999999999997
0.0027400111293822875 212.99999624616245
0.12993199313579887 213.99187436353034
0.2337063440949267 214.98647523025176
0.3728795692477771 215.97674328153914
0.5527925349414348 216.96042581405425
0.7766402538303745 217.93504994609088
1.0457383109243354 218.89816273059137
1.3598022093645188 219.84756457791238
1.717338902906281 220.78146366923394
2.1160799345455223 221.69852723828862
2.553393350599097 222.59783640433753
3.026628734071706 223.47877242461908
3.5333689890089013 224.34087120899716
4.07157950997518 225.18368164742398
4.639658652956536 226.00665557611768
5.238234487130589 226.80772172241447
5.866302539685609 227.58588013903653
6.522136690352838 228.3407851441985
7.204094188656576 229.07217694789014
7.910808229364406 229.77967625154096
8.641075616345193 230.46283768452167
9.393694800512936 231.1212937298449
10.167363513245785 231.75488407299915
10.96065435013887 232.36372694936503
11.77204835135268 232.9482265428587
12.599997890259798 233.50902914718887
13.44299446265216 234.04694808061166
14.299625276328182 234.56287796834908
15.16861066207471 235.05771571888855
16.04882062972815 235.53230018222837
16.939273045450207 235.98737654432026
17.839118158827954 236.4235860948005
18.747614994292505 236.84147782713183
19.66410324812721 237.24153942311798
20.58796393115495 237.62426835899234
21.518566755061883 237.99029893713634
22.455207477836918 238.34059046777827
23.39706136904648 238.6766131569131
24.34324733488715 239.0002365770269
25.29297621727111 239.31331013063007
26.24567131931775 239.61723782357092
27.201033959803112 239.91267347674238
28.158955436122607 240.19970386747806
29.119399244496726 240.47817772793147
30.082323534343455 240.74794950559394
31.04103810014076 241.0323196540415
32.00482814643236 241.2989818873428
32.97220765760359 241.5523134514364
33.942284242057625 241.79511258713092
34.914495365674235 242.02921839892576
35.88846255749007 242.25590741336265
36.863910552888186 242.47613731204538
37.84062108167895 242.69069859221787
38.81840620340082 242.90030836236073
39.79709482698501 243.105658254172
40.77654678006013 243.30733589700168
41.75670478416339 243.50555367368253
42.73764467010781 243.69986512512924
43.71957881376632 243.88908810871638
44.70280191976448 244.0714951366274
45.68760454412282 244.24517239782455
46.674193909515395 244.4083944064333
47.661163470890145 244.56930147563702
48.64714191285974 244.73617421748298
49.6382350134233 244.8693450326615
50.63365228470519 244.96497168184317
51.62940624881715 245.05702624694078
52.625677021366315 245.14330803971473
53.62251019970892 245.22282919762495
54.619875935357484 245.2953660114108
55.61771271572684 245.3611061037603
56.61595212976634 245.4204194433903
57.61453006016227 245.47373095177431
58.613390300188854 245.5214616640468
59.61238459702707 245.5662990913228
60.61137889386527 245.61113651859878
61.61084698098727 245.64374852290229
62.61044047417485 245.6722590188126
63.61013419016699 245.69700723502763
64.6099073071463 245.71830781167395
65.60974254240878 245.73646001064895
66.60962576487314 245.7517420731503
67.60954553085767 245.7644094167332
68.6094926086093 245.7746973560792
69.60945950925682 245.7828335474112
70.60944021816795 245.78904497281977
71.60943005685448 245.79355302380384
72.60942550505284 245.7965702381729
73.60942400271664 245.79830363661424
74.60942378724172 245.79896010426174
75.60942376386298 245.7987438694209
76.60942335623919 245.79784095890437
77.60942231249935 245.79639614798987
78.60941995562675 245.79422503314453
79.60941196869089 245.79022830849334
80.60938392697399 245.78273947363874
81.60930781466953 245.77040177467072
82.60915307997513 245.7528107131343
83.60890673426744 245.7306154269413
84.60858368169494 245.7051988815028
85.60821920025703 245.67820202929533
86.60457348067803 245.59288996750593
87.60425605628805 245.56769576139214
88.60400791928429 245.54541993513197
89.6037911362301 245.52459881332092
90.60359521575776 245.50480481019295
91.6034061428451 245.48535975743513
92.60320708656504 245.4654079921822
93.60297773396941 245.44399181631897
94.60269217759927 245.42009555724223
95.60231585801836 245.39266386853367
96.60180184027894 245.3606049966788
97.60108658629298 245.3227897036926
98.60008546946543 245.2780545785645
99.5986885452532 245.22521617371353
100.59675745965586 245.16309981432988
101.59412469927338 245.09058368276078
102.5905964694911 245.00665507524735
103.58596017056081 244.91047242300277
104.57999669320635 244.80142476531708
105.5724967310417 244.67918044071732
106.56327931366582 244.5437187340668
107.55221013698389 244.39534142215072
108.5392172185138 244.23466466275534
109.52430193002105 244.0625945864647
110.50754434671394 243.88029167914846
111.48910279048374 243.689129388243
112.4692081618127 243.49065152778468
113.4481540174857 243.28653143651323
114.42628338871319 243.07853400109124
115.40397373957136 242.8684826315674
116.38162270165684 242.65823870910307
117.35963822008848 242.4497065875801
118.3384355544193 242.244875490559
119.31843948085343 242.04589734056827
120.30008472026444 241.8551812585466
121.28380423473025 241.67547061095127
122.26999631368136 241.50986510556535
123.25896807283146 241.36176088684238
124.25086325032305 241.23470201517682
125.24994438029839 241.19184299363866
126.24924150363333 241.22932978190516
127.24466671234705 241.32487377102655
128.2358200830228 241.45759526814803
129.21573581175056 241.65700731540676
130.18821004925917 241.89001773874023
131.15666642756676 242.13920089089004
132.12308734771148 242.39616510066764
133.08850386417612 242.65687748958933
134.0534306217984 242.91939673159743
135.0181198964816 243.18278732237704
135.98269432162738 243.44659819848852
136.94721327482873 243.71061181350746
137.91170545165735 243.97472323097432
138.87618470730897 244.23888182995933
139.84065772861754 244.5030631903311
140.80512774212204 244.76725553134537
141.76959630453754 245.03145316970006
142.73406416689895 245.2956533636289
143.69853169153328 245.55985479043372
144.66299905323856 245.82405681201035
145.62746633634245 246.08825912052075
146.59193358152692 246.3524615674554
147.55640080841806 246.61666408116963
148.52086802648398 246.88086662710012
149.4853352402924 247.1450691885726
150.4498024520469 247.4092717575429
151.4142696628105 247.67347433013035
152.3787368730961 247.93767690446285
153.34320408315108 248.2018794796372
154.30767129309478 248.4660820552177
155.27213850298486 248.73028463099405
156.236605712849 248.99448720686496
157.20107292270072 249.25868978278146
158.16554013254637 249.52289235871996
159.10905670249244 249.85421770069857
160.08930413144643 250.05199276997948
161.05429385615636 250.314280457842
162.0187743988092 250.57843435776425
162.98283756681192 250.84410748041785
163.94668945192566 251.11054611042994
164.91043891214053 251.37735498947177
165.87413890180474 251.64434249839542
166.83781501358962 251.91141618031705
167.8014796033131 252.17853143355626
168.76513863385708 252.44566674168883
169.7287949823609 252.71281172477535
170.69245003694496 252.97996137529844
171.65610446730082 253.24711327751046
172.6197585965111 253.51426626599454
173.5834125804406 253.78141977852397
174.5470664942828 254.04857354386633
175.51072037431308 254.31572743117215
176.4743742380316 254.58288137731626
177.43802809388092 254.8500353518454
178.40168194593392 255.11718934006836
179.3653357961555 255.38434333489747
180.32898964549355 255.65149733291352
181.2925084365221 255.91913802364434
182.25595696137913 256.1870315471771
183.2193714237189 256.4550475425105
184.18276944434757 256.72312263245504
185.14615953169528 256.9912262310885
186.10954579152173 257.25934358296564
187.07293020478377 257.52746756973994
188.03631372719957 257.79559475735385
188.99969681984453 258.0637234891337
189.96307970515616 258.33185296585845
190.9264624904447 258.5999828019635
191.88962834831855 258.86889083498994
192.85268125583116 259.13820310231455
193.8156793864734 259.4077111733988
194.778651071476 259.67731372138985
195.74160999498375 259.94696184698466
196.70456276124835 260.2166319601663
197.66719788647376 260.48743376164157
198.62966756817806 260.7588229872936
199.59205697905304 261.03049672882145
200.55407541960898 261.3034811972996
201.5159018679708 261.57714135741014
202.47763517783835 261.8511286576471
203.4388021577247 262.12709611365625
204.39967498067708 262.4040860378621
205.35988077604176 262.6833794866718
206.31947020520946 262.9647833377997
207.27853631344323 263.24796561132223
208.23718217254054 263.5325672923355
209.19550741511853 263.8182467095812
210.15359914194497 264.1047083003517
211.11152760212815 264.39171538244386
212.06934587753696 264.6790899660327
213.02709201023237 264.9667048914225
213.9847921120092 265.25447305341527
214.94246348256837 265.5423368163506
215.92800249174906 265.71178551473207
216.9214543735571 265.59753421919436
217.78076601991313 265.08608188081183
218.3725590908586 264.27999195953697
218.73639579150404 263.348529209201
218.99092765217054 262.38146482049376
219.1952266746183 261.40255629084106
219.3749963295938 260.4188475579582
219.54199806820515 259.4328909568338
219.70204958642546 258.44578229436775
219.8582218979111 257.4580524683904
220.0122054514636 256.4699790575371
220.16495117652818 255.48171353477792
220.31699841575914 254.493340307175
220.46865322449025 253.5049067894366
220.6200886854653 252.51643964220344
220.77140218227717 251.5279538174783
220.9226481994203 250.53945766558982
221.07385705163932 249.5509558279534
221.22504551882787 248.56245087228083
221.37622374734042 247.57394435069193
221.527401975853 246.58543782910303
221.5331147126699 246.5480840536606
221.66656942033273 245.67538245142305
221.5154134794226 246.6638268103369
221.66656942033273 245.67538245142305
222.0040722291027 244.73405793031134
222.34157503787685 243.79273340918724
222.67907784665118 242.8514088880632
223.0165806554255 241.91008436693912
223.3540834641998 240.96875984581504
223.69158627297412 240.02743532469097
224.0290890817484 239.0861108035669
224.36659189052273 238.14478628244282
224.704094699297 237.20346176131875
225.0415975080713 236.26213724019468
225.37910031684567 235.32081271907063
225.71660312561994 234.37948819794656
226.05410593439422 233.43816367682248
226.39160874316852 232.4968391556984
226.7291115519428 231.55551463457434
227.06661436071715 230.6141901134503
227.40411716949146 229.67286559232622
227.74161997826573 228.73154107120214
228.07912278704006 227.79021655007807
228.41662559581437 226.848892028954
228.75412840458867 225.90756750782992
229.09163121336297 224.96624298670585
229.4291340221373 224.02491846558178
229.7666368309116 223.0835939444577
230.09776648809571 222.16004469427276
230.83856078395448 222.83177664320795
231.57935507981438 223.50350859214402
232.32014937567425 224.17524054108011
233.06094367153415 224.84697249001619
233.801737967394 225.5187044389523
234.54253226325383 226.19043638788844
235.2833265591137 226.8621683368245
236.02412085497357 227.5339002857606
236.76491515083345 228.2056322346967
237.50570944669332 228.8773641836328
238.24650374255316 229.54909613256893
238.98729803841303 230.22082808150503
239.7280923342729 230.89256003044113
240.46888663013274 231.56429197937723
241.20968092599261 232.23602392831333
241.95047522185246 232.90775587724943
242.69126951771233 233.57948782618553
243.4320638135722 234.2512197751216
244.17285810943204 234.9229517240577
244.91365240529188 235.59468367299382
245.65444670115176 236.26641562192992
246.39524099701163 236.938147570866
247.13603529287147 237.60987951980212
247.8768295887313 238.28161146873822
248.61762388459118 238.95334341767432
249.35841818045103 239.62507536661042
250.0992124763109 240.29680731554654
250.84000677217077 240.96853926448264
251.58080106803064 241.6402712134187
252.32159536389048 242.3120031623548
253.06238965975035 242.9837351112909
253.80318395561022 243.655467060227
254.54397825147007 244.32719900916314
255.28477254732994 244.99893095809924
256.0255668431898 245.67066290703534
256.76636113904965 246.34239485597143
257.50715543490946 247.01412680490756
258.24794973076934 247.68585875384363
258.98874402662926 248.35759070277973
259.7295383224891 249.02932265171586
260.47033261834895 249.70105460065196
261.2111269142088 250.37278654958803
261.95192121006863 251.04451849852416
262.6927155059285 251.71625044746025
263.4335098017884 252.38798239639635
264.17430409764825 253.05971434533242
264.9150983935081 253.73144629426855
265.655892689368 254.40317824320465
266.39668698522786 255.07491019214072
267.1374812810877 255.74664214107685
267.8782755769475 256.418374090013
268.61906987280736 257.0901060389491
269.3598641686673 257.76183798788514
270.247864985229 258.22167986264833
271.1847039042058 258.5714409809711
272.1521560733036 258.8244949287922
273.1315107840921 259.02664425591564
274.1171130491307 259.19572463665423
275.10650017077575 259.34102819312477
276.0982952723967 259.4688658886635
277.09164993704354 259.5839593733808
278.0860276536248 259.68985062309787
279.0810858855475 259.78914369980976
280.0766035644099 259.88371933659033
281.0724359448205 259.97492169470536
282.06848668837233 260.0637074833756
283.0646906152303 260.1507576764415
284.06100295922846 260.2365581029952
285.0573925742464 260.3214564839242
286.0538375583911 260.4057025139371
287.0503223792422 260.48947602892446
288.04683594881425 260.57290687249423
289.0433703120749 260.65608897898795
290.0398723666521 260.7396572458322
291.0363160512001 260.82391864579887
292.03269779406276 260.90890936582144
293.02902473835593 260.99454008504887
294.02530723720423 261.0806863704508
295.021555326016 261.16722968641966
296.01777746119257 261.2540712512616
297.01398031179514 261.341133760135
298.01016895657 261.42835866495943
299.0063471890373 261.51570240634015
300.002438628442 261.6040304559317
300.9984077989306 261.6937266734453
301.9942543571006 261.78477409285335
302.98999455127796 261.8769774859558
303.98564912879584 261.9701008571776
304.98123760773615 262.06392825510187
305.9766505245058 262.15960022136215
306.97183921053966 262.2575771532913
307.96680870094565 262.3577555599532
308.9615895406533 262.45979026459156
309.9560222492071 262.5651638293897
310.9500406579933 262.67437647972906
311.94347700178395 262.7887628024953
312.93628797462685 262.9084556268528
313.9282831508245 263.0347313980862
314.91925007752474 263.16883788631964
315.9091666629245 263.31048940925683
316.8978747858231 263.4603434973374
317.88526577282875 263.6186439672673
318.8713328307295 263.78499226849954
319.8561585575711 263.9585384806474
320.8398831400878 264.13822138398643
321.82267273803774 264.3229498500152
322.80469072164004 264.5117372433488
323.78608316539805 264.70374992869705
324.7669748582497 264.8983045145969
325.7474700288708 265.094847691504
326.7276544876207 265.29293460885367
327.707597968994 265.49221023032806
328.6873502723605 265.6924236765496
329.6669445565436 265.8934088461412
330.64640402147717 266.0950500040234
331.6257473097854 266.297254661847
332.60498513932896 266.49996942004395
333.58412233282934 266.70316970622525
334.5631623933623 266.90683747459246
335.5421048957364 267.1109736473927
336.5209475281222 267.3155881655091
337.4996858852621 267.52070088638004
338.47831644141155 267.72632733061965
339.4568370972805 267.93247612648753
340.4352487394452 268.1391416980676
341.41355646633525 268.34629862290313
342.39177231353625 268.5538889798198
343.3699133729789 268.7618314426129
344.34800728972056 268.9699955366181
345.32609583545315 269.1781848656115
346.3042344886124 269.38613864700505
347.28248920398767 269.5935457631944
348.26093185320764 269.8000644843492
349.2396353964288 270.00534325696435
350.21866944134194 270.2090399405432
351.1980965544783 270.4108381815005
352.1779694789944 270.6104604543066
353.1583292568929 270.807677861953
354.13920415056816 271.0023171256114
355.1206092061409 271.19426533971165
356.1025462851705 271.38347309015234
357.0850043964346 271.5699564931975
358.0679601843951 271.75379859641396
359.05137846936157 271.9351504003574
360.0352127695115 272.1142315826423
361.0194057549352 272.2913308978378
362.0038895905926 272.46680618763435
362.9885861283315 272.64108392162547
363.97340692247155 272.8146581231341
364.9582530673044 272.9880884290439
365.943014873194 273.16199698450055
366.9275714018041 273.3370639487493
367.91178987554133 273.5140215593637
368.89552497351946 273.69364688331876
369.87861803431366 273.87675350203665
370.86089620453447 274.06418241204716
371.84217159596375 274.256792396667
372.820382785043 274.46440470256465
373.7899068392333 274.70940084201675
374.7407907438007 275.01894857667924
375.65988220097216 275.41299285509785
376.53547846258635 275.89603652460124
377.36442411305154 276.4553656840189
378.154580987126 277.06827033757673
378.9209983070625 277.71061330803826
379.68012466936005 278.36155659747664
380.44607960416675 279.0044508639352
381.2285731806557 279.62710952062724
382.03271275057585 280.2215500576776
382.85999656902953 280.78333425443356
383.70959210220843 281.3107690181745
384.57939814002606 281.80416283306886
385.46681761247993 282.26512560804065
386.36910356404286 282.69626370843554
387.2835689364191 283.100927868851
388.2077297210361 283.48293159157635
389.1393730743224 283.8463055893768
390.0765604296775 284.19513199457367
391.01759209069905 284.5334505027209
391.9609576239738 284.86520563927394
392.9052870253071 285.19420713133366
393.84930968067295 285.5240877554327
394.79182364937975 285.8582545084056
395.731675857297 286.19983587100177
396.6677531047632 286.55163039451804
397.598983427388 286.91606157625756
398.5243468084837 287.29514285108803
399.44289342873026 287.6904555202927
400.3537667239672 288.10314164802674
401.2562278067953 288.5339130421335
402.1496775751248 288.98307616558856
403.0336732254099 289.4505712888541
403.90793685688095 289.93602273100583
404.77235516789415 290.43879602344
405.6269705943377 290.9580574921478
406.4719654418617 291.4928319377395
407.3076413116655 292.0420548802935
408.1344000258283 292.60461156948656
408.9527342746902 293.1793541702564
409.7632327961186 293.76509485243787
410.5665983660054 294.36058100770975
411.3636714295494 294.9644638865634
412.15536379672966 295.5753838451083
412.942540861786 296.19211090649713
413.72592485130446 296.81364893829095
414.50605267213643 297.43926909714446
415.283283485103 298.06848469086043
416.05783552318263 298.70099488074413
416.8298324158415 299.33662118426304
417.5993460295197 299.9752515925305
418.36642959061163 300.6167987929005
419.13113960301683 301.26117337102045
419.8935477478889 301.90826982490717
420.65374510394145 302.55796204423154
421.411841226264 303.21010487315743
422.1887121942785 303.8397647012045
422.96208542475455 304.47371568226146
423.7246595424757 305.1206165363201
424.48074618382185 305.7750880718187
425.2327086716642 306.43429397051636
425.98174035496453 307.09682814881387
426.7307720382648 307.7593623271114
427.47501136762907 308.4272753608421
428.21729145640154 309.09736510842214
428.95761579438965 309.76961496865454
429.69611933852406 310.443864562871
430.4330539702116 311.11982857716436
431.16875057218334 311.7971398127475
431.9035765587619 312.4753954942193
432.6378993444914 313.15419594085915
433.37206047514024 313.83317122335797
434.1063609114208 314.5119958467168
434.8410553863451 315.19039398093867
435.57635276241444 315.8681386000582
436.31241995116204 316.5450470825351
437.0019442813938 317.269309602633
437.7344626053868 317.9500569162629
438.4723792786476 318.62494874709483
439.21283004027856 319.297059355254
439.95494057658453 319.9673368738266
440.6984490804044 320.6360633535981
441.4432925906578 321.30330255001377
442.1894738813718 321.969045354247
442.93701952317025 322.6332557978778
443.68596776075515 323.29588430422086
444.4363659819717 323.9568703173823
445.1882712396658 324.61614149334247
445.94175173570875 325.27361175280896
446.69688809830404 325.9291795020815
447.4537741800808 326.58272633224186
448.2125175992197 327.23411594216316
448.97324066329065 327.8831925322437
449.7360818508479 328.52977842952754
450.50119681748436 329.1736721224838
451.2687585574211 329.8146471417984
452.0389571102916 330.4524513352278
452.81199991223946 331.086805200477
453.58811411512426 331.71739757601006
454.3675505793636 332.3438788592214
455.15058818141097 332.96585322668346
455.9375363470444 333.5828723387102
456.7287349073882 334.19443168833203
457.5245521919146 334.7999685159891
458.32538281225743 335.39885942218274
459.1316487665203 335.9904126412565
459.94396405492813 336.5736311871026
460.7629836382435 337.1473967508532
461.5892882426889 337.7106202417272
462.4233741609779 338.2622547954962
463.2656783918302 338.8012571913057
464.1165880971816 339.3265691684572
464.97642509236584 339.83713781390315
465.84541681994006 340.3319644273826
466.72366804356716 340.8101639549833
467.6111427853268 341.2710203130154
468.5076602759088 341.714028652757
469.4129043561021 342.1389205864002
470.3264432794289 342.54567190547243
471.2477559014831 342.93449455456016
472.17626032085957 343.3058159021802
473.1113417254246 343.66024892383115
474.0523771566103 343.9985569450975
474.99875587132544 344.3216162714358
475.9498948172036 344.63037945841535
476.90524935615423 344.92584130858614
477.86431975525 345.2090090496484
478.82665419663545 345.4808774423006
479.7918784940144 345.742300577752
480.75963447231766 345.9941901695544
481.7295488876829 346.23763631732993
482.70124588824046 346.4738670077735
483.67437302658414 346.7041354872038
484.6486207618909 346.9296157529693
485.6237306562092 347.1513378628332
486.599494783433 347.370162834039
487.57575026088097 347.58678518457754
488.5526271832725 347.8005876132325
489.5303815469897 348.0103408116157
490.50919750477095 348.21508289520574
491.489118491951 348.41446910055635
492.4700715717483 348.6087139337854
493.4519255231916 348.79835258500174
494.4344932631884 348.9842574970338
495.41771249924625 349.1666853837336
496.4011439665903 349.3479656888893
497.384644677303 349.5288699509389
498.36868761763617 349.7068010937455
499.35290805459096 349.883747784815
