0.44907399929596564
161877
1381
0.0 100.0
0.0 99.0
0.0 98.0
0.0 97.0
0.0 96.0
0.0 95.0
0.0 94.0
0.0 93.0
0.0 92.0
0.0 91.0
0.0 90.0
0.0 89.0
0.0 88.0
0.0 87.0
0.0 86.0
0.0 85.0
0.0 84.0
0.0 83.0
0.0 82.0
0.0 81.0
0.0 80.0
0.0 79.0
0.0 78.0
0.0 77.0
0.0 76.0
0.0 75.0
0.0 74.0
0.0 73.0
0.0 72.0
0.0 71.0
0.0 70.0
0.0 69.0
0.0 68.0
0.0 67.0
0.0 66.0
0.0 65.0
0.0 64.0
0.0 63.0
0.0 62.0
0.0 63.0
0.0 64.0
0.0 65.0
0.0 66.0
0.0 67.0
0.0 68.0
0.0 69.0
0.0 70.0
0.0 71.0
0.0 72.0
0.0 73.0
0.0 74.0
0.0 75.0
0.0 76.0
0.0 77.0
0.0 78.0
0.0 79.0
0.0 80.0
0.0 81.0
0.0 82.0
0.0 83.0
0.0 84.0
0.0 85.0
0.0 86.0
0.0 87.0
0.0 88.0
0.0 89.0
0.0 90.0
0.0 91.0
0.0 92.0
0.0 93.0
0.0 94.0
0.0 95.0
0.0 96.0
0.0 97.0
0.0 98.0
0.0 99.0
0.0 100.0
0.0 101.0
0.0 102.0
0.0 103.0
0.0 104.0
0.0 105.0
0.0 106.0
0.0 107.0
0.0 108.0
0.0 109.0
0.0 110.0
0.0 111.0
0.0 112.0
0.0 113.0
0.0 114.0
0.0 115.0
0.0 116.0
0.0 117.0
0.0 118.0
0.0 119.0
0.0 120.0
0.0 121.0
0.0 122.0
0.0 123.0
0.0 124.0
0.0 125.0
0.0 126.0
0.0 127.0
0.0 128.0
0.0 129.0
0.0 130.0
0.0 131.0
0.0 132.0
0.0 133.0
0.0 134.0
0.0 135.0
0.0 136.0
0.0 137.0
0.0 138.0
0.0 139.0
0.0 140.0
0.0 141.0
0.0 142.0
0.0 143.0
0.0 144.0
0.0 145.0
0.0 146.0
0.0 147.0
0.0 148.0
0.0 149.0
0.0 150.0
0.0 151.0
0.0 152.0
0.0 153.0
0.0 154.0
0.0 155.0
0.0 156.0
0.0 157.0
0.0 158.0
0.0 159.0
0.0 160.0
0.0 161.0
0.0 162.0
0.0 163.0
0.0 164.0
0.0 165.0
0.0 166.0
0.0 167.0
0.0 168.0
0.0 169.0
0.0 170.0
0.0 171.0
0.0 172.0
0.0 173.0
0.0 174.0
0.0 175.0
0.0 176.0
0.0 177.0
0.0 178.0
0.0 179.0
0.0 180.0
0.0 181.0
0.0 182.0
0.0 183.0
0.0 184.0
0.0 185.0
0.0 186.0
0.0 187.0
0.0 188.0
0.0 189.0
0.0 190.0
0.0 191.0
0.0 192.0
0.0 193.0
0.0 194.0
0.0 195.0
0.0 196.0
0.0 197.0
0.0 198.0
0.0 199.0
0.0 200.0
0.0 201.0
0.0 202.0
0.0 203.0
0.0 204.0
0.0 205.0
0.0 206.0
0.0 207.0
0.0 208.0
0.0 209.0
0.0 210.0
0.0 211.0
0.0 212.0
0.0 213.0
0.0 214.0
0.0 215.0
0.0 216.0
0.0 217.0
0.0 218.0
0.0 219.0
0.0 220.0
0.0 221.0
0.0 222.0
0.0 223.0
0.0 224.0
0.0 225.0
0.0 226.0
0.0 227.0
0.0 228.0
0.0 229.0
0.0 230.0
0.0 231.0
0.0 232.0
0.0 233.0
0.0 234.0
0.0 235.0
0.0 236.0
0.0 237.0
0.0 238.0
0.0 239.0
0.0 240.0
0.0 241.0
0.0 242.0
0.0 243.0
0.0 244.0
0.0 245.0
0.0 246.0
0.0 245.0
0.0 244.0
0.0 243.0
0.0 242.0
0.0 241.0
0.0 240.0
0.0 239.0
0.0 238.0
0.0 237.0
0.0 236.0
0.0 235.0
0.0 234.0
0.0 233.0
0.0 232.0
0.0 231.0
0.0 230.0
0.0 229.0
0.0 228.0
0.0 227.0
0.0 226.0
0.0 225.0
0.0 224.0
0.0 223.0
0.0 222.0
0.0 221.0
0.0 220.0
0.0 219.0
0.0 218.0
0.0 217.0
0.0 216.0
0.0 215.0
0.0 214.0
0.0 213.0
0.0 212.0
0.0 211.0
0.0 210.0
0.0 209.0
0.0 208.0
0.0 207.0
0.0 206.0
0.0 205.0
0.0 204.0
0.0 203.0
0.0 202.0
0.0 201.0
0.0 200.0
0.0 199.0
0.0 198.0
0.0 197.0
0.0 196.0
0.0 195.0
0.0 194.0
0.0 193.0
0.0 192.0
0.0 191.0
0.0 190.0
0.0 189.0
0.0 188.0
0.0 187.0
0.0 186.0
0.0 185.0
0.0 184.0
0.0 183.0
0.0 182.0
0.0 181.0
0.0 180.0
0.0 179.0
0.0 178.0
0.0 177.0
0.0 176.0
0.0 175.0
0.0 174.0
0.0 173.0
0.0 172.0
0.0 171.0
0.0 170.0
0.0 169.0
0.0 168.0
0.0 167.0
0.0 166.0
0.0 165.0
0.0 164.0
0.0 163.0
0.0 162.0
0.0 161.0
0.0 160.0
0.0 159.0
0.0 158.0
0.0 157.0
0.0 156.0
0.0 155.0
0.0 154.0
0.0 153.0
0.0 152.0
0.0 151.0
0.0 150.0
0.0 149.0
0.0 148.0
0.0 147.0
0.0 146.0
0.0 145.0
0.0 144.0
0.0 143.0
0.0 142.0
0.0 141.0
0.0 140.0
0.0 139.0
0.0 138.0
0.0 137.0
0.0 136.0
0.0 135.0
0.0 134.0
0.0 133.0
0.0 132.0
0.0 131.0
0.0 130.0
0.0 129.0
0.0 128.0
0.0 127.0
0.0 126.0
0.0 125.0
0.0 124.0
0.0 123.0
0.0 122.0
0.0 121.0
0.0 120.0
0.0 119.0
0.0 118.0
0.0 117.0
0.0 116.0
0.0 115.0
0.0 114.0
0.0 113.0
0.0 112.0
0.0 111.0
0.0 110.0
0.0 109.0
0.0 108.0
0.0 109.0
0.0 110.0
0.0 111.0
0.0 112.0
0.0 113.0
0.0 114.0
0.0 115.0
0.0 116.0
0.0 117.0
0.0 118.0
0.0 119.0
0.0 120.0
0.0 121.0
0.0 122.0
0.0 123.0
0.0 124.0
0.0 125.0
0.0 126.0
0.0 127.0
0.0 128.0
0.0 129.0
0.0 130.0
0.0 131.0
0.0 132.0
0.0 133.0
0.0 134.0
0.0 135.0
0.0 136.0
0.0 137.0
0.0 138.0
0.0 139.0
0.0 140.0
0.0 141.0
0.0 142.0
0.0 143.0
0.0 144.0
0.0 145.0
0.0 146.0
0.0 147.0
0.0 148.0
0.0 149.0
0.0 150.0
0.0 151.0
0.0 152.0
0.0 153.0
0.0 154.0
0.0 155.0
0.0 156.0
0.0 157.0
0.0 158.0
0.0 159.0
0.0 160.0
0.0 161.0
0.0 162.0
0.0 163.0
0.0 164.0
0.0 165.0
0.0 166.0
0.0 167.0
0.0 168.0
0.0 169.0
0.0 170.0
0.0 171.0
0.0 172.0
0.0 173.0
0.0 174.0
0.0 175.0
0.0 176.0
0.0 177.0
0.0 178.0
0.0 179.0
0.0 180.0
0.0 181.0
0.0 182.0
0.0 183.0
0.0 184.0
0.0 185.0
0.0 186.0
0.0 187.0
0.0 188.0
0.0 189.0
0.0 190.0
0.0 191.0
0.0 192.0
0.0 193.0
0.0 194.0
0.0 195.0
0.0 196.0
0.0 197.0
0.0 198.0
0.0 199.0
0.0 200.0
0.0 201.0
0.0 202.0
0.0 203.0
0.0 204.0
0.0 205.0
0.0 206.0
0.0 207.0
0.0 208.0
0.0 209.0
0.0 210.0
0.0 211.0
0.0 212.0
0.0 213.0
0.0 214.0
0.0 215.0
0.0 216.0
0.0 217.0
0.0 218.0
0.0 219.0
0.0 220.0
0.0 221.0
0.0 222.0
0.0 223.0
0.0 224.0
0.0 225.0
0.0 226.0
0.0 227.0
0.0 228.0
0.0 229.0
0.0 230.0
0.0 231.0
0.0 232.0
0.0 233.0
0.0 234.0
0.0 235.0
0.0 236.0
0.0 237.0
0.0 238.0
0.0 239.0
0.0 240.0
0.0 241.0
0.0 242.0
0.0 243.0
0.0 244.0
0.0 245.0
0.0 246.0
0.0 247.0
0.0 248.0
0.0 249.0
0.0 250.0
0.0 251.0
0.0 252.0
0.0 253.0
0.0 254.0
0.0 255.0
0.0 256.0
0.0 257.0
0.0 258.0
0.0 259.0
0.0 260.0
0.0 261.0
0.0 262.0
0.0 263.0
0.0 264.0
0.11909590992079654 264.9928827545285
0.23819181984159307 265.985765509057
0.3572877297623896 266.97864826358557
0.47638363968318614 267.9715310181141
0.5954795496039827 268.9644137726426
0.7145754595247792 269.95729652717114
0.8336713694455757 270.95017928169966
0.9527672793663723 271.9430620362281
1.0718631892871688 272.93594479075665
1.1909590992079655 273.92882754528523
1.3100550091287617 274.9217102998137
1.4291509190495584 275.9145930543422
1.548246828970355 276.90747580887074
1.6673427388911515 277.90035856339927
1.786438648811948 278.8932413179278
1.9055345587327446 279.88612407245625
2.024630468653541 280.8790068269848
2.1437263785743377 281.8718895815133
2.2628222884951343 282.8647723360418
2.381918198415931 283.85765509057035
2.501014108336727 284.85053784509887
2.6201100182575234 285.8434205996274
2.73920592817832 286.8363033541559
2.8583018380991168 287.82918610868444
2.9773977480199134 288.82206886321296
3.09649365794071 289.8149516177415
3.2155895678615067 290.80783437227
3.334685477782303 291.80071712679853
3.4537813877030996 292.793599881327
3.572877297623896 293.7864826358556
3.691973207544693 294.77936539038404
3.811069117465489 295.77224814491257
3.9301650273862854 296.76513089944103
4.049260937307082 297.7580136539696
4.168356847227878 298.75089640849814
4.287452757148675 299.74377916302666
4.406548667069472 300.7366619175552
4.525644576990269 301.72954467208365
4.644740486911065 302.72242742661217
4.763836396831862 303.71531018114075
4.882932306752658 304.7081929356693
5.002028216673454 305.70107569019774
5.1211241265942515 306.69395844472626
5.240220036515047 307.6868411992548
5.359315946435844 308.6797239537833
5.47841185635664 309.67260670831183
5.597507766277437 310.66548946284036
5.7166036761982335 311.6583722173689
5.83569958611903 312.6512549718974
5.954795496039827 313.6441377264259
6.073891405960623 314.6370204809544
6.19298731588142 315.6299032354829
6.312083225802216 316.62278599001144
6.4311791357230135 317.61566874454
6.55027504564381 318.60855149906854
6.669370955564606 319.601434253597
6.788466865485402 320.59431700812553
6.907562775406199 321.587199762654
7.026658685326995 322.5800825171825
7.145754595247792 323.5729652717111
7.264850505168589 324.56584802623956
7.383946415089386 325.5587307807681
7.503042325010181 326.5516135352966
7.622138234930978 327.5444962898252
7.741234144851775 328.5373790443537
7.860330054772571 329.5302617988822
7.979425964693368 330.5231445534107
8.098521874614164 331.5160273079392
8.217617784534962 332.50891006246775
8.336713694455756 333.50179281699627
8.455809604376554 334.4946755715248
8.57490551429735 335.4875583260533
8.694001424218147 336.48044108058184
8.813097334138943 337.47332383511036
8.93219324405974 338.4662065896389
9.062640668372334 339.4576618178213
9.193088092684924 340.44911704600366
9.323535516997518 341.4405722741861
9.453982941310109 342.43202750236844
9.584430365622703 343.42348273055086
9.714877789935295 344.4149379587333
9.845325214247888 345.40639318691564
9.97577263856048 346.39784841509805
10.106220062873074 347.3893036432805
10.236667487185665 348.38075887146283
10.367114911498259 349.37221409964525
10.497562335810851 350.36366932782767
10.628009760123444 351.35512455601
10.758457184436036 352.34657978419244
10.88890460874863 353.33803501237486
11.019352033061221 354.3294902405572
11.149799457373813 355.32094546873964
11.28024688168641 356.31240069692205
11.410694305999 357.3038559251044
11.541141730311592 358.2953111532869
11.671589154624185 359.2867663814692
11.802036578936779 360.2782216096516
11.932484003249373 361.2696768378341
12.062931427561963 362.26113206601644
12.193378851874556 363.2525872941988
12.32382627618715 364.2440425223813
12.45427370049974 365.23549775056364
12.584721124812335 366.226952978746
12.715168549124929 367.2184082069284
12.845615973437521 368.2098634351108
12.97606339775011 369.20131866329325
13.106510822062704 370.1927738914756
13.236958246375298 371.18422911965797
13.367405670687889 372.17568434784044
13.497853095000483 373.16713957602275
13.628300519313076 374.1585948042052
13.758747943625668 375.15005003238764
13.88919536793826 376.14150526056994
14.034674786546798 377.1308665387496
14.180154205155334 378.1202278169293
14.32563362376387 379.1095890951089
14.471113042372407 380.0989503732887
14.616592460980945 381.08831165146836
14.762071879589481 382.077672929648
14.907551298198015 383.06703420782765
15.053030716806553 384.0563954860073
15.198510135415093 385.04575676418705
15.34398955402363 386.0351180423667
15.489468972632167 387.0244793205464
15.634948391240702 388.013840598726
15.78042780984924 389.00320187690573
15.925907228457774 389.9925631550854
16.071386647066312 390.98192443326514
16.21686606567485 391.9712857114448
16.362345484283388 392.9606469896245
16.507824902891922 393.9500082678041
16.65330432150046 394.9393695459838
16.798783740108995 395.9287308241635
16.944263158717533 396.91809210234317
17.118428879770956 397.9028084582599
17.29259460082438 398.88752481417663
17.466760321877803 399.8722411700934
17.640926042931227 400.85695752601015
17.81509176398465 401.84167388192685
17.989257485038074 402.8263902378436
18.163423206091498 403.8111065937603
18.33758892714492 404.7958229496771
18.511754648198348 405.78053930559383
18.685920369251768 406.76525566151054
18.86008609030519 407.7499720174273
19.08381796572786 408.72462274867405
19.30754984115053 409.6992734799208
19.531281716573197 410.6739242111676
19.755013591995866 411.64857494241437
19.978745467418534 412.62322567366107
20.202477342841203 413.59787640490794
20.503529635189086 414.55148403767527
20.804581927536972 415.5050916704426
21.105634219884852 416.45869930320987
21.49226518427962 417.3809338164283
21.87889614867439 418.3031683296467
22.35633877976662 419.18183125364874
22.83378141085885 420.0604941776507
23.417476658693303 420.8724669959491
24.062257943448984 421.6368341164016
24.74936209342157 422.3633930521325
25.46544452973039 423.06140877144696
26.200821900455658 423.7390665926408
26.93619927118093 424.4167244138347
27.696247842988125 425.06659068353474
28.460504866282164 425.7115024622655
29.227253687746202 426.3534496912365
29.995741717182188 426.99331385542575
30.765646832023787 427.63147223243004
31.5369077201021 428.2679913935875
32.309641981670026 428.902721069118
33.08411241355398 429.53533117821956
33.860718133944886 430.16531812654165
34.63999518995257 430.79199768579025
35.42261680100252 431.41449540780826
36.209387752240225 432.03174047282573
37.001231103240684 432.64246472113786
37.798943656311174 433.2455025994455
38.60287854413971 433.84021992400574
39.4128011793013 434.4267566449814
40.22798282935301 435.0059620294686
41.047438175978805 435.579105061256
41.87018166780318 436.14751789244525
42.69542253082918 436.71229883935484
43.52267297180543 437.27413218466694
44.351778619716704 437.8332241490177
45.182893723699564 438.3893245751384
46.0164243349267 438.9417978506435
46.852957887658185 439.4897135514173
47.693191485145164 440.03193813740927
48.537865802680656 440.5672187155139
49.38770753547155 441.0942566925203
50.24338073260252 441.6117732427017
51.10544596285332 442.11857057773085
51.97432592381115 442.6135934190684
52.85027671429033 443.095993888242
53.733365184897785 443.5652004025618
54.62345392183049 444.0209876779278
55.52019578879655 444.4635416565906
56.42303919734206 444.89351116672583
57.331243440568414 445.31203840907165
58.24390149959056 445.7207623590696
59.15996632764203 446.12179257090787
60.07827605439833 446.5176552311131
60.997867055909396 446.9105322983236
61.918377790385875 447.3012495716986
62.84024113296564 447.68876470380013
63.76456017416609 448.0703853401319
64.69276048645533 448.4424662187943
65.62619605287266 448.8012113140182
66.565856610868 449.14331953629284
67.51223787688195 449.46637138869085
68.46535720175625 449.7689660888281
69.42485795852588 450.0506721373228
70.39014412269024 450.3118667415413
71.36050440335477 450.5535295763105
72.3352065470484 450.77703736382364
73.31355833353696 450.98398610596684
74.29494036079792 451.17605202321704
75.27881857076943 451.35489180610466
76.26474405234947 451.5220771666215
77.25234593339873 451.6790565428081
78.2413212861461 451.82713676315575
79.2314244186194 451.96747844287546
80.22245682572463 452.10110017788594
81.21425837269251 452.22888785895145
82.2066998757977 452.3516064920693
83.19967703091353 452.4699127447276
84.19310554348696 452.58436706053146
85.18691728219203 452.6954446370804
86.18105728044605 452.80354488625454
87.1754814261967 452.9089992287354
88.17015470061567 453.01207724363985
89.1650498455314 453.1129913190858
90.16014635564495 453.2119000424616
91.15542970457602 453.3089106364221
92.15089072430578 453.40408079034967
93.14652506681722 453.4974202568783
94.14233268603186 453.5888925779053
95.13831728875397 453.678417273607
96.1344857161629 453.765872772197
97.130847232791 453.8511002805647
98.1274127175212 453.93390870190245
99.12419376981526 454.01408060338605
100.12120176237147 454.0913791336376
101.11844688656566 454.1655556951034
102.11593724722786 454.2363580989187
103.11367806688415 454.30353887586864
104.1116710557399 454.3668633908273
105.10991399266086 454.42611741083783
106.10840054559165 454.4811138072326
107.10712033948657 454.53169812577596
108.10605925866172 454.5777528297396
109.10519995127186 454.61920010191216
110.10452248868692 454.65600317534773
111.1040051234196 454.68816624217635
112.10362508650532 454.71573305919435
113.10335936849327 454.73878442396995
114.10318543634642 454.75743473338554
115.10308184997429 454.7718278572342
116.10302875507786 454.78213256362443
117.10300824183622 454.7885377226757
118.10300457040107 454.79124749329753
119.10300427331528 454.79047666810294
120.10299615141768 454.7864463170959
121.10297118351977 454.7793798347714
122.10292237142838 454.769499460276
123.10284454121481 454.75702330824146
124.10273411955178 454.7421629201872
125.10258890100222 454.7251213237041
126.10240781882895 454.7060915692184
127.10219072857947 454.6852557018071
128.10193821065343 454.66278411782247
129.10165139544313 454.638835252345
130.10133181252323 454.61355554296125
131.1009812637622 454.5870796173379
132.1006017190941 454.5595306557951
133.1001952329625 454.53102088497496
134.09976387904953 454.5016521642032
135.09930970075536 454.471516631846
136.09883467492844 454.4406973845435
137.09834068650088 454.4092691674354
138.09782951190988 454.3772990582317
139.09730280944905 454.344847132154
140.0967621149621 454.31196709834353
141.09620884155322 454.2787069013164
142.09564428222748 454.24510928348013
143.09506961458735 454.2112123066623
144.09448590689573 454.17704983209507
145.09389412496992 454.14265195940317
146.0932951394973 454.1080454258919
147.0926897334614 454.07325396781266
148.0920786094385 454.03829864528035
149.09146239657144 454.00319813223837
150.09084165709203 453.9679689732746
151.09021689245824 453.9326258135864
152.08958854982322 453.8971816256906
153.08895703126316 453.86164800352225
154.08832271192412 453.82603569782503
155.08768598018378 453.7903557587358
156.08704732409558 453.7546219610815
157.08640750399104 453.7188556244047
158.085767869488 453.68309447406267
159.08513089511248 453.6474077396267
160.08450101094607 453.61192011391324
161.08388577131663 453.5768473219069
162.0832972972435 453.54254569155813
163.08275368689658 453.5095771431878
164.08227963149943 453.4787893848132
165.08190471610285 453.45140891309256
166.08165677544068 453.42914190050004
167.08154626456604 453.41427551100577
168.08153611444493 453.40976994342856
169.08149041820815 453.4193297753027
170.08109519045473 453.4474420377851
171.07974613633345 453.49936783383663
172.0764025828935 453.5810741832244
173.0694138951188 453.69909339264643
174.05633467001786 453.8602994225358
175.03375668144818 454.07159592409585
175.99719653053666 454.3395206470842
176.94108432783725 454.6697869428322
177.85889550026442 455.0668041361222
178.7434505234901 455.53323999547075
179.56438995567544 456.10425527432346
180.34790961642273 456.7256222683153
181.08396702485987 457.4025413857029
181.76571205212815 458.1341312419714
182.38904971344476 458.91608402825983
182.95235009273983 459.74233621898975
183.4561216367241 460.60617314310895
183.9026166073296 461.5009592858403
184.2953972377479 462.4205914820841
184.63890825218067 463.3597401300432
184.93809568098007 464.3139344930785
185.19809641819484 465.2795429109415
185.4240068382507 466.2536909911173
185.620731862257 467.23414969240446
185.7929049670671 468.2192164018105
185.94485740248535 469.20760420898466
186.08061373794112 470.19834646476244
186.20391279710526 471.19071602395354
186.31824166374503 472.18415898167825
186.42733554455234 473.1781904324737
186.50717083307615 474.1749985016155
186.58700612159996 475.1718065707574
186.5970961047828 475.2977881616067
186.59137762302413 475.5263034130741
186.61509656361474 475.52253843111646
186.59137762302413 475.5263034130741
186.60025138510034 475.1717005555492
186.59137762302413 475.5263034130741
187.57901269534358 475.36953299518683
187.65848652287616 475.3569178648592
188.64612182569365 475.2001488990892
189.63375698193315 475.04337900988924
190.62139211401058 474.88660896847074
191.6090272222418 474.7298387768236
192.59666230873637 474.573068448238
193.5842973767995 474.41629800353655
194.57193243035277 474.2595274674247
195.5595674734406 474.10275686538176
196.5472025098572 473.94598622131076
197.5348375429013 473.78921555599374
198.5224725752482 473.63244488628453
199.51010760891648 473.4756742248997
200.4977426453033 473.3189035806412
201.48537768526327 473.16213295889315
202.4730127292086 473.0053623622524
203.4606477772142 472.84859179119087
204.44828282911612 472.69182124467574
205.43591788459673 472.53505072070584
206.4235529432534 472.37828021674477
207.41118800465085 472.2215097300501
208.39882306835784 472.06473925790544
209.38645813397142 471.9079687977721
210.3740932011307 471.75119834737654
211.36172826952287 471.594427904748
212.3493633388841 471.43765746822424
213.33699840899683 471.28088703643505
214.32463347968525 471.12411660827235
215.3122685508096 470.96734618285603
216.2999036222606 470.8105757594976
217.28753869395385 470.6538053376656
218.2751737658252 470.4970349169554
219.26280883782627 470.3402644970623
220.25044390992105 470.18349407775963
221.23807898208298 470.0267236588801
222.2257140542927 469.86995324030147
223.21334912653614 469.71318282193545
224.20098419880327 469.5564124037185
225.18861927108688 469.3996419856055
226.1762543433819 469.24287156756446
227.16388941568482 469.08610114957304
228.1515244879931 468.92933073161544
229.13915956030505 468.77256031368097
230.1267946326195 468.6157898957622
231.11442970493562 468.45901947785393
232.10206477725285 468.30224905995277
233.08969984957085 468.14547864205633
234.07733492188933 467.98870822416296
235.06496999420813 467.83193780627164
236.05260506652715 467.67516738838174
237.0402401388463 467.5183969704926
238.02787521116556 467.3616265526041
239.01551028348487 467.204856134716
240.0031453558042 467.04808571682815
240.9907804281236 466.89131529894064
241.97841550044296 466.73454488105295
242.96605057276238 466.5777744631655
243.9536856450818 466.4210040452781
244.94132071740123 466.26423362739064
245.92895578972065 466.10746320950324
246.91659086204007 465.95069279161584
247.9042259343595 465.7939223737284
248.89186100667894 465.63715195584103
249.87949607899836 465.48038153795363
250.86713115131778 465.32361112006623
251.8547662236372 465.16684070217883
252.84240129595665 465.01007028429154
253.83003636827607 464.85329986640414
254.81767144059552 464.69652944851674
255.80530651291497 464.53975903062934
256.79294158523436 464.3829886127419
257.7805766575538 464.2262181948546
258.7682117298732 464.0694477769672
259.75584680219265 463.91267735907985
260.74348187451204 463.7559069411924
261.73111694683143 463.59913652330505
262.7187520191508 463.4423661054176
263.7063870914703 463.28559568753013
264.69402216378967 463.12882526964285
265.6816572361091 462.9720548517555
266.66929230842857 462.815284433868
267.656927380748 462.6585140159806
268.64456245306746 462.5017435980933
269.63219752538686 462.34497318020584
270.61983259770625 462.18820276231844
271.6074676700257 462.03143234443104
272.5951027423451 461.8746619265437
273.5827378146645 461.7178915086562
274.5703728869839 461.56112109076884
274.5789177344357 461.55976474028745
274.63682225787295 460.56144261525316
274.81252750166465 459.5769997945144
275.02199816447455 458.5991848624225
275.28108058035735 457.63332964460756
275.60366703746575 456.6867896413904
276.0005181241174 455.7689066341267
276.4782078090486 454.8903779977635
277.03851293128196 454.06209171271524
277.67849310216917 453.2937002884586
278.3912997113286 452.59233965516165
279.16750192672873 451.96185561824404
279.99656103314567 451.40269464136253
280.8681006944958 450.91236962803595
281.77277058718806 450.48625651481814
282.7026769816336 450.11846024299183
283.6514714580642 449.80256620776026
284.61422646170524 449.5321909075494
285.5872093273884 449.3013135741298
286.56763072418863 449.1044027194361
287.55341129781476 448.9363650431211
288.5429879915981 448.79235821300256
289.5351662670701 448.667529251293
290.52901204322797 448.55675663187293
291.5237673062963 448.454472876575
292.5187696084002 448.35462089207863
293.51336141329324 448.2507597268649
294.5067891008298 448.13629825021974
295.4981068144141 448.00480988292435
296.4855330128192 447.84672919876823
297.46929440872236 447.66724795760194
298.4503350113492 447.47344564596057
299.4296008561039 447.2708662657246
300.4077958112056 447.06317748457934
301.3853758836747 446.85261347551983
302.36261440967746 446.64046997857497
303.3396675526204 446.4274743075738
304.3369732279686 446.35411635014384
305.33695758048844 446.34852218216196
306.336607941448 446.374963737213
307.3357460855662 446.4164723985743
308.3345649183757 446.4650618956407
309.33321631377027 446.51697904575894
310.33178517500966 446.57046015796766
311.3303143953093 446.62467635672607
312.328824795688 446.67923806798524
313.3273263085845 446.7339621828102
314.32582363485443 446.78876263382807
315.32431899121275 446.84359896604366
316.32281342118205 446.8984521639475
317.3213074156101 446.953313289448
318.3198012052931 447.0081781412602
319.3182948987324 447.06304474459955
320.3167885469319 447.1179121712322
321.3152821738665 447.17277998484826
322.3137757908056 447.2276479803633
323.3122694030464 447.2825160613787
324.31076301307877 447.33738418258287
325.3092566220731 447.3922523226776
326.30775023057953 447.4471204716517
327.30655125748837 447.4960746200543
328.3054846849501 447.5422482867874
329.30447767138276 447.58711490086034
330.3034980616833 447.6313671297729
331.3025312021611 447.67533057171073
332.301570306798 447.7191582730689
333.30061220841236 447.7629221716467
334.29965542328966 447.8066560807749
335.2986992551323 447.85037589387014
336.29774337690014 447.89408908136704
337.29678763492706 447.937799154616
338.29583195699684 447.9815077640668
339.2948763091681 448.0252156854846
340.2939206754879 448.0689232835045
341.292965048458 448.1126307295167
342.2920094245538 448.15633810408053
343.2910538021189 448.20004544506116
344.2900981803745 448.2437527702566
345.28943534732025 448.2801564343695
346.2888916912689 448.313126368262
347.28839997517747 448.3444822353052
348.2879317712949 448.37507943371145
349.2874744196052 448.4053200390096
350.2870221246764 448.4353930383093
351.2865721967995 448.46538725973016
352.2861233793312 448.4953444541836
353.2856750832994 448.52528424533733
354.28522703224667 448.55521585664997
355.284779096315 448.5851436233017
356.284331214487 448.61506958289914
357.28388335808756 448.6449946931513
358.2834355136397 448.6749194041971
359.2829876748092 448.7048439276094
360.1655000912435 448.2345548305219
360.8877192878199 447.54289058242426
361.88646366259815 447.5929872275092
362.7767355678716 448.0484166234431
363.61476925701606 448.59403511273655
364.43983149853847 449.1590769674819
365.2619421650023 449.72840468688986
366.08339236927117 450.2986849354578
366.9046953152108 450.86917724126994
367.72596545414103 451.4397167744326
368.547228285439 452.01026682651263
369.36848948905464 452.5808192215088
370.18975033012794 453.15137213835317
371.0110110904504 453.7219251714313
371.8322718327868 454.29247823039873
372.65353257111707 454.8630312951326
373.47479330855504 455.4335843611509
374.2960540457942 456.00413742745525
375.11731478298924 456.57469049382325
375.93857552017437 457.1452435602055
376.7598362573572 457.7157966265909
377.5810969945396 458.286349692977
378.4023577317219 458.85690275936327
379.2236184689042 459.4274558257496
380.0448792060865 459.9980088921359
380.8661399432687 460.56856195852225
381.68740068045105 461.1391150249085
382.50866141763333 461.7096680912949
383.3299221548156 462.2802211576811
384.15118289199785 462.8507742240675
384.97244362918013 463.42132729045386
385.79370436636236 463.99188035684017
386.61496510354465 464.5624334232265
387.43622584072693 465.1329864896128
388.2574865779092 465.7035395559991
389.07874731509145 466.2740926223854
389.90000805227373 466.8446456887717
390.721268789456 467.41519875515803
391.5425295266383 467.98575182154434
392.3637902638206 468.55630488793065
393.1850510010029 469.12685795431696
394.0063117381851 469.6974110207033
394.8275724753674 470.26796408708964
395.6488332125497 470.8385171534759
396.4700939497319 471.40907021986226
397.2913546869142 471.97962328624857
398.1126154240964 472.5501763526349
398.9338761612787 473.1207294190212
399.755136898461 473.6912824854075
400.5763976356433 474.2618355517938
401.39765837282556 474.8323886181802
402.21891911000785 475.40294168456643
403.0401798471902 475.97349475095274
403.8614405843724 476.5440478173391
404.68270132155465 477.1146008837255
405.50396205873693 477.68515395011167
406.3252227959192 478.25570701649804
407.1464835331015 478.82626008288435
407.96774427028373 479.3968131492707
408.7890050074661 479.96736621565697
409.6102657446483 480.53791928204333
410.43152648183064 481.1084723484296
411.25278721901293 481.67902541481595
411.88945476469786 482.12133636919754
412.0141476678008 481.1291409852555
412.13884057090365 480.1369456013135
412.13884057090485 480.1369456013041
412.2635334740077 479.14475021736206
412.3882263771106 478.1525548334201
412.51291928021345 477.1603594494781
412.6376121833164 476.16816406553613
412.76230508641925 475.17596868159416
412.8869979895221 474.1837732976522
413.01169089262504 473.1915779137102
413.13638379572797 472.19938252976823
413.26107669883083 471.20718714582625
413.3857696019337 470.2149917618843
413.51046250503657 469.22279637794225
413.63515540813944 468.23060099400027
413.7598483112423 467.2384056100583
413.88454121434523 466.2462102261163
414.00923411744816 465.25401484217434
414.133927020551 464.26181945823237
414.2586199236539 463.2696240742904
414.38331282675676 462.2774286903484
414.50800572985975 461.28523330640644
414.6326986329626 460.29303792246446
414.7573915360655 459.3008425385225
414.88208443916835 458.3086471545805
415.0067773422712 457.3164517706385
415.1314702453741 456.3242563866965
415.25616314847696 455.33206100275453
415.3808560515799 454.33986561881255
415.5055489546828 453.3476702348706
415.6302418577857 452.3554748509286
415.75493476088855 451.3632794669866
415.8796276639914 450.3710840830446
416.0043205670943 449.3788886991026
416.12901347019726 448.38669331516064
416.25370637330013 447.39449793121867
416.378399276403 446.4023025472767
416.5030921795058 445.41010716333466
416.6277850826088 444.4179117793927
416.75247798571166 443.4257163954507
416.8771708888146 442.43352101150873
417.00186379191734 441.44132562756675
417.12655669502027 440.4491302436248
417.2512495981232 439.4569348596828
417.37594250122606 438.4647394757408
417.50063540432893 437.47254409179885
417.62532830743186 436.4803487078569
417.75002121053467 435.48815332391484
417.8747141136377 434.49595793997287
417.9994070167406 433.5037625560309
418.1240999198434 432.5115671720889
418.24879282294626 431.51937178814694
418.3734857260492 430.52717640420497
418.49817862915205 429.534981020263
418.62287153225503 428.542785636321
418.7475644353579 427.55059025237904
418.8722573384607 426.55839486843706
418.9969502415636 425.5661994844951
419.1216431446665 424.5740041005531
419.2463360477694 423.58180871661114
419.3710289508723 422.58961333266916
419.49572185397517 421.5974179487272
419.6204147570781 420.6052225647852
419.74510766018096 419.6130271808432
419.86980056328383 418.6208317969012
419.99449346638676 417.6286364129592
420.1191863694895 416.6364410290172
420.24387927259244 415.6442456450752
420.36857217569536 414.65205026113324
420.49326507879823 413.6598548771912
420.61795798190116 412.66765949324923
420.74265088500414 411.67546410930726
420.867343788107 410.6832687253653
420.9920366912099 409.6910733414233
421.11672959431274 408.69887795748133
421.24142249741556 407.70668257353935
421.3661154005185 406.7144871895974
421.49080830362135 405.7222918056554
421.61550120672433 404.7300964217134
421.7401941098272 403.73790103777145
421.86488701293007 402.7457056538295
421.98957991603294 401.7535102698875
422.11427281913575 400.7613148859455
422.2389657222387 399.76911950200355
422.36365862534154 398.7769241180615
422.4883515284444 397.78472873411954
422.61304443154734 396.79253335017756
422.73773733465026 395.8003379662356
422.86243023775313 394.8081425822936
422.987123140856 393.81594719835164
423.11181604395887 392.8237518144096
423.23650894706174 391.83155643046763
423.36120185016466 390.83936104652565
423.4858947532676 389.8471656625837
423.61058765637046 388.8549702786417
423.7352805594734 387.8627748946997
423.8599734625762 386.87057951075775
423.9846663656792 385.8783841268158
424.10935926878204 384.8861887428738
424.2340521718849 383.8939933589318
424.3587450749878 382.90179797498985
424.4834379780907 381.90960259104787
424.6081308811936 380.9174072071059
424.7328237842965 379.9252118231639
424.8575166873994 378.93301643922194
424.98220959050224 377.94082105527997
425.1069024936051 376.948625671338
425.231595396708 375.956430287396
425.3562882998109 374.96423490345404
425.48098120291377 373.97203951951207
425.6056741060167 372.9798441355701
425.73036700911956 371.9876487516281
425.85505991222243 370.99545336768614
425.97975281532536 370.00325798374416
426.10444571842817 369.0110625998022
426.22913862153104 368.0188672158602
426.3538315246339 367.02667183191824
426.4785244277369 366.03447644797626
426.60321733083975 365.0422810640343
426.7279102339426 364.0500856800923
426.8526031370455 363.05789029615033
426.97729604014836 362.06569491220836
427.1019889432513 361.0734995282664
427.2266818463542 360.0813041443244
427.3513747494571 359.0891087603824
427.47606765255995 358.0969133764404
427.6007605556628 357.10471799249837
427.72545345876574 356.1125226085564
427.8501463618686 355.1203272246144
427.9748392638311 354.12813184052914
428.0995321664237 353.13593645652304
428.2242250694684 352.14374107257373
428.34891797272127 351.15154568865063
428.4736108760448 350.15935030473634
428.6040141406199 349.16788926738377
428.75090008611863 348.1787358318568
428.92528928761175 347.19405902883835
429.13464086930344 346.21621859438943
429.3821571686065 345.24733486474
429.6674472738875 344.288893653278
429.9879554321874 343.3416478982265
430.3401254979279 342.40571187220957
430.71998802985706 341.48066892356536
431.12377907917806 340.5658176851182
431.54804645864556 339.6602807224713
431.9899512855924 338.76321878262485
432.447290711075 337.8739265641167
432.9181982798865 336.9917440083857
433.4012416340946 336.11614757283144
433.89539300978527 335.2467716944549
434.3997336685233 334.3832669174306
434.913602209387 333.52539797481137
435.4365842319306 332.6730542623947
435.9684313938287 331.8262139017712
436.50879464771435 330.9847820543527
437.0574203495709 330.1487139714418
437.6141897694437 329.31804688223303
438.1790688940652 328.4928732189555
438.7520532269602 327.6733068981144
439.3329500433606 326.859329694075
439.92159800306706 326.05094019665836
440.51792969999167 325.24820206548293
441.12193328941584 324.45122046973387
441.73360353140504 323.6601076364004
442.3529123403532 322.87496013487015
442.9796372287983 322.095719533898
443.61358441749206 321.3223431947543
444.25464102269405 320.5548495928741
444.902736506981 319.793290505707
445.55780081772986 319.03771737967406
446.2197431363784 318.2881626006337
446.88844786810927 317.54463453676476
447.5637798100428 316.80712062624895
448.2455927232936 316.0755940366267
448.93387303195163 315.3501491960539
449.62840396783224 314.630686355384
450.3289588646742 313.91708784325635
451.0353781619347 313.2092942459005
451.74757449356434 312.50731391482753
452.46552072030636 311.8112153474487
453.18924140532476 311.12112233192363
453.9188112613954 310.4372160334344
454.6543587570004 309.7597428740331
455.3960723195502 309.0890260998805
456.1442071060394 308.4254793108409
456.8990909478271 307.7696208006363
457.66112852246323 307.122087994639
458.4308030622198 306.4836515429459
459.20867504510596 305.85522877263855
459.99537739425045 305.23789627402004
460.7916067792013 304.63290142566115
461.59811069054405 304.04167267044977
462.41567005368245 303.46582834448594
463.24507725539127 302.90718382983147
464.08710957146604 302.36775674607907
464.9424981007867 301.849769811971
465.81189242940485 301.3556508977747
466.69582137045387 300.88802965448485
467.5946502574791 300.44972994897614
468.508677049259 300.04407612623004
469.43846284339946 299.6759750843752
470.38495693393816 299.3532539406996
471.34842809430364 299.08544183652214
472.32763812997126 298.8825928630275
473.3194452047623 298.7548480925106
474.3185177750782 298.71179000102427
475.31726952143697 298.7617394669395
476.3061151220457 298.9106836784981
477.2742309033912 299.16118683997485
478.2106928442618 299.5119560423014
479.10577786112395 299.9578515598712
479.9521565252271 300.49043315639034
480.7456045545289 301.09907116440263
481.48503568101216 301.77230337485287
482.1719235276554 302.4990668068814
482.8095628960261 303.2694018222506
483.3867543729887 304.0860106630806
483.9327460625929 304.9238012543879
484.4506077370797 305.77926562307766
484.9420717207316 306.6501635233926
485.4099125083087 307.533976284943
485.85746487835894 308.42823400845583
486.28808444631443 309.33076754672123
486.70483060796295 310.23979044893616
487.11032236449637 311.153889150053
487.5067001957233 312.0719766267739
487.89564661814796 312.9932370028257
488.27843577924386 313.91707273397463
488.6559945597398 314.8430583533395
489.02896527835884 315.77090146672276
489.3977646991399 316.7004104700313
489.7626367671672 317.6314681341818
490.1236980585848 318.5640102210818
490.4809757504322 319.49800842820434
490.8344382960246 320.4334571060394
491.18401921881286 321.3703632797956
491.52963471241463 322.3087394999665
491.8711957867124 323.24859908124694
492.20861568373573 324.1899533254573
492.5418131656625 325.1328103867543
492.8707119359306 326.0771755697826
493.1952383867489 327.0230521910812
493.51531887205175 327.97044254512133
493.8308717723198 328.91935053177355
494.14184893533616 329.8697679159171
494.4482937062803 330.8216563559987
494.7503743279985 331.7749387370288
495.0483807592842 332.7295025991733
495.34269492115527 333.6852113278779
495.63375040115193 334.6419175040699
495.9219941899004 335.59947456150724
496.20785704764546 336.55774510084456
496.491734215575 337.51660575470845
496.7739753405176 338.4759492528316
497.0548813423227 339.4356845382879
497.33470579798535 340.3957357213053
497.6098876878172 341.35712790325215
497.8774869788518 342.32065819309145
498.1409697259488 343.28532230146396
498.4049327143955 344.2498551110305
498.66896491911746 345.21436897556003
498.93300710051415 346.17888010895524
499.1970507199395 347.1433908486781
499.4610945466415 348.1079015316571
499.7350194567384 349.0696526136053
