12.2258861774319
309660
727
0.0 100.0
0.0 101.0
0.0 102.0
0.0 103.0
0.0 104.0
0.0 105.0
0.0 106.0
0.0 107.0
0.0 108.0
0.0 109.0
0.0 110.0
0.0 111.0
0.0 111.99999999999999
0.0 112.99999999999997
0.0 113.99999999999997
0.0 114.99999999999997
0.0 115.99999999999996
0.0 116.99999999999996
0.0 117.99999999999994
0.0 118.99999999999994
0.0 119.99999999999994
0.0 120.99999999999994
0.0 121.99999999999994
0.0 122.99999999999994
0.0 123.99999999999994
0.0 124.99999999999994
0.0 125.99999999999993
0.0 126.99999999999994
0.0 127.99999999999994
0.0 128.99999999999994
0.0 129.99999999999994
0.0 130.99999999999994
0.0 131.99999999999994
0.0 132.99999999999994
0.0 133.99999999999994
0.0 134.99999999999994
0.0 135.99999999999994
0.0 136.99999999999994
0.0 137.99999999999994
0.0 138.99999999999994
0.0 139.99999999999994
0.0 140.99999999999994
0.0 141.99999999999994
0.0 142.99999999999994
0.0 143.99999999999994
0.0 144.99999999999994
0.0 145.99999999999994
0.0 146.99999999999994
0.0 147.99999999999994
0.0 148.99999999999994
0.0 149.99999999999994
0.0 150.99999999999994
0.0 151.99999999999994
0.0 152.99999999999994
0.0 153.99999999999994
0.0 154.99999999999997
0.0 155.99999999999997
0.0 156.99999999999997
0.0 157.99999999999997
0.0 158.99999999999997
0.0 159.99999999999997
0.0 160.99999999999997
0.0 161.99999999999997
0.0 162.99999999999997
0.0 163.99999999999997
0.0 165.0
0.0 166.0
0.0 167.0
0.0 168.0
0.0 169.0
0.0 170.0
0.0 171.00000000000003
0.0 172.00000000000003
0.0 173.00000000000006
0.0 174.00000000000006
0.0 175.00000000000006
0.0 176.00000000000006
0.0 177.00000000000006
0.0 178.00000000000006
0.0 179.00000000000006
0.0 180.00000000000006
0.0 181.00000000000006
0.06210790367011969 181.99806944062112
0.19907842202257892 182.9886445650323
0.4036464606792888 183.96749691220225
0.666884393178443 184.932227854431
0.9793615909360012 185.8821531151129
1.3321551632052429 186.81785429356975
1.7174982739407834 187.74062766065867
2.1290392756769956 188.6520189069903
2.561804832835408 189.55352540865147
3.011997514631216 190.44645684457333
3.4767403981832485 191.3319025245491
3.9538410814014933 192.21075116798704
4.4416075857918695 193.08372530116327
4.938719576072028 193.9514116898543
5.444142490193512 194.81428345198407
5.957029862508784 195.67273935843446
6.47648416615664 196.52723758922355
7.0013805246475735 197.37840373801174
7.53027914189189 198.22708875182843
8.059177759136208 199.07577376564515
8.592462743751927 199.92170941637954
9.137873478433551 200.75987833163114
9.690568277206077 201.59326207241912
10.248867782718072 202.422901549629
10.810620398156605 203.25020681314905
11.37454494321789 204.07603313113452
11.940746894612042 204.90029968403928
12.518694704077303 205.71637341204084
13.283547349791888 206.36057868238828
13.892617261337001 207.15369522038912
14.4784692733628 207.96411327300476
15.054063456965109 208.78184876557137
15.626360650785097 209.60189505813403
16.19698426198875 210.42310678134365
16.766210348922215 211.24528782099028
17.321968206467638 212.07663203596778
17.697996364723476 213.0032402726022
18.136327720427218 213.9020537252201
18.67396514359152 214.74522986412182
19.22682608249215 215.57850339798566
19.882260384827823 216.33375559117792
20.51078413096788 217.1115459874532
21.08171700707029 217.9325427298252
21.645781863885617 218.75827321691278
22.211262342152096 219.58303489685406
22.78308949702885 220.40340902183945
23.381417283802303 221.2046604552702
23.968595286851645 222.01411829403327
24.547605648890105 222.82943847693815
25.12098322832322 223.64872972637477
25.690783318459303 224.47051306599718
26.258595222301153 225.29367139940302
26.825588428203623 226.11739386750767
27.392577891080148 226.9411189120383
27.960096393036544 227.76447955594665
28.52846471178583 228.58725379852
29.097853571788967 229.40932212056163
29.66833437674014 230.2306330550939
30.23991808871002 231.05117681395797
30.812601279298114 231.87095359041473
31.386428416537477 232.68993003486702
31.96155261258874 233.50799614412495
32.538265958046104 234.32494272571483
33.116971327007704 235.14047941767603
33.69809150485516 235.95429717301107
34.28194230069781 236.76615815137737
34.86865077225485 237.57595637896446
35.45756651943893 238.38415081269846
36.049218373663706 239.19034438957215
36.640870227888485 239.99653796644586
37.236992573630054 240.79943157640147
37.83320291718868 241.6022598433638
38.43511288579194 242.40082379803243
39.05697805234777 243.18394812700228
39.687477415851944 243.9601378928591
40.31976461186808 244.73487197740297
40.946767524779546 245.5138888881312
41.559816459903836 246.30393382555118
42.140714854210785 247.11790990351147
42.74064840515298 247.9179597359931
43.315761025612886 248.73603398310502
43.86231761711274 249.573456153989
44.44265380384397 250.38783316150472
45.142309738485665 251.1023130934277
45.98875802472654 251.63478403039977
46.93945682258869 251.94489980836582
47.92854163609051 252.0922471249348
48.92729206778192 252.14222287101444
49.92717065974415 252.1578049548171
50.92693504234316 252.13609829025478
51.92633943740978 252.1015895214919
52.92633483083028 252.09855420638908
53.92622799902816 252.11317105253386
54.92595446794577 252.13655881312576
55.92558573477292 252.163712641245
56.92518048383087 252.1921790715759
57.92476252259381 252.22108837427464
58.92432667926878 252.25060949706227
59.92384335307031 252.2816967740855
60.92325619737151 252.3159599707518
61.92251696799121 252.35440359571774
62.921611354235964 252.39695247789132
63.92039557319583 252.44624835963344
64.91435599432492 252.5559875104816
65.89644258563374 252.74441767571915
66.87554521393174 252.94778444601343
67.85215394931026 253.16280857950164
68.8276681423947 253.38274506826787
69.8030513780004 253.60326160664846
70.77875630461921 253.82235039269605
71.75490660413695 254.03944620737565
72.73145078605333 254.25476332412504
73.70825975206643 254.4688760138854
74.68518613884672 254.6824523112885
75.66209887957778 254.89609101798118
76.63890014835138 255.1102388204968
77.61552967850498 255.32516848534542
78.59196096302952 255.54099699736773
79.56819334949506 255.7577233861989
80.5442431327217 255.97527066994024
81.52013562009745 256.1935224811208
82.49589909765443 256.4123503492407
83.47156085466077 256.63163130125275
84.4471449788889 256.8512573847538
85.4226714591847 257.07113936728456
86.39815613174223 257.2912067515225
87.37361109282634 257.51140579533603
88.34904531119624 257.731696706708
89.32446527376078 257.9520507323816
90.29987557451389 258.1724475227047
91.27527940833171 258.392872931797
92.25067896214047 258.6133172794897
93.22607571213656 258.8337740328384
94.20147064244622 259.0542388371184
95.17686440186299 259.2747088216761
96.15225741380846 259.4951821131378
97.12764995208644 259.71565750013514
98.10304219226097 259.9361342059508
99.07843424602936 260.1566117364284
100.05382618394259 260.3770897794482
101.02921805026199 260.59756813919796
102.00460987257993 260.8180466936092
102.98000166799477 261.03852536703914
103.95539344704207 261.25900411287864
104.93078521617876 261.4794829025624
105.90617697934186 261.6999617186731
106.88156873892017 261.9204405506428
107.8569604963563 262.1409193920895
108.83235225251752 262.3613982391762
109.807744007923 262.58187708960634
110.78313576288218 262.80235594201093
111.75852751757877 263.02283479557724
112.73391927212141 263.2433136498246
113.70931102657411 263.46379250446984
114.68470278097443 263.6842713593468
115.66009453534437 263.90475021435816
116.63548628969673 264.1252290694473
117.61087804403896 264.3457079245813
118.58626979837535 264.5661867797411
119.5616615527084 264.7866656349157
120.53705330703954 265.0071444900987
121.51244506136959 265.22762334528653
122.48783681569903 265.44810220047714
123.46322857002811 265.6685810556692
124.43862032435698 265.8890599108622
125.41401207868574 266.1095387660557
126.38940383301446 266.3300176212495
127.36479558734312 266.5504964764435
128.34018734167176 266.7709753316376
129.31557909600042 266.9914541868317
130.29097085032905 267.2119330420258
131.26636260465767 267.43241189722
132.2417543589863 267.6528907524142
133.21714611331493 267.8733696076083
134.19253786764355 268.0938484628025
135.16792962197218 268.3143273179966
136.1433213763008 268.53480617319076
137.11871313062943 268.75528502838495
138.09410488495806 268.97576388357913
139.06949663928668 269.1962427387733
140.04488839361528 269.4167215939675
141.02028014794388 269.6372004491617
141.9956719022725 269.8576793043559
142.97106365660113 270.07815815955
143.94645541092976 270.29863701474414
144.92184716525838 270.5191158699383
145.897238919587 270.7395947251324
146.87263067391564 270.96007358032654
147.8480224282443 271.1805524355206
148.82341418257292 271.4010312907148
149.79880593690154 271.6215101459089
150.30471911850805 271.735867437339
150.4858496056659 271.4152536270751
151.44362084624166 271.127722323169
152.43462412892657 270.99388475853294
153.42974184540432 270.89518962009083
154.4269556873031 270.82059368504406
155.42533812404685 270.7637385181584
156.4243567409993 270.71944627298615
157.4237217560665 270.6838152940538
158.4232797140211 270.65408502850494
159.42294936169262 270.6283829755851
160.42268693072901 270.6054746134172
161.4224606548792 270.5842025543047
162.42224296172336 270.5633377772543
163.42201077876783 270.54178987707496
164.4217470711179 270.5188258670135
165.421490979602 270.49619585488426
166.42147740133794 270.49098467999255
167.4212966499419 270.50999704757373
168.41890773202738 270.57907764470656
169.4095287537792 270.7157158211558
170.4094457010146 270.72860374695813
171.4093902696525 270.7180747559537
172.40911832455274 270.69475488791454
173.40862397317284 270.663315130019
174.40795522879125 270.6267495513402
175.40716524234787 270.5870085296101
176.40629700075505 270.54534644442236
177.4053814435373 270.5025647171257
178.4044396252552 270.4591740551981
179.40348568579523 270.4155051999409
180.40252906355678 270.3717750118462
181.40157625714227 270.3281320858561
182.40063208293665 270.284687213359
183.39970005927998 270.2415226602481
184.3987826956772 270.1986987691404
185.39788168702717 270.15625815788763
186.39699792054077 270.1142254095883
187.39613141559676 270.0726049932373
188.39528134755727 270.0313810503968
189.39444620364372 269.9905204292352
190.39362402735622 269.94997814758796
191.39281267879596 269.90970360433755
192.3920100541709 269.8696460826494
193.39121423786366 269.829758750188
194.39042358556753 269.7900009904268
195.38963675125743 269.75033930221326
196.38885267556634 269.7107471741134
197.38807055207494 269.6712043458684
198.38728978431712 269.6316957908792
199.38652174679726 269.5925105237747
200.38582398882738 269.5551604357753
201.3853291830564 269.52370623559096
202.38516804122364 269.5057546980838
203.38514587131536 269.5124134761287
204.38415192830095 269.556988111361
205.37955433535424 269.65276936230543
206.36702091193675 269.8105976238192
207.34106596550703 270.036951845373
208.29620351228957 270.3331144134437
209.2282103669924 270.6955550607046
210.13496088578563 271.11722257980966
211.01658303318925 271.58917849852185
211.87504252833685 272.1020598641328
212.71345108662368 272.647102146338
213.5353784917747 273.216694404591
214.3443284834174 273.80457186718104
215.14342037245888 274.405780776686
215.93524740323414 275.01652618463737
216.7218575198211 275.6339762024388
217.50480421158346 276.2560650046675
218.2852281216856 276.88131577079326
219.06394442542077 277.50869198830316
219.84152250983826 278.1374783770184
220.61835231044927 278.76718899379625
221.39469627066157 279.3974984855873
222.17072827680246 280.0281920129402
222.94656188470822 280.65912957945847
223.72227047189259 281.2902208468425
224.49790118956545 281.9214078158162
225.2734841239002 282.5526534985489
226.04903821928048 283.1839346127436
226.8245752482402 283.81523669313964
227.6001026141519 284.4465506441355
228.37562565414325 285.07786990920084
229.00964213763743 285.59399489809
229.29191397484465 285.82379002286666
228.516397657394 285.1924662177424
229.29191397484465 285.82379002286666
230.12062757174255 285.2641171056082
230.94934116864198 284.7044441883485
231.7780547655415 284.14477127108887
232.606768362441 283.5850983538292
233.43548195934045 283.02542543656955
234.26419555623997 282.46575251930994
235.09290915313946 281.9060796020503
235.92162275003892 281.34640668479057
236.7503363469384 280.78673376753096
237.57904994383793 280.2270608502713
238.40776354073748 279.66738793301175
239.2364771376369 279.1077150157521
240.06519073453643 278.5480420984925
240.8939043314359 277.9883691812328
241.72261792833538 277.4286962639732
242.55133152523487 276.8690233467136
243.3800451221344 276.309350429454
244.2087587190339 275.7496775121944
245.03747231593346 275.1900045949348
245.86618591283295 274.6303316776752
246.6948995097324 274.07065876041554
247.5236131066319 273.51098584315594
248.35247234696868 272.9515286421938
249.1821422960778 272.3932744209422
250.0142620009745 271.8386783546718
250.85168763073872 271.2921270628299
251.6982928173979 270.75990562590556
252.55831098744503 270.2496422162936
253.43543794657393 269.7693836426384
254.33202949044846 269.3265251963458
255.24867506607907 268.92682419725173
256.18429739847255 268.57382157526905
257.1365362594179 268.26846743381105
258.10232763787604 268.009147142866
259.0785007647425 267.79215399462436
260.0622179180226 267.61243042259645
261.05119112618513 267.4643358800341
262.04371308331287 267.3422696495714
263.03858058498264 267.2410834147298
264.03497972978715 267.1562969521735
265.03237490191833 267.0841660253158
266.0304192574762 267.02165631135733
267.0288896448564 266.9663672028025
268.0276422912425 266.91643573640374
269.02658388207465 266.87043901798035
270.0256531721768 266.8273048832988
271.0248094472204 266.78623496680285
272.0240253022247 266.74664108964896
273.0232820932571 266.7080941627207
274.02256703469516 266.67028403424797
275.02187131377786 266.63298848750264
276.0211888421847 266.59604965402286
277.0205154142761 266.5593562988735
278.0198481308868 266.5228306707298
279.01918500052426 266.4864188459583
280.01852466147767 266.45008371082014
281.0178758692958 266.41406755566146
282.0172847763486 266.3796897066381
283.01685968449357 266.35053489559374
284.01671431479014 266.3334844330049
285.01669910031865 266.339000655586
286.0158428441547 266.38037430847356
287.01163303016904 266.4720362167977
287.99950167982485 266.62732797777403
288.9729372748822 266.8562889837888
289.9243993012181 267.16405514898696
290.8467870548964 267.5503203841094
291.7348943064514 268.00995666393885
292.5862984960234 268.5344668220666
293.40145676058285 269.11370511821104
294.183154931809 269.7373620504275
294.9356486853201 270.39596143619013
295.663812834615 271.08136421681013
296.37248179841237 271.7869053564685
297.0660328081353 272.5073128778842
297.74818281317283 273.2385251388778
298.4219392401607 273.97747864018385
299.0896476226176 274.7219015817949
299.7530908919969 275.4701281706804
300.4136054908403 276.2209413729583
301.0721895793887 276.97344851465925
301.7295897968759 277.72699012203583
302.3863634868804 278.4810778623671
303.0429204471497 279.23535430898465
303.6995511537885 279.98956655702824
304.35644790331185 280.7435471008526
305.01372311321376 281.4971977483336
305.6714266406623 282.25047463632484
306.32956227641694 283.00337402199995
306.98810275786207 283.75591932581756
307.6470025375625 284.50815006190237
308.3062078269909 285.26011308385864
308.9656638318985 286.0118562431832
309.625319433144 286.76342426255707
310.2851297732923 287.51485643849406
310.9451352048963 288.26611726553966
311.60565714651165 289.0169240080805
312.26715242002814 289.76687334177933
312.9294228543059 290.51613822944023
313.5905692487068 291.26639514888234
314.2462692986491 292.0214166350042
314.8897602352248 292.786870366163
315.51254373288964 293.56926458587344
316.10558173020564 294.37443905997173
316.6606780771811 295.2062251175457
317.171734063147 296.06577254451435
317.63558543568695 296.9516855787298
318.05223118763075 297.86075450757244
318.4244585457802 298.7888960882836
318.7570581990045 299.73196420389087
319.05590471375666 300.68626539356865
319.3271333800459 301.64878033401527
319.5765378952215 302.6171797287951
319.8092123691478 303.5897344003602
320.0293994414725 304.5651920638091
320.24048358397295 305.54265995831247
320.44507071878184 306.52150831442833
320.6451082166588 307.501296556572
320.8420143209505 308.4817189074457
321.03679888724884 309.462564956901
321.2301667410912 310.4436912857193
321.4226010750388 311.4250011384764
321.61442781958465 312.4064299438805
321.8058636100062 313.3879350830141
321.99705050728767 314.3694887342772
322.1880805205906 315.3510729303691
322.3790125624827 316.33267618799357
322.5698839551229 317.3142912405837
322.76071810995114 318.2959135331948
322.9515295774869 319.2775402361001
323.1423273232416 320.2591696061858
323.33311682682887 321.2408005782527
323.52390141188647 322.2224325062707
323.7146830799232 323.2040650012204
323.9054630281112 324.1856978304235
324.0962419679441 325.1673308555995
324.2870203197103 326.1489639950653
324.47779833025396 327.13059720084686
324.6685761437601 328.1122304449222
324.8593538440122 329.0938637110081
325.0501314794545 330.0754969896896
325.24090907796545 331.0571302755487
325.4316866555166 332.03876356548113
325.62246422121837 333.02039685771655
325.8132417802461 334.002030151249
326.0040193355281 334.9836634455095
326.1947968887151 335.9652967401771
326.38557444073416 336.94693003507166
326.5763519921043 337.92856333009235
326.76712954311495 338.91019662518295
326.95790709392696 339.89182992031215
327.14868464462967 340.87346321546255
327.3394621952723 341.85509651062466
327.530239745882 342.83672980579314
327.7210172964737 343.81836310096514
327.91179484705555 344.799996396139
328.1025723976321 345.7816296913139
328.2933499482058 346.7632629864894
328.4841274987779 347.7448962816652
328.6749050493492 348.7265295768412
328.86568259992004 349.7081628720173
329.0564601504907 350.6897961671934
329.2472377010612 351.6714294623695
329.43801525163155 352.6530627575456
329.6287928022019 353.6346960527218
329.8195703527722 354.61632934789793
330.0103479033424 355.5979626430741
330.20112545391265 356.57959593825024
330.39190300448297 357.5612292334264
330.58268055505334 358.54286252860254
330.77345810562366 359.5244958237787
330.9642356561939 360.50612911895485
331.1550132067643 361.487762414131
331.34501950018716 362.4695452864911
331.53567879432336 363.45120155706627
331.72414457051605 364.4332813151329
331.88578201758685 365.4201315244881
332.05376175056085 366.4059219734731
332.22630233564996 367.39092438285957
332.40209553174736 368.37535150164786
332.58041602561144 369.35932396135803
332.7612840557364 370.34283133584927
332.94555729028696 371.325706391504
333.13490153242043 372.3076171603476
333.3316110956731 373.2880789636449
333.5383180788428 374.2664818577069
333.75732724526097 375.2422046590315
333.99059352791363 376.21461755558175
334.0164711467187 376.21120538846765
334.0684514814808 376.4786667702928
334.9869490976151 376.0832402548121
335.9054467137542 375.68781373932944
336.8239443298933 375.2923872238468
337.74244194603244 374.89696070836413
338.66093956217156 374.5015341928815
339.5794371783107 374.1061076773988
340.49793479444975 373.71068116191617
341.41643241058887 373.31525464643346
342.33493002672793 372.9198281309508
343.25342764286705 372.52440161546815
344.1719252590062 372.1289750999855
345.09042287514524 371.7335485845028
346.00892049128436 371.33812206902013
346.9274181074235 370.9426955535375
347.84591572356254 370.54726903805476
348.76441333970166 370.15184252257205
349.6829109558408 369.75641600708934
350.60140857197996 369.3609894916068
351.5199061881191 368.9655629761241
352.43840380425814 368.57013646064144
353.35690142039726 368.17470994515867
354.2753990365364 367.779283429676
355.1938966526755 367.3838569141933
356.11239426881457 366.9884303987106
357.03089188495375 366.59300388322805
357.94938950109287 366.19757736774534
358.867887117232 365.8021508522627
359.7863847333711 365.4067243367801
360.70488234951017 365.01129782129743
361.6233799656493 364.6158713058147
362.5418775817884 364.22044479033207
363.4603751979275 363.82501827484936
364.3788728140666 363.42959175936676
365.2973704302057 363.03416524388405
366.21586804634484 362.6387387284014
367.13436566248396 362.2433122129188
368.0528632786231 361.84788569743614
368.9713608947622 361.45245918195343
369.88985851090126 361.0570326664707
370.8083561270404 360.661606150988
371.7268537431795 360.26617963550535
372.6453513593186 359.87075312002264
373.56384897545774 359.47532660454
374.48234659159687 359.0799000890574
375.400844207736 358.68447357357473
376.31934182387516 358.2890470580921
377.2378394400142 357.89362054260937
378.15633705615335 357.49819402712666
379.07483467229247 357.10276751164395
379.9933322884316 356.7073409961613
380.9118299045707 356.31191448067864
381.8303275207098 355.916487965196
382.74882513684884 355.5210614497132
383.66732275298796 355.1256349342305
384.5858203691271 354.7302084187479
385.5043179852662 354.33478190326525
386.42281560140526 353.93935538778254
387.34131321754444 353.5439288723
388.25981083368356 353.1485023568173
389.1783084498227 352.75307584133463
390.09680606596174 352.3576493258519
391.01530368210086 351.9622228103693
391.9338012982399 351.56679629488656
392.852298914379 351.17136977940385
393.7707965305181 350.77594326392125
394.68929414665723 350.38051674843865
395.60779176279635 349.98509023295594
396.5262893789355 349.5896637174733
397.4447869950746 349.19423720199063
398.3632846112137 348.7988106865079
399.2817822273528 348.4033841710252
400.2002798434919 348.00795765554255
401.118777459631 347.61253114005984
402.03727507577014 347.21710462457725
402.95577269190926 346.82167810909453
403.8742703080484 346.4262515936119
404.79276792418756 346.0308250781293
405.7112655403266 345.6353985626465
406.6297631564657 345.2399720471637
407.54826077260486 344.8445455316811
408.4667583887439 344.4491190161984
409.38525600488305 344.0536925007157
410.3037536210222 343.6582659852331
411.22225123716134 343.2628394697504
412.14074885330047 342.86741295426776
413.05924646943964 342.4719864387851
413.9777440855787 342.0765599233024
414.8962417017178 341.68113340781974
415.81473931785695 341.2857068923371
416.73323693399607 340.8902803768544
417.6517345501352 340.4948538613717
418.5702321662743 340.09942734588907
419.4888200657492 339.7042106066961
420.40793498154 339.3102210490033
421.32871067231576 338.9201285890962
422.25665497593246 338.54740970121236
423.19817039048723 338.21043978541024
424.15636899138985 337.9243358860515
425.13008535356926 337.69657187215967
426.11554446743463 337.52665914485624
427.10851962698484 337.4083361440655
428.1056378459207 337.33247273083987
429.10471250393744 337.28946310739764
430.10457782039 337.2730512532919
431.10455584483 337.2796807809559
432.1041885953312 337.3067799345474
433.1031777249331 337.35173234201665
434.10138109792535 337.41164916892626
435.098792379468 337.48355699500485
436.0955065343398 337.56455633746106
437.0916692622898 337.652076731902
438.08743139301873 337.7440429159381
439.082921673043 337.83890651473723
440.07823739095386 337.93558444230933
441.073482762873 338.0329838759494
442.0687556025863 338.1301022291534
443.0641253387351 338.2262224058024
444.0596258509085 338.3209785679372
445.05529986020116 338.4138939445928
446.05118698963423 338.5044965131518
447.0473049500649 338.59252496825246
448.0436454347563 338.6779979965421
449.04022278619095 338.76066348273525
450.03705743291084 338.8401662317368
451.03415287877965 338.9163283734323
452.0314898852207 338.9892591322595
453.0290776854889 339.05867513009935
454.0269330235906 339.12413293499696
455.02505442132417 339.1854001806204
456.0234518206563 339.2419919910413
457.0221271058461 339.29344755197593
458.0210590806103 339.33965263604364
459.02023663725765 339.38020149906265
460.0196421997665 339.414676441069
461.0192574558745 339.44241341560235
462.01904695179593 339.4629308190713
463.01895797860607 339.4762701767563
464.0189410131178 339.4820951822286
465.01893884026026 339.4800105454775
466.0188813784139 339.46929045261976
467.0186839270672 339.44941927483904
468.0182435676089 339.4197456333361
469.01743095782655 339.3794398120437
470.01611282441036 339.32811214546285
471.01415262803397 339.2655297966504
472.01143743744274 339.1918887148924
473.0078574311051 339.10734762293123
474.00330515520045 339.0120385016815
474.9977136576728 338.90643674880437
475.99439689083573 338.82505780354256
476.9943930302179 338.82227909507833
477.9885910867588 338.9298440725123
478.96450801108455 339.1479865874299
479.9477990823713 339.3300268827705
480.94779907806856 339.32993411640354
481.92797840151457 339.1318217899599
482.87884787035625 338.8222297144398
483.82427151038655 338.4963859775475
484.78461856791824 338.21757864426843
485.76461301702557 338.01855382240245
486.75890041830485 337.91181786942866
487.75882208868086 337.8993017553171
488.7556325440656 337.97910724407365
489.74109358383595 338.1490088011435
490.70709816126055 338.40753376395105
491.64528136526167 338.75367286276867
492.55136703629904 339.1767671273726
493.4356226526054 339.6437703447391
494.3184813727281 340.11340901467946
495.19857540748467 340.58820843547306
496.0734271802497 341.0725991617364
496.83117478175706 341.7251469166248
497.477953778597 342.487824390559
497.97735947509057 343.3541926438496
498.3572509879077 344.2792236911607
