5.931445011529936
275003
684
0.0 100.0
0.0 101.0
0.0 102.0
0.0 103.0
0.0 104.0
0.0 105.0
0.0 106.0
0.0 107.0
0.0 108.0
0.0 109.0
0.0 110.0
0.0 111.0
0.0 112.0
0.0 113.0
0.0 114.0
0.0 115.0
0.0 116.0
0.0 117.0
0.0 118.0
0.0 119.0
0.0 120.0
0.0 121.0
0.0 122.0
0.0 123.0
0.0 124.0
0.0 125.0
0.0 126.0
0.0 127.0
0.0 128.0
0.0 129.0
0.0 130.0
0.0 131.0
0.0 132.0
0.0 133.0
0.0 134.0
0.0 135.0
0.0 136.0
0.08078918357297848 136.99673121141942
0.3080565466637223 137.97056361264345
0.6158123971716656 138.92202897537513
0.9965207359781105 139.84672414718216
1.4329967578031009 140.7464400369895
1.9209712427598054 141.61929793036688
2.473708499408663 142.45265351180393
3.0770243522794667 143.2501558514085
3.7262186765708174 144.0107784446227
4.4187646392696465 144.7321521962588
5.151868353328143 145.41226905712438
5.921949107422377 146.05021547507314
6.724800738240171 146.64639435669608
7.555923560482361 147.2024832473855
8.41083114546473 147.72126356807973
9.285271227604262 148.20639709892234
10.17535565162525 148.66219279670287
11.077614967784744 149.09338663525278
11.98899878776892 149.50494408284794
12.906842157540662 149.90188683510078
13.828814999013508 150.28914137618
14.752867932932233 150.67140591196144
15.677184223828565 151.0530332097058
16.600144296916195 151.43792891439224
17.520306119723955 151.82946718818818
18.436401560071083 152.23042746574095
19.34734562904108 152.64295734733545
20.252252540500557 153.0685668885735
21.150450152192917 153.5081588020002
22.041483211798486 153.96209721928818
22.925096874428753 154.4303139375001
23.801196000394853 154.91244495857367
24.669782737265955 155.40798212219676
25.530884392065325 155.91641494971853
26.384493741550557 156.43732864551794
27.230538833381445 156.9704399871614
28.068895279564508 157.51556242216412
28.899440826738022 158.07251313279323
29.722157678071724 158.64096452256334
30.537283106920626 159.22024902541483
31.34547595575163 159.8091669476234
32.1479323922964 160.40587765428774
32.94638396088697 161.00793669841485
33.74295125850495 161.61248656431974
34.539884069365016 162.21655451991305
35.339261241427465 162.81738406045298
36.14273182523873 163.41272851616748
36.951355256475296 164.00105508063248
37.76555958122616 164.58163351422866
38.585201713532484 165.15450939515605
39.40969377656923 165.72038291281652
40.238156184988526 166.28042758767387
41.06956604347331 166.83608723819236
41.90288160066011 167.38888483419876
42.73713461359864 167.9402666532706
43.571473053870484 168.4915191971058
44.4052047242497 169.043689009579
45.23782349238169 169.59753554694683
46.06900637029882 170.15353466876033
46.89858788984445 170.71192029037712
47.72652445951128 171.27274204156757
48.55285879815395 171.83592190695694
49.37768968375126 172.40130143449994
50.20114850140533 172.96867747878431
51.02338209246097 173.537827653817
51.84454073436661 174.10852764928194
52.664770096386064 174.68056243291068
53.48420626576005 175.25373288253425
54.30297316422822 175.82785897144925
55.12118177583014 176.40278041643148
55.938930602681936 176.97835565580726
56.756307118547475 177.55445949307233
57.57338958225456 178.13098030579496
58.390248171688825 178.70781827686437
59.20694477422427 179.2848855687871
60.023531618120344 179.86210816569047
60.84004956602797 180.43942821622113
61.6565269822358 181.01680558746335
62.47297974415038 181.59421782110763
63.289412496805646 182.1716583465228
64.10582088839348 182.74913331407114
64.92219436599179 183.3266576382983
65.73851912396985 183.90425082516256
66.55478086448107 184.48193306565258
67.37096717749853 185.0597218700119
68.18706950556782 185.63762929349758
69.00308472729051 186.21565970612036
69.81901636470572 186.79380809802763
70.6348753580121 187.3720589977598
71.45068032117823 187.95038612151723
72.2664572166664 188.52875283631647
73.08223845185017 189.1071134299966
73.89806147535376 189.6854150764766
74.71396701624938 190.26360029622526
75.5299971535544 190.84160965169445
76.34619342852719 191.41938438350655
77.16259522237996 191.99686867852586
77.97923862088965 192.57401126027713
78.79615597688749 193.15076600318739
79.6133763635678 193.72709129292753
80.43092708945079 194.30294788150508
81.24883642401156 194.8782950118867
82.06713766263255 195.45308461067162
82.88587463337839 196.02725337744138
83.7051086975159 196.60071265948042
84.52492719378563 197.17333612492178
85.34545309775869 197.74494546783808
86.16685540235332 198.31529470646882
86.98935939251483 198.88405404588082
87.81325563968764 199.45079470429042
88.6389062634018 200.0149764547578
89.46674689473939 200.57593981283617
90.29728291441896 201.13290473095475
91.13107897204335 201.68497731159067
91.96874150659355 202.2311654460379
92.81089489544405 202.77040349147575
93.65815281374593 203.3015852116759
94.51108720944751 203.82360333073805
95.37019782105175 204.3353932847514
96.23588526521976 204.8359781916452
97.1084303616054 205.32451176753676
97.98798159952625 205.80031594981338
98.87455162477158 206.26291036216236
99.7680225243113 206.7120314501505
100.66815870570888 207.14764005307177
101.5746254605161 207.56991723979777
102.48701094971602 207.97924927995274
103.40484935651787 208.37620350779196
104.32764325095732 208.76149745841312
105.25488369391672 209.13596396017323
106.18606715826621 209.50051485610152
107.12070886254185 209.85610575113225
108.05835253214576 210.20370372128122
108.99857689553956 210.54425936501764
109.94099939006918 210.87868400795617
110.88527761544154 211.2078323530646
111.83110906247276 211.53249044060715
112.77822959021361 211.8533684640551
113.72640816502846 212.17110639106744
114.67543038808685 212.48631555994
115.62506221269302 212.79968339124235
116.57499186535426 213.11214723714275
117.52475908614377 213.42510446475347
118.47368871630808 213.74059227275285
119.4208454441409 214.06136342625803
120.3650201986652 214.39080846403974
121.3047523696477 214.73271992453869
122.2383893036689 215.09094063224768
123.16418322594126 215.46896922043058
124.08042124374516 215.86960358581973
124.9855749633064 216.29468798210408
125.87844641713232 216.74499961524583
126.75828274343303 217.22027641766908
127.62483709842743 217.71935912608546
128.47836621557133 218.2404042740214
129.31957040804036 218.7811218588774
130.1494935801787 219.33899955904818
130.96940551998375 219.91148921918636
131.78068661540718 220.49614551497783
132.584728906153 221.09071762556846
133.3828602661129 221.69320109608736
134.17629273989525 222.30185938244162
134.96609335716482 222.91522304696747
135.7531757045412 223.53207098483261
136.53831058545535 224.15139579361391
137.322152221549 224.77235657299212
138.1052746404194 225.39422414495786
138.88821298045514 226.01632345833318
139.67150664942017 226.63797531279778
140.45574416505292 227.2584360440888
141.2416105698945 227.8768323520834
142.02993515456444 228.492091930802
142.82173132056903 229.10287735261593
143.6182158043897 229.70753632016124
144.42079422975678 230.30408294125243
145.23100474290595 230.8902219387458
146.05042018864336 231.4634220148859
146.88051968813392 232.02103731322836
147.72254967705874 232.56046802958707
148.57739943238482 233.07934363685627
149.44551474343564 233.5757062127211
150.3268655301407 234.04816868824093
151.220967371627 234.49603239189508
152.1269484141069 234.9193506535695
153.04365012193944 235.3189228984225
153.96974615526523 235.69621076869961
154.90385991763958 236.0531862285604
155.8446628416442 236.39214029356674
156.7909427471114 236.71548892973067
157.7416407109448 237.02560726450463
158.69586172608183 237.32470967885607
159.65286739472688 237.61477889504633
160.61205868662023 237.89753685789785
161.5729549315122 238.17444551892618
162.53517299197455 238.44672552943024
163.4984086817293 238.7153833154381
164.4624211833501 238.98124022567146
165.42702044265536 239.24496028358845
166.39205901610774 239.5070681845549
167.35832715448592 239.76460630747104
168.32780870232045 240.0097705960784
169.30283541231287 240.23185822473278
170.28486391006373 240.42059091825783
171.27381657615422 240.56882257558019
172.2682962076309 240.67375237391246
173.26631310965445 240.73669888513675
174.2659935710556 240.76197684179513
175.2659726396678 240.75550673070984
176.26546384991462 240.72361126646587
177.2641412257179 240.672196297258
178.26196885118242 240.60631739426265
179.25905541068573 240.53003900375887
180.255557866726 240.44647552426161
181.25162941876863 240.35792348751812
182.24739765989497 240.2660234877132
183.24295975027428 240.17191650497764
184.23838547708763 240.07637791383195
185.23372293726885 239.97992408881683
186.22900427159527 239.88289282817664
187.22425044816325 239.78550161693636
188.2194748837465 239.68788848862886
189.21468602624697 239.59013992422564
190.20988912246384 239.49230947252266
191.20508739238866 239.39442993667043
192.20028279135045 239.29652121445807
193.1954764954781 239.198595266596
194.1906814403769 239.10078362286694
195.1859267508744 239.00338356161046
196.18124975285656 238.9067806541741
197.1766836516073 238.81132724555036
198.17224882660236 238.7172529008165
199.167950437051 238.62463377239237
200.1637808886556 238.53341035622668
201.15972441567294 238.44342985282606
202.15576161794212 238.35449228092398
203.15187288656563 238.2663881350436
204.14804049783066 238.1789233406032
205.1442962406089 238.09246817892154
206.14073532499287 238.00815239681606
207.13747967658503 237.92752549330896
208.13462551874744 237.85202602669997
209.13221179882805 237.7825881854679
210.13028227739392 237.72049696374262
211.12889365155837 237.6678156255913
212.12809749769426 237.62791983800318
213.12783639136916 237.60506935718254
214.12783623645498 237.6045127349444
215.12744521096843 237.63247517532733
216.1254617605179 237.69542727477855
217.12010014043219 237.79884145756554
218.1092082869097 237.9460320638276
219.09069650736905 238.13755457712466
220.06299453143626 238.37129920785446
221.02534431125466 238.64311330109376
221.97784398619467 238.94765290318048
222.92128475537692 239.2791940243779
223.85688749827824 239.6322485633312
224.78604031257004 240.0019444487474
225.71009623383878 240.38420176308972
226.6302477015916 240.77576437161147
227.54746761100535 241.17414564347933
228.46249686848836 241.57753312215226
229.3758590090513 241.9846812526727
230.2878869814366 242.39480925413898
231.19875291321293 242.80751163398338
232.10849775256554 243.2226794642295
233.0170624222681 243.64042369335567
233.92432349782223 244.0609915722818
234.83013420034715 244.48467420255037
235.73436755350173 244.9117128928851
236.63695542018945 245.34221857566763
237.537916446287 245.7761185980844
238.36896677845016 246.33231581617477
239.20001711061332 246.88851303426515
240.0310674427765 247.44471025235552
240.86211777493972 248.00090747044592
241.69316810710285 248.55710468853633
242.52421843926604 249.11330190662667
243.32259662706167 249.71545825613416
244.12097481485725 250.31761460564164
244.91935300265288 250.91977095514915
245.71703654199064 251.52284721157912
246.5147200813284 252.1259234680091
247.31240362066617 252.72899972443906
248.11169043792157 253.32994945924366
248.910977255177 253.93089919404827
249.71285143392353 254.5283921240981
250.51472561267008 255.12588505414797
251.32082041060062 255.71767148247272
252.13084980343018 256.30406075825476
252.94087919625977 256.89045003403675
253.7584623453326 257.4662605882577
254.58217613323959 258.0332664044641
255.41225887287487 258.59090665171993
256.2489366785738 259.13860205014026
257.08561448427275 259.68629744856065
257.9350322474031 260.2140184578815
258.7912721034942 260.7305969212741
259.65407247347906 261.236141698276
260.52318813848984 261.7307505951155
261.3983618985167 262.2145593277366
262.27932948064426 262.6877359535756
263.1658204927159 263.15048176448715
264.0575569499797 263.6030368338285
264.95425179953645 264.0456860705593
265.8556087569284 264.47876300986826
266.76132379273895 264.9026501102932
267.671088013829 265.31777546729325
268.5845914301263 265.724606523646
269.5015270683239 266.1236416541836
270.42159497970397 266.5154005576545
271.3445058162362 266.9004143078132
272.26998377641075 267.27921576666887
273.19776883165054 267.6523308846603
274.1276182291282 268.02027123038283
275.05930732648085 268.3835279245733
275.9926298502245 268.74256701251886
276.9273976862844 269.09782620334704
277.8634403126309 269.4497128351793
278.8006039754333 269.7986028882374
279.73875069586643 270.14484085689566
280.67775717829204 270.48874029853914
281.6175136744599 270.8305848946796
282.55792284453827 271.17062988116294
283.49889864636646 271.50910372117687
284.4403652817274 271.84620989807394
285.38225623346284 272.18212869040167
286.3245134367788 272.51701876609695
287.26708663475193 272.85101841649004
288.20993296293386 273.1842462686181
289.1530167851717 273.51680138319807
290.0963097631316 273.8487627630776
291.03979109466076 274.18018843657916
291.9834478174293 274.5111143944212
292.9272750625581 274.841553694978
293.87127616920367 275.17149597879745
294.8154626328802 275.5009074567547
295.75985394495086 275.829731193254
296.7044774740575 276.15788723579794
297.64936863018295 276.4852718766656
298.5945716223712 276.81175511292497
299.54014115471637 277.1371752406069
300.4861453523274 277.4613296144819
301.43266998960235 277.78396115514636
302.37982367233803 278.10474129991877
303.3277430866732 278.4232515570951
304.27659696475826 278.7389671221896
305.22658724282854 279.05124659889594
306.17794613153575 279.35933143279374
307.1309284667843 279.66235728763803
308.0857996089369 279.95937766048183
309.0428200736534 280.24939805651263
310.0022287706439 280.5314174745301
310.9642270298043 280.80447305380346
311.92896545458524 281.0676835622397
312.89653512460853 281.3202878647586
313.8669639227584 281.56167541149927
314.840217967752 281.7914069154416
315.8162074534945 282.0092245541215
316.7947957380472 282.2150520773931
317.7758103262064 282.4089860296003
318.75905442811904 282.5912798475262
319.74431798933136 282.762322868276
320.73138739649414 282.9226163037105
321.7200533938595 283.072748064686
322.7101170431246 283.2133680149197
323.7013937906229 283.34516486567634
324.69371586025915 283.4688455436856
325.68693327272774 283.58511751610075
326.6809138124446 283.6946742898034
327.6755422400669 283.7981841490714
328.67071900246253 283.89628211840693
329.6663586433631 283.98956505075523
330.6623880770009 284.0785895829196
331.6587448542524 284.16387247935836
332.655375517257 284.2458927302656
333.6522340986436 284.3250948054649
334.64928078199625 284.40189266491075
335.6464807064377 284.4766744186609
336.6438028699554 284.5498078730883
337.64121906852944 284.6216474639974
338.638702812995 284.69254301764465
339.63622819823007 284.7628502421075
340.63376874924745 284.8329419611336
341.631296314884 284.903218243016
342.62878010313034 284.9741131806761
343.6261859493129 285.04609635927244
344.6234758905436 285.11966791029624
345.62060810063224 285.1953472047148
346.6175372240144 285.27365635457875
347.614215133289 285.35510047753405
348.6105921216115 285.4401469186202
349.6066185304622 285.5292052864026
350.6022468051758 285.6226094543545
351.59743395701344 285.7206019684422
352.59214438639054 285.82332081621826
353.5863529985747 285.9307881854932
354.580048551826 286.0429003946791
355.57323725370117 286.1594173568242
356.5659467669742 286.27994877288324
357.55823093486697 286.40393316766506
358.5501755415186 286.53060556929483
359.5419051091518 286.65895066924816
360.5335899618737 286.7876408121573
361.5254515389519 286.9149617134887
362.51776290788996 287.03872821572753
363.5108396798431 287.1561953388174
364.5050139690236 287.2639797659506
365.50058277165806 287.35801571238073
366.4977245622262 287.43356867064574
367.4963845123616 287.4853210038839
368.49613784158817 287.50753092735295
369.49604973468024 287.49425666454795
370.49455668813687 287.4396319091821
371.4893966351473 287.33817512117673
372.47761288135086 287.1851109165456
373.45564911259225 286.9766759617535
374.4195393671737 286.71037617368955
375.36517922042526 286.3851604484512
376.2886461031103 286.0014823065353
377.18652311599146 285.56123593262686
378.05617715041365 285.0675742464356
378.89595079783896 284.5246375824591
379.705245954864 283.9372353788407
380.4844989455856 283.3105258955461
381.2350654472258 282.6497309753057
381.9590441088838 281.9599086087041
382.659069956462 281.24579110246134
383.33810505669106 280.51168529765056
383.9992482573241 279.7614255637872
384.6455809657298 278.99836984495346
385.28006240088365 278.225431743651
385.90548406347034 277.4451447810742
386.52448741207894 276.6597564348331
387.1396401945936 275.8713485111258
387.7535565968507 275.081977463367
388.36903696218116 274.2938252446347
388.98919646532227 273.50934950207557
389.6175499404492 272.7314215424958
390.25802321903564 271.9634410873951
390.91487088756566 271.2094177851381
391.5924960394416 270.47401031064175
392.2951867424199 269.7625148602362
393.02680189924155 269.0807969843455
393.7904508068061 268.4351652425798
394.58821747546733 267.83219895631396
395.4209672523797 267.2785494200075
396.2882456650645 266.78072600262846
397.2035099081013 266.3778719776785
398.13994309015845 266.0270260064285
399.0978227176387 265.7398559883935
400.0741578775901 265.5235930571207
401.06414073248675 265.3824054266048
402.06207095062683 265.3180992859738
403.0619936306936 265.3305344734689
404.05816653105273 265.4179390076192
405.0454158682063 265.5771204961466
406.0194300522071 265.803607514241
406.97691813906215 266.0920803267046
407.9155842530256 266.4369077132284
408.83399128085085 266.8325445811277
409.7314081490284 267.27372817636933
410.60768541794874 267.7555353452383
411.4631592150623 268.27338144443394
412.29845529252924 268.8231818290904
413.11452645734346 269.40113325780976
413.91266340062566 270.0036093318311
414.69440493713705 270.62721190566543
415.46132633100956 271.2689529559502
416.21485507833063 271.92636791391874
416.95623072651244 272.59745818227543
417.68658136567115 273.28053061172966
418.40702484020744 273.97404427417484
419.11872469527646 274.6765279510633
419.82288662980613 275.3865673654337
420.52067014262275 276.1028760762849
421.2131874420147 276.82427734468047
421.9014715371383 277.54971859274946
422.58623055206135 278.2784881664019
423.2681319033951 279.0099323180972
423.9479620941282 279.7433018782562
424.6266157403347 280.47776033759243
425.30482288538667 281.21263112106425
425.9830300304386 281.94750190453607
426.01797675268796 281.9853683961331
426.05494214624315 282.0268531383866
426.0554790446448 282.02600397314507
426.05494208730335 282.0268530722409
426.05547903381 282.0260039904985
426.58995880277115 281.1808227220293
427.1243313768893 280.3355736746886
427.65872137955887 279.49033564605594
428.2442893440834 278.67971233099365
428.89029001012375 277.9163754856394
429.59623327785494 277.20810710236583
430.35975748888524 276.5623278992549
431.1772067615354 275.9863273032103
432.0431267554193 275.4861447723357
432.9503222838046 275.06543552204806
433.8905387081789 274.72485796063677
434.8553980980475 274.46209122419094
435.8372317325093 274.27234741206627
436.82961243958283 274.149138109543
437.8275577293471 274.0850662854913
438.8274786941936 274.0724939324663
439.826981548738 274.1040223919529
440.82461436573703 274.17278838970344
441.81961944215925 274.27261272488244
442.81172146983147 274.39804623989625
443.80096102089936 274.544351094918
444.78757148278424 274.7074455353483
445.7718926142024 274.88383122139936
446.7543125366621 275.0705157037599
447.73523054446287 275.2649375697425
448.71756785660335 275.4520562624927
449.7055604495001 275.606557512912
450.7006980969834 275.70505148512143
451.7001767967756 275.7373366002932
452.6998817760083 275.7130476213647
453.6983056265708 275.65692441201367
454.6965964806369 275.5984832391308
455.6960089856453 275.5642101471639
456.695959181563 275.5741904118894
457.69370044790935 275.64136455445725
458.68510268786787 275.7722140810335
459.6657543927508 275.96797473517586
460.6318942812297 276.225993563733
461.5808436886038 276.5414218792728
462.5112795327349 276.9078767058969
463.42314539982675 277.3183650010197
464.3172796984863 277.7661639022696
465.19500761057844 278.24532328320066
466.0578444910478 278.7508057435313
466.9072418025149 279.27855967035
467.74445293339664 279.82543947645706
468.5705244019949 280.38900484867935
469.38623213837735 280.9674690989193
470.1920831739387 281.55958742196356
470.9884045511749 282.16446118082297
471.77525216352 282.78160851732116
472.5522800743402 283.4110746608161
473.31880381456256 284.05329063358187
474.073820294789 284.70899644763756
474.81600781780554 285.3791887190631
475.54377052214323 286.0650177401574
476.2553416146624 286.7676318449766
476.9490092085596 287.4879271102512
477.6232162331269 288.2264695179869
478.27661577259926 288.98348275553127
478.9081410225552 289.7588380667713
479.5170819345547 290.5520536526577
480.10314093733535 291.36232203119647
480.6664497666346 292.18856846104256
481.2075449876851 293.0295297929457
481.7273108499011 293.8838385477147
482.22690276700916 294.7500994301053
482.70766449118315 295.62695070858376
483.17104914510014 296.51310795338526
483.6185505340244 297.407391189788
484.0516477347679 298.308738411844
484.47176340823205 299.2162089738512
484.88023468496226 300.1289801478518
485.27829468973806 301.0463395281373
485.66706253784344 301.96767527599445
486.04753970032806 302.8924655921351
486.4206108997551 303.82026830831893
486.78704806199295 304.75071110942554
487.1475162038932 305.6834826348673
487.5025804357098 306.61832454197486
487.8527135149969 307.5550245082335
488.19830365286873 308.4934100668424
488.5396624895399 309.4333431201108
488.87703325301226 310.37471497435024
489.2105991026647 311.31744177674085
489.54049160414786 312.26146028157285
489.86679923726797 313.20672391070894
490.18957581835826 314.1531990972298
490.51293561955725 315.09947518747435
490.8655216815113 316.03525457863213
491.39607642099935 316.8829052545634
492.27352667179724 317.3625729076053
493.21822006737193 317.03461805041064
493.76135216995556 316.1949707916507
494.0650852258733 315.24221361862976
494.26999062759495 314.26343183684935
494.4295114375357 313.276237270821
494.56264301593814 312.28513889889615
494.6850280027348 311.2926561962727
494.8023267582245 310.29955952325406
494.9176355796814 309.3062298319158
495.03363376040176 308.3129804060063
495.15313516679674 307.32014637462464
495.27958415042514 306.328173262822
495.41935494652097 305.33798937860723
495.5897619636123 304.3526156177804
495.8296171359517 303.38180693616385
496.2328281201583 302.46669989203446
496.8923628890767 301.7150258346215
497.87659705305487 301.89189615564294
498.39846432786237 302.7449228536337
498.7417352250213 303.684159294134
498.98707566692104 304.65359627897027
499.15015838400996 305.64020867874376
499.2847850690951 306.6311050687175
499.3970098622612 307.6247879133912
499.49012699712 308.6204430741751
499.56745336643746 309.61744890796354
499.6319299463043 310.6153681284662
499.6859668218217 311.61390706916114
499.7314798505326 312.6128708143579
499.7699825165625 313.61212931179915
499.8026762712551 314.61159472811136
499.83052368000307 315.6112069138244
499.85430379402976 316.6109241269286
499.8746532331824 317.6107170556524
499.8920966981577 318.6105649068426
499.90706986670114 319.61045280267086
499.9199368109331 320.61037002011744
499.93100343507354 321.6103087831575
499.94052798183753 322.6102634236332
499.94872934758746 323.6102297918676
499.9557937362058 324.610204838763
499.961880036201 325.6101863170677
499.9671242030514 326.6101725663302
499.97164285590407 327.6101623571663
499.97553624594866 328.6101547778946
499.9788907170388 329.6101491516406
499.978749087178 330.6101491416111
499.97574165544074 331.610144619278
499.97129188150535 332.61013471898497
499.9664855532256 333.6101231685225
499.96191969335104 334.61011274492995
499.95783040612963 335.61010438376
499.9542439808263 336.6100979525161
499.95108533223487 337.6100929639732
499.94824577589867 338.61008893242496
499.94561731449943 339.6100854780143
499.9431062593646 340.61008232531043
499.94063624967066 341.61007927483183
499.93814669725276 342.6100761758914
499.9355819485433 343.610072886918
499.9345368804224 344.61007234083417
499.94168565712494 345.6100467880035
499.9495698658183 346.61001570714717
499.95750403383363 347.60998423114074
499.96544124144526 348.60995273101224
499.9902951323377 349.6096438253546
