5.379338703529782
249238
952
0.0 100.0
0.0 101.0
0.0 102.0
0.0 103.0
0.0 104.0
0.0 105.0
0.0 106.0
0.0 107.0
0.0 108.0
0.0 109.0
0.0 110.0
0.0 111.0
0.0 112.0
0.0 113.0
0.0 114.0
0.0 115.0
0.0 116.0
0.0 117.0
0.0 118.0
0.0 119.0
0.0 120.0
0.0 121.0
0.0 122.0
0.0 123.0
0.0 124.0
0.0 125.0
0.0 126.0
0.0 127.0
0.0 128.0
0.0 129.0
0.0 130.0
0.0 131.0
0.0 132.0
0.0 133.0
0.0 134.0
0.0 135.0
0.0 136.0
0.0 137.0
0.0 138.0
0.0 139.0
0.0 140.0
0.0 141.0
0.0 142.0
0.0 143.0
0.0 144.0
0.0 145.0
0.0 146.0
0.0 147.0
0.0 148.0
0.0 149.0
0.0 150.0
0.0 151.0
0.0 152.0
0.0 153.0
0.0 154.0
0.0 155.0
0.0 156.0
0.0 157.0
0.0 158.0
0.0 159.0
0.0 160.0
0.0 161.0
0.0 162.0
0.0 163.0
0.0 164.0
0.0 165.0
0.0 166.0
0.0 167.0
0.0 168.0
0.0 169.0
0.0 170.0
0.0 171.0
0.0 172.0
0.0 173.0
0.0 174.0
0.0 175.0
0.0 176.0
0.0 177.0
0.0 178.0
0.0 179.0
0.0 180.0
0.0 181.0
0.0 182.0
0.0 183.0
0.0 184.0
0.0 185.0
0.0 186.0
0.0 187.0
0.0 188.0
0.4863327352217679 188.8737736953306
0.9726654704435626 189.74754739066123
1.4589982056653703 190.6213210859918
1.9453309408871688 191.4950947813224
2.4316636761089674 192.36886847665298
2.9179964113307606 193.24264217198356
3.4043291465525463 194.11641586731417
3.890661881774347 194.99018956264476
4.37699461699614 195.86396325797534
4.863327352217933 196.73773695330596
5.349660087439728 197.61151064863654
5.835992822661516 198.48528434396715
6.322325557883314 199.35905803929774
6.808658293105106 200.23283173462835
7.2949910283269235 201.10660542995893
7.781323763548734 201.98037912528952
8.26765649877054 202.8541528206201
8.753989233992343 203.72792651595068
9.240321969214135 204.6017002112813
9.726654704435933 205.47547390661188
10.21298743965773 206.3492476019425
10.699320174879537 207.22302129727308
11.185652910101336 208.0967949926037
11.671985645323137 208.97056868793427
12.158318380544923 209.84434238326486
12.644651115766699 210.71811607859547
13.130983850988493 211.59188977392606
13.617316586210283 212.46566346925664
14.103649321432068 213.33943716458725
14.589982056653852 214.21321085991784
15.07631479187565 215.08698455524842
15.562647527097454 215.96075825057903
16.04898026231926 216.83453194590962
16.535312997541062 217.7083056412402
17.021645732762863 218.5820793365708
17.50797846798467 219.4558530319014
17.994311203206465 220.32962672723198
18.48064393842826 221.2034004225626
18.966976673650034 222.0771741178932
19.453309408871824 222.95094781322382
19.93964214409362 223.82472150855443
20.42597487931542 224.69849520388502
20.912307614537227 225.5722688992156
21.398640349759035 226.44604259454619
21.88497308498082 227.3198162898768
22.371305820202632 228.1935899852074
22.857638555424433 229.067363680538
23.343971290646223 229.94113737586858
23.830304025867992 230.8149110711992
24.316636761089786 231.6886847665298
24.802969496311576 232.56245846186042
25.289302231533377 233.436232157191
25.775634966755177 234.3100058525216
26.261967701976964 235.1837795478522
26.7483088568313 236.0575485568557
27.234689583389592 236.93129553901505
27.721173865308586 237.80498486792195
28.207857293345974 238.67856327932748
28.694854568759183 239.55196676783675
29.18228098129224 240.42513083739365
29.67023435190201 241.29800053449088
30.158782203418262 242.17053763787322
30.647956104862402 243.04272391049273
31.137752689547106 243.91456065302611
31.628146694450205 244.78606149637346
32.11908852577295 245.65725385071173
32.610518222816864 246.52817109871143
33.102384301660166 247.39884196676854
33.594656900765735 248.26928305505072
34.08733123333798 249.1394968230552
34.58042240730255 250.00947446308868
35.07395527364878 250.87920160986292
35.56795339739584 251.7486645784443
36.06243025344948 252.61785537385538
36.55738419557437 253.48677458481518
37.052797317116045 254.35543207715858
37.54863737955888 255.2238459372948
38.04486159230885 256.09204034563936
38.54142106240442 256.9600430487794
39.03826501119088 257.82788294792806
39.5353442106192 258.6955881222216
40.03261341430599 259.563184421813
40.530032794927095 260.43069462912035
41.0275685400709 261.2981381041112
41.52519281820149 262.165530793621
42.02288332922226 263.0328854818771
42.52062502915653 263.90021079578565
43.01841537218769 264.7675081925216
43.5162707616051 265.6347682522661
44.01423005872932 266.50196865494564
44.51235232174916 267.36907545983416
45.010708858791006 268.2360476404649
45.509372075570994 269.10284346199995
46.00840441978814 269.969426821767
46.50785009882483 270.83577202645824
47.00773089775654 271.7018662400744
47.50804871450694 272.5677080745004
48.00879344298322 273.43330308193936
48.50995525274318 274.2986566746621
49.01153720515826 275.16376680927584
49.51356311907222 276.02861938732536
50.016077732404625 276.8931881025744
50.519139563723286 277.7574385256986
51.02281256993548 278.6213329074451
51.527163528673185 279.4848316685446
52.0322666868512 280.347890646598
52.5382140672462 281.2104549910219
53.04512776972966 282.0724517997367
53.553168595815286 282.9337847893698
54.062539784829525 283.7943317037226
54.57348757831871 284.6539434488311
55.086302690407535 285.51244252327047
55.60132646451342 286.36961841660025
56.11896121124819 287.2252201165593
56.639677130874354 288.07895012718785
57.16400750298495 288.93046504830335
57.692528493883316 289.7793852814111
58.225825041568555 290.6253136425783
58.764447577626086 291.46786083036716
59.30886602045545 292.3066746113145
59.85942799540879 293.1414689043805
60.416327601575404 293.97204871911924
60.979589188062896 294.79832735565026
61.549067853105726 295.6203334688033
62.124465447155956 296.4382073030597
62.7053585059879 297.25218718868393
63.29123324610786 298.0625888106525
63.881522605940674 298.8697805299288
64.47564107030396 299.6741580845029
65.07301427686528 300.47612145778294
65.67310178460197 301.2760558195017
66.27541260414714 302.0743174787707
66.87951399886653 302.87122494196706
67.48500034243608 303.6670806372729
68.09135517573483 304.46227483753796
68.69766743006936 305.2575015034916
69.30224897970245 306.0540447539452
69.90227941002374 306.85402193029995
70.49361709411886 307.6604459771692
71.07086259094444 308.4770166332637
71.62768422005968 309.3076487259193
72.15735608088124 310.15585136671564
72.34918471434959 311.1372798029155
72.54101334781795 312.1187082391153
72.73284198128631 313.1001366753152
72.92467061475466 314.081565111515
73.11649924822302 315.0629935477148
73.30832788169138 316.04442198391473
73.50015651515973 317.0258504201146
73.69198514862808 318.0072788563143
73.88381378209642 318.98870729251416
74.07564241556479 319.970135728714
74.26747104903316 320.9515641649139
74.4592996825015 321.93299260111377
74.65112831596986 322.91442103731356
74.80848930215996 323.90196218583617
74.96585028835004 324.8895033343587
75.12321127454014 325.8770444828813
75.28057226073022 326.8645856314039
75.43793324692032 327.85212677992644
75.59529423311042 328.839667928449
75.73398096021681 329.830004230785
75.8726676873232 330.820340533121
76.01135441442958 331.81067683545695
76.12892122237365 332.8037418110098
76.24648803031772 333.7968067865627
76.3415714232479 334.792276097184
76.42323120224827 335.7889363605103
76.49557179838956 336.78631634735075
76.56176785201762 337.78412298316954
76.6279639056457 338.7819296189884
76.68658268992809 339.7802100596108
76.74440487513944 340.778536957424
76.80187476009479 341.7768841977784
76.85435199149248 342.6885007633593
76.86043179911135 342.79453747157663
77.41432750923286 343.6271235285755
77.96822321935436 344.45970958557444
78.52211892947582 345.29229564257344
79.07601463959733 346.12488169957237
79.62991034971883 346.95746775657125
80.18380605984031 347.7900538135702
80.7377017699618 348.62263987056906
81.2915974800833 349.45522592756794
81.8454931902048 350.2878119845669
82.39938890032629 351.1203980415658
82.95328461044777 351.95298409856474
83.50718032056929 352.7855701555636
84.06107603069078 353.61815621256255
84.61497174081227 354.4507422695615
85.16886745093376 355.2833283265604
85.72276316105525 356.1159143835593
86.27665887117672 356.94850044055823
86.83055458129822 357.7810864975571
87.38445029141968 358.61367255455605
87.93834600154116 359.446258611555
88.49224171166264 360.2788446685539
89.0461374217842 361.1114307255528
89.6000331319057 361.94401678255167
90.15392884202717 362.7766028395506
90.70782455214865 363.60918889654954
91.26172026227013 364.4417749535485
91.81561597239163 365.27436101054735
92.3695116825131 366.1069470675463
92.92340739263459 366.9395331245452
93.4773031027561 367.77211918154416
94.03119881287763 368.60470523854303
94.58509452299914 369.43729129554197
95.13899023312068 370.26987735254085
95.69288594324219 371.1024634095398
96.24678165336367 371.9350494665387
96.80067736348515 372.76763552353765
97.35457307360663 373.6002215805366
97.90846878372814 374.43280763753546
98.46236449384965 375.26539369453434
99.01626020397111 376.0979797515333
99.57015591409258 376.9305658085322
100.12405162421406 377.76315186553114
100.67794733433556 378.5957379225301
101.23184304445707 379.428323979529
101.78573875457856 380.2609100365279
102.33963446470003 381.0934960935268
102.89353017482154 381.9260821505257
103.44742588494302 382.75866820752464
104.00132159506454 383.5912542645235
104.555217305186 384.42384032152245
105.1091130153075 385.2564263785214
105.66300872542902 386.0890124355203
106.21690443555053 386.9215984925192
106.77080014567198 387.7541845495182
107.32469585579348 388.58677060651706
107.87859156591496 389.419356663516
108.43248727603648 390.2519427205149
108.98638298615799 391.0845287775138
109.54027869627949 391.9171148345127
110.09417440640095 392.7497008915116
110.64807011652248 393.5822869485105
111.20196582664396 394.41487300550943
111.75586153676544 395.24745906250837
112.30975724688692 396.0800451195073
112.86365295700841 396.91263117650624
113.41754866712992 397.7452172335052
113.97144437725144 398.57780329050405
114.52534008737292 399.410389347503
115.07923579749445 400.24297540450186
115.63313150761593 401.0755614615008
116.1870272177374 401.90814751849973
116.74092292785893 402.7407335754986
117.2948186379804 403.57331963249754
117.84871434810191 404.4059056894965
118.40261005822339 405.2384917464954
118.95650576834488 406.07107780349435
119.51040147846636 406.9036638604932
120.06429718858787 407.73624991749216
120.61819289870941 408.5688359744911
121.1720886088309 409.40142203149003
121.72598431895238 410.23400808848896
122.27988002907387 411.0665941454879
122.83377573919536 411.89918020248683
123.38767144931687 412.7317662594857
123.94156715943838 413.5643523164846
124.49546286955983 414.3969383734835
125.0493585796813 415.22952443048246
125.6032542898028 416.0621104874814
126.15714999992431 416.89469654448027
126.71104571004581 417.7272826014792
127.2649414201673 418.55986865847814
127.81883713028883 419.392454715477
128.3727328404103 420.22504077247595
128.92662855053183 421.0576268294748
129.48052426065328 421.89021288647376
130.03441997077476 422.7227989434727
130.58831568089624 423.5553850004716
131.14221139101775 424.3879710574705
131.69610710113923 425.22055711446944
132.2500028112607 426.0531431714684
132.8038985213822 426.8857292284673
133.3577942315037 427.71831528546625
133.91168994162524 428.5509013424651
134.46558565174672 429.38348739946406
135.0194813618682 430.21607345646294
135.57337707198965 431.04865951346187
136.12727278211113 431.8812455704608
136.68116849223262 432.7138316274597
137.23506420235412 433.5464176844586
137.78895991247563 434.3790037414575
138.34285562259714 435.2115897984564
138.89675133271862 436.04417585545525
139.45064704284007 436.8767619124542
140.00454275296158 437.7093479694531
140.5584384630831 438.54193402645205
141.1123341732046 439.37452008345093
141.66622988332605 440.2071061404499
142.22012559344756 441.03969219744886
142.77402130356907 441.87227825444774
143.32791701369058 442.70486431144667
143.88181272381206 443.5374503684456
144.43570843393357 444.37003642544454
144.98960414405505 445.2026224824435
145.54349985417653 446.0352085394424
146.09739556429804 446.86779459644134
146.65129127441958 447.7003806534403
147.2051869845411 448.53296671043915
147.75908269466257 449.3655527674381
148.31297840478405 450.19813882443697
148.8668741149055 451.0307248814359
149.420769825027 451.86331093843484
149.9746655351485 452.69589699543377
150.52856124527 453.52848305243265
151.0824569553915 454.3610691094315
151.63635266551302 455.19365516643046
152.19024837563452 456.0262412234294
152.74414408575603 456.85882728042833
153.29803979587751 457.69141333742726
153.851935505999 458.5239993944262
154.4058312161205 459.3565854514251
154.95972692624198 460.189171508424
155.51362263636352 461.0217575654229
156.06751834648497 461.8543436224219
156.62141405660648 462.68692967942076
157.175309766728 463.5195157364197
157.7292054768495 464.35210179341857
158.28310118697098 465.1846878504175
158.83699689709243 466.01727390741644
159.39089260721397 466.8498599644154
159.94478831733548 467.68244602141425
160.49868402745696 468.5150320784132
161.0525797377542 469.3476181352952
161.60647544805948 470.18020419217186
162.16037115828422 471.0127902491021
162.7142668684146 471.84537630609515
163.2681625784979 472.6779623631195
163.82205828855473 473.51054842016146
164.37595399860507 474.34313447720774
164.92984970865973 475.1757205342511
165.48374541871658 476.0083065912931
166.03764112878903 476.84089264832465
166.59153683887445 477.6734787053476
167.14543254897006 478.5060647623637
167.6993282590734 479.33865081937466
168.25322396918236 480.17123687638195
168.80711967929406 481.00382293338737
169.36101538940923 481.8364089903905
169.91491109952574 482.66899504739274
170.2647857175231 483.19490763946226
171.208639174766 482.86454321758237
172.15249263201198 482.5341787957013
173.09634608925802 482.2038143738203
174.04019954650403 481.8734499519393
174.98405300375 481.54308553005825
175.927906460996 481.2127211081773
176.871759918242 480.88235668629625
177.815613375488 480.5519922644152
178.759466832734 480.2216278425342
179.70332028998 479.8912634206532
180.647173747226 479.5608989987722
181.591027204472 479.2305345768912
182.53488066171798 478.9001701550102
183.47873411896398 478.5698057331292
184.42258757621 478.2394413112482
185.366441033456 477.9090768893672
186.310294490702 477.57871246748624
187.25414794794798 477.2483480456052
188.198001405194 476.91798362372424
189.14185486244 476.5876192018432
190.08570831968603 476.25725477996224
191.029561776932 475.92689035808127
191.973415234178 475.59652593620024
192.917268691424 475.26616151431926
193.86112214866998 474.9357970924382
194.80497560591598 474.60543267055726
195.748829063162 474.27506824867623
196.692682520408 473.94470382679526
197.636535977654 473.6143394049143
198.5803894348416 473.2839749828665
199.52424289200104 472.95361056073807
200.46809634917565 472.6232461386531
201.41194980638636 472.2928817166713
202.35580326363274 471.9625172947913
203.29965672090378 471.6321528729819
204.24351017818714 471.3017884512076
205.18736363547308 470.97142402944064
206.13121709275575 470.64105960766443
207.07507055003236 470.3106951858708
208.01892400730236 469.98033076405835
208.96277746456633 469.64996634222865
209.90663092182524 469.3196019203845
210.85048437908029 468.9892374985293
211.79433783633246 468.65887307666594
212.73819129358256 468.3285086547967
213.68204475083127 467.99814423292344
214.625898208079 467.66777981104735
215.56975166532615 467.33741538916956
216.5136051225729 467.00705096729064
217.45745857981936 466.6766865454109
218.40131203706565 466.34632212353074
219.34516549431183 466.0159577016502
220.28901895155795 465.68559327976953
221.232872408804 465.35522885788873
222.17672586605005 465.0248644360079
223.12057932329606 464.6945000141269
224.06443278054206 464.36413559224593
225.00828623778807 464.0337711703649
225.95213969503405 463.7034067484838
226.89599315228006 463.37304232660284
227.83984660952603 463.0426779047218
228.783700066772 462.7123134828408
229.72755352401802 462.3819490609598
230.671406981264 462.0515846390788
231.61526043851 461.7212202171978
232.559113895756 461.39085579531684
233.502967353002 461.06049137343575
234.446820810248 460.7301269515547
235.390674267494 460.3997625296737
236.33452772474 460.0693981077927
237.27838118198605 459.73903368591175
238.22223463923206 459.4086692640308
239.16608809647806 459.0783048421498
240.10994155372404 458.7479404202688
241.05379501097 458.4175759983877
241.997648468216 458.0872115765067
242.941501925462 457.7568471546257
243.88535538270804 457.4264827327447
244.82920883995408 457.09611831086374
245.77306229720008 456.7657538889828
246.7169157544461 456.43538946710174
247.6607692116921 456.1050250452207
248.6046226689381 455.7746606233398
249.5484761261841 455.44429620145877
250.49232958343012 455.11393177957774
251.4361830406761 454.7835673576967
252.3800364979221 454.4532029358157
253.32388995516808 454.12283851393465
254.2677434124141 453.7924740920537
255.2115968696601 453.46210967017265
256.15545032690613 453.1317452482917
257.09930378415214 452.80138082641065
258.04315724139815 452.4710164045297
258.9870106986441 452.1406519826486
259.9308641558901 451.8102875607676
260.8747176131361 451.47992313888665
261.81857107038206 451.1495587170056
262.76242452762807 450.81919429512465
263.7062779848741 450.4888298732436
264.65013144212014 450.15846545136264
265.5939848993661 449.82810102948156
266.5378383566121 449.4977366076006
267.4816918138581 449.16737218571956
268.4255452711041 448.8370077638385
269.3693987283501 448.5066433419575
270.31325218559607 448.1762789200764
271.25710564284213 447.8459144981955
272.20095910008814 447.51555007631447
273.1448125573341 447.1851856544334
273.3870985335582 447.1003815295445
273.06979675101655 446.1520569127733
273.73872141060133 445.4087267036472
274.4537683021804 444.709650210806
275.2061675684137 444.0509428826461
275.98659380369514 443.4256950187677
276.78695970855733 442.82618320209167
277.6009573317147 442.2453149988871
278.42397351900394 441.6772970806311
279.2527775108074 441.1177580353709
280.0851792399763 440.56358535354997
280.9197344175258 440.01266098884514
281.755514685757 439.4635969277054
282.5919385539634 438.9155138019894
283.4286519199881 438.36787273056063
284.2654462761378 437.8203554198608
285.1022042238872 437.27278246866774
285.9388640577753 436.72505961689103
286.7753814902551 436.17711930521705
287.6117067704348 435.62888575486437
288.4477817592271 435.0802705772435
289.2835481115094 434.5311853339591
290.11895691456436 433.981556248322
290.9539747504971 433.43133337195803
291.78858530683254 432.8804929057127
292.6227877189248 432.32903453406584
293.45659326073394 431.7769762776758
294.2900216589612 431.22434882176333
295.123080747968 430.6711648069697
295.955754734218 430.11740129009394
296.78800874631065 429.5630067921453
297.61980182558136 429.0079209669998
298.45109933831503 428.4520932550937
299.2818804357795 427.89549396647055
300.1121402676536 427.33811742267244
300.94188854048383 426.7799796227204
301.7711462730737 426.22111325860476
302.59992290527487 425.6615336897163
303.4282028929872 425.1012192583876
304.25595051924415 424.54011867272936
305.0831240878857 423.9781721562879
305.90968943421717 423.4153313899569
306.7356279324872 422.85157115982764
307.56093872231247 422.28689240141887
308.3856369451219 421.7213193811156
309.2097287686599 421.1548631459325
310.03319612858195 420.5874994996324
310.8560012775781 420.01917592385405
311.6781016426926 419.44983332955894
312.4994640247745 418.87942659984697
313.32007288470527 418.307936355833
314.1399324162191 417.7353716445681
314.95891013966786 417.16154633273993
315.77665133680284 416.5859602535925
316.5926321276827 416.00788123744064
317.40628133060807 415.42652508620546
318.21709355702484 414.841218727541
319.0246974641694 414.25149342779133
319.82887759455434 413.65710776351773
320.6314293005884 413.06052519660705
321.43747463003297 412.4686713912796
322.25499947836465 411.8927780657755
323.0941984847859 411.34895362018517
323.9631179516158 410.85400012725466
324.8651185227774 410.42226529008707
325.798902798477 410.0644288379805
326.7597426640665 409.7873246108494
327.7411328357838 409.59530031328086
328.7354168115738 409.48853245535037
329.7350824706273 409.46267573264174
330.7339479232745 409.51029723522026
331.7276075313212 409.6227275840434
332.7132825570958 409.7913832793646
333.68944824334505 410.0084098975237
334.65546920005414 410.26687364971895
335.61131374919086 410.5607464077038
336.55723604135414 410.8851397140289
337.4937579210101 411.23574885384926
338.421637683764 411.6086283865026
339.34175577822384 412.0002694112276
340.25499167897726 412.4077006196236
341.16214658205496 412.8284974611304
342.0639168753996 413.2607130763516
342.9608994232789 413.7027790316116
343.8536090528255 414.153411384328
344.7424964251189 414.6115371742344
345.6279617221676 415.0762426806818
346.5103637519288 415.5467388633158
347.39002567073476 416.02233838876
348.2665361588879 416.5037211513903
349.13836535724136 416.993531164455
350.0030821927194 417.495790852705
350.8578678752313 418.0147720055156
351.7000202440237 418.5540116440228
352.5273130454116 419.1157826122757
353.3381856269514 419.70100535321035
354.13178626389276 420.30944436333886
354.9079108508581 420.9400239582416
355.66688257875927 421.59114753809934
356.40941179936385 422.2609612111073
357.1364631748386 422.947544270482
357.84914455695264 423.6490321517658
358.54862220206974 424.3636866305046
359.23606088729446 425.08992905150217
359.9125846797298 425.82634982678553
360.5792534235394 426.57170396142715
361.23705044445467 427.3248992078772
361.88687784011967 428.0849810165289
362.5295566417631 428.85111674727
363.16582992498104 429.62258049176035
363.79636756442255 430.3987391644862
364.42177177760095 431.1790401129277
365.042582917532 431.96300027042133
365.6592851862922 432.7501967590479
366.27225952444564 433.54029957562653
366.8818617640766 434.33300703076804
367.4884550556171 435.128019344294
368.0923938397432 435.925050049492
368.69399981461686 436.7238430458285
369.29356495053275 437.5241690092922
369.89136127599716 438.32581703259257
370.48764352051444 439.1285918982139
371.08264511155534 439.9323164198374
371.6248263022039 440.77257801988037
372.1409363802863 441.62910028304805
372.64444526986387 442.4930903281969
373.1419137143233 443.36057240107624
373.636496910588 444.2297026916384
374.1297041629988 445.0996145297976
374.6222557306002 445.9698977901521
375.1144949510023 446.8403577547099
375.60658540385475 447.71090182953407
376.10894512520326 448.57556055433054
376.6161708951113 449.4373737697904
377.12570817705387 450.2978223494921
377.6363448612625 451.15761893982057
378.1475047606051 452.0171045751305
378.6589137352074 452.8764420296244
379.17044129800945 453.73570889881796
379.6948734149256 454.58716116098344
380.22540917524805 455.43482371590665
380.7588414643806 456.2806664867044
381.2936506296802 457.1256393600628
381.82911483540823 457.9701972825193
382.3648907958666 458.8145574664425
382.9182943764911 459.64747071339684
383.4800066804206 460.474803347598
384.04565438230435 461.2994503492622
384.6131707500918 462.12281246418695
385.1992209425951 462.9330872150381
385.7939891799433 463.73698443722617
386.39288176608 464.5378138012423
387.0121805785092 465.3229691877257
387.64104847348733 466.10048135526125
388.2744352209644 466.8743167564419
388.93318175196885 467.6266816997305
389.6037416678145 468.3685370759738
390.30033744459115 469.08600088954
391.00900540773597 469.7915430342856
391.7451010280688 470.4684205990836
392.49382770445186 471.1312994447804
393.2720094267143 471.7593386212149
394.07758404872624 472.35183294892647
394.8955889609716 472.9270441827722
395.7390722969908 473.464199525162
396.60373402450796 473.9665540782089
397.4855545117713 474.43813930724247
398.38121147653067 474.88288485413204
399.287961866955 475.3045526492805
400.20354220123556 475.7066877652288
401.12609754029313 476.09255256846495
402.05412275236733 476.46506995833363
402.9864091369194 476.82679097953474
403.9219953401069 477.1798893460068
404.8591100194403 477.52891094673924
405.79893283158583 477.87057318019646
406.7406727628586 478.20691512204496
407.6837946990711 478.5393621305062
408.62792545277847 478.86893324559946
409.57279827269224 479.19637080329267
410.51821943767516 479.52222172135544
411.4640468741112 479.84689149279205
412.41017576899526 480.1706817246792
413.3565285302478 480.49381706980523
414.30304760464776 480.8164649301685
415.2496902572732 481.13875003412204
416.1964247391511 481.46076528348664
417.14322745743425 481.7825798460093
418.0900808788124 482.10424519761625
419.03697197330814 482.42579963338835
419.98398734800253 482.7469878649481
420.9311446121096 483.06775743496553
421.87843074237304 483.38814624159045
422.8258236209739 483.7082192544741
423.7733009691126 484.028042134775
424.72084349176134 484.34767187020725
425.6684355671715 484.66715466883625
426.6160649860784 484.98652668455173
427.5637219748198 485.30581688435365
428.5113993432876 485.62504659051206
429.45909180198214 485.94423149575283
430.406795446988 486.2633831857729
431.3545073904179 486.58251023301307
432.3022254928119 486.9016189893872
433.24979470526 487.22116959198473
434.19717368063993 487.5412837544455
435.14437325308404 487.86192837074486
436.0914214713771 488.1830197475024
437.0380007136547 488.50549104558826
437.98404537391525 488.8295273102137
438.92960292791383 489.1549822411584
439.87422401037315 489.4831453264885
440.81784703450353 489.81416736250867
441.76006966289947 490.1491547033718
442.7009056022295 490.488017116845
443.64013978395553 490.8312941942585
444.5779395585928 491.17847078144473
445.51494949658786 491.5277734812603
446.4515228617539 491.8782450659309
447.38921073654393 492.22572376955435
448.3299263262144 492.5649201423989
449.2756938666629 492.88976435034147
450.22840204429684 493.1936510533567
451.1894931782948 493.4698825362665
452.1595895570732 493.7126025722771
453.13824148374647 493.91812728227274
454.12401228096434 494.0862223010939
455.1148868267922 494.22100966856743
456.1088745531848 494.3305012197519
457.10440176036906 494.42497650623466
458.100337343545 494.5150448922759
459.0958150799364 494.6100400308304
460.09008032503027 494.71698217592996
461.081856647433 494.8449654807837
462.0714205641631 494.9890600841033
463.0590359729499 495.1459543297809
464.0452079532513 495.3116794795573
465.030685417927 495.48148574156335
466.01629193905853 495.6505413108387
467.00274245826415 495.8146003647155
467.9905594950907 495.9702200991816
468.9800966586015 496.11449830970224
469.97160544715445 496.24453800449663
470.96527294970497 496.35689855974175
471.9611847245357 496.44722982096084
472.9592001691346 496.51019943539575
473.9587636094441 496.5397448038439
474.95871468121265 496.52985268228184
475.9572505083254 496.4757583020535
476.9521833522998 496.3752165894115
477.9415023277154 496.22944977260255
478.9240513947583 496.04344619507503
479.8999783902175 495.8253487408625
480.87066841553474 495.5850138188274
481.83814506929576 495.33205349698335
482.8042952046893 495.0740730405938
483.77029315090374 494.8155233008732
484.73635475168646 494.557211505763
485.70172983260125 494.29634572964653
486.6647626299581 494.0269615593337
487.6228183826271 493.74037967787933
488.5721515936019 493.4261083706618
489.50779265096367 493.073155382604
490.4235274725094 492.6713721865784
491.31198467724255 492.2124127163006
492.16499976514433 491.6905264645063
492.97431913302876 491.1031576189185
493.73250886844346 490.4511236281544
494.433810745452 489.7382592109583
495.0747060547301 488.9706309138344
495.6540745041131 488.15556514970274
496.1729313694767 487.30070401872
496.63398206362075 486.41333022069045
497.0411479976705 485.49997601658924
497.3991067093839 484.5662386013014
497.71287140421066 483.61673782916887
497.9874449508391 482.65517172770114
498.22757375028516 481.68443069133946
498.4376029738872 480.70673558281476
498.6214148586728 479.7237741435856
498.7824239977474 478.7368212282272
498.92360556217625 477.74683750822703
499.0475387471239 476.75454694308553
499.15645439378534 475.76049594745587
499.2522808712497 474.7650978933002
499.3366856092184 473.76866634010224
499.41111152409223 472.7714397945294
499.4768084807731 471.773600173206
499.53485999247397 470.7752865842024
499.5862059254614 469.77660565659556
499.63166208967596 468.7776393222605
499.67193732119665 467.77845069856323
499.7076483823081 466.7790885419282
499.7393328705687 465.77959062136824
499.7674603067261 464.7799862759719
499.7924415915068 463.78029835696384
499.81463703858606 462.78054470624335
499.8343631909993 461.7807392857184
499.85189861289257 460.78089304304956
499.86748882470965 459.7810145777871
499.8813505238153 458.78111065575365
499.8936752079704 457.78118660755774
499.90463229776515 456.78124663826793
499.9143718365008 455.78129406870016
499.92302683181197 454.7813315238735
499.93071529200654 453.78136108052036
499.93754195502396 452.7813843824558
499.9435997791245 451.7814027312406
499.9489712734677 450.78141715782033
499.9537297076456 449.7814284792323
499.95794020666364 448.78143734342257
499.96166072735804 447.7814442645836
499.9649429157029 446.7814496509783
499.96783285153845 445.7814538268516
499.9703716924862 444.7814570497135
499.9725962309452 443.78145952400223
499.97453937778073 442.7814614119138
499.9762305847174 441.7814628420053
499.97769614116817 440.7814639159337
499.978959406577 439.7814647138538
499.9800410601612 438.78146529884117
499.98095939288555 437.7814657205088
499.9817306199776 436.78146601790445
499.9823691804776 435.78146622178417
499.9828879998995 434.78146635637097
499.9832986102755 433.7814664406714
499.9836111983541 432.7814664895271
499.9838346871781 431.7814665145007
499.98397688533953 430.7814665246109
499.98404467846194 429.78146652690884
499.98404408645854 428.78146652690907
499.9839802533978 427.7814665289464
499.9838574947887 426.7814665364813
499.98367929487955 425.7814665523589
499.98344831879695 424.78146657903386
499.9773120830222 423.7814854059058
499.96852234314997 422.7815240364155
499.9585402880581 421.7815738583686
499.94802248160664 420.7816291720246
499.9372639414515 419.7816870467925
499.92639723016765 418.78174609124267
499.91548191329065 417.7818056650884
499.9045447559762 416.78186547758224
499.8935977848775 415.78192539746556
499.88264640405157 414.7819853656346
499.87169304175814 413.78204535550674
499.8607387891118 412.7821053551322
499.849784136394 411.78216535914055
499.83882930390814 410.7822253651183
499.8273731205793 409.7822909893398
499.8156916610848 408.7823592199155
499.80390897616167 407.78242863815694
499.7920808066327 406.782498593401
499.7802321990541 405.7825687906156
499.76837440784186 404.7826390966933
499.7565124900549 403.782709451715
499.7446487180325 402.78277982873476
499.7327841128279 401.7828502156402
499.72071968855374 400.78292299345503
499.708565477713 399.7829968586036
499.6963709221998 398.7830712149601
499.68415823821397 397.7831457925661
499.6719374083799 396.7832204696953
499.65971291828987 395.78329519156597
499.64725262838897 394.78337282399156
499.6346863844017 393.78345178235276
499.62207253104225 392.7835313401658
499.60943728489326 391.78361116807463
499.5965072154967 390.78369476491616
499.5834446705593 389.7837800835959
499.5703225991289 388.7838661816817
499.55682880941515 387.78395722700674
499.5431679923839 386.7840505403214
499.52910448618843 385.78414943631486
499.5148600363657 384.784250893637
499.5001580018526 383.78435897438715
499.4850222613626 382.7844735262683
499.46950541629644 381.78459391975593
499.4538173264666 380.7847169854098
499.43778064382207 379.7848455812734
499.42147275492914 378.78497856373565
499.4082338965521 377.78506620126143
499.4017517789491 376.78508721040646
499.4044438752423 375.78509083410427
499.4171906514788 374.7851720775567
499.43968081029607 373.7854250131667
499.4708897033253 372.78591212930985
499.5094816209954 371.7866570748365
499.5534149812206 370.7876226110369
499.6006402015282 369.7887383441837
499.64892936567253 368.78990494635093
499.6964752664881 367.79103589221234
499.7413841975746 366.79204480721273
499.781990750886 365.79286959343483
499.81722728510215 364.7934905929268
499.8467198034329 363.7939255918576
499.8706645242172 362.79421230778735
499.88962229621103 361.7943920224956
499.90432607467915 360.7945001288897
499.91554052613367 359.7945630128276
499.9239771028065 358.7945986013739
499.9302527757583 357.7946182936033
499.935724607799 356.7946332641883
499.94123898780407 355.79464846849726
499.9471987392252 354.7946662279735
499.9533585440007 353.7946851997509
499.95960820945726 352.7947047291008
499.97405967264564 351.7948091569475
499.9885111358341 350.79491358479424
