8.746454254209091
227456
886
0.0 100.0
0.0 101.0
0.0 102.0
0.0 103.0
0.0 104.0
0.0 105.0
0.0 106.0
0.0 107.0
0.0 108.0
0.0 109.0
0.0 110.0
0.6683838531490968 110.74381652633534
1.3367677062981935 111.48763305267067
2.059495038099228 112.17876632771085
2.767124021193978 112.88535052105534
3.464345745712854 113.60220606219242
4.154528827874562 114.32584085481766
4.839962832891842 115.0539756121023
5.522151569790834 115.78515173811311
6.202065340264738 116.51844381138267
6.880327564798673 117.2532637585604
7.557341316273285 117.98923412502515
8.233371087515279 118.72610843479208
8.908593562614305 119.46372256773772
9.58312819594007 120.20196577186769
10.25705553115627 120.9407634077927
10.93042853619348 121.68006632006018
11.603280070497307 122.41984386282894
12.275720599044043 123.15999502007169
12.947927419225026 123.9003584381997
13.62013423940601 124.6407218563277
14.291001796088553 125.38229904138048
14.961364781918878 126.1243323743438
15.63120457431884 126.86683803258323
16.300498730044055 127.60983556495603
16.969222038672427 128.35334692095344
17.63734718408301 129.0973958374032
18.30484590283489 129.84200678310881
18.971690689203445 130.58720342218678
19.637857094582227 131.33300655998167
20.30332421737611 132.0794337221887
20.968064591646193 132.82650817283954
21.632008068108558 133.57429093545383
22.2949642692448 134.3229491187224
22.956498617485583 135.07286398462227
23.615198003138826 135.82527020425368
24.269028295335524 136.58191143297836
24.915671677565 137.34470389244476
25.552511541279873 138.1156999935916
26.176465877803533 138.89716079614877
26.783895140117732 139.69153456918286
27.230254218173638 140.58638850890546
27.788502079040192 141.41606273764702
28.320513063924068 142.2628001892593
28.819059269952803 143.12966331597215
29.281125832977818 144.0165085625255
29.704884265463047 144.92228380556193
30.089745647578464 145.84525819120663
30.436345310520526 146.78327134337906
30.74640610202187 147.73398807594117
31.0225149150928 148.69511445854886
31.26785688622626 149.66455105637274
31.485948664927268 150.64047932016217
31.68040153687572 151.62139118194742
31.85473198137549 152.60607838919677
32.01222539571474 153.59359842668448
32.15585020206101 154.58323063867132
32.28821465588492 155.57443175416904
32.41155673176264 156.5667959677107
32.52775750832557 157.56002171220496
32.63836963398285 158.55388536364694
32.74465408670131 159.54822112942747
32.84762013780037 160.54290600028912
32.94806496743044 161.53784862989173
33.04661065766266 162.53298115721492
33.14373728313888 163.52825318968823
33.23981154654695 164.52362735848638
33.33511090494362 165.51907601727754
33.429843448461895 166.51457877729308
33.52416396976395 167.51012065951667
33.618186740246806 168.50569070659057
33.711995520093254 169.50128093998165
33.80565129915016 170.4968855779024
33.89919821299535 171.49250045068703
33.99266801642617 172.48812256567174
34.08608343345218 173.48374978499726
34.17946064378189 174.4793805883531
34.27281111341192 175.4750138992763
34.36614293227147 176.47064895871745
34.45946178493234 177.46628523353775
34.55277165055776 178.4619223506527
34.64607530464428 179.45756004988579
34.73937467672434 180.4531981503869
34.83267110409353 181.44883652682694
34.925965510944614 182.44447509259783
35.01925853429011 183.44011378800647
35.11255061212488 184.4357525720106
35.205842044922456 185.43139141645503
35.29913303838347 186.4270303020652
35.39242373305715 187.42266921567156
35.48571422480676 188.4183081482918
35.579004578910734 189.4139470938093
35.6722948397545 190.40958604806514
35.76558503747638 191.40522500823545
35.85887519251537 192.4008639724051
35.952165318716865 193.3965029392768
36.045455425450186 194.3921419079726
36.1387455190497 195.38778087789902
36.23203560379434 196.38341984865517
36.325325682572284 197.3790588199704
36.41861575733176 198.37469779166213
36.51190582938606 199.37033676360733
36.60519589962002 200.36597573572308
36.698485968629505 201.36161470795358
36.79177603681557 202.35725368026124
36.885066104448065 203.35289265262077
36.97835617170852 204.34853162501517
37.071646238718984 205.344170597433
37.16493630556148 206.33980956986653
37.25822637229117 207.33544854231064
37.351516438945104 208.33108751476186
37.44480650554813 209.32672648721785
37.53809657211702 210.32236545967706
37.63138663866296 211.31800443213837
37.72467670519349 212.31364340460115
37.81796677171369 213.3092823770649
37.911256838226976 214.3049213495293
38.004546904735584 215.30056032199414
38.09783697124108 216.29619929445926
38.191127023995264 217.29183826821287
38.284416959617815 218.28747725294153
38.377706367014895 219.28311628716403
38.470994098063976 220.2787554784556
38.56427762873598 221.2743950632981
38.657552317159464 222.27003547654954
38.75081075173528 223.2656774123781
38.84404240525179 224.26132185633517
38.937233756360556 225.25697007336694
39.03036892907475 226.25262354702303
39.123430775531055 227.24828387702226
39.21640222801119 228.24395265177805
39.309267698436976 229.23963131701225
39.40201431189317 230.23532106070374
39.494632812966444 231.23102272950766
39.58711805890688 232.22673678448695
39.67946909051279 233.22246329661832
39.77168883420929 234.21820197663058
39.86378352865304 235.21395223008537
39.95576198512801 236.20971322728525
40.047634786858644 237.20548397816228
40.13941351458439 238.20126340410812
40.231110061126984 239.19705040108698
40.32273607199429 240.1928438907888
40.41430252630935 241.18864285867548
40.505819454715926 242.18444637936366
40.597295779046085 243.18025363083711
40.68873925202793 244.17606389953744
40.780156473146896 245.17187657855035
40.8715529577176 246.16769116099437
40.962933239084606 247.1635072304456
41.05430098766189 248.1593244498789
41.14565913450382 249.1551425502394
41.23700999079886 250.15096131942087
41.32835535782167 251.14678059214233
41.41969662437184 252.14260024098695
41.511034850571846 253.1384201687021
41.60237083816904 254.13424030174303
41.69370518828712 255.13006058497112
41.78503834801132 256.1258809773787
41.87637081681005 257.1217014331553
41.96770411063566 258.1175218132636
42.059043471890476 259.113341636869
42.15040317736111 260.10915959423687
42.24181442459 261.10497282164454
42.33333448471503 262.1007760545147
42.425054741761734 263.096560867839
42.51710495614596 264.0923152341522
42.60965176281145 265.0880235692464
42.702890779743164 266.08366732366943
42.797033250412184 267.079226058861
42.89228936903004 268.07467885626824
42.98885102735629 269.070005860896
43.086876618004396 270.06518975524824
43.18647988257091 271.0602169858745
43.28772386227613 272.0550786127219
43.39062005811353 273.0497707122593
43.495132135023226 274.04429432976673
43.60118301392001 275.0386550344837
43.70866436501214 276.03286213522654
43.81744848564855 277.0269275330236
43.92740360466531 278.0208640862311
44.03841366710782 279.0146833686142
44.14989258045987 280.0084501681592
44.261066625389944 281.00225111992665
44.37151457539968 281.99613302958124
44.481431548689024 282.990073801953
44.591551622251664 283.98399209306075
44.70290098738789 284.97777341653375
44.74220812117075 285.97700059252213
44.81404213361051 286.97441719287366
44.90835004128451 287.9699602700683
45.01872046747651 288.96385079171654
45.1412904783962 289.95631066114356
45.27390404344071 290.9474784786024
45.41557175881521 291.9373927468199
45.566172417635805 292.92598742694054
45.7263125895695 293.9130817108532
45.88645276150321 294.90017599476585
46.056179682480355 295.885667127296
46.24989677614974 296.86672456069135
46.443934499863495 297.8477186288569
46.67190400028399 298.8213869023865
46.92512325071486 299.7887958186216
47.208418555599536 300.74782854498204
47.527001782555274 301.69572343762707
47.88588967750734 302.6291041096237
48.289457790139174 303.54405371395546
48.74100501460742 304.4363009353437
49.24240346956693 305.30151743389433
49.793902440411294 306.13569300603586
50.39412602330848 306.93552527003504
51.04026152350367 307.6987479868009
51.728393481517415 308.4243335491987
52.45384725694835 309.1126044404276
53.21150980909987 309.7652509428064
53.996155458075215 310.385195460924
54.80276223266256 310.9762838732532
55.6267684828564 311.5428645821037
56.464231819073845 312.08935809578117
57.311886952044425 312.61990571433074
58.16712480278001 313.1381413930226
59.02792325887341 313.64708738032107
59.89275588485502 314.1491476645876
60.76049674938047 314.64616455769345
61.63033200890511 315.1395068539622
62.50168344754042 315.63016627799084
63.374145690072545 316.11884780552776
64.24743674882718 316.6060466629763
65.12136046444 317.0921097651446
65.99577892298565 317.57728226988354
66.8705928477385 318.061741346647
67.74572811006729 318.5456197121778
68.62112676513166 319.0290214030225
69.49674131659492 319.512031917676
70.37253120329646 319.9947244433601
71.24846075507561 320.4771634761093
72.12449807520368 320.95940678994873
73.00061447274267 321.441506424841
73.87703154501783 321.9230592416998
74.75401776416862 322.4035747684204
75.63164780937889 322.88291337915837
76.50976583549716 323.36135745343057
77.38789586024484 323.83977950521813
78.26568650752624 324.3188239494457
79.18633995170293 324.7092048348968
80.06789801238081 325.18128044923617
80.94328750304045 325.6646987356535
81.81778092863868 326.1497361038896
82.69205261769797 326.63517303461225
83.5662191077479 327.1207993803491
84.4403239024716 327.60653676602277
85.31425720355179 328.09258263347056
86.18794576533256 328.579068293088
87.06138846208529 329.0659952439639
87.9345272767858 329.55346689469184
88.8073494471396 330.04150527324305
89.67978501688746 330.53023441769705
90.55177206642585 331.01976336008687
91.42329734411418 331.51011393911205
92.29439687877051 332.0012204456068
93.16513776389127 332.4929625639769
94.03559772285082 332.98520179427874
94.90585025444275 333.4778076521995
95.7759568687648 333.97067120300545
96.64596487368038 334.4637087993232
97.51590844013326 334.9568600856312
98.38581107537883 335.4500835696553
99.25568833178866 335.94335181187336
100.12555017546917 336.4366472334097
100.99540282537627 336.9299588666088
101.86525007620678 337.4232800198372
102.73509419955853 337.9166066875437
103.60504174117972 338.4097509613898
104.47559876517138 338.9018185055123
105.3480590105566 339.39050359861665
106.22473717285482 339.871580931017
107.10882160788523 340.33890813088544
108.0038075467049 340.7850024811243
108.91270161254316 341.2020295510898
109.83731489201281 341.58293673588474
110.77791339440957 341.92245765908234
111.73331530039411 342.21776630785695
112.7013292097102 342.46866284304747
113.67932060130553 342.6773080873389
114.66470703696663 342.8476417963196
115.65527379236947 342.98467282598324
116.64930064144711 343.0938086281417
117.64555085825143 343.18032744411454
118.64318815804026 343.2490283762045
119.64167353418854 343.3040461335019
120.64067186853974 343.34879351290607
121.6399798553229 343.38598958193694
122.63947578704199 343.4177367468022
123.63908700186118 343.445618985014
124.63876984054734 343.4708027503479
125.63849772969827 343.49412972301496
126.63825423524587 343.5161962047297
127.63802903432213 343.5374176828123
128.63781556055116 343.5580792890149
129.63760960203786 343.57837398309215
130.63740844634245 343.5984306759209
131.63721034627468 343.6183344668133
132.63701417937665 343.6381409131023
133.6368192278818 343.6578859120548
134.63662503551134 343.67759243458545
135.63643131412758 343.6972750472061
136.6362378830344 343.71694290857346
137.63604462970835 343.73660173115405
138.6358514845637 343.75625505108496
139.63565840485796 343.7759050417126
140.63546536450798 343.7955530297873
141.63527234769614 343.81519982006324
142.6350793448877 343.8348458977074
143.634886350368 343.85449155352643
144.63469336073064 343.87413696087015
145.63450037395583 343.89378222253066
146.63430738885188 343.9134273991568
147.634114404719 343.93307252636043
148.63392142114827 343.9527176249573
149.6337284379016 343.972362707061
150.63353545484105 343.99200777969185
151.633342471887 344.0116528469015
152.63314948899372 344.03129791101964
153.63295650613495 344.05094297338053
154.63276352329572 344.070588034746
155.63257054046755 344.09023309554937
156.6323775576456 344.1098781560362
157.63218457482714 344.12952321634543
158.63199159201187 344.1491682764913
159.6317986091972 344.1688133366072
160.63160562638262 344.18845839671917
161.63141264356804 344.2081034568307
162.63121966075346 344.2277485169422
163.63102667793888 344.2473935770537
164.6308336951243 344.26703863716506
165.63064071231008 344.2866836972585
166.63044772949593 344.3063287573485
167.63025474668177 344.3259738174379
168.63006176386764 344.3456188775273
169.62986878105352 344.36526393761665
170.62967579823942 344.38490899770363
171.62948281542532 344.4045540577901
172.62928983261122 344.4241991178765
173.62909684979715 344.44384417796283
174.62890386698305 344.46348923804925
175.62871088416898 344.4831342981351
176.6285179013549 344.50277935822095
177.62832491854084 344.5224244183067
178.6281319357268 344.5420694783925
179.62793895291273 344.5617145384781
180.62774597009866 344.5813595985639
181.62755298728462 344.6010046586496
182.62736000447055 344.6206497187351
183.62716702165648 344.64029477882093
184.62697403884238 344.6599398389065
185.6267810560283 344.6795848989921
186.62658807321424 344.6992299590777
187.62639509040017 344.7188750191633
188.6262021075861 344.7385200792489
189.62600912477203 344.75816513933444
190.62581614195796 344.77781019942
191.62562315914386 344.7974552595055
192.6254301763298 344.817100319591
193.62523719351572 344.8367453796764
194.62504421070165 344.8563904397618
195.62485122788758 344.87603549984726
196.6246582450735 344.89568055993266
197.62446526225943 344.91532562001805
198.62427227944536 344.9349706801033
199.6240792966313 344.9546157401886
200.62388631381722 344.97426080027395
201.62369333100318 344.99390586035923
202.6235003481891 345.0135509204443
203.62330736537504 345.03319598052957
204.623114382561 345.0528410406148
205.62292139974696 345.0724861007
206.6227284169329 345.09213116078513
207.62253543411884 345.1117762208702
208.6223424513048 345.13142128095524
209.62214946849073 345.1510663410402
210.6219564856767 345.1707114011253
211.62176350286265 345.19035646121034
212.6215705200486 345.2100015212954
213.62137753723454 345.22964658138034
214.62118455442047 345.24929164146533
215.62099157160642 345.2689367015504
216.62079858879235 345.28858176163527
217.6206056059783 345.30822682172027
218.62041262316427 345.32787188180515
219.6202196403502 345.34751694189015
220.62002665753616 345.36716200197503
221.61983367472212 345.3868070620599
222.61964069190805 345.40645212214497
223.619447709094 345.4260971822299
224.61925472627993 345.44574224231485
225.6190617434659 345.46538730239973
226.61886876065185 345.48503236248473
227.6186757778378 345.50467742256967
228.61848279502377 345.52432248265467
229.6182898122097 345.5439675427395
230.61809682939565 345.5636126028245
231.6179038465816 345.5832576629095
232.61771086376757 345.60290272299443
233.6175178809535 345.6225477830793
234.22361867882677 345.634456967939
234.86575718890862 346.4010456019938
235.50789569899277 347.16763423605187
236.15003420907695 347.9342228701098
236.7921727191612 348.70081150416775
237.4343112292454 349.4674001382257
238.0764497393296 350.2339887722836
238.71858824941378 351.00057740634156
239.360726759498 351.7671660403995
240.00286526958226 352.5337546744574
240.6450037796664 353.3003433085154
241.28714228975068 354.06693194257326
241.92928079983486 354.8335205766312
242.5714193099191 355.60010921068914
243.2135578200033 356.3666978447471
243.85569633008757 357.13328647880496
244.49783484017172 357.89987511286296
245.13997335025596 358.66646374692084
245.78211186034014 359.4330523809788
246.42425037042437 360.1996410150367
247.06638888050858 360.96622964909466
247.7085273905928 361.7328182831526
248.35066590067703 362.4994069172105
248.9928044107612 363.2659955512685
249.63494292084545 364.0325841853264
250.2770814309297 364.7991728193843
250.91921994101392 365.56576145344224
251.56135845109816 366.3323500875002
252.2034969611824 367.0989387215581
252.8456354712666 367.86552735561605
253.23134140908047 368.32598531503356
252.69154331697257 369.167779838511
252.69154331697106 369.16777983851335
252.1517452248632 370.0095743619908
251.6119471327553 370.85136888546833
251.07214904064742 371.6931634089458
250.53235094853954 372.53495793242325
249.9925528564317 373.3767524559007
249.45275476432386 374.21854697937823
248.912956672216 375.06034150285575
248.37315858010808 375.9021360263332
247.83336048800024 376.7439305498107
247.2935623958923 377.5857250732882
246.7537643037845 378.4275195967657
246.2139662116766 379.26931412024317
245.6741681195687 380.1111086437207
245.1343700274608 380.95290316719814
244.59457193535292 381.79469769067566
244.05477384324504 382.6364922141531
243.5149757511372 383.47828673763064
242.97517765902927 384.3200812611081
242.43537956692145 385.1618757845856
241.89558147481358 386.00367030806314
241.35578338270568 386.8454648315406
241.00405831442552 387.78156817858263
240.79704866036414 388.7599070785173
240.72566303725424 389.75735587059296
240.78793679220277 390.75541497678086
240.97462740682283 391.7378337339373
241.26725791185783 392.6940593284091
241.65623999265492 393.61530464905866
242.10172025908886 394.51059640721235
242.58726149864992 395.38481017093693
243.10413495811838 396.2408719834815
243.64621244981018 397.0812004865094
244.20856609757178 397.908097320975
244.78714620091154 398.7237228870403
245.3786763855039 399.5300057410786
245.98055192776553 400.3285956431104
246.60637137105948 401.10856360680845
247.26269393035594 401.863044022829
247.94938190171217 402.5899963114936
248.66305474349087 403.2904754867069
249.3994265156062 403.96705261699714
250.154404214585 404.62280308329105
250.92446876496342 405.2607690606366
251.7067297012498 405.8837199636462
252.4988588170755 406.494073520088
253.29899347900303 407.09389392886226
254.10564416557904 407.6849224136635
254.91761657649235 408.26861822820706
255.73394930835627 408.8462001452436
256.5538650415054 409.41868437256744
257.3779530917656 409.9851460971511
258.20366096596706 410.54924405538327
259.03101418570833 411.11092603816695
259.8598826344146 411.6703695963024
260.69008375448584 412.2278335863793
261.5214293189231 412.78358942529644
262.35374500284263 413.3378913306707
263.1868771425025 413.8909653201746
264.0206936860502 414.44300695964233
264.8550827008477 414.99418294967217
265.6899500209321 415.54463418080445
266.52521675316046 416.0944791462561
267.3608169454593 416.64381721942254
268.1966955253013 417.19273160232876
269.0328065278983 417.7412918919381
269.86911159612 418.28955627420873
270.7055787207187 418.8375733811184
271.5421811869022 419.38538385343134
272.3788966953683 419.93302165151727
273.2157066296245 420.48051515278473
274.05259544544356 421.0278880695033
274.88955016207944 421.57516021597246
275.726559938197 422.1223481495782
276.5636157183107 422.669465706396
277.4007099379223 423.2165244486649
278.23783627754005 423.7635340386339
279.0749894574225 424.310502550902
279.91216506626256 424.8574367333804
280.74935941817233 425.4043422253353
281.5865694332701 425.9512237395777
282.4237925379608 426.49808521469924
283.26102658165087 427.04492994228326
284.09826976718114 427.5917606732075
284.9355608499718 428.13851806243895
285.77293224622264 428.685152441838
286.61039955066786 429.231639874434
287.44796500465895 429.77797686776387
288.28562297392335 430.3241720037069
289.1233641204923 430.87023955570515
289.9611779637355 431.4161955649861
290.7990542569761 431.96205572768844
291.636983631406 432.50783440395526
292.4749578293385 433.0535442568985
293.312969725362 433.5991962175135
294.1510132483135 434.144799602436
294.9890832645842 434.69036229161856
295.8271754533588 435.2358909188372
296.66528618812276 435.78139105290995
297.5034124302742 436.3268673605688
298.3415516364347 436.87232374846485
299.1797016790601 437.4177634848676
300.01786077911504 437.96318930291716
300.85602744931543 438.5086034877026
301.69420044644636 439.05400794943773
302.5323787313898 439.5994042848207
303.37056143565746 440.1447938284193
304.2087478333905 440.69017769566824
305.0469373179447 441.2355568188319
305.8851293823145 441.7809319770739
306.7233236027695 442.32630382159465
307.5615196251765 442.8716728966447
308.3997171535692 443.4170396570879
309.23791594059355 443.9624044830814
310.07611577952315 444.50776769234506
310.9143164975863 445.05312955041586
311.75250561461826 445.59850923842157
312.590672687887 446.14392280379025
313.42881250715186 446.6893782495992
314.2669240222815 447.23487718471006
315.1050086566432 447.7804174175498
315.9430690203769 448.325994934259
316.78110811741635 448.87160511729564
317.61912891619926 449.41724340481517
318.4571341459499 449.9629056033506
319.2951262198766 450.50858800551873
320.13310722432396 451.0542874064579
320.97107893912425 451.60000107239887
321.80904287045644 452.1457266900735
322.6470002867088 452.6914623115493
323.4849522528492 453.2372063013846
324.3228996614316 453.78295728896956
325.1608432596863 454.32871412689644
325.99878367276267 454.8744758552482
326.8367214234621 455.4202416712835
327.67465694888665 455.966010903864
328.5125906144325 456.51178299196016
329.3505086292762 457.05757910810644
330.18839945316563 457.603416966121
331.02625746027763 458.1493051963645
331.8640817246562 458.695245213233
332.70187410191573 459.24123416239394
333.53963776632224 459.7872671674404
334.3773763108038 460.3333387113703
335.21509326151704 460.87944338127124
336.0527918493332 461.4255762185652
336.890474925652 461.9717328477926
337.72814495300156 462.5179094907207
338.56580403080335 463.06410292658046
339.4034539350213 463.61031043107266
340.24109616090163 464.15652971068675
341.0787161501287 464.70278308930074
341.91630172138633 465.24908924048435
342.75384720370005 465.79545685030007
343.59135209404985 466.34188667986666
344.4288189224004 466.88837484205544
345.26625162481434 467.4349152970336
346.10365454573684 467.9815013817729
346.9410319033991 468.5281266289713
347.77838754182164 469.07478514651416
348.6157071917064 469.62149878629
349.4529789960211 470.1682856969779
350.29019812287174 470.71515326196544
351.1273652860348 471.26210037176816
351.9644843876486 471.8091210383916
352.80156072891805 472.35620713663104
353.63859992140226 472.9033500706487
354.47560259438944 473.4505488694524
355.3125696250486 473.9978021833662
356.149503281646 474.54510653603893
356.986406823827 475.09245693668265
357.823293881552 475.639832541375
358.6601764267522 476.1872150452416
359.4970619488806 476.7345929977129
360.33395421723606 477.28196063574694
361.1708818648184 477.8292741772497
362.0078677437187 478.37649866365496
362.8450011534925 478.9234974335261
363.68234905260874 479.47016780573006
364.5200649236977 480.01627413175606
365.3582524764288 480.56165622391404
366.1972037788495 481.10586272163954
367.03731901899926 481.64827067075913
367.8790926006533 482.18810141944743
368.72306953055363 482.72448089500176
369.5695100803465 483.2569641301053
370.41905924030186 483.7844735848254
371.27256441047814 484.3055579584948
372.1309436202736 484.81857368163674
372.99501576967464 485.3219416589948
373.8655156581631 485.8141102725224
374.74312339125663 486.29348973267304
375.62845576845444 486.7584484210371
376.5220342344468 487.2073554549705
377.4242506204098 487.6386391120917
378.33534199662915 488.050843556729
379.2553775270804 488.4426784999223
380.18425627403315 488.8130624540287
381.1217140201477 489.1611615408556
382.0673375743835 489.48642465538666
383.02058555181577 489.7886138238248
383.9808147429198 490.0678268259426
384.9473108416835 490.32450812848447
385.91932167137384 490.5594441771541
386.8960904314288 490.77374020927016
387.87688618883067 490.96877785246363
388.86136426077684 491.1442854758228
389.84862706605657 491.303383412048
390.83798299094013 491.44889923214237
391.8289569603369 491.5829536687646
392.8212098159963 491.7071884080113
393.81448357110827 491.822978076833
394.8085735227938 491.9315375902711
395.8033144646913 492.03396052965894
396.7985727340083 492.1312280851761
397.7942404957323 492.2242103859836
398.79023114838117 492.3136677492138
399.7864756995655 492.4002517791249
400.78292019234493 492.48450362070434
401.77952421384794 492.56684695269996
402.77626037905816 492.647574995919
403.7731145203379 492.7268329356697
404.7700861595218 492.8045989350724
405.76718869432267 492.88066821332325
406.7644486251879 492.95464544151287
407.761903172574 493.02595060190663
408.75959588061454 493.09384213541966
409.7575702917019 493.1574587591508
410.75586241259134 493.2158782881624
411.7544932772878 493.2681888614312
412.75346321270024 493.31356581750015
413.7527492675053 493.35134650929035
414.752306663389 493.38109566615594
415.7517667647637 493.41395149912387
416.75050795498987 493.46411159228114
417.7500229350864 493.4952532775705
418.7498924219652 493.5114090569889
419.74987950719617 493.5164913174449
420.7498759793317 493.5138350575787
421.749846859763 493.50620365603913
422.74979381318786 493.495903639712
423.7497330913022 493.484883654037
424.74968214082315 493.47478918218206
425.7496516441523 493.4669794183198
426.7496417087608 493.46252176374344
427.7496416499632 493.46217884233175
428.7496327434909 493.46639937135853
429.74959295277705 493.47532012493946
430.74950233227673 493.4887823977288
431.74934777993786 493.5063630914394
432.7491261016862 493.52741795695727
433.7488448665031 493.55113274713176
434.7485211057411 493.5765771316394
435.7483521897104 493.5949565638591
436.7483510047119 493.59649604287847
437.7480163716385 493.5706280285086
438.7479716244463 493.561167987166
439.7479715535075 493.5607913208996
440.7479660325172 493.56411426391105
441.7479630657408 493.5665501505987
442.74795838353305 493.5634900209294
443.7478707567379 493.55025197304417
444.7474853939276 493.5224927022294
445.74643536767053 493.47667840359856
446.74423555133484 493.4103851650331
447.74035502060315 493.322373785401
448.73429865357036 493.21248268255846
449.7256720463338 493.0814147760342
450.71421704209985 492.93048833253977
451.69981806978456 492.7614007391836
452.68248705644567 492.5760317486421
453.66233669920484 492.37629522823397
454.6395503961586 492.1640373886004
455.6143543298339 491.9409739651279
456.58699449819363 491.7086571493501
457.55771950913663 491.46846357506115
458.52676877191107 491.22159614846083
459.49436516629703 490.96909423248513
460.4607111268607 490.71184827138507
461.4259610921497 490.4505199252194
462.3902070104775 490.1855108518122
463.35348758640725 489.9170140510183
464.31581065866726 489.64510541820937
465.277175964018 489.3698296479937
466.2375913073623 489.09125763168777
467.1970806717735 488.80951278332014
468.1556857888874 488.5247739039183
469.1134635900068 488.23726445419027
470.0704817305798 487.9472363889721
471.0267806182662 487.65484549067025
471.9823515057193 487.3600840972482
472.9371440830254 487.06281126915724
473.8910901478109 486.762833094151
474.84412778413747 486.4599812099814
475.7962177820704 486.1541632317067
476.7472834798584 485.8451744964898
477.69717380407235 485.5325911124708
478.6456789178246 485.2158292947185
479.5924821574801 484.8940162661167
480.5371514221937 484.56599190679947
481.47907142198477 484.23015457416125
482.41744754577803 483.8845388188857
483.35120973507765 483.5266447370202
484.27885878466145 483.15319160635147
485.1983446510667 482.7600685448542
486.1070194868654 482.34256400261995
487.00166789276807 481.89579311075727
487.87860440629856 481.41518687771713
488.73382769641785 480.89692717058415
489.56321846877006 480.3382582644
490.3627618750513 479.7376499548735
491.1287695987714 479.0948185872496
491.86358559385184 478.41655208109296
492.57154365820185 477.71029760916247
493.2586826116139 476.9837715884971
493.8902998724442 476.2084912290005
494.4704595825191 475.39398849063446
495.00300164084 474.5475849485109
495.49134957231956 473.67493593669707
495.93856005003056 472.7805071868095
496.3474309649798 471.8679149586437
496.7205913607753 470.94014811346665
497.0605550221213 469.9997095407974
497.36974318643263 469.04870865801666
497.65048762494644 468.08892609918183
497.9050239815497 467.12186289381873
498.13547063944566 466.14877793459647
498.3437983083073 465.1707188451818
498.5318073378402 464.1885515453728
498.7011264696269 463.2029902679217
498.8532342047125 462.2146263486454
498.9894935847086 461.2239531525999
499.1111880782919 460.2313855477329
499.21954913951356 459.23727394413356
499.3157712380191 458.2419140555711
499.40101482550733 457.24555391446137
499.4764004863509 456.2483994619621
499.54299839625304 455.2506195671974
499.60181677227195 454.25235086657494
499.65379192976695 453.2537024885142
499.6997813918774 452.2547605635882
499.74056052212154 451.2555923782778
499.77682117611346 450.25625001203287
499.80917188709736 449.25677343326834
499.83814035120133 448.2571931072878
499.8641788571013 447.25753216666317
499.8876723695072 446.25780817731663
499.90894712883426 445.2580345106222
499.9282785164921 444.25822137935654
499.9458972182691 443.25837660072955
499.9619942303924 442.2585061660228
499.9767246613304 441.2586146647066
499.98842404787456 440.25868310487135
499.9942386538896 439.2587000098358
499.99125349927584 438.2587044654198
499.9593491874742 437.2592135375528
499.94164764070865 436.2593702222068
499.93376874424087 435.25940126119326
499.9322129755294 434.25940247140215
499.93442587823415 433.2594049198743
499.9386758037376 432.2594139508485
499.94385730790214 431.2594273749313
499.9493011182754 430.2594421925768
499.95462345166345 429.25945635629347
499.95961897939685 428.25946883401997
499.964190028164 427.2594792813179
499.968302018129 426.25948773558434
499.9719563702119 425.2594944127512
499.97517438924064 424.2594995905879
499.9779877651084 423.25950354813756
499.9804329606628 422.25950653763266
499.98254786016946 421.2595087740351
499.9843697457336 420.25951043367
499.9859340779425 419.2595116572384
499.9872737859311 418.2595125546476
499.9884188952647 417.2595132102855
499.9893963869796 416.25951368803067
499.99023021590824 415.25951403566614
499.9909414363829 414.25951428858343
499.9915483890542 413.2595144727792
499.99206691981783 412.25951460721626
499.9925106172637 411.25951470564996
499.99289106063827 410.25951477801857
499.99321806961325 409.259514831486
499.9934999458533 408.2595148712131
499.993743697206 407.2595149009205
499.99395523813087 406.2595149232953
499.99413956348496 405.2595149402832
499.994300895842 404.2595149532973
499.994442808591 403.2595149633669
499.982971061413 402.25958076602353
499.9452092290124 401.2602939983669
499.8633163181449 400.2636528637805
499.8071272792693 399.2652327157916
499.79858516995097 398.265269200273
499.8415293339384 397.2661917264105
499.88772821165537 396.2672594645941
499.9062412203585 395.2674308450253
499.9089952309767 394.26743463731975
499.9035776790345 393.2674493123619
499.8945334430026 392.267490212301
499.8844620598839 391.2675409299661
499.87478251629307 390.26758777784556
499.86621779365436 389.26762445575514
499.8590888299408 388.2676498671398
499.8534914038649 387.2676655328519
499.84940408351673 386.26767388598057
499.84675511074 385.26767739451515
499.8454637429219 384.2676782283309
499.8454644045578 383.26767822833114
499.8467182222522 382.26767901436085
499.8492146726345 381.267682130498
499.85296531357153 380.26768916417643
499.85799147915054 379.26770179542643
499.8643081555317 378.2677217458257
499.86616610648014 377.2677234718181
499.86606377871317 376.2677234770536
499.8659614509462 375.2677234822891
499.83362034405945 374.2682465927087
499.80127923717265 373.2687697031283
499.81497353636956 372.26886347444014
499.83009782256147 371.26897785299775
499.8456803907054 370.2690992685836
499.8612049849695 369.2692197823589
499.8512756816132 368.26926907910655
499.76280979460853 367.27318987199675
499.7687510568521 366.273207521451
499.78127764793675 365.2732859822712
499.7945319996782 364.2733738250494
499.8075115425264 363.2734580628637
499.8198610906026 362.27353432144025
499.83144950232224 361.2736014693378
499.84224818784327 360.2736597768421
499.8522769424251 359.27371006606586
499.8615733900919 358.2737532789692
499.8701891748113 357.2737903955312
499.87816208007087 356.27382217964544
499.8855357800798 355.2738493657409
499.8923560319654 354.27387262392926
499.8986677593568 353.27389254307894
