0.432838417211086
133783
823
0.0 100.0
0.0 101.0
0.0 102.0
0.0 103.0
0.0 104.0
0.0 105.0
0.0 106.0
0.0 107.0
0.0 108.0
0.0 109.0
0.0 110.0
0.0 111.0
0.0 112.0
0.0 113.0
0.0 114.0
0.0 115.0
0.0 116.0
0.0 117.0
0.0 118.0
0.0 119.0
0.0 120.0
0.0 121.0
0.0 122.0
0.0 123.0
0.0 124.0
0.0 125.0
0.0 126.0
0.0 127.0
0.0 128.0
0.0 129.0
0.0 130.0
0.0 131.0
0.0 132.0
0.0 133.0
0.0 134.0
0.0 135.0
0.0 136.0
0.0 137.0
0.0 138.0
0.0 139.0
0.0 140.0
0.0 141.0
0.0 142.0
0.0 143.0
0.0 144.0
0.0 145.0
0.0 146.0
0.0 147.0
0.0 148.0
0.0 149.0
0.0 150.0
0.0 151.0
0.0 152.0
0.0 153.0
0.0 154.0
0.0 155.0
0.0 156.0
0.0 157.0
0.0 158.0
0.0 159.0
0.0 160.0
0.0 161.0
0.0 162.0
0.0 163.0
0.0 164.0
0.0 165.0
0.0 166.0
0.0 167.0
0.0 168.0
0.0 169.0
0.0 170.0
0.0 171.0
0.0 172.0
0.0 173.0
0.0 174.0
0.0 175.0
0.0 176.0
0.0 177.0
0.0 178.0
0.0 179.0
0.0 180.0
0.0 181.0
0.0 182.0
0.0 183.0
0.0 184.0
0.9851286914689164 184.17181810511335
1.9702573829378376 184.34363621022666
2.955386074406759 184.51545431533998
3.94051476587568 184.6872724204533
4.925643457344601 184.85909052556661
5.910772148813522 185.03090863067993
6.895900840282444 185.20272673579325
7.881029531751365 185.37454484090657
8.866158223220287 185.54636294601988
9.85128691468921 185.7181810511332
10.836415606158127 185.88999915624652
11.821544297627042 186.06181726135986
12.80667298909596 186.2336353664732
13.791801680564879 186.40545347158655
14.7769303720338 186.57727157669987
15.762059063502718 186.7490896818132
16.747187754971637 186.92090778692653
17.732316446440556 187.09272589203985
18.717445137909472 187.26454399715317
19.70257382937839 187.43636210226651
20.68770252084731 187.60818020737983
21.672831212316233 187.77999831249315
22.657959903785155 187.95181641760647
23.643088595254074 188.12363452271978
24.628217286722993 188.2954526278331
25.613345978191916 188.4672707329464
26.598474669660835 188.6390888380597
27.583603361129754 188.81090694317305
28.568732052598676 188.98272504828637
29.553860744067595 189.1545431533997
30.53898943553651 189.32636125851303
31.524118127005426 189.49817936362638
32.50924681847434 189.66999746873972
33.49437550994326 189.84181557385304
34.47950420141218 190.01363367896636
35.464632892881106 190.18545178407967
36.44976158435003 190.357269889193
37.434890275818944 190.52908799430634
38.42001896728787 190.70090609941965
39.40514765875679 190.87272420453297
40.390276350225705 191.0445423096463
41.37540504169463 191.2163604147596
42.36053373316354 191.38817851987295
43.345662424632465 191.55999662498627
44.33079111610139 191.7318147300996
45.31591980757031 191.9036328352129
46.30104849903923 192.0754509403262
47.286177190508155 192.2472690454395
48.27130588197708 192.41908715055283
49.256434573446 192.59090525566614
50.24156326491492 192.76272336077946
51.22669195638384 192.93454146589278
52.211820647852754 193.10635957100612
53.19694933932167 193.27817767611947
54.18207803079059 193.44999578123281
55.167206722259515 193.62181388634613
56.15233541372843 193.79363199145945
57.137464105197346 193.9654500965728
58.12259279666626 194.13726820168614
59.107721488135184 194.30908630679946
60.09285017960411 194.48090441191275
61.07797887107303 194.65272251702606
62.06310756254196 194.82454062213932
63.04823625401088 194.99635872725264
64.0333649454798 195.16817683236593
65.01849363694873 195.33999493747922
66.00362232841766 195.5118130425925
66.98875101988658 195.68363114770582
67.9738797113555 195.8554492528192
68.95900840282442 196.02726735793254
69.94413709429335 196.1990854630459
70.92926578576227 196.37090356815924
71.91439447723118 196.54272167327258
72.8995231687001 196.71453977838593
73.88465186016901 196.88635788349924
74.86978055163794 197.05817598861256
75.85490924310686 197.22999409372588
76.84003793457579 197.4018121988392
77.8251666260447 197.5736303039525
78.81029531751363 197.74544840906583
79.79542400898255 197.91726651417912
80.78055270045148 198.0890846192924
81.7656813919204 198.2609027244057
82.75081008338933 198.43272082951896
83.73593877485825 198.60453893463227
84.72106746632718 198.77635703974556
85.7061961577961 198.9481751448589
86.69132484926502 199.11999324997225
87.67645354073393 199.2918113550856
88.66158223220285 199.46362946019894
89.64671092367176 199.6354475653123
90.63183961514068 199.8072656704256
91.6169683066096 199.97908377553892
92.60209699807852 200.15090188065224
93.58722568954745 200.32271998576556
94.57235438101637 200.4945380908789
95.5574830724853 200.66635619599222
96.54261176395423 200.83817430110554
97.52774045542314 201.00999240621886
98.51286914689206 201.18181051133217
99.49799783836099 201.3536286164455
100.48312652982992 201.5254467215588
101.46825522129883 201.69726482667215
102.45338391276775 201.86908293178547
103.43851260423666 202.0409010368988
104.42364129570558 202.21271914201213
105.4087699871745 202.38453724712545
106.39389867864341 202.55635535223877
107.37902737011233 202.7281734573521
108.36415606158124 202.89999156246543
109.34928475305017 203.07180966757875
110.33441344451907 203.2436277726921
111.31954213598799 203.41544587780544
112.3046708274569 203.58726398291876
113.28979951892582 203.75908208803207
114.27492821039473 203.9309001931454
115.26005690186365 204.1027182982587
116.24518559333256 204.27453640337205
117.2303142848015 204.4463545084854
118.21544297627041 204.61817261359872
119.20057166773933 204.78999071871203
120.18570035920824 204.96180882382538
121.17082905067716 205.1336269289387
122.15595774214609 205.305445034052
123.141086433615 205.47726313916536
124.12621512508392 205.6490812442787
125.11134381655283 205.82089934939205
126.09647250802175 205.9927174545054
127.08160119949066 206.16453555961874
128.06672989095958 206.3363536647321
129.0518585824285 206.50817176984543
130.0369872738974 206.67998987495875
131.0221159653663 206.85180798007207
132.0072446568352 207.0236260851854
132.9923733483041 207.19544419029876
133.97750203977301 207.3672622954121
134.96263073124192 207.53908040052545
135.94775942271082 207.71089850563877
136.93288811417975 207.88271661075208
137.91801680564868 208.0545347158654
138.90314549711758 208.22635282097872
139.8882741885865 208.39817092609204
140.87340288007988 208.56998903106506
141.8585315715855 208.74180713596795
142.84366026314618 208.91362524055512
143.8287889547344 209.0854433449845
144.8139176463226 209.25726144941387
145.79904634166564 209.42907953231477
146.78417539485184 209.60089556348896
147.769304724976 209.77271000679673
148.75443459510637 209.94452135385183
149.73956541914316 210.11632723131987
150.72469780821234 210.28812413468788
151.70983260449913 210.45990723381286
152.69497128324124 210.63166806650247
153.68011549794204 210.80339714453388
154.66526697095873 210.97508457917334
155.65042759111554 211.14671951877557
156.63559953503528 211.31828944887212
157.62078534332232 211.48977974932612
158.60598794808004 211.66117352861392
159.59121066677397 211.8324516491354
160.57645717563105 212.00359286797232
161.56173146946543 212.1745740538063
162.5470378099924 212.3453704686321
163.53238066242585 212.5159561162063
164.5177646198911 212.68630416101496
165.50319431610905 212.85638741654532
166.48867432825278 213.02617889355523
167.47420907336834 213.19565239050982
168.4598027029564 213.3647831012497
169.44545900101537 213.53354821048953
170.43118129094213 213.70192744656546
171.4169723561791 213.86990356301945
172.40283437847904 214.03746272566542
173.38876889630873 214.20459478887273
174.37477678442332 214.371293452862
175.36085825421588 214.5375563017842
176.3470128732307 214.70338472937038
177.33323960132475 214.8687837644128
178.3195368404038 215.03376181199803
179.3059024944327 215.19833032828274
180.29233403646765 215.36250344690606
181.2788285797164 215.52629757421374
182.26538295002234 215.68973096869053
183.25199375763344 215.85282331769855
184.23865746660317 216.0155953220546
185.22537046065406 216.17806829633383
186.21212910479065 216.34026379017303
187.19892980237375 216.50220323332843
188.18576904775455 216.66390760487198
189.17264347491158 216.82539712472857
190.15954990282927 216.98669096383827
191.14648537858844 217.14780696766178
192.1334472192927 217.30876138665565
193.1204330540057 217.46956860687877
194.10744086679486 217.63024087422187
195.09446904173896 217.79078800707248
196.08151641032177 217.9512170947521
197.0685823009656 218.11153218302366
198.05566658951366 218.27173395361808
199.04276974820962 218.43181941233456
200.02989288910504 218.59178161008379
201.01703779582846 218.7516094334751
202.00420693526902 218.91128751630475
202.99140343800187 219.0707963404871
203.97863103330405 219.23011261421283
204.96589392154476 219.3892100356332
205.95319656382276 219.54806057088854
206.94054336628267 219.7066363939897
207.92793823492025 219.8649126505419
208.91538397621773 220.02287121470818
209.9028815198533 220.18050560598653
210.8904289419945 220.3378272161433
211.87802027095017 220.49487296416459
212.86564406040105 220.65171444627526
213.8532817177309 220.80846857803573
214.84090557439293 220.96530963692044
215.82847667980622 221.1224825091114
216.815942288222 221.2803168279272
217.80323298831235 221.43924156959807
218.79025939832877 221.59979955267607
219.77690831802445 221.7626611787988
220.7630381971416 221.9286366634717
221.7484737567779 222.09868594398853
222.73299959421706 222.27392542417138
223.71635262487376 222.4556307270612
224.69821327743708 222.64523467994175
225.6781954681103 222.84431985257729
226.6558355401869 223.05460510995422
227.63058056216045 223.27792582582663
228.6017766185018 223.51620763408533
229.56865797997506 223.77143387261805
230.53033827365036 224.0456071987397
231.48580494827223 224.34070622226744
232.43391840679666 224.6586384001999
233.37341711561845 225.00119084307863
234.30292976999803 225.36998106169654
235.2209951860991 225.76640998566546
236.1260900152195 226.1916197577774
237.01666367715768 226.64645879816635
237.89117915836238 227.13145639932878
238.74815761314045 227.6468086361981
239.58622415308088 228.19237666553295
240.40415191335362 228.76769760116386
241.2009015112968 229.3720071891876
241.97565337066035 230.00427260530074
242.72783101694893 230.66323298986407
243.45711424844427 231.34744492213335
244.16344192712916 232.0553299483372
244.84700490055707 232.78522148915567
245.5082301820534 233.53540888381787
246.1477579468772 234.304176883945
246.7664131454477 235.08983949937334
247.36517361232035 235.890767650527
247.94513649115845 236.7054105533807
248.50748463256082 237.53231113256862
249.05345438255154 238.3701160216061
249.58430589219518 239.21758087321297
250.10129676908286 240.07357178041633
250.60565958347212 240.93706361677687
251.09858345675593 241.8071360592475
251.58119971414845 242.6829679769694
252.05457138760542 243.56383076921827
252.519686213387 244.44908112862976
252.97745267994415 245.33815360154506
253.42869864015722 246.23055322245006
253.8741719987461 247.12584841778371
254.31454301109693 248.0236643073074
254.75040777417928 248.92367647850466
255.18229254517297 249.825605269809
255.61065858206598 250.72921056994647
256.03590725785057 251.63428712126324
256.45838525278083 252.54066030257422
256.8783896756685 253.44818236002232
257.2961730047085 254.35672905115945
257.71194777092654 255.2661966667326
258.125890933599 256.1764993955414
258.5381479177063 257.0875669995395
258.9488362995173 257.9993427685997
259.35804913860875 258.91178172673483
259.76585796373695 259.8248490638724
260.1723154266472 260.738518769425
260.577457642636 261.65277244583194
260.9813062398987 262.56759828198267
261.3838701417268 263.4829901679774
261.78514710672886 264.3989469340743
262.1851250526428 265.3154716979418
262.5837831891456 266.2325713055091
262.98109298448935 267.1502558518124
263.3770189898918 268.06853826928864
263.77151954448135 268.9874339719821
264.164547382289 269.90696054512085
264.5560501613577 270.8271374704898
264.9459709335265 271.7479858789867
265.3342485718715 272.6695283226979
265.7208181711668 273.5917885597789
266.1056114350715 274.5147913463692
266.48855706206155 275.43856223071725
266.8695811404092 276.3631273456331
267.2486075607769 277.28851319632633
267.6255584532277 278.2147464416164
268.00035465368364 279.14185366741276
268.3729162030849 280.06986115224663
268.7431628807326 280.9987946254786
269.1110147715584 281.9286790195921
269.4763928653722 282.8595382186985
269.83921968451915 283.79139480600566
270.19941993486395 284.72426981352356
270.55692117362946 285.65818247768505
270.91165448639185 286.5931500048306
271.2635551644953 287.5291873506402
271.61256337332276 288.46630701758306
271.95862480127494 289.4045188742997
272.3016912789814 290.34383000053754
272.6417212573202 291.28424459731434
272.9786799944352 292.22576401266485
273.31253946687553 293.168386870791
273.6432782639607 294.11210920712864
273.97088181807413 295.0569244860759
274.2953431769011 296.0028234376707
274.6166642384452 296.94979375157084
274.9348571300163 297.8978197447554
275.2499453790397 298.8468821216977
275.5619648251611 299.7969578372289
275.8709650003242 300.7480198182528
276.17701309322496 301.7000358710754
276.48020461219016 302.65296551319364
276.7806871200521 303.6067528387904
277.07870514222657 304.5613130822843
277.3746744310723 305.5165105383425
277.66929114910715 306.4721260412799
277.9636757014786 307.4278130901223
278.25954232425096 308.3830423513624
278.559375550346 309.3370339847269
278.86658547331444 310.28867575725985
279.1856075663776 311.23642303588304
279.5219113949894 312.1781765784094
279.88188667893013 313.1111384184392
280.27258493841816 314.0316572232624
280.7013105857282 314.9350919576725
281.17507752986836 315.81574221892276
281.69997654980943 316.6669067264446
282.28053224332564 317.4811272658109
282.91915745863037 318.25064518917395
283.6158225441178 318.9680417034272
284.36803116630324 319.6269667285324
285.17113031518016 320.22281214227087
286.0188970061952 320.7531814830189
286.9042724276404 321.21805820119346
287.8200875020764 321.6196584370449
288.7596504484736 321.962034647897
289.7171281855525 322.25054181071675
290.6877183570827 322.4912796742301
291.66765371509666 322.69059523838416
292.65409832335683 322.85468982950295
293.64499140738025 322.98934084522364
294.63888024486846 323.09972643629544
295.6347671166794 323.190331836546
296.6319819044944 323.2649151253122
297.6300829024831 323.32651380885414
298.62878335632456 323.3774785368213
299.627899031749 323.41952454877435
300.6273116554539 323.4537941793417
301.62694355088536 323.4809248563723
302.6267396694336 323.50111696710303
303.62665414155003 323.5141955164173
304.6266392137504 323.5196595237827
305.6266348766518 323.51671432794797
306.62655762642515 323.50428474687203
307.62628676044756 323.4810111870509
308.6256466075681 323.44523555339913
309.62438340238583 323.3949880193578
310.62213638655885 323.3279881494045
311.6184043220318 323.2416736039994
312.61251089188687 323.1332663728248
313.60357507694675 322.9998805374015
314.5904947768366 322.8386679263274
315.5719526738693 322.6469900810972
316.5464516833895 322.4225982799006
317.5123829396738 322.1637995006665
318.4681227536461 321.8695862990795
319.4121479772673 321.5397130246739
320.3431538820661 321.174708907944
321.26015685637645 320.7758285435415
322.1625666711705 320.3449497599336
323.0502190173638 319.8844355774185
323.92336661018606 319.39697965002745
324.7826342069682 318.8854533094347
325.6289477339844 318.35276821109846
326.4634496878648 317.80176323020464
327.2874123376364 317.2351191163366
328.1021578559779 316.6553004029938
328.9089913468621 316.0645214951208
329.70914963069913 315.46473259825217
330.5037661062879 314.857620864942
331.2938502387061 314.244622444307
332.0802792118707 313.62694172567694
332.86379889918635 313.0055747651868
333.6450313661768 312.3813345610025
334.4244864518401 311.7548764463344
335.2025754388279 311.12672238216845
335.97962531427703 310.4972833532986
336.7558925786168 309.86687940794735
337.53157594481024 309.23575714133744
338.30682757312616 308.6041046159776
339.08176270877345 307.9720638455052
339.8564677415102 307.3397410543199
340.63100680100615 306.7072149716047
341.4054270529917 306.0745434349329
342.1797628814902 305.44176857394086
342.9540391420371 304.808920825779
343.7282736577864 304.17602200714964
344.5024791107214 303.54308763721417
345.27666445792715 302.91012867474353
346.0508359807115 302.2771528037107
346.82499805386294 301.6441653753253
347.59915370430474 301.01117009186027
348.37330501313306 300.37816949862247
349.1474534024619 299.7451653348925
349.9215998384111 299.11215878223516
350.69574497363425 298.47915063883545
351.4698892466524 297.84614144099294
352.244032950592 297.2131315471913
353.01817628042875 296.5801211958784
353.79231936524707 295.9471105449191
354.5664622890139 295.3140996970011
355.34060509214214 294.68108870154776
356.11474770120407 294.04807746876054
356.88888960233226 293.41506537020507
357.66302878211275 292.78204994359305
358.4371589551696 292.14902350246837
359.21126322137115 291.5159653810857
359.9853011951807 290.8828262059426
360.7591860598511 290.24949989491955
361.5327487491029 289.61578011000074
362.30568871950925 288.98130095183376
363.0775138403853 288.34546608114425
363.84747465715833 287.70737491161265
364.6144997861334 287.06575785173914
365.3771392499865 286.41893403633503
366.13352161218825 285.7648042922092
366.88132961450253 285.10088924367153
367.6177983798066 284.4244176938399
368.33974037079213 283.73246411038804
369.0436018088763 283.02212681305804
369.72555520419155 282.29073118371787
370.38163085916324 281.53603605656156
371.00788586187457 280.7564177707453
371.60060228343724 279.95100654434606
372.156498387036 279.11975476419536
372.67293004249905 278.2634263545092
373.14805685062413 277.3835090196414
373.58095042063553 276.4820639813596
373.9716306542531 275.5615375259763
374.3210276218941 274.62456273495826
374.6308783705267 273.67377752600106
374.90357670068204 272.71167793618173
375.1419978836875 271.7405160858734
375.34931948961275 270.76224324473117
375.528855302273 269.7784918066268
375.68391354548356 268.79058647654074
375.81768494179164 267.79957425990074
375.9331614792367 266.80626405190947
376.03308355936224 265.81126878664264
376.1199113802987 264.81504545349316
376.1958156841587 263.81793034646915
376.2626830228993 262.82016847156626
376.32213116547683 261.8219370763757
376.3755309517551 260.82336386282276
376.42403164166535 259.8245407137727
376.46858751910815 258.82553382001004
376.5099841400331 257.82639102752444
376.54886314216867 256.8271471017521
376.5857449562751 255.82782746730663
376.62104908185006 254.82845085225233
376.6551118258834 253.82903115589403
376.6882015732644 252.82957877152631
376.7205317623842 251.83010152872814
376.75227179420807 250.8306053704665
376.78355612801 249.8310948450299
376.8144918275821 248.83157346832405
376.8451648272777 247.83204399547714
376.87564585723976 246.83250865002285
376.9059948247375 245.83296928602968
376.9362645958205 244.83342752053983
376.9665045311252 243.83388485195945
376.9826655645926 243.2997024089
377.00777024177523 242.45388694317586
377.008263868092 242.45358298644337
377.00755353158553 242.4611882451855
377.00777024177523 242.45388694317586
377.00826386809064 242.4535829864442
377.1012598169247 241.45791649936106
377.6752813890579 240.63907632281516
378.6405589719643 240.3778500072603
379.62733719797745 240.21577368984663
380.5857357011406 239.9303401439298
381.5034830002747 239.5331753230656
382.38994984022503 239.0703832081063
383.2582720038982 238.57438258303216
384.1174465721551 238.06270000441478
384.9723416934663 237.54389914516508
385.82531842890586 237.02195021203187
386.67745714344176 236.49863423559972
387.5292357675803 235.97473235980564
388.38086135132994 235.45058174681057
389.2324223796626 234.92632626040617
390.0839563206761 234.4020267779518
390.9354789385844 233.87770890567333
391.78699683597443 233.35338336707684
392.638512769267 232.8290546387499
393.4900278865068 232.30472458514618
394.34154266504027 231.78039398148172
395.19305730309844 231.2560631496849
396.0445718829278 230.73173222332443
396.8960864386304 230.20740125778198
397.7476009843391 229.6830702760094
398.5991155259089 229.15873928751537
399.45063006576504 228.63440829623823
400.3021446049115 228.1100773038088
401.15365914376434 227.58574631090232
402.0051736824955 227.06141531779838
402.8566882211764 226.5370843246127
403.70820275983647 226.01275333139324
404.55971729848784 225.4884223381597
405.41123183713574 224.96409134492046
406.26274637578217 224.43976035167879
407.114260914428 223.91542935843609
407.96577545307343 223.39109836519293
408.81728999171884 222.86676737194963
409.6688045303642 222.34243637870628
410.52031906900953 221.8181053854629
411.3718336076549 221.2937743922195
412.2233481463002 220.76944339897602
413.0748626849455 220.2451124057326
413.9263772235909 219.72078141248926
414.7778917622363 219.19645041924593
415.62940630088167 218.6721194260025
416.4809208395271 218.1477884327591
417.3324353781724 217.62345743951565
418.1839499168177 217.0991264462722
419.03546445546306 216.57479545302883
419.8869789941084 216.05046445978545
420.73849353275386 215.5261334665422
421.59000807139955 215.0018024732994
422.4415226100459 214.4774714800577
423.2930371486939 213.95314048681848
424.14455168734463 213.42880949358377
424.99606622599987 212.90447850035645
425.84758076466176 212.38014750713992
426.69909530333234 211.85581651393755
427.5506098420134 211.3314855207521
428.4021243807057 210.80715452758506
429.25363891940935 210.28282353443626
430.1051534581227 209.7584925413032
430.95666799684307 209.23416154818165
431.80818253556674 208.70983055506557
432.6596970742896 208.18549956194812
433.5112116130073 207.66116856882212
434.36272615171566 207.13683757568106
435.21424069041143 206.61250658251961
436.06575522909236 206.08817558933407
436.9172697677574 205.5638445961226
437.76878430640636 205.03951360288505
438.6202988450401 204.51518260962283
439.4718133836604 203.9908516163387
440.3233279222694 203.46652062303622
441.1748424608696 202.94218962971948
442.0263569994636 202.41785863639262
442.8778715380537 201.8935276430596
443.72938607664224 201.36919664972402
444.58090061523103 200.84486565638886
445.4324151538216 200.32053466305652
446.28392969241486 199.79620366972856
447.13544423101143 199.27187267640596
447.9869587696114 198.74754168308897
448.83847330821476 198.22321068977735
449.68998784682094 197.69887969647027
450.54150238542917 197.1745487031666
451.39301692403876 196.65021770986513
452.244531462649 196.1258867165646
452.67389577116046 195.86150013928196
452.74281355258375 196.85912248235758
452.81173133400273 197.85674482536962
452.88064911542597 198.85436716844524
452.9495668968492 199.85198951152086
453.01848467827244 200.84961185459647
453.08740245969574 201.8472341976721
453.15632024111903 202.84485654074774
453.2252380225424 203.84247888382336
453.2941558039656 204.84010122689898
453.36307358538886 205.8377235699746
453.43199136681216 206.83534591305022
453.50090914823545 207.83296825612584
453.56982692965863 208.83059059920146
453.638744711082 209.82821294227708
453.7076624925052 210.8258352853527
453.7765802739285 211.82345762842832
453.84549805535187 212.82107997150393
453.9144158367751 213.81870231457953
453.98333361819846 214.81632465765514
454.0522513996218 215.81394700073076
454.1211691810451 216.81156934380638
454.19008696246834 217.809191686882
454.25900474389164 218.80681402995762
454.327922525315 219.80443637303324
454.3968403067382 220.80205871610886
454.46575808816146 221.79968105918448
454.5346758695848 222.7973034022601
454.6035936510081 223.79492574533572
454.6725114324314 224.7925480884113
454.74142921385476 225.7901704314869
454.8103469952781 226.7877927745625
454.87926477670135 227.78541511763808
454.9481825581247 228.7830374607137
455.017100339548 229.78065980378932
455.08601812097135 230.77828214686494
455.15493590239464 231.77590448994056
455.22385368381794 232.77352683301618
455.29277146524123 233.7711491760918
455.3616892466646 234.7687715191674
455.4306070280879 235.766393862243
455.4995248095112 236.76401620531863
455.5684425909345 237.76163854839425
455.6373603723579 238.75926089146986
455.70628399507586 239.75688283099979
455.77524724814896 240.75450203176007
455.8445557699705 241.75209730480566
455.9144630974214 242.7496507948846
455.9858056920558 243.74710266549835
456.0602269965744 244.7443295551447
456.1406232360873 245.7410925383419
456.23154891701085 246.7369502192123
456.339438980667 247.73111305002237
456.4725381720442 248.72221577187048
456.6405016307927 249.70800899386242
456.8537090401222 250.68501595423015
457.12239109803943 251.64824487393378
457.4556942359437 252.59106459066817
457.86081302472803 253.5053286482434
458.3423072066223 254.38177793531133
458.9016934142736 255.21068508975594
459.5373612036875 255.9826478229896
460.24481506377157 256.68940735483346
461.01719755189913 257.3245650455165
461.84601048082243 257.88409085265107
462.72192558329397 258.36655611903024
463.6355682082555 258.77307445054
464.5781719026673 259.10698802510865
465.54203708656905 259.37337854157295
466.5207735137612 259.57850047137845
467.50934893654403 259.72922748776807
468.5039938222485 259.8325790786698
469.50202086470796 259.8953646066172
470.5016120893549 259.9239545280708
471.5016120664768 259.92416843521266
472.501349623342 259.90125954189045
473.5004970766522 259.85997556747367
474.4989673722705 259.8046848018087
475.4968450045966 259.7395677464146
476.49434352578174 259.6688804050201
477.4917774977963 259.59728800688185
478.4895277186929 259.5302469992765
479.48796620964606 259.4743848494496
480.487296807436 259.4378012968494
481.48726791269723 259.4301994126999
482.48673786486773 259.46275420817256
483.4831283226731 259.5476426973473
484.47188135024186 259.69720021295143
485.4461150700479 259.9227410278673
486.3967050249437 260.23319027919695
487.31295402593435 260.6337995254501
488.1838326108248 261.1252977353951
488.9995288169637 261.7037782443932
489.75287012718417 262.36140798088275
490.440198946569 263.0877543817433
491.0615030767011 263.8713238923043
491.6198894190187 264.7009049267507
492.12067853941795 265.5664742520446
492.5704237422881 266.4596311545513
492.97606842002335 267.3736620049196
493.344334427924 268.3033824722779
493.6813396007812 269.24488526753004
493.9923929961464 270.1952777050167
494.28190667924025 271.15245158018325
494.5533775659019 272.1148982320529
494.80941525133073 273.0815650327864
495.05180913524066 274.0517429572121
495.2816347999636 275.02497477123933
495.4993968825984 276.0009766541097
495.70519854177087 276.9795703783292
495.8989208867845 277.9606267747929
496.080392465653 278.94402296456735
496.24953019448935 279.9296153898041
496.4064384329462 280.9172285755729
496.55146062929197 281.90665697751365
496.68518595383813 282.897675412042
496.8084197031553 283.8900530836113
496.92212983521665 284.88356705224317
497.02738258874285 285.8780125549607
497.12527834684937 286.8732092292642
497.21689573852603 287.86900351200654
497.303248456997 288.865268139509
497.38525617736195 289.86189983366717
497.46372868607443 290.85881611168475
497.5393609834566 291.85595188759123
497.6127365679529 292.85325626620386
497.6843361387138 293.85068972336626
497.75454932997525 294.84822173176144
497.8236876223441 295.8458288170051
497.8919971251039 296.84349299488895
497.95967040853986 297.8412005305471
498.02685694942977 298.83894096208394
498.09367203021725 299.83670633780076
498.1602039880986 300.83449063241585
498.22651961304814 301.8322893284901
498.2926675358199 302.83009915621926
498.35867980160083 303.82791796781106
498.4245723367201 304.8257446931575
498.49034535033763 305.8235793040423
498.5559846439901 306.8214227201797
498.62146435688027 307.8192766209086
498.6867510751656 308.81714316730427
498.7518084537073 309.81502469208425
498.81660080821104 310.8129234598948
498.88109415980665 311.8108415966174
498.945254215669 312.80878121765255
499.00904192035205 313.8067447083331
499.07240830540746 314.80473503957137
499.1352866831734 315.8027562365454
499.1975738330153 316.8008145068706
499.2591189710836 317.79891880802364
499.31972781213165 318.79708040234937
499.3791390662599 319.7953139936911
499.4369252798475 320.79364297429777
499.4930672380363 321.79206577077764
499.5454731172958 322.7906916385675
