10.193514870791944
270178
635
0.0 100.0
0.4787123593733006 100.8779717973735
0.9691983005605318 101.74942090173799
1.4683514639474722 102.6159346751316
1.9792569841464536 103.47557154581027
2.5045483058203857 104.32649400254417
3.0464455100999963 105.16693877764479
3.6094603374436525 105.99338557217618
4.193290669248706 106.80526126688838
4.79704568920798 107.60243118345196
5.419910399307998 108.38476075141676
6.060922062229547 109.15229188954639
6.718697709031824 109.90550580237186
7.391300577676722 110.645509438235
8.076226790532793 111.37412187495471
8.770453095014147 112.09387866593772
9.470500271931328 112.80797526310809
10.172489717628736 113.52016261074175
10.872187957914749 114.2346011123223
11.565043824476346 114.95567721660754
12.246886961326286 115.68717563542376
12.915131242029336 116.43111755607862
13.569752813746248 117.18707429944618
14.213851787090242 117.95201646231683
14.8513096686262 118.72250166611227
15.483076776077201 119.4976599221755
16.104423504775102 120.2811956538026
16.70441173678724 121.08120447965825
17.267356259635548 121.90769916457467
17.77550342210295 122.76896942487414
18.212308176858308 123.66852576342282
18.565663215934126 124.60401505591084
18.830101135800973 125.56841776564184
19.00715984764555 126.55261805651762
19.103944483060467 127.54792340380939
19.13074046378157 128.54756432704994
19.098687744765147 129.54705050664606
19.018291649705887 130.5438135014945
18.893590654716604 131.53600786846533
18.733652050697437 132.52313483240889
18.56758390459518 133.50924911120734
18.40379223065972 134.49574406180233
18.249641769399574 135.48379144694803
18.111736743723036 136.47423690425154
17.996196515733647 137.4675397058766
18.023914410972875 137.49414724245656
17.998935462234158 137.6316635635976
18.796111421853585 138.23541060450393
17.998935462234158 137.6316635635976
18.00367130586618 137.60559137775076
17.998935462234158 137.6316635635976
18.79611142185294 138.23541060450341
19.59226044104795 138.84051120707693
20.389057128667602 139.4447587048776
21.186270041561976 140.04845695029036
21.98367587020812 140.65190035645298
22.78112870109914 141.25528164759805
23.57855494818579 141.85869807135307
24.375928461107137 142.4621841779798
25.173248029356348 143.06574155394904
25.97052266222083 143.66935828647954
26.767763668261303 144.27301943173205
27.56498116000099 144.8767116305091
28.362182972172118 145.48042453468713
29.159374693627864 146.08415076340543
29.956560098277784 146.68788533307423
30.753741635538454 147.29162500930124
31.55092084795727 147.8953677552513
32.34809868408669 148.4991123184434
33.14527571602275 149.1028579434823
33.94245228330361 149.70660418204474
34.7396285847245 150.31035077164415
35.536804735330634 150.91409756037666
36.33398080103204 151.51784446121576
37.13115681925721 152.1215914247416
37.928332811095956 152.7253384231076
38.72550878834974 153.32908544073126
39.52268475758173 153.93283246894677
40.31986072242156 154.53657950296162
41.11703668486648 155.14032654013863
41.914212646010476 155.74407357903334
42.71138860645026 156.3478206188579
43.50856456651005 156.95156765918415
44.305740526365426 157.55531469978035
45.10291648611113 158.15906174052134
45.900092445798144 158.76280878133983
46.69726840545383 159.3665558221997
47.49444436509283 159.9703028630816
48.291620324722984 160.5740499039752
49.08879628434843 161.177796944875
49.885972243971395 161.7815439857781
50.683148203593035 162.38529102668292
51.480324163213986 162.98903806758864
52.27750012283456 163.59278510849487
53.07467608245494 164.19653214940132
53.87185204207522 164.80027919030795
54.66902800169545 165.40402623121463
55.46620396131566 166.00777327212134
56.26337992093585 166.61152031302805
57.060555880556024 167.2152673539348
57.857731840176186 167.81901439484153
58.654907799796355 168.42276143574827
59.45208375941652 169.026508476655
60.24925971903667 169.63025551756178
61.046435678656835 170.23400255846855
61.843611638277 170.83774959937531
62.64078759789716 171.44149664028208
63.43796355751732 172.04524368118882
64.2351395171375 172.6489907220956
65.03231547675767 173.25273776300236
65.82949143637785 173.85648480390913
66.62666739599801 174.4602318448159
67.42384335561819 175.06397888572266
68.22101931523837 175.66772592662943
69.01819527485854 176.27147296753617
69.8153712344787 176.87522000844294
70.61254719409888 177.4789670493497
71.40972315371906 178.08271409025647
72.20689911333922 178.68646113116324
73.00407507295938 179.29020817207
73.80125103257956 179.89395521297678
74.59842699219972 180.49770225388355
75.3956029518199 181.10144929479029
76.19277891144007 181.70519633569705
76.98995487106023 182.30894337660385
77.78713083068041 182.9126904175106
78.58430679030059 183.51643745841736
79.38148274992076 184.12018449932413
80.17865870954094 184.72393154023086
80.97583466916112 185.32767858113763
81.7730106287813 185.9314256220444
82.57018658840147 186.53517266295117
83.36736254802163 187.13891970385794
84.1645385076418 187.7426667447647
84.96171446726197 188.34641378567147
85.75889042688215 188.9501608265782
86.5560663865023 189.55390786748498
87.35324234612244 190.15765490839175
88.15041830574259 190.76140194929852
88.94759426536277 191.36514899020528
89.74477022498294 191.96889603111202
90.5419461846031 192.5726430720188
91.33912214422327 193.17639011292556
92.13629810384344 193.7801371538323
92.93347406346362 194.38388419473904
93.7306500230838 194.9876312356458
94.52782598270397 195.59137827655258
95.32500194232415 196.19512531745931
96.12217790194431 196.7988723583661
96.9193538615645 197.40261939927285
97.71652982118468 198.00636644017962
98.51370578080486 198.6101134810864
99.31088174042503 199.21386052199313
100.10805770004518 199.81760756289987
100.90523365966533 200.42135460380663
101.70240961928548 201.0251016447134
102.49958557890564 201.62884868562014
103.29676153852581 202.2325957265269
104.09393749814598 202.83634276743368
104.89111345781046 203.44008980828193
105.68828941753907 204.04383684904553
106.48546537731266 204.64758388974968
107.28264133709402 205.25133093044363
108.07981729685183 205.85507797116864
108.8769932565653 206.45882501195223
109.6741692162241 207.06257205280798
110.47134517582688 207.66631909373768
111.26852113538341 208.2700661347285
112.06569709491058 208.87381317575807
112.86287305442531 209.47756021680402
113.66004901393958 210.0813072578506
114.45722497345844 210.68505429889115
115.25440093298151 211.28880133992612
116.05157689250615 211.892548380959
116.53272372350312 212.25694845103885
116.80167881085909 211.2937957315881
117.06992428813687 210.33318419060424
117.33891913458959 209.37004257454674
117.60788364776467 208.40689248725374
117.87683334423598 207.4437382624444
118.1457783306244 206.48058272241127
118.41472352887203 205.51742724153627
118.68367070419322 204.55427231272847
118.95262008724418 203.59111800040023
119.2215713206325 202.6279642047586
119.49052391848252 201.6648107901305
119.76109161551483 200.7021098389922
120.03744783280274 199.74105456422058
120.32737350617018 198.7840053993798
120.6457805299659 197.83605130386803
121.01338212365548 196.90606793395386
121.45314484860424 196.0079539402172
121.9864366407871 195.16202258106895
122.62860096598949 194.395455571971
123.38387180604965 193.74004275690345
124.24162661421317 193.22598372423076
125.17735743234985 192.87326877418008
126.15966787524259 192.686009078079
127.15908114883177 192.6517584054763
128.15455936931835 192.74674847094062
129.1350168454947 192.9434796006833
130.0970374357957 193.21645649317963
131.04160829519472 193.54476411047509
131.97158732003913 193.91237669642592
132.8902409337369 194.30744066344909
133.80057353724234 194.72131812236051
134.70510235104365 195.14773062804394
135.6058401584419 195.58209384278865
136.5043571676032 196.02103254494182
137.40186224181133 196.46203667391413
138.29927992513018 196.90321861106324
139.19731570916076 197.3431410253599
140.096508561377 197.78069355309023
140.9972723482432 198.21500289016515
141.89992869332758 198.64536497339145
142.80473329341686 199.07119197542073
143.7118967769248 199.49197031872006
144.62160030379022 199.90722866386028
145.5340052307956 200.31651737513425
146.44925692420617 200.7193999110043
147.36748526904307 201.1154513050658
148.288805377291 201.5042562151917
149.21332017797192 201.8854023595011
150.14112403202967 202.2584707291005
151.0723052282308 202.6230274185762
152.00694578453283 202.9786213309473
152.9451184237107 203.32478906355396
153.88688194941983 203.66106493489167
154.83281676124847 203.9854217319081
155.7834421206103 204.29576255445366
156.73725815372387 204.59615392412906
157.6938371654477 204.88762706925473
158.65341707151376 205.16906339220225
159.6163163327514 205.43892449111803
160.58270756395726 205.69600033255094
161.55260699057698 205.9395061892417
162.5259281157487 206.16895332322775
163.50253117715994 206.38400322544175
164.48225211239773 206.58437011157014
165.46491449915447 206.769774085782
166.45033177112964 206.93992930930762
167.43819604523884 207.09524890220786
168.4282511205096 207.23592920619754
169.42000782522837 207.36406444196578
170.41308344784872 207.48154128120308
171.40873397236209 207.57470797609074
172.40613668019085 207.64673462682384
173.40474158469726 207.69953845903092
174.40412715430915 207.73458818444345
175.40392269252692 207.75480900934858
176.40390244854694 207.76117199215304
177.40389922938311 207.75863460820835
178.4038330274443 207.7471281102658
179.403832949147 207.7475238306348
180.4030807841718 207.7087454320316
181.40139934054432 207.65077940748014
182.39946728389435 207.5886474474509
183.39749775727495 207.52591648058703
184.39551774732644 207.46301894917565
185.39351200782016 207.39971447838934
186.391462674051 207.33572645006043
187.38935494447065 207.27083410354157
188.38717350348753 207.2048180200353
189.38489659509938 207.13737446982856
190.38248767188236 207.06800557533737
191.37987540004707 206.99577179026147
192.37689761459652 206.9186569168914
193.3732553422297 206.83338512445286
194.36839777771235 206.73493953998258
195.36177150364142 206.62001068967177
196.35331419343063 206.4902297422043
197.34335144775747 206.3494240780961
198.33278433209907 206.2044324666716
199.32477224102354 206.07809961841886
200.3238747186793 206.03574115831725
201.32384154802241 206.02759620813308
202.32379528552661 206.01797732818886
203.32348461617744 205.99305259784137
204.3225188342896 205.9491136510968
205.32055811123251 205.88652290354355
206.3173805895934 205.80686773023706
207.3128587999783 205.71187755890932
208.30693649374973 205.6032058572289
209.29962731347217 205.4825205787613
210.29102517821212 205.3516379069173
211.2813152212987 205.2126212512119
212.2707754698791 205.0678164982541
213.2597637335134 204.91982253083108
214.24869135274798 204.77142386535513
215.23798633577468 204.62549430509318
216.22805243079142 204.48489157575165
217.21923347223287 204.35237688567156
218.21178812480716 204.23057679678342
219.20587116002685 204.12195396728427
220.20152029640224 204.02877243888446
221.19865906882706 203.95317965796545
222.1971017403126 203.897392278059
223.19653734435337 203.86379952027403
224.19649713584386 203.8548320567345
225.19633900357994 203.8726151813753
226.19528304869266 203.9185585675568
227.19246968320613 203.99351732920448
228.18701140184993 204.09785701425795
229.17781283997266 204.2331807380241
230.16094219688205 204.4160923767542
231.14111982197613 204.61421310576787
232.11933981240333 204.8217839378437
233.0958809446414 205.0371148855665
234.07086648985853 205.25938316179517
235.0444356471192 205.48777557854913
236.01676649249944 205.72138364159946
236.98805663740848 205.95928163318956
237.95850036882257 206.20060913713212
238.92827326531696 206.4446184181541
239.89752498284585 206.69068976566797
240.86637791134928 206.93832660244792
241.83492920544086 207.1871405705315
242.80325433179598 207.43683328101656
243.7714109832836 207.68717843910895
244.73994943538457 207.93604239150432
245.70990113852872 208.17933993273272
246.68388666780163 208.40595014602206
247.66821132142357 208.58231617526818
248.65474243045009 208.74588992292615
249.635353907237 208.94185198964772
250.61061147649258 209.16292363778405
251.5798278368931 209.4091342117486
252.53906788835263 209.69172671638358
253.47380704151323 210.04706136927945
254.39182220785173 210.4436066433309
255.3083966202011 210.84347080354826
256.2185350075316 211.25777517946946
257.11837987188306 211.69398524365909
258.0062224865257 212.15413249359602
258.8826046629085 212.63574881487116
259.7498547844915 213.1336215160852
260.61120559887723 213.64163212085347
261.4700153832339 214.15392671802704
262.07593000703014 214.51536506418162
262.3309626788819 214.73412195215906
262.521106605149 214.78092045276526
262.3292678053649 214.73266815702988
262.3309626788819 214.73412195215906
262.5211066054516 214.78092045283853
263.4909000725324 215.02484796503728
264.459074473644 215.27512447019134
265.4304187559638 215.5128013205675
266.40016696801615 215.75690868469496
267.3736126730467 215.98582670355222
268.3398795422406 216.24336958832703
269.30143863619946 216.5179676743091
270.25999250448075 216.80287903175733
271.2167051113658 217.0939133730767
272.17236639662724 217.388381551073
273.12750190920906 217.68455067945243
274.08244903651325 217.98132666239835
275.03741161014864 218.27805293854465
275.99249902760243 218.57437712760367
276.9477537610185 218.87016149887143
277.90317017579855 219.16542320375152
278.85870716564625 219.4602944655468
279.81429684586493 219.75499492883034
280.7698511776887 220.0498099876943
281.7252668232756 220.34507418154053
282.6804299549097 220.6411542247163
283.6352244048991 220.9384210379825
284.58954609119746 221.23720209337353
285.5433244681389 221.53771300445493
286.49654923867 221.8399753687114
287.4492987284775 222.14373252446518
288.40176544548825 222.44837518888818
289.3531257419081 222.7564556757676
290.30370872691094 223.06692626797096
291.25382644194093 223.37881779973515
292.20379545558046 223.69116195787615
293.1539637123503 224.00289948180773
294.1046884711247 224.31293566204056
295.0563461586348 224.62009628094023
296.00930286233074 224.9232027323414
296.9639333779518 225.22099557752918
297.9206471819489 225.51202598357207
298.87983134380755 225.79480813230055
299.84183804685375 226.0678339612878
300.8069836009166 226.32954765881368
301.77088721077814 226.59579910180693
302.74257194701715 226.83208023385117
303.72148086535975 227.0363773938641
304.70416900772966 227.2216448082832
305.6898842374786 227.39006537068838
306.6774987579199 227.54696520820764
307.6665421572816 227.6945902541148
308.6567200059545 227.8344038013745
309.64777800927493 227.9678355594181
310.6394779474262 228.09640940073422
311.63393669894236 228.20153690205026
312.6301974915888 228.2879338524333
313.6276577744305 228.35915873680239
314.62592134574754 228.41806410312222
315.62472244407684 228.4670167943271
316.6238813629423 228.50802234092248
317.6232761675702 228.54280774709758
318.6228237803944 228.57288381228994
319.6224669654349 228.5995952817761
320.6221651457054 228.62416250310443
321.6218877039004 228.64771683680476
322.62160883283934 228.67133175482792
323.6213032535769 228.69605148674745
324.62094226222655 228.72291879747985
325.6204896396795 228.75300268398036
326.6198970072719 228.78742525799697
327.61909829119327 228.8273851655294
328.6180031079286 228.8741737015504
329.61648908338066 228.92918058135263
330.61439327992014 228.99388927109987
331.61150286099746 229.06986613154925
332.60754468166147 229.15875196556323
333.6021727190973 229.2622655740721
334.59495229115214 229.38221857032752
335.58534450042356 229.52050548877807
336.5727060815707 229.67898926736353
337.55633741987884 229.85918191509938
338.53561849372045 230.06168766419222
339.5102478289797 230.28551272724863
340.4805565961193 230.52738231279415
341.44775970766955 230.781386527341
342.4138806693992 231.03947621583444
343.3811144478276 231.2933636276278
344.35081358327204 231.53766587223134
345.3240243790264 231.76758052384622
346.2994919446535 231.9877237236267
347.27589227180295 232.20369224249538
348.2507320275779 232.4265990628501
349.2193061763712 232.67532404810348
350.1808110574484 232.95011190020915
351.13473826856455 233.2501500242737
352.08066874943995 233.57451945154887
353.0180680819528 233.92277581029128
353.94699027449735 234.29305078945964
354.86855623443273 234.6812726094136
355.7825447610214 235.08701264104005
356.6870702709903 235.51343215491752
357.57943257034674 235.9647519159377
358.49908216632207 236.35749180520594
359.4174469730167 236.75322666824536
360.3310297032332 237.1598795854242
361.23903600516564 237.57883609349034
362.14174987234526 238.0090775071195
363.03982430589764 238.44892101542615
363.9339701919434 238.89669677902606
364.8248323132835 239.35097057395757
365.712951021768 239.81058471608088
366.598758939301 240.2746367963864
367.48258897203965 240.7424449549613
368.3646847856828 241.21351498749698
369.2452125213282 241.68750961484972
370.12427528961666 242.1642156557271
371.0019316381605 242.64350610405748
371.87821743874264 243.12529775580973
372.75316890667307 243.60950838019374
373.6268435950741 244.09601895443382
374.49926469529953 244.58477392768867
375.37025926038643 245.07606657732745
376.2392483857003 245.57089776074884
377.104884603953 246.07157124481722
377.9646665784672 246.58223253794657
378.81449369255654 247.10929408668503
379.6525548977199 247.6548703108739
380.47679994815417 248.22110356390183
381.2836316222333 248.81188495299813
382.11224968045224 249.3716993093642
382.95576784360463 249.90879995955186
383.8097596312057 250.42908644477902
384.6712902762937 250.93679201651753
385.53838733782334 251.43493123991462
386.4096779346762 251.92569869588095
387.28413509843654 252.4108014362858
388.1610957106693 252.89136369509558
389.03922024478385 253.36979582464596
389.9189925282094 253.84519116466953
390.80038705352615 254.31757203932654
391.6838501713355 254.78607275380904
392.56872330545264 255.2519048442855
393.45465620280635 255.71571827809964
394.34122129196214 256.1783221504248
395.2281356031963 256.6402561332926
396.11520467162757 257.1018928604196
397.00228634489315 257.5635053656188
397.8892731222594 258.02530018670006
398.7760829708649 258.48743468272517
399.66265386023633 258.95002743895805
400.54893998385876 259.41316554695
401.4349294188253 259.8768709718996
402.3206613819664 260.34106800923433
403.20621846348297 260.80559858452057
404.09169529459825 261.2702821129118
404.9771623506367 261.73498426770624
405.8626421550889 262.1996621302167
406.74810435058816 262.6643735464114
407.63347637099093 263.1292567419433
408.51866209926493 263.59449455904337
409.4035612331737 264.06027725817194
410.30528640502075 264.492587001825
411.20482024004446 264.9294380973341
412.1007162872253 265.37370183954783
412.9931127694424 265.824954006885
413.8827728377388 266.28157744351404
414.7706681522791 266.7416229960602
415.6577966837039 267.2031454426779
416.5451008093787 267.66433020886217
417.43342657886296 268.12354402319085
418.3234998980073 268.57936140608376
419.2159114464126 269.03058377728547
420.11110875123495 269.47625381827856
421.0093957295103 269.9156630861155
421.91093976505374 270.3483504466612
422.8157854531561 270.7740901332334
423.72387329745175 271.1928698689448
424.6350612059051 271.6048608827891
425.54914664739687 272.01038252913224
426.4658876813055 272.40986453967605
427.38502159407756 272.8038097774849
428.3062804221436 273.19275986645573
429.2294031108298 273.5772653951971
430.15414440723043 273.9578616835808
431.08028080644897 274.3350504560045
432.0076139857093 274.7092872455414
432.93597219888045 275.0809739792807
433.8652100915249 275.4504559664922
434.7952073539517 275.818022412021
435.7258665720933 276.18390957999486
436.6571105744519 276.54830580400267
437.588879514916 276.9113576482155
438.5211278790755 277.2731766465034
439.4538215561629 277.6338461693649
440.3869350792793 277.99342808350593
441.32044910333354 278.35196896945047
442.25434816360433 278.70950574409795
443.1886187370437 279.06607059879514
444.1232476111813 279.4216952149684
445.0582205501423 279.7764142635272
445.9935212344926 280.1302682303749
446.92913044460965 280.4833056305809
447.86502546067607 280.8355846661507
448.8011796693572 281.1871743383093
449.7375623961759 281.5381549487646
450.67413901545706 281.8886178372648
451.6108714133562 282.2386641409535
452.54771888037055 282.58840236241184
453.4846394795163 282.93794462151135
454.42159187576885 283.2874016391211
455.3585375314539 283.63687672878103
456.29544308738605 283.9864593073852
457.2322826785607 284.3362186252134
458.1690398910023 284.6861985174054
459.10570906161183 285.0364139722752
460.04229565690724 285.38685019973036
460.97881553433797 285.7374646877041
461.91529298186435 286.0881924885333
462.8517575355968 286.43895471512377
463.7882396781344 286.7896699795595
464.72476560842006 287.14026829943924
465.66135133552876 287.49070684722784
466.59799637527175 287.8409868345593
467.5346773163737 288.19117080703154
468.4713414747264 288.54139966714644
469.40790077784783 288.8919088278493
470.3442259291542 289.2430430059509
471.28014080782737 289.5952692682855
472.2154220819474 289.9491745356671
473.1498131795406 290.3054234328423
474.08305709286014 290.6646668019557
475.01494080740173 291.0274239418884
475.94533415605645 291.3939866470006
476.87420441144195 291.7643918962346
477.8015956397322 292.13848481208606
478.7275743498466 292.5160605374909
479.6521539933254 292.89704935998395
480.5752156458651 293.28170139183953
481.4964397276959 293.6707337697403
482.41525651041434 294.0654180990402
483.33081550472525 294.4676017982827
484.2419687945807 294.87966936845237
485.1472622546146 295.304456081074
486.04493058486776 295.7451278056725
486.93289536702173 296.20503925981814
487.8087682694744 296.6875811323526
488.669863344584 297.1960251033289
489.51322235610564 297.7333756199241
490.3356606931683 298.3022298910073
491.13387978770663 298.90459711879646
491.90465568233174 299.5417034837505
492.64506092416445 300.2138642367454
493.3526703797167 300.9204679859663
494.02573361987197 301.660052920069
494.6633269437176 302.4304260461497
495.26548664794274 303.22880170372423
495.833334333862 304.05193535362326
496.3690870924252 304.8963102595104
496.8325549549505 305.7824239883321
497.23053178187297 306.6998194566187
497.57000240464754 307.640436114069
497.8582963974677 308.5979780576432
498.1029267385006 309.5675944747104
498.3113071174993 310.5456423353227
498.49045325177593 311.5294648104542
498.646754261646 312.51717427902963
498.78586468925585 313.50745115391373
498.91268976146273 314.4993762524266
499.03141745779703 315.49230310477935
499.1455845337863 316.4857646685855
499.2581537389176 317.47940855552696
499.3715861221738 318.4729542738655
499.48793615516627 319.46616254498633
499.60897394741517 320.45881044472094
499.7196552571133 321.45266639388234
499.82248146516775 322.44736573083657
499.9188746813566 323.4427090624929
499.9661726189063 324.4415898887697
499.98587535335173 325.44139577105653
499.9940904681702 326.4413620264314
499.99752200476075 327.4413561386924
499.99895842507743 328.4413551070402
499.99956108387767 329.4413549254414
499.9998145517462 330.44135489331836
499.99992143039697 331.44135488760685
499.9999666182815 332.4413548865858
499.999985776426 333.44135488640234
499.9999939218538 334.44135488636914
499.99999739500686 335.4413548863631
499.99999888024854 336.44135488636203
499.9999995172517 337.44135488636186
499.99999979125874 338.4413548863618
499.9999999094703 339.4413548863618
499.99999996061956 340.4413548863618
499.99999861532086 341.4413548863609
