10.989185998023489
188549
764
0.0 100.0
0.022250657771759646 100.9997524234673
0.15355273150885473 101.99109482921435
0.3064801294691565 102.97933225562214
0.4844768945973925 103.963363328101
0.6671212145729448 104.9465423821805
0.8560910536926348 105.92852527403915
1.0527312667399038 106.90900098848225
1.2582033418564862 107.88766396742204
1.4736167991002929 108.86418690234896
1.700091551888396 109.83820393831371
1.9387345468764878 110.80931130670461
2.1905479692277434 111.77708710735462
2.4563070790057537 112.74112657520331
2.736449058089824 113.7010851532445
3.030810857269463 114.65677921055769
3.3383286314589347 115.60832154727085
3.656937010638205 116.5562079859948
3.9837697101076586 117.50129019752855
4.315578008154645 118.44463703371721
4.649166562584021 119.38735580214909
4.981721863400494 120.33043955871521
5.311038716759196 121.27465903007446
5.635647052856788 122.22050755290249
5.95487827182054 123.16818441177313
6.268885771346967 124.11760491410135
6.5785964576251 125.06843575647298
6.885550627963558 126.02016005337404
7.191670060950022 126.97215316928826
7.499008385263077 127.92375348160874
7.8095867977348625 128.87430124458888
8.125170838286817 129.82319887518392
8.447088924473316 130.7699663998625
8.776167508199997 131.71426893916464
9.112775021011974 132.6559139796754
9.456928067971386 133.59482754346524
9.808415113087499 134.53102028917283
10.166910059607128 135.46455195618788
10.532064689323128 136.3954988378073
10.90357967965462 137.32392579344733
11.281259200718832 138.24986217321037
11.665055789898839 139.1732798350156
12.05511192353919 140.09407091479943
12.451803277849983 141.01202296660557
12.855786219269387 141.9267894849271
13.268048454088529 142.8378547129662
13.689957169195482 143.74449302900894
14.12329426071498 144.6457249442857
14.570264832707856 145.54027360577504
15.033464616594326 146.4265274972799
15.515795328242806 147.30251670075256
16.020324244127064 148.16591149633376
16.55009432918975 149.01405279173957
17.10790209603835 149.84402296906126
17.69606955355907 150.65276213709603
18.316241651781002 151.4372279225749
18.96923965384547 152.19458755267132
19.65499320358587 152.9224213723159
20.372560663680833 153.6189103817144
21.120231622887943 154.28297975817918
21.895691465010202 154.91437664861792
22.696219303773354 155.51367221790338
23.518889255006613 156.08219147996743
24.36075024494985 156.62188590611225
25.218968696385435 157.1351705148972
26.0909282513711 157.62474842950246
26.97428863933105 158.09344281285183
27.86701068270058 158.54405057275187
28.76735630424009 158.97922612557468
29.673872063591162 159.40139810243738
30.585363208038654 159.81271779998883
31.500863310032415 160.21503553915704
32.41960281119585 160.60989972973647
33.340978439783235 160.99857305149294
34.26452455544778 161.3820604336073
35.18988693399717 161.76114415571286
36.11679922919763 162.13642218198964
37.04506223319561 162.508346630512
37.97452601535764 162.87726000469223
38.905074990406426 163.24342745960274
39.83661591629285 163.60706395859407
40.76906874008384 163.96835571244992
41.7023601048205 164.327475787784
42.63641922126495 164.6845942093013
43.5711757174484 165.03988323649304
44.50655902282644 165.3935187437884
45.44249883060178 165.74567875886885
46.37892620990516 166.096540217697
47.315775000263066 166.44627489428046
48.252983201506574 166.79504528798083
49.1904941598801 167.14300103650288
50.12825743446201 167.49027620239502
51.06622929924393 167.83698758218736
52.00437275903635 168.18323438556422
52.942656974913454 168.5290995764058
53.88105619331024 168.87465262141092
54.81954848193405 169.21995281572543
55.75811462763151 169.56505220742383
56.6967374322054 169.90999746501384
57.63540132844288 170.25483088842333
58.57409208573199 170.59959118512234
59.51279649383288 170.94431431201107
60.45150199182751 171.28903447103087
61.390196283329345 171.63378514485453
62.32886696476926 171.97860009784398
63.26750122905803 172.32351417106094
64.20608566430408 172.66856381663945
65.14460610878997 173.01378747643412
66.08304755618425 173.35922582087858
67.02139423498595 173.70492151130856
67.95962999848342 174.05091811836462
68.89773906947289 174.3972580827454
69.8357070867507 174.74397987116362
70.7735223357601 175.0911146558301
71.71117700620017 175.4386829498414
72.6486682998108 175.7866916773243
73.58599921837265 176.13513213006763
74.52317890034186 176.4839791505567
75.4602224392474 176.83319170215725
76.39715019343564 177.18271478212733
77.33398666748214 177.53248244915238
78.27075909672809 177.88242160929968
79.20749589119487 178.2324561474414
80.14422509410957 178.58251100086696
81.08097298902908 178.93251583135344
82.0177629557895 179.28240804072226
82.95461463667456 179.632134974233
83.89154343616298 179.9816552521701
84.82856034436674 180.3309392537222
85.76567204813878 180.67996884366187
86.70288127586012 181.02873647902095
87.64018731220213 181.37724385948343
88.57758661703093 181.7255002927427
89.51507348682844 182.07352093718396
90.45264070590196 182.4213250626896
91.39028014641632 182.7689344405722
92.32798328913677 183.1163719401778
93.26574164919907 183.4636603766873
94.20354710209054 183.81082162528378
95.14139211364171 184.15787599322715
96.0792698839227 184.5048418244163
97.01717441858642 184.85173530065543
97.95510054272584 185.19857039930721
98.89304387216986 185.5453589670996
99.8310007558322 185.89211087320888
100.76896820072119 186.23883421007628
101.70694378890857 186.58553551662783
102.64492559344549 186.9322200048266
103.58291210273407 187.27889176368882
104.52090219671541 187.62555382332744
105.45889535519112 187.97220759101614
106.3968926343469 188.3188502085581
107.33489962075502 188.66546655763813
108.27293352949543 189.0120100412779
109.21103758222748 189.35836359799086
110.14930625012775 189.70427096541266
111.08792427406098 190.04922923121836
112.0272199474544 190.39233801563586
112.96772832407623 190.73210851686304
113.91025255074479 191.06624633594802
114.85590232712244 191.39143320597344
115.80608019450574 191.70314143546852
116.7623831793387 191.995518933234
117.72639393281935 192.2613821822431
118.69935508173346 192.4923510171619
119.68175267805576 192.6791529516812
120.67287409307606 192.81211287304154
121.67044161329389 192.88181970632536
122.67043980967145 192.87992043235596
123.66723613182754 192.7999386085702
124.65403189639076 192.63796910823123
125.62358612715138 192.3930924176006
126.56906225687234 192.0674010174564
127.48480181267313 191.6656286118064
128.36685567325202 191.19448002904522
129.21318935190885 190.6618269483527
130.02358027171925 190.07593740493277
130.79929778075785 189.44485710404314
131.54268117493288 188.77599155009017
132.2567152140679 188.0758805653481
132.94466749779826 187.35012464542035
133.60981634086548 186.60341384694055
134.25527131581407 185.83961552584125
134.88387339776313 185.06188843838106
135.49815548319663 184.27280192885536
136.10034373548058 183.4744478039138
136.69238298728487 182.66853867484093
137.27597343096238 181.85649052722385
137.87972397176674 181.0593172182888
138.51598134032866 180.28784034828516
139.18324631860352 179.5430199345156
139.87459446114644 178.82049813844128
140.582717156481 178.11440873308806
141.30177277830865 177.41945620757423
142.027640965726 176.73162237989823
142.7576163629103 176.04814895722137
143.49000491828792 175.36726203272372
144.22378190036443 174.68787161435245
144.95834388935702 174.00933002806073
145.6933431958287 173.3312621704785
146.42858305614885 172.6534551567966
147.16395379378426 171.97579013760972
147.89939505981818 171.29820166057192
148.6348740150999 170.6206540929889
149.37037296197838 169.9431282269582
150.1058824432543 169.2656137968881
150.84139744283164 168.58810535753346
151.57691531776524 167.91060003972913
152.31243468373833 167.2330963406407
153.04795481953062 166.55559347729317
153.78347535119622 165.87809104371945
154.52496436533912 165.2071260357605
155.2747933679484 164.54549436568567
156.03237526915106 163.89275424667187
156.79597144124693 163.24706013491266
157.56377808283497 162.60637849701962
158.3343434593321 161.9690175313621
159.10663412924063 161.33374820172924
159.8799668993779 160.69974786526888
160.66042474242573 160.07453945583634
161.4502870307678 159.4612552106001
162.24871661261847 158.85916700873446
163.0537169704255 158.26589268438653
163.87292384576887 157.69239456286377
164.70818454868476 157.14254043842305
165.5656575201976 156.6280114274577
166.44882043376484 156.15894504825383
167.35652714794406 155.73933985162972
168.28314799632767 155.3633427727304
169.2250704832604 155.02751241583803
170.17821054522238 154.72498304158972
171.13885669421524 154.44720799514891
172.10420902986397 154.1862580611432
173.07237367761923 153.9359438289531
174.042151439275 153.6919538844924
175.01281780867023 153.4515234385729
175.9839525726146 153.2129919516394
176.9553217434612 152.9754168394564
177.92680062980486 152.7382907687924
178.89832604441267 152.5013554004509
179.86986790635262 152.2644874826186
180.84141309775475 152.02763322138733
181.81295669427453 151.79077241825314
182.7844974276586 151.55389987156298
183.75603546645897 151.31701627321993
184.72757140656205 151.0801240675904
185.69910585990925 150.84322576460073
186.67063931976907 150.60632338729562
187.6421721420113 150.3694183951447
188.6137045671186 150.13251177437365
189.585236750599 149.89560416271507
190.55676878983041 149.6586959595079
191.5283007442964 149.42178740868812
192.4998326496165 149.18487865632744
193.47136452677202 148.9479697884675
194.4428963879509 148.71106085508944
195.4144282401486 148.47415188488077
196.38592091689105 148.23708231906568
197.35725766926157 147.9993746971973
198.32824916449903 147.7602606738182
199.29867857820943 147.51887560177428
200.26835721331793 147.27449200041343
201.23716496398356 147.02667847727525
202.20506535438346 146.77534436844053
203.17209782795803 146.52069128078546
204.1383563572379 146.26311710779078
205.10396412352117 146.0031139507072
206.06905133268583 145.74118518423285
207.03366153103886 145.47750514093542
207.997664493407 145.2116136432425
208.96076045469704 144.94245538246125
209.92256882541182 144.66873169327266
210.88267462977674 144.38909470640436
211.84068892623992 144.10237427153413
212.79633588280478 143.8078595954851
213.74974282339213 143.50617233085512
214.70189821794554 143.20055802388822
215.6549527044357 142.89775917022297
216.6119821720951 142.6077684841112
217.57611773789685 142.34235821536458
218.54941170120446 142.11279589051787
219.53207976814048 141.92742202444114
220.5225714044742 141.78984906796737
221.5183817000426 141.6984058875763
222.51706064306597 141.64702136887925
223.5168637897478 141.62718030325377
224.5168591201707 141.63023630267082
225.51667567430496 141.64938984226916
226.5161789646192 141.68090448412084
227.51523103191676 141.72443570083362
228.5135396386458 141.78257282950972
229.5105517178998 141.8598186308301
230.50539266975593 141.96126556528344
231.49691368199726 142.09121202458087
232.48391289458164 142.25193711396574
233.4655241608466 142.44282797792118
234.44165725582434 142.660001136689
235.4132986033606 142.89646062953693
236.3825012146861 143.14272532087494
237.35200428180985 143.3878044975457
238.32456424230134 143.62045686320926
239.30219208727175 143.83079895775643
240.28552666882243 144.0126040751943
241.2736391596983 144.16633665266295
242.26435977105024 144.30225085443172
243.2544778505135 144.4424870434842
244.23836109483605 144.62129912792295
245.1973581924904 144.90471501789835
246.0978595664758 145.33956818328926
246.89117859300956 145.948374328248
247.52235969256554 146.72400982225489
247.94920113237976 147.62833630381857
248.1605898158689 148.60573838305348
248.17805853318168 149.6055857933694
248.04101867149444 150.59615132694543
247.79051504751146 151.56426698861577
247.46065751530958 152.50829771293024
247.07680121427202 153.43169055465785
246.65676302477902 154.3391969840386
246.2127117202454 155.2351983450543
245.7528340287911 156.12318061340352
245.28258755121175 157.00571574036687
244.80558595816217 157.8846181696661
244.32420770852258 158.76113113635512
243.8400092318713 159.636089326904
243.35400319774914 160.51004478045803
242.86684474268392 161.3833583780039
242.3789553345183 162.2562638284393
241.89060463848995 163.12891129316296
241.40196427847388 164.00139659307544
240.91314291732792 164.87378049760795
240.42420900618427 165.74610132765488
239.93520544982135 166.61838311805545
239.44615900726745 167.49064086495449
238.95708628497087 168.3628838771394
238.46799753755198 169.2351179037333
237.9788990657422 170.10734647748754
237.48979472153127 170.97957175829174
237.00068684807877 171.85179506004812
236.5115768636237 172.72401717803547
236.02246562233893 173.59623859123792
235.53335363616486 174.4684595867321
235.04424121045977 175.34068033575204
234.55512852650958 176.21290093995663
234.0660156914516 177.08512145942493
233.57690276832415 177.95734192950673
233.0877897940611 178.82956237091332
232.59867679021403 179.7017827957302
232.10956376930977 180.57400321098194
231.6204507386027 181.4462236207366
231.1313377022791 182.31844402734166
230.64222466274674 183.19066443214734
230.1531116213862 184.06288483592786
229.66399857898665 184.93510523912573
229.17488553599802 185.80732564199326
228.6857724926761 186.67954604467388
228.19665944916602 187.551766447249
227.70754640554998 188.4239868497647
227.2184333618743 189.29620725224694
226.72932031816515 190.16842765471043
226.24020727443718 191.04064805716337
225.7510942306987 191.91286845961042
225.26198118695436 192.78508886205418
224.77286814320672 193.6573092644961
224.28375509945727 194.52952966693698
223.7946420557068 195.4017500693773
223.3055290119557 196.27397047181728
222.81641596820435 197.1461908742571
222.32730292445277 198.01841127669678
221.83818988070112 198.89063167913645
221.34907683694945 199.76285208157606
220.85996379319772 200.63507248401567
220.370850749446 201.50729288645528
219.8817377056942 202.37951328889488
219.39262466194248 203.2517336913345
218.90351161819075 204.1239540937741
218.414398574439 204.9961744962137
217.92528553068723 205.8683948986533
217.48761133521526 206.6488859687417
218.4333572884616 206.97379301993973
218.43335728846375 206.97379301994047
219.37910324171008 207.2987000711385
220.3248491949564 207.62360712233658
221.27059514820272 207.94851417353465
222.21634110144905 208.27342122473266
223.16208705469535 208.5983282759307
224.10783300794168 208.92323532712876
225.05357896118798 209.24814237832683
225.9993249144343 209.57304942952481
226.9450708676806 209.8979564807229
227.89081682092694 210.22286353192098
228.83656277417325 210.54777058311902
229.78230872741958 210.87267763431703
230.72805468066588 211.1975846855151
231.6738006339122 211.52249173671314
232.6195465871585 211.8473987879112
233.5652925404048 212.1723058391092
234.51103849369514 212.49721289017913
235.45678444697074 212.82211994129193
236.40253040022085 213.1470269924789
237.3482763534556 213.4719340437107
238.29402230668555 213.79684109495636
239.23976825991673 214.12174814619854
240.1855142131513 214.44665519743089
241.13126016638932 214.77156224865308
242.07700611963017 215.09646929986704
243.022752072873 215.42137635107517
243.9684980261172 215.74628340227937
244.91424397936228 216.07119045348108
245.85998993260787 216.39609750468125
246.80573588585378 216.72100455588054
247.75148183909954 217.04591160708017
248.69722779234587 217.37081865827824
249.6429737455922 217.69572570947628
250.58871969883853 218.02063276067432
251.53446565208483 218.3455398118724
252.48021160533114 218.67044686307048
253.42595755857747 218.9953539142685
254.37170351182377 219.32026096546656
255.3174494650701 219.64516801666463
256.26319541831646 219.97007506786267
257.20894137156273 220.29498211906073
258.15468732480906 220.61988917025877
259.1004332780554 220.9447962214568
260.0461792313017 221.2697032726549
260.99192518454805 221.59461032385295
261.9376711377944 221.91951737505102
262.8834170910407 222.24442442624905
263.82916304428704 222.56933147744712
264.7749089975334 222.8942385286452
265.72065495077965 223.21914557984326
266.666400904026 223.54405263104127
267.6121468572723 223.86895968223934
268.55789281051864 224.1938667334374
269.5036387637649 224.51877378463547
270.44938471701124 224.84368083583354
271.3951306702576 225.16858788703155
272.3408766235039 225.49349493822965
273.28662257675023 225.81840198942768
274.23236852999656 226.14330904062572
275.1781144832429 226.4682160918238
276.1238604364892 226.79312314302183
277.06960638973555 227.11803019421995
278.0153523429819 227.442937245418
278.9610982962282 227.76784429661606
279.90684424947455 228.0927513478141
280.8525902027209 228.41765839901214
281.7983361559672 228.7425654502102
282.74408210921354 229.0674725014083
283.68982806245987 229.39237955260634
284.6355740157062 229.71728660380438
285.5813199689525 230.04219365500242
286.52706592219886 230.36710070620052
287.4728118754452 230.69200775739858
288.4185578286915 231.01691480859662
289.3643037819378 231.34182185979466
290.31004973518407 231.6667289109927
291.2557956884304 231.99163596219074
292.20154164167667 232.3165430133888
293.147287594923 232.64145006458685
294.0930335481693 232.96635711578494
295.0387795014156 233.29126416698296
295.98452545466193 233.616171218181
296.9302714079082 233.94107826937906
297.87601736115454 234.2659853205771
298.8217633144008 234.5908923717752
299.76750926764714 234.91579942297324
300.7132552208935 235.24070647417125
301.65900117413975 235.56561352536934
302.6047471273861 235.89052057656738
303.5504930806324 236.2154276277654
304.4962390338787 236.5403346789635
305.441984987125 236.86524173016153
306.38773094037134 237.1901487813596
307.33347689361767 237.51505583255766
308.279222846864 237.8399628837557
309.2249688001103 238.1648699349538
310.1707147533566 238.48977698615178
311.1164607066029 238.81468403734985
312.0622066598492 239.13959108854792
313.00795261309554 239.46449813974593
313.9536985663418 239.789405190944
314.89944451958814 240.1143122421421
315.8451904728345 240.43921929334016
316.7909364260808 240.76412634453817
317.73668237932714 241.0890333957362
318.68242833257347 241.4139404469343
319.6281742858198 241.73884749813237
320.5739202390661 242.06375454933044
321.51966619231246 242.38866160052848
322.4654121455588 242.7135686517265
323.41115809880506 243.03847570292461
324.3569040520514 243.36338275412263
325.3026500052977 243.68828980532072
326.24839595854405 244.01319685651873
327.1941419117903 244.33810390771683
328.13988786503666 244.66301095891487
328.59853146661993 244.82057604246586
329.5483232964881 244.50769350873207
330.4981151263563 244.19481097499832
331.4479069562245 243.88192844126453
332.39769878609263 243.56904590753075
333.34749061596074 243.25616337379697
334.29728244582896 242.94328084006318
335.2470742756971 242.63039830632943
336.1968661055653 242.31751577259564
337.1466579354335 242.00463323886189
338.0964497653017 241.69175070512813
339.0462415951699 241.37886817139434
339.996033425038 241.06598563766056
340.9458252549062 240.75310310392678
341.89561708477436 240.440220570193
342.84540891464246 240.1273380364592
343.7952007445107 239.81445550272542
344.7449925743789 239.50157296899167
345.694784404247 239.1886904352579
346.6445762341152 238.87580790152407
347.59436806398344 238.56292536779034
348.54415989385154 238.25004283405656
349.49395172371976 237.93716030032277
350.44374355358786 237.62427776658902
351.3935353834561 237.31139523285526
352.3433272133243 236.99851269912148
353.2931190431924 236.6856301653877
354.2429108730606 236.3727476316539
355.19270270292884 236.05986509792012
356.14249453279695 235.7469825641864
357.09228636266505 235.43410003045256
358.04207819253327 235.1212174967188
358.99187002240143 234.80833496298501
359.9416618522696 234.49545242925126
360.8914536821378 234.18256989551747
361.84124551200597 233.8696873617837
362.79103734187413 233.55680482804993
363.74082917174235 233.24392229431615
364.6906210016105 232.93103976058234
365.64041283147867 232.61815722684858
366.5902046613469 232.3052746931148
367.53999649121505 231.99239215938104
368.4897883210832 231.67950962564728
368.6599748579799 231.623446398741
369.60976668784804 231.31056386500714
370.55955851771614 230.9976813312733
371.5093503475843 230.68479879753937
372.45914217745246 230.37191626380553
373.40893400732057 230.05903373007163
374.35872583718873 229.74615119633776
375.30851766705683 229.4332686626039
376.258309496925 229.12038612887005
377.2081013267932 228.80750359513618
378.15789315666126 228.49462106140226
379.1076849865294 228.18173852766844
380.0574768163976 227.86885599393466
381.00726864626574 227.55597346020085
381.9570604761339 227.24309092646706
382.90685230600207 226.9302083927333
383.8566441358703 226.6173258589995
384.80643596573844 226.3044433252657
385.7562277956066 225.9915607915319
386.70601962547477 225.67867825779808
387.6558114553429 225.36579572406433
388.6056032852111 225.05291319033051
389.55539511507925 224.7400306565968
390.5051869449474 224.427148122863
391.4549787748156 224.11426558912925
392.40477060468373 223.80138305539543
393.3545624345519 223.48850052166165
394.30435426442 223.17561798792784
395.2541460942882 222.86273545419408
396.20393792415643 222.5498529204603
397.15372975402454 222.23697038672645
398.1035215838927 221.92408785299273
399.05331341376086 221.61120531925894
400.003105243629 221.2983227855251
400.9528970734972 220.98544025179132
401.9026889033653 220.6725577180575
402.8524807332335 220.35967518432375
403.8022725631017 220.04679265058996
404.7520643929698 219.73391011685615
405.70185622283805 219.4210275831224
406.6516480527062 219.10814504938855
407.60143988257437 218.79526251565477
408.5512317124426 218.482379981921
409.50102354231075 218.16949744818723
410.4508153721789 217.85661491445342
411.4006072020471 217.54373238071963
412.3503990319153 217.23084984698585
413.30019086178345 216.91796731325206
414.2499826916516 216.60508477951825
415.19977452151977 216.29220224578447
416.14956635138793 215.97931971205065
417.0993581812561 215.66643717831687
418.0491500111243 215.35355464458308
418.9989418409925 215.0406721108493
419.9511327922688 214.73516860463786
420.9098574771112 214.45083257337575
421.8785067108621 214.20240016414982
422.8580967092752 214.00139410700473
423.84728153969 213.85471973542863
424.8431594697255 213.76401610557667
425.84252163795077 213.7283053688148
426.84236554105314 213.7459736859121
427.8399592291496 213.8153050169974
428.8328435634443 213.93438775593165
429.8188605681923 214.1010324868651
430.79616774437886 214.3128594997183
431.75294877422436 214.60366882028381
432.6682903774531 215.00634704094983
433.5216301345723 215.5277022547147
434.3042280814037 216.1502297268919
435.0216473227848 216.8468714081716
435.6876148584055 217.5928521327881
436.31703984952867 218.36991337911917
436.9222732046777 219.16596148433337
437.51221651601463 219.97340615080208
438.0927848987952 220.7876176423174
438.6677169713648 221.60581878624885
439.2393022545043 222.4263614506474
439.8089152097356 223.24827451249317
440.377370870106 224.0709884130642
440.9451490103031 224.894170035499
441.51253090029945 225.7176248253352
442.0796810986848 226.54123920869154
442.64669580352523 227.36494687801036
443.213631244638 228.18870910439017
443.78052029804945 229.01250325411587
444.3473821934127 229.83631609183152
444.9142281834636 230.66013987369462
445.48106485579945 231.48397006669268
446.0446369151508 232.31003697313457
446.60204867105926 233.14027316505533
447.15235520462943 233.97523587027635
447.69618135708896 234.81443377059608
448.23486086298215 235.65694453606483
448.76980377252903 236.5018327437737
449.3021948997323 237.3483312302905
449.8329166716601 238.19587733570415
450.3625793483866 239.0440857115664
450.89158477697777 239.89270415145626
451.42018879664033 240.74157268685886
451.9485504770428 241.59059208279882
452.47676706950597 242.43970175265696
453.0048973197597 243.28886512843744
453.532976409248 244.13806032110233
454.0610252777598 244.987274306187
454.5885652558136 245.83680451256876
455.1151705981025 246.68691439574434
455.640708979237 247.53768428822679
456.16528089628 248.38905042793974
456.6890890553881 249.24088668711863
457.2123446247686 250.0930624959235
457.7352236938232 250.94546937010077
458.25785682406934 251.7980270579842
458.7803340647333 252.65068028936733
459.30271461640535 253.50339276097472
459.82462976515103 254.3563901686553
460.3457445984671 255.20987674177638
460.8659604636671 256.06391154996294
461.38536714745436 256.9184387273172
461.904136343076 257.77335306318605
462.582510921745 258.5080692880074
463.33867860498475 259.16244718710226
464.12353167160876 259.7821290924463
464.9182103167951 260.38915944661716
465.7161369993605 260.9919139648501
466.50664701003996 261.60436308356583
467.292939420895 262.2222176333038
468.0578475388724 262.8663570367346
468.8113494850094 263.5238027129451
469.53185540292986 264.21725150142305
470.2161854630107 264.9464238876732
470.8684206997633 265.70444050750297
471.49328661488624 266.485172592227
472.06503716911925 267.3056001050118
472.5594691128973 268.17481644918155
472.9709610483116 269.0862298499438
473.31066466964774 270.02676238508076
473.59688904349116 270.9849250058388
473.8472220706735 271.95308479404616
474.0751705075228 272.9267579990477
474.2898786245727 273.90343625951675
474.4970593980683 274.8817389361428
474.7000895366312 275.8609114249491
474.9008856112637 276.84054448707604
475.10050239757834 277.82041852929854
475.2995065190107 278.8004171821817
475.4981965241261 279.78047956890373
475.6967272509794 280.7605742329516
475.89517796335736 281.74068510155615
476.0935887977532 282.72080404372304
476.2919798921034 283.7009269817683
476.4903612718268 284.6810518861448
476.6887378947821 285.66117775329906
476.8871121987622 286.641304089809
477.0854853765186 287.6214306542622
477.2838580091361 288.6015573290489
477.4822303786523 289.5816840570859
477.68066467703454 290.56179824901744
477.87920972392806 291.5418900122488
478.0778746424819 292.5219574844853
478.2766414204342 293.50200430376617
478.47548306437136 294.4820359362334
478.6743746661048 295.4620574312833
478.8732973942084 296.4420726088412
479.072238554075 297.4220840449535
479.27119021201156 298.4020933499115
479.4701476697664 299.38210147743075
479.66910825468335 300.36210897008044
479.8680704927732 301.34211612710243
480.067033590771 302.32212310954446
480.2660709765347 303.3021150069948
480.4652404495781 304.2820800681106
480.6645527167252 305.2620160967189
480.8639862683673 306.2419274490766
481.0635089452584 307.2218206582613
481.263091088574 308.20170175720625
481.46271028020067 309.18157530942324
481.66235140938795 310.1614443922791
481.86209038142727 311.14129353528466
482.0619886568676 312.1211101913362
482.262055556984 313.1008924301412
482.46226453251586 314.0806456470874
482.6625775041523 315.06037760706124
482.86304209177206 316.04007855587696
483.06369685381975 317.01974057232326
483.2645362640096 317.9993647509319
483.47572984641727 318.9768090054804
483.7052061508797 319.9501232536502
483.9513533902637 320.9193557007668
484.20880688234195 321.8856463917168
484.464817642457 322.85232032366355
484.70552087028597 323.8229190853116
484.9211403425834 324.7993965521106
485.1076183538522 325.7818556867891
485.26581217878254 326.7692637654242
485.39978176058946 327.76024920989374
485.51516549146186 328.7535702026499
485.6180902816744 329.748259343819
485.71468159530957 330.74358347099076
485.8110314381176 331.73893100215304
485.9134047963009 332.7336770479026
486.02847333683246 333.72703460235107
486.16342228165223 334.7178871556061
486.3258516384987 335.70460733074924
486.523464827402 336.6848874068354
486.7635956943766 337.6556279317575
487.05266697409127 338.61293550785
487.39569714039635 339.552259895378
487.79596522429495 340.46865798628176
488.25490999261274 341.3571227856034
488.77226155286394 342.21289574796293
489.34631489421497 343.0317136528012
489.9742187244583 343.81000458809837
490.6523663126703 344.54493033169575
491.3765582536444 345.23452878922603
492.14212043311875 345.8778907008733
492.94346834045064 346.4760892727663
493.77416006842884 347.03282193129155
494.6303093810721 347.5495504426595
495.5070193606034 348.03056978924565
496.40354524576287 348.4735611404469
497.3083591566531 348.89936835816343
498.2298192978419 349.2878412763963
499.15755564646764 349.6610774850345
