6.252691033496446
273424
628
0.0 100.0
0.0 101.0
0.0 102.0
0.0 103.0
0.0 104.0
0.0 105.0
0.0 106.0
0.0 107.0
0.0 108.0
0.0 109.0
0.0 110.0
0.0 111.0
0.0 112.0
0.0 113.0
0.0 114.0
0.0 115.0
0.0 116.0
0.0 117.0
0.0 118.0
0.5330870875981412 118.8460603743446
1.0661741751962808 119.6921207486892
1.599261262794418 120.53818112303381
2.132348350392551 121.38424149737841
2.6654354379906833 122.23030187172303
3.198547136051032 123.0763467389678
3.731690183282139 123.92237185159102
4.264725962373536 124.7684645523091
4.797439274464912 125.61476032041895
5.329489893836223 126.46147286811541
5.860423289012164 127.30888642116193
6.38969247694507 128.15734038379327
6.9219881319371055 129.0038989084545
7.4568136195665335 129.8488614506905
7.99374667356135 130.69248630542617
8.532482065803563 131.5349613360031
9.072852667325183 132.37638846476182
9.61481920759224 133.2167885297493
10.158432439741203 134.0561243706572
10.703781220232663 134.89433359729247
11.250957978601933 135.7313506790181
11.79990958325746 136.56720481446646
12.35025019337743 137.4021450595456
12.90115658863507 138.23671209919206
13.451382878214687 139.0717276860259
13.999383864581086 139.90820537188574
14.543504532822848 140.747212343485
15.08217007584247 141.5897320362895
15.631307537838257 142.42546407937078
16.18946574922639 143.25519862189628
16.755848106027486 144.07934122236324
17.330233854408046 144.89792598404483
17.912885634618306 145.71064789405943
18.504444011924125 146.5169100637284
19.10583027508237 147.31586848723026
19.71818359918211 148.10645270568142
20.342803319705247 148.88738177079142
20.980619774910735 149.65757016947651
21.632154268941974 150.41618917997351
22.297908842642094 151.16235996980475
22.97869771315382 151.89483967176747
23.675663443272665 152.6119441070068
24.39002576552336 153.31172012299234
25.136351093223965 153.9773014517814
25.904048788287263 154.61811363096848
26.688707246836486 155.23804193603866
27.488223883292672 155.83868588050976
28.30135223466425 156.4207703109799
29.127320547380457 156.98448685889093
29.965860675713643 157.52932670065636
30.8169548796498 158.0543397062346
31.68000753852323 158.55945366170553
32.55276609602363 159.04760578995024
33.430652276678586 159.52647513937143
34.30652583693199 160.00901581791476
35.17092182832614 160.51182748251864
36.01507009274265 161.04793727321695
36.83947390935057 161.61393934667808
37.653529799936784 162.19472588836263
38.46360602369306 162.78105046716246
39.27368224744933 163.36737504596226
40.11204373748372 163.91248972383045
40.95750558071567 164.44652555749596
41.803319825409176 164.98000307667888
42.64934834562723 165.51314071648463
43.49637421766236 166.04469238105085
44.344723028072714 166.57413009776107
45.19434348356098 167.10152471435848
46.04504525495076 167.62717335761204
46.896626279808956 168.15139636178247
47.748914988943866 168.67446801679844
48.60177591105138 169.196606166661
49.45510419965951 169.71798015130267
50.30881861692743 170.23872163586952
51.16285563378499 170.75893387509214
52.01716499123469 171.27869874671575
52.87170646609702 171.7980819075326
53.72644751742015 172.31713656282724
54.581361557039365 172.83590624665806
55.436426667308304 173.35442688964227
56.29162464491624 173.87272836474656
57.146940279044394 174.3908356567392
58.00236078816747 174.9087697766537
58.85787550674517 175.42654826818935
59.713475670896784 175.94418555346132
60.56915404561566 176.46169354280883
61.42490434018569 176.9790825969483
62.2807205679854 177.4963625832562
63.13659654721543 178.0135437006387
63.99252566636582 178.53063686728322
64.84850094627012 179.04765361768185
65.70451535513253 179.56460558045978
66.56135999342861 180.0801802751678
67.41756658539357 180.59681387054823
68.27363747546448 181.1136722952384
69.12969319110628 181.63055585245124
69.9857527755417 182.1474330021651
70.84182037590568 182.6642968755467
71.69790049732258 183.1811400100806
72.55399881900306 183.69795299716185
73.41012097348028 184.21472650326803
74.26116271104435 184.73982455213502
75.11751032580675 185.25622436109194
75.97394240738019 185.77248407252773
76.83039404352884 186.28871134315406
77.68686344210319 186.80490914371669
78.54334876208263 187.32108052674727
79.39984783653867 187.83722908622985
80.25635843439973 188.35335852324317
81.11287843999109 188.86947234791924
81.96940595778268 189.38557370547
82.82593935994552 189.9016652971273
83.68247729431363 190.4177493668179
84.53901866772016 190.9338277287387
85.39556261615672 191.44990181682752
86.2521084697673 191.96597274282755
87.10865571780448 192.4820413544287
87.96520397648182 192.99810828861146
88.82174461937782 193.51418786296728
89.67823262337616 194.030354792368
90.5345384590806 194.5468238773465
91.39039627478999 195.06403505209929
92.24537195204562 195.58270314568256
93.09886810205013 196.1038022935685
93.9501686544177 196.62848064221524
94.79851234564032 197.1579265616091
95.6431774747222 197.69322163884507
96.4835601296779 198.23521517501462
97.31923241026931 198.7844435787331
98.14997342104058 199.34110269616735
98.97577210467577 199.9050677075877
99.79680609832216 200.47594701293784
100.61340399461976 201.05315397388196
101.42599945453945 201.63598209478718
102.2350848445065 202.2236731971036
103.04117011230879 202.81547260655933
103.84475023117632 203.41066920648313
104.646282346749 204.00862093338554
105.44617211675016 204.60876787859772
106.2447677427839 205.2106358259747
107.04235978428099 205.81383308669504
107.839184856954 206.41804315245005
108.63543158009685 207.0230151814599
109.43124750580772 207.62855379491486
110.22674614026488 208.2345091749362
111.02201422523102 208.84076710109824
111.81711997435143 209.44723791467104
112.61212214956812 210.05384449343583
113.40707853035074 210.6605110844502
114.2020517318519 211.26715563350263
114.99711093150249 211.87368747030177
115.79232940954131 212.4800104635864
116.5877791058026 213.08603008432308
117.38352408151906 213.69166193092795
118.1796147255825 214.29683933172433
118.976083970448 214.90151837219403
119.77294601776607 215.5056796731262
120.57019740041805 216.10932711398843
121.36782157075535 216.71248188922752
122.16579868740791 217.31516963698655
122.96411986889436 217.9174015617382
123.76280179404345 218.51915498502726
124.56189612038187 219.1203606550053
125.47170540030501 219.5353872495336
126.42330105353125 219.8427399992544
127.39074169563972 220.09583801188342
128.36473017416193 220.3224355487322
129.34161309909322 220.536210549557
130.31982877464296 220.74380171533426
131.29867176133675 220.94841453849165
132.2778133389777 221.15159369818778
133.25709783000565 221.35408292168412
134.23645090783052 221.55624015987982
135.21583694475174 221.75823766155682
136.19523883001327 221.9601583072229
137.17464833824405 222.16204197468304
138.15406151361958 222.36390785070185
139.1334764532547 222.5657651666938
140.11289224170213 222.7676183641912
141.09230843853277 222.96946958015448
142.07172483184752 223.17131984274113
143.05114131969643 223.37316964662926
144.03055785302857 223.57501922982348
145.009974408244 223.77686870683527
145.98939097398815 223.97871813275944
146.96880754479798 224.18056753410391
147.94822411804512 224.38241692362203
148.92764069246488 224.58426630745038
149.9070572674488 224.78611568854123
150.86088246410432 225.0864779601818
151.82269862749325 225.3601742660461
152.7899892431497 225.61384504651346
153.76099829216054 225.85288777645746
154.73447833024943 226.08165974904674
155.70949327779104 226.30379901183127
156.68526216672814 226.52260274896207
157.6624597696881 226.73493467018278
158.6396573726481 226.9472665914035
159.61843427567007 227.15219529634916
160.59732825708141 227.35656401498457
161.57631333983755 227.56049588532596
162.5553919372766 227.7639783170905
163.5345663499719 227.96699917691242
164.51383821636716 228.16954944644257
165.49320850194428 228.37162330355574
166.47267751050077 228.57321809832325
167.45224490751596 228.77433427048476
168.43190975365735 228.9749752165422
169.41167054633337 229.17514711550632
170.39152526706155 229.37485872324794
171.3714714324257 229.57412114566654
172.35150614652557 229.7729476005442
173.3316261530588 229.97135317706181
174.3118278854841 230.16935460066898
175.29210751406913 230.36697000943352
176.2724609889986 230.56421874629564
177.2528840790788 230.76112116994145
178.2333724059091 230.9576984853914
179.21392147367632 231.15397259397636
180.1945266949628 231.3499659611744
181.17518341312984 231.54570149988373
182.15588692195016 231.74120246608985
183.15199816135154 231.65309798982307
184.1342633163225 231.84059509734718
185.11378437303873 232.04193684525245
186.09320400106995 232.243771411735
187.0726206548288 232.44562041059274
188.05203723216428 232.64746978027327
189.03145380771124 232.84931915863223
190.01087038321918 233.05116853718056
190.9902869587263 233.25301791573276
191.9697035342334 233.45486729428515
192.9409617313995 233.69289568426748
193.908707116055 233.94482597319274
194.8834917187298 234.16797385776295
195.86464524705644 234.36120365321955
196.85152557159518 234.52265712960943
197.83840589613388 234.68411060599928
198.82129318048203 234.86831860329238
199.80097304961387 235.0688861829703
200.78040131784616 235.27067881759174
201.75981829164687 235.47252626352812
202.73923487865045 235.674375586297
203.7186514544535 235.87622496341325
204.6980680299676 236.0780743419316
205.67748460547486 236.2799237204831
206.65690118098195 236.48177309903545
207.63631775648906 236.6836224775877
208.61573433199615 236.88547185614007
209.59515090750324 237.0873212346924
210.57456748301036 237.2891706132447
211.55398405851744 237.491019991797
212.53340063402456 237.69286937034926
213.51281720953165 237.8947187489016
214.49223378503874 238.09656812745393
215.47165036054585 238.29841750600622
216.45106693605294 238.50026688455847
217.43048351156003 238.70211626311084
218.41311382777496 238.88769013426554
219.39445435380736 239.0799679852169
220.37141065022433 239.29340742602201
221.34802762770596 239.50839412164436
222.32723695944878 239.71124649315567
223.30664422201167 239.91314105484332
224.28606047737856 240.11499198677842
225.26547704358913 240.31684141043948
226.2448936188559 240.51869079015796
227.2243101943573 240.720540168738
228.20372676986423 240.92238954729092
229.18373931483723 241.1213252446796
230.16408164086712 241.318629385017
231.14458375581626 241.51513791557062
232.12516259162527 241.71126324989393
233.105778288668 241.90720419689927
234.08641170835241 242.10305642741525
235.06705365202248 242.29886597344145
236.04769969615148 242.49465498266855
237.02834771296938 242.69043411105335
237.96466633330533 243.04158570397604
238.8649331341025 243.476924293332
239.74508423526404 243.95161791992092
240.61511798855472 244.44461007821047
241.4802466504913 244.94616007401925
242.34303328386247 245.45172829421907
243.16000240256437 246.0284097132777
243.98897988162062 246.58769169869967
244.82661028313908 247.1339291108677
245.6703623868753 247.67066217994466
246.51837093675414 248.20064472619725
247.3692894834192 248.72594238176163
248.22216443695612 249.24805761198323
249.07633271059916 249.76805430457046
249.93134158340047 250.28666767446276
250.78688781878574 250.80439408784926
251.64277260170275 251.32156063585012
252.49886895406976 251.838376885076
253.3550986662271 252.3549721618827
254.21139513938638 252.87145676964462
255.06769161254567 253.38794137740652
255.92414147147767 253.9041715965291
256.78060044562784 254.42038669278034
257.63710449471733 254.9365269972454
258.4936913862807 255.4525298046038
259.3503247752018 255.96845541647588
260.20708025600203 256.48417825494505
261.0639202469467 256.99976067310723
261.92091963077917 257.51507810548327
262.77805322166313 258.0301722787937
263.6353770333897 258.5449497859233
264.49289553699754 259.0594029091233
265.3496658184772 259.5751011588521
266.2061420570473 260.091287610403
267.0626201079191 260.60747105490196
268.0549380434832 260.73118489712573
268.93703026731214 261.202261651658
269.7976525060819 261.7115055638798
270.6564525608431 262.2238164713785
271.51512543692525 262.736340511674
272.3737881108056 263.2488816441548
273.23244891353534 263.76142591137034
274.0911089917992 264.27397139227503
274.94976873640155 264.7865174321577
275.8084283240739 265.29906373494254
276.667087837779 265.8116101616432
277.52574731661315 266.32415664676256
278.3844067790075 266.8367031594233
279.2430662336515 267.34924968506806
280.1017256846414 267.86179621683453
280.96266301562775 268.37050724690386
281.8250412452779 268.8767717914115
282.6881322007652 269.3818203064633
283.5515612073252 269.8862906729179
284.4151496149318 270.39048811663173
285.2788131496841 270.8945568606927
286.14251209611245 271.3985649260434
287.00622773552345 271.90254438419305
287.8699512443267 272.4065103556043
288.73367846299385 272.9104699688011
289.59740743061855 273.4144265844795
290.46113722276607 273.91838178700925
291.3286146110366 274.4158584003684
292.1984518982261 274.9091971215476
293.0694533434732 275.4004775734053
293.9410062071807 275.89077911915376
294.81281890552816 276.38061849997166
295.68475402392386 276.8702399346621
296.55674683486063 277.35975861425936
297.4337508816196 277.840241602479
298.313891299608 278.314955036693
299.19557415483854 278.78679753455896
300.07798650001774 279.25727437041314
300.960742326553 279.72710641563583
301.85078501618864 280.1829836037316
302.74532519210806 280.62997115799476
303.6420627627257 281.0725338421907
304.5471284510294 281.4978056374644
305.4571602656399 281.9123440511208
306.37620373602584 282.3065002378551
307.3003828729677 282.68845955878015
308.23411439760923 283.0464336359011
309.1772305758466 283.378896978763
310.1282689057304 283.68796993955334
311.08337022123186 283.9842493298717
312.0445100769106 284.26031123927925
313.01072106071916 284.5180637072942
313.9808901314043 284.76049302541793
314.9543742387137 284.989247681799
315.9309220097365 285.20454851995424
316.9105204836699 285.40551326777666
317.8932568552124 285.590524683769
318.87920601680594 285.75757033846554
319.86834816011617 285.9045323074494
320.86051918918366 286.02941885227773
321.85539362936345 286.13053684413353
322.8524960642452 286.2066074320958
323.85123412558823 286.2568297859303
324.8509444079091 286.2808995059518
325.85086166026406 286.268035274812
326.84915781936246 286.2096847929855
327.8436857724477 286.1052139811187
328.8331209511014 285.96023802710374
329.8172994898668 285.7830584463566
330.7968767758903 285.5819904461507
331.77283992905296 285.3640548509192
332.74616643601195 285.1346305478235
333.71766626034196 284.89759027418484
334.6879463763735 284.65560577791723
335.65743363519044 284.41046407401603
336.6264156527353 284.1633328342371
337.5950805036099 283.91496132484025
338.5635485327227 283.6658234582153
339.53189551549804 283.4162155237464
340.5001685833776 283.1663210139645
341.4683967744368 282.9162526832261
342.43659784562044 282.6660793717819
343.4047825903448 282.41584288346917
344.3729575373956 282.1655684902463
345.34112662020107 281.91527141255733
346.30929220074944 281.66496078824935
347.27745569351373 281.41464208883093
348.2456179436158 281.1643185831883
349.21377945503593 280.91399222060386
350.1819405278363 280.6636641616211
351.1501013404289 280.4133350962689
352.1182619987744 280.16300543435904
353.08642256574433 279.9126754190502
354.0545830786129 279.66234519450256
355.0227435594642 279.412014846127
355.99090402137494 279.1616844244984
356.95906447208466 278.91135395954944
357.9271869984254 278.66087686680123
358.89523578948183 278.4101149515627
359.86319645092254 278.1590130640685
360.8310731367475 277.9075876854041
361.79887964663175 277.65589231511376
362.766632277131 277.4039898614501
363.73434589207113 277.1519375663612
364.70203242613434 276.89978132155903
365.6697007495486 276.6475552010627
366.63735712146587 276.3952832329651
367.60500579775044 276.14298174806135
368.57264959332434 275.8906615449715
369.5402903310337 275.6383296153128
370.50805954083415 275.3864908641997
371.4760801362506 275.13562012686754
372.4444002313402 274.88590790560943
373.4130042893165 274.6372994204933
374.3818445018593 274.3896128391853
375.35086530378635 274.1426337197589
376.32034439889316 273.8974597322505
377.29054456692796 273.6551548954327
378.2619072881571 273.41755341436334
379.2346848834943 273.18581271873586
380.2093636453417 272.9622029890647
381.186556626363 272.7498497977943
382.16674510649864 272.5517827803246
383.1501379128129 272.37029286741125
384.13667058224206 272.2067285309899
385.1260793848294 272.06157267901443
386.1179899155168 271.93463372080424
387.1119891672118 271.82524684942643
388.1076732848722 271.73243985702373
389.10467451312763 271.6550541292882
390.1026737428839 271.59182804759797
391.1014041718907 271.541454143879
392.10064982638653 271.50261959777396
393.1002412404481 271.47403629960314
394.10004968294277 271.4544639130256
395.0999808157537 271.4427280860214
396.099968357464 271.437736450595
397.0999680681906 271.4384970730745
398.0999521091572 271.44414665820693
399.09990358834983 271.45399750895336
400.099810913713 271.4676114975354
401.09966136801785 271.48490510983555
402.0994491726192 271.50550476445426
403.0991729339676 271.52900797690074
404.09880882005797 271.55599121688977
405.09827069620644 271.5887930175379
406.0973534741535 271.6316136061552
407.09564407184706 271.6900591582246
408.092407131144 271.7704544542378
409.08586988656333 271.65629774793155
410.07760776730925 271.7845785956591
411.06105702445063 271.965762365981
412.0353136803691 272.1912040843885
412.99811261269105 272.4614229140797
413.94713137036183 272.77664251624475
414.88023774142226 273.1362429893901
415.7956688780862 273.5387176271329
416.6920969589529 273.98190685966637
417.5685667353106 274.4633637436462
418.42443927428474 274.9805505542184
419.25944846532497 275.5307865498406
420.07382212490506 276.1111274346507
420.868387945402 276.7183054620019
421.64464847478797 277.34871770055497
422.4047887900563 277.99847665671
423.08244127959216 278.73385894057725
423.7364950338692 279.49030701316127
424.4157765845886 280.2241847787681
425.0680117349394 280.9822014729424
425.7526510270965 281.7110835207627
425.77099731527835 281.7081935220874
426.05494214624315 282.0268531383866
426.3101146734711 281.6232690711563
425.7702761297803 281.70738416523704
426.05494214624315 282.0268531383866
426.31011467347355 281.6232690711523
427.2981921338421 281.4693115045579
428.2872280954691 281.3216366366603
429.27747009580946 281.18227817526645
430.2688744435943 281.05144461996287
431.2612630495462 280.9282989550906
432.2541179293598 280.8089708878545
433.2477912446912 280.69666175021086
434.2418507077914 280.58782341220035
435.2363265054729 280.4828572851603
436.2310239367286 280.3800126438155
437.2250451760843 280.27082575948526
438.21906641544 280.16163887515506
439.2077398305968 280.011555970858
440.1880129559085 279.8139083050699
441.1505372204965 279.5427127297386
442.10400861511215 279.2412292316003
443.04552934436856 278.9042741657822
443.9778409879022 278.54261825288756
444.90276778253724 278.16247298517254
445.8243628857664 277.7743203532041
446.7463438543431 277.3870851616442
447.67413503158446 277.01398526693373
448.6120034278505 276.6669940980469
449.5629955389503 276.35777895510296
450.5286578119645 276.0979783113835
451.5090900870654 275.9011216276249
452.50139674537235 275.77731736324097
453.5003398629383 275.7313538139039
454.4998304043962 275.7632702287432
455.49415048428966 275.86970132720955
456.47862438535776 276.0452323447413
457.4561298498535 276.25614243667866
458.4265795330095 276.4974460057828
459.3902355776373 276.7645920850207
460.3475609634107 277.05360437845104
461.29909787369155 277.36113894296875
462.2453777777513 277.6844875832514
463.1868620559322 278.0215444834006
464.1239083724722 278.37074958167193
465.0567563742195 278.7310197658892
465.9855262920637 279.1016765339479
466.91022502760785 279.4823762167467
467.83075570754113 279.87304649626833
468.74692804885865 280.27383102816157
469.6584679758347 280.68504260573263
470.565025700681 281.1071244597863
471.46618195340693 281.5406188751747
472.36145229273933 281.98614218490343
473.2502895288452 282.44436523944313
474.1320843140861 282.91599852571744
475.0061635967771 283.4017818185244
475.8717859376386 283.90247929505244
476.7281325825398 284.4188807123302
477.5742946328875 284.9518063962219
478.4092595358041 285.50210959528357
479.2319030890179 286.0706670544341
480.0409945473384 286.6583498022436
480.835221256772 287.26597134072153
481.6132356897789 287.8942177430455
482.3737226601372 288.5435709350105
483.1154795091353 289.2142398376476
483.83749885564737 289.90611270404884
484.53904283161353 290.6187388681669
485.2196991292011 291.35134176507233
485.87941177253833 292.10285971443943
486.51848277471925 292.8720074597859
487.1375444082167 293.65734986532084
487.7375053141648 294.45737918436726
488.31947639602987 295.27058866529626
488.8846837223101 296.09553755966436
489.43437563822704 296.9309050222673
489.9697307497046 297.7755321024719
490.4917730275538 298.62845171189474
491.0012999956263 299.48890639914265
491.49882939420763 300.35635351427266
491.98456846061157 301.2304573750175
492.4584079865013 302.1110685853167
492.91994088570857 302.99819167877627
493.36850260018855 303.8919435393633
493.80322871645865 304.7925062544657
494.2231239273236 305.70007884764635
494.6271360252818 306.6148324891824
495.0126555991557 307.5375321467959
495.3761685146719 308.46912130530563
495.7134931628725 309.4105096851555
496.02088109301656 310.36209397485436
496.29627641776733 311.3234250391113
496.53990447443516 312.293293777655
496.7540503725756 313.2700954639299
496.9424299253419 314.25219176475764
497.1093001901778 315.23817062594765
497.25876228083854 316.2269380826609
497.394379748026 317.21769935693123
497.51904954199557 318.209897644811
497.6350240875322 319.20314983070716
497.74400377795837 320.19719380713605
497.8472497615721 321.1918496606189
497.9456908063311 322.18699254518714
498.04001319348686 323.18253425063256
498.1307310421278 324.17841088553166
498.2182385964651 325.1745747414981
498.3028476197884 326.17098896920277
498.38481331091367 327.1676241208397
498.46373319020734 328.16450508296725
498.5383891709672 329.1617144313675
498.6069479101982 330.15936151289236
498.6673493874746 331.1575356768251
498.71765717657206 332.1562694383232
498.75621682343524 333.15552573859543
498.80193996663553 334.1544798887825
498.85252861746164 335.15319946324155
498.9063273624963 336.15175126211466
498.9621623818276 337.1501912706361
499.0192114322749 338.1485626473508
499.0769033253914 339.14689708303285
499.134842608188 340.14521719177003
499.1927544822113 341.14353889084657
499.25063901711144 342.14186217546904
499.30925601427475 343.14014272102906
499.4044725274279 344.13559930753746
