0.7696030456939544
120579
733
0.0 100.0
0.0 101.0
0.0 102.0
0.0 103.0
0.0 104.0
0.0 105.0
0.0 106.0
0.0 107.0
0.0 108.0
0.0 109.0
0.0 110.0
0.0 111.0
0.0 112.0
0.0 113.0
0.0 114.0
0.0 115.0
0.0 116.0
0.0 117.0
0.0 118.0
0.0 119.0
0.0 120.0
0.0 121.0
0.0 122.0
0.0 123.0
0.0 124.0
0.0 125.0
0.0 126.0
0.0 127.0
0.0 128.0
0.0 129.0
0.0 130.0
0.0 131.0
0.0 132.0
0.0 133.0
0.0 134.0
0.0 135.0
0.0 136.0
0.0 137.0
0.0 138.0
0.0 139.0
0.0 140.0
0.0 141.0
0.0 142.0
0.0 143.0
0.0 144.0
0.0 145.0
0.0 146.0
0.0 147.0
0.0 148.0
0.0 149.0
0.0 150.0
0.0 151.0
0.0 152.0
0.0 153.0
0.0 154.0
0.0 155.0
0.0 156.0
0.0 157.0
0.0 158.0
0.9613700534391265 158.2752591875859
1.922740106878253 158.5505183751718
2.8841101603173795 158.8257775627577
3.845480213756506 159.1010367503436
4.806850267195633 159.3762959379295
5.768220320634759 159.65155512551542
6.729590374073886 159.92681431310132
7.690960427513012 160.20207350068722
8.652330480952138 160.47733268827312
9.613700534391265 160.75259187585903
10.575070587830393 161.02785106344493
11.536440641269518 161.30311025103083
12.497810694708644 161.57836943861673
13.45918074814777 161.85362862620264
14.420550801586897 162.12888781378854
15.381920855026015 162.40414700137447
16.343290908465146 162.67940618896034
17.304660961904275 162.95466537654625
18.2660310153434 163.22992456413215
19.227401068782527 163.50518375171805
20.188771122221652 163.78044293930395
21.15014117566078 164.05570212688986
22.1115112290999 164.3309613144758
23.07288128253903 164.60622050206166
24.034251335978155 164.88147968964756
24.995621389417277 165.1567388772335
25.956991442856413 165.43199806481937
26.91836149629554 165.70725725240527
27.879731549734664 165.98251643999117
28.841101603173794 166.25777562757708
29.802471656612923 166.53303481516298
30.76384171005205 166.80829400274888
31.725211763491174 167.08355319033478
32.6865818169303 167.35881237792069
33.647951870369425 167.6340715655066
34.60932192380855 167.9093307530925
35.57069197724768 168.1845899406784
36.5320620306868 168.4598491282643
37.49343208412593 168.7351083158502
38.45480213756505 169.0103675034361
39.41617219100418 169.285626691022
40.377542244443305 169.5608858786079
41.33891229788243 169.8361450661938
42.300282351321556 170.1114042537797
43.26165240476068 170.3866634413656
44.22302245819981 170.66192262895152
45.18439251163893 170.93718181653742
46.14576256507806 171.21244100412332
47.107132618517184 171.48770019170922
48.06850267195631 171.76295937929513
49.029872725395435 172.03821856688103
49.99124277883456 172.31347775446693
50.95261283227369 172.58873694205283
51.91398288571281 172.86399612963874
52.87535293915194 173.13925531722464
53.83672299259106 173.41451450481054
54.79809304603019 173.68977369239644
55.759463099469315 173.96503287998235
56.72083315290844 174.24029206756825
57.682203206347566 174.51555125515415
58.64357325978669 174.79081044274005
59.60494331322582 175.06606963032596
60.56631336666494 175.34132881791186
61.52768342010407 175.61658800549776
62.48905347354319 175.89184719308366
63.450423526982306 176.1671063806696
64.41179358042143 176.44236556825552
65.37316363386056 176.71762475584143
66.33453368729968 176.9928839434273
67.29590374073881 177.26814313101318
68.25727379417793 177.54340231859908
69.21864384761705 177.818661506185
70.18001390105617 178.09392069377094
71.1413839544953 178.36917988135684
72.10275400793444 178.64443906894275
73.06412406137358 178.9196982565286
74.0254941148127 179.1949574441145
74.98686416825183 179.4702166317004
75.94823422169094 179.7454758192863
76.90960427513006 180.0207350068722
77.87097432856919 180.2959941944581
78.83234438200832 180.571253382044
79.79371443544744 180.8465125696299
80.75508448888657 181.1217717572158
81.71645454232569 181.3970309448017
82.67782459576482 181.67229013238762
83.63919464920394 181.94754931997352
84.60056470264307 182.22280850755942
85.5619347560822 182.49806769514532
86.5233048095213 182.77332688273123
87.48467486296042 183.04858607031716
88.44604491639954 183.3238452579031
89.40741496983867 183.59910444548896
90.3687850232778 183.87436363307486
91.33015507671692 184.14962282066074
92.29152513015606 184.42488200824664
93.25289518359519 184.70014119583254
94.21426523703431 184.97540038341845
95.17563529047342 185.25065957100438
96.13700534391253 185.5259187585903
97.09837539735166 185.8011779461762
98.05974545079079 186.07643713376208
99.02111550422993 186.35169632134796
99.98248555766905 186.62695550893383
100.94385561110816 186.90221469651976
101.9052256645473 187.17747388410567
102.86659571798641 187.4527330716916
103.82796577142553 187.72799225927753
104.78933582486465 188.00325144686343
105.75070587830378 188.27851063444933
106.71207593174292 188.55376982203524
107.67344598518204 188.8290290096211
108.63481603862115 189.10428819720704
109.5961860920603 189.3795473847929
110.5575561454994 189.65480657237882
111.51892619893853 189.93006575996472
112.48029625237766 190.20532494755062
113.44166630581677 190.48058413513655
114.40303635925589 190.75584332272246
115.36440641269503 191.03110251030833
116.32577646613416 191.30636169789426
117.28714651957328 191.58162088548016
118.24851657301241 191.85688007306607
119.20988662645155 192.13213926065194
120.17125667989069 192.4073984482378
121.13262673332981 192.68265763582372
122.09399678676894 192.9579168234096
123.05536684020805 193.23317601099552
124.01673689364718 193.50843519858145
124.9781069470863 193.78369438616738
125.93947700052543 194.05895357375329
126.90084705396455 194.3342127613392
127.8622171074037 194.60947194892503
128.8235871608428 194.88473113651094
129.78495721428192 195.15999032409684
130.74632726772103 195.43524951168274
131.70769732116014 195.71050869926864
132.66906737459928 195.98576788685455
133.6304374280384 196.26102707444045
134.59180748147753 196.53628626202635
135.55317753491664 196.81154544961225
136.51454758835575 197.08680463719816
137.47591764179487 197.36206382478406
138.43728769523398 197.63732301236996
139.3986577486731 197.91258219995586
140.3600278021122 198.18784138754177
141.32139785555134 198.46310057512767
142.28276790899048 198.73835976271357
143.2441379624296 199.01361895029947
144.2055080158687 199.28887813788538
145.1668780693078 199.56413732547128
146.12824812274695 199.8393965130572
147.0896181761861 200.11465570064308
148.0509882296252 200.389914888229
149.01235828306432 200.6651740758149
149.97372833650346 200.9404332634008
150.9350983899426 201.2156924509867
151.8964684433817 201.4909516385726
152.85783849682082 201.7662108261585
153.81920855025996 202.04147001374443
154.7805786036991 202.3167292013303
155.7419486571382 202.5919883889162
156.70331871057732 202.8672475765021
157.66468876401643 203.14250676408798
158.62605881745554 203.41776595167386
159.58742887089468 203.69302513925973
160.5487989243338 203.96828432684566
161.51016897777293 204.24354351443154
162.47174959737185 204.518066212968
163.43356351889747 204.79177039700525
164.39569709367453 205.0643487972624
165.35819303323652 205.33564488335048
166.3210514236724 205.6056517720908
167.28424087063678 205.87447530018397
168.2477125653682 206.14228548193836
169.21141228963273 206.4092739488288
170.17528848594287 206.67562461653344
171.13929654830255 206.94149762325947
172.1034003196245 207.20702336235604
173.06757187374427 207.47230286444068
174.03179043696858 207.73741145037036
174.99604101623942 208.0024035641697
175.9603130572139 208.26731757096215
176.9245992847155 208.53217993418264
177.8888947734015 208.79700857783718
178.85319624052454 209.06181545181204
179.8175015280013 209.3266084134716
180.78180923432132 209.5913925661919
181.7461184592174 209.85617118840358
182.71042863008898 210.12094636540033
183.67473938600574 210.38571941165554
184.63905050132846 210.65049114894077
185.6033618360637 210.915262087114
186.56767330396383 211.18003254029236
187.53198485223953 211.44480270073757
188.49629644877677 211.70957268541076
189.4606080741508 211.97434256505824
190.42491971667516 212.2391123822428
191.3892313693546 212.5038821624418
192.35354302802193 212.76865192083255
193.31785469020588 213.03342166641545
194.28216635444727 213.29819140450502
195.246478019888 213.56296113822648
196.2107896860254 213.82773086941046
197.17510135256623 214.09250059912532
198.13941301933986 214.35727032799224
199.1037246862474 214.62204005637133
200.06803635323183 214.88680978447056
201.0323480202602 215.15157951240968
201.99665968731367 215.41634924025743
202.9609713543814 215.68111896805323
203.92528302145723 215.94588869581952
204.88959468853764 216.21065842356913
205.85390635562067 216.4754281513093
206.81821802270514 216.74019787904416
207.78252968979044 217.004967606776
208.7468413568762 217.2697373345062
209.7111530239622 217.53450706223546
210.67546469104835 217.79927678996415
211.63977635813455 218.06404651769256
212.60408802522085 218.3288162454208
213.56839969230714 218.59358597314898
214.53271135939343 218.8583557008771
215.49702302647978 219.1231254286052
216.46135056704654 219.3878373371104
217.4257475133238 219.65229627534285
218.39029988505942 219.91618777232446
219.35510349445255 220.17915924473544
220.32024063934148 220.4409039515695
221.2857655045895 220.70121479380973
222.25169978122904 220.9600022997153
223.21803591026782 221.2172851901576
224.1847443563459 221.4731655924578
225.15178192807295 221.7277993193446
226.11909926180755 221.98136819727836
227.08664658689355 222.23405807384432
228.05437759017136 222.48604359980754
229.02225159447298 222.7374793009265
229.99023443410076 222.98849567924898
230.95829843429453 223.23919887334284
231.92642184959476 223.48967253013623
232.894588034298 223.7399808176482
233.86278453451783 223.99017181860967
234.83102060057462 224.24020965651997
235.79935390572035 224.4898706469561
236.76790323753227 224.7386922534269
237.736835312879 224.98601923004742
238.70633170071386 225.2311248276481
239.6765513063774 225.47335182198628
240.64760240804196 225.7122236661957
241.61953073417806 225.9475007982216
242.59236322899676 226.17901092116415
243.56617824898154 226.40635274937011
244.5411443066606 226.6287064909032
245.51754908970022 226.84465486356987
246.4957996228274 227.05208170473642
247.47635960603486 227.2483012739242
248.45962598462637 227.43047489641535
249.44579461306625 227.59621999070487
250.43478180027347 227.74422115130838
251.42623917066527 227.87465229289566
252.41964601808385 227.98929449935508
253.4144256986441 228.09134050439417
254.41003312851103 228.18496659901396
255.40599018433375 228.27479723386054
256.2217728273165 228.3483769854046
257.1827003822277 228.12288413241922
257.1552875119046 228.43257561250903
257.18269868380537 228.12288453097386
257.1552875101145 228.43257563710966
257.06712085854565 229.4286813752475
256.97895268090844 230.42478697830978
256.89078288423957 231.4208924380656
256.8026116634604 232.41699777176598
256.71443935916386 233.41310300955718
256.6262663439282 234.40920818441788
256.5380929499337 235.40531332575162
256.4499194345213 236.40141845633767
256.36174597330074 237.3975235917207
256.2735726694962 238.39362874103787
256.18539957037694 239.38973390847337
256.0972743077506 240.38584330913528
256.00952219867304 241.38198565205244
255.92332103842756 242.3782634044751
255.84167067681267 243.37492443935514
255.77059265325312 244.37239519810794
255.72020238081183 245.3711248013757
255.7052279156489 246.37101267778638
255.74460434670215 247.37023712538436
255.85988145207196 248.36357049791224
256.0723426417388 249.3407400036201
256.3990914770909 250.2858512132648
256.84903183842505 251.17890981786059
257.4203343557983 251.99964938291333
258.1008389318675 252.73239321396815
258.8714540262848 253.36969406620057
259.7109060146453 253.91312792532023
260.59971450098953 254.37140674285644
261.5222696105056 254.75727209489753
262.4671747953572 255.0846162435248
263.42661604169956 255.36652490748725
264.3954409684346 255.6142712724186
265.37032154009137 255.83699951716142
266.34912309162956 256.04181046097654
267.33047379375273 256.23403636828965
268.31348644041327 256.41757420227896
269.2975831931982 256.59520747944885
270.282385743115 256.7688851627513
271.2676458845338 256.9399478814583
272.25320095450303 257.1093031413648
273.2389447693802 257.27755631795094
274.22480843254374 257.4451058260188
275.21074757396957 257.6122106117207
276.1967338559383 257.7790370238067
277.182749337494 257.9456907670366
278.1687827599836 258.1122383270111
279.1548271196766 258.27872112106974
280.14087809670696 258.44516471721454
281.1269330484505 258.6115847645102
282.11299037104857 258.77799076365324
283.09904909842913 258.9443884383866
284.0851086528802 259.1107812118948
285.0711686913073 259.27717111728913
286.057229011291 259.44355935411414
287.04328949415714 259.60994662565184
288.0293500707473 259.77633334175226
289.01541070098995 259.94271973989083
290.0015696139038 260.10852263033746
290.9883679606694 260.2704763978786
291.9772932352129 260.4188906875173
292.970700744291 260.5335271603667
293.96956595683366 260.58115369889344
294.9675036978982 260.5169644088295
295.94195250169287 260.292354683343
296.84873755273486 259.8707614300682
297.6302461811697 259.2468669969452
298.2395988113283 258.45396765142976
298.6632136824672 257.54812525843306
298.9212712374206 256.5819957131176
299.05065266747613 255.59040081319284
299.08866208963013 254.5911234323683
299.06543362095545 253.59139324964747
299.00270417728194 252.5933626805283
298.91517973906616 251.59720030786258
298.81241215055184 250.60249491290838
298.70042813347686 249.60878490494844
298.58294599448266 248.61570990928226
298.4622188511703 247.62302418012746
298.33959219805706 246.63057130772182
298.21586022653435 245.6382556325342
298.0914875398922 244.64602005827908
297.96674417890233 243.6538310168717
297.8417864403614 242.66166895169346
297.71670459055053 241.66952252558087
297.591550739324 240.67738517948249
297.46635500052264 239.68525311821946
297.3411348145472 238.6931241422167
297.2159003120645 237.70099697325705
297.0906573980462 236.70887086610725
296.9654095269106 235.71674538474107
296.84015872671284 234.7246202731499
296.71490619203814 233.73249538052926
296.5896513643942 232.7403707773912
296.46438654525144 231.74824743572185
296.33908488890427 230.7561287457877
296.21369461393834 229.764021252144
296.0881569941812 228.77193239219963
295.9624454292107 227.77986555854744
295.83659985831173 226.78781571489787
295.71072872780917 225.79576911392292
295.5849739364853 224.80370775873408
295.4594617448332 223.81161568148184
295.33426432630205 222.81948383218298
295.20938690910396 221.82731165424514
295.0847722528588 220.8351064398621
294.96032238282015 219.8428805432804
294.83592113909083 218.85064854895717
294.81217934042616 218.66128249817163
295.3585271075594 218.60592011603714
296.35343248036855 218.50510692664483
297.34833780919854 218.40429330323175
298.3432431432111 218.30347973096463
299.3381484907043 218.20266629173443
300.3330538489662 218.1018529587773
301.32795921339834 218.0010396867141
302.3228645801302 217.90022643734633
303.317769946548 217.79941318487914
304.312675311168 217.69859991466927
305.30758067334045 217.5977866203053
306.3024860329572 217.49697330071953
307.2973913902181 217.3961599578847
308.2922967454665 217.29534659518902
309.28720209908437 217.1945332164016
310.28210745143275 217.09371982508588
311.27701280282355 216.9929064243201
312.2719181535106 216.8920930166093
313.26682350369174 216.79127960390576
314.26172885351605 216.69046618768044
315.25663420309274 216.589652769012
316.2515395525003 216.4888393486736
317.24644490179367 216.38802592720867
318.24135025101094 216.28721250499297
319.2362556001781 216.18639908228238
320.2311609493125 216.08558565924875
321.22606629842574 215.98477223600625
322.2209716475254 215.88395881262988
323.21587699661643 215.78314538916834
324.210782345702 215.68233196565305
325.20568769478416 215.581518542104
326.2005930438642 215.48070511853402
327.19549839294297 215.379891694951
328.1904037420209 215.27907827136
329.18530909109836 215.17826484776407
330.18021444017546 215.0774514241652
331.17511978925245 214.97663800056455
332.17002513832927 214.87582457696277
333.164930487406 214.77501115336037
334.1598358364828 214.67419772975754
335.1547411855595 214.57338430615448
336.1496465346362 214.47257088255134
337.1445518837129 214.37175745894803
338.1394572327896 214.27094403534474
339.1343625818663 214.1701306117414
340.129267930943 214.06931718813803
341.12417328001965 213.9685037645346
342.1190786290963 213.86769034093123
343.11398397817294 213.7668769173278
344.10888932724964 213.66606349372444
345.1037946763263 213.56525007012107
346.09870002540293 213.4644366465177
347.0936053744796 213.36362322291433
348.0885107235562 213.2628097993109
349.0834160726329 213.16199637570753
350.0783214217095 213.06118295210416
351.07322677078616 212.9603695285008
352.0681321198628 212.85955610489742
353.0630374689395 212.75874268129405
354.0579428180162 212.65792925769068
355.05284816709286 212.55711583408726
356.04775351616956 212.4563024104839
357.04265886524627 212.35548898688052
358.0375642143229 212.25467556327715
359.0324695633996 212.15386213967378
360.02737491247626 212.05304871607035
361.02228026155296 211.95223529246698
362.01718561062967 211.85142186886364
363.01209095970637 211.75060844526024
364.006996308783 211.64979502165684
365.00190165785966 211.54898159805347
365.99680700693636 211.44816817445007
366.991712356013 211.3473547508467
367.98661770508966 211.24654132724334
368.9815230541663 211.1457279036399
369.97642840324295 211.0449144800365
370.9713337523196 210.9441010564331
371.9662391013963 210.84328763282974
372.96114445047294 210.74247420922637
373.95604979954965 210.641660785623
374.95095514862635 210.54084736201963
375.94586049770305 210.44003393841626
376.9407658467797 210.3392205148129
377.93567119585634 210.23840709120947
378.93057654493305 210.1375936676061
379.9254818940097 210.0367802440027
380.92038724308634 209.93596682039927
381.91529259216304 209.83515339679587
382.91019794123974 209.7343399731925
383.9051032903164 209.63352654958913
384.9000086393931 209.5327131259857
385.89491398846974 209.43189970238228
386.88981933754644 209.3310862787789
387.8847246866231 209.2302728551755
388.87963003569973 209.12945943157212
389.8745353847764 209.02864600796875
390.869440733853 208.92783258436538
391.8643460829297 208.82701916076203
392.8592514320064 208.72620573715864
393.854156781083 208.62539231355524
394.84906213015967 208.52457888995187
395.84396747923637 208.42376546634853
396.8388728283131 208.32295204274516
397.8337781773897 208.22213861914176
398.82868352646636 208.12132519553836
399.823588875543 208.020511771935
400.81849422461966 207.9196983483316
401.81339957369636 207.81888492472825
402.808304922773 207.71807150112488
403.80321027184965 207.6172580775215
404.7981156209263 207.51644465391811
405.79302097000294 207.41563123031472
406.7879263190796 207.31481780671132
407.78283166815623 207.21400438310798
408.7777370172329 207.11319095950455
409.7726423663096 207.01237753590118
410.7675477153863 206.91156411229778
411.762453064463 206.81075068869438
412.75735841353963 206.709937265091
413.75226376261634 206.60912384148767
414.747169111693 206.50831041788427
415.74207446076963 206.40749699428085
416.7369798098463 206.30668357067742
417.7318851589229 206.20587014707405
418.72679050799957 206.10505672347068
419.7216958570762 206.0042432998673
420.4286279283642 205.93261011141604
420.8958792677891 206.81673464212747
420.8958792677913 206.8167346421317
421.36313060721614 207.70085917284314
421.83038194664095 208.58498370355457
422.2976332860658 209.469108234266
422.7648846254906 210.35323276497743
423.2321359649154 211.23735729568887
423.69938730434023 212.1214818264003
424.16663864376505 213.00560635711173
424.6338899831899 213.88973088782313
425.1011413226147 214.77385541853454
425.5683926620395 215.65797994924594
426.03564400146433 216.54210447995735
426.5028953408892 217.42622901066875
426.9701466803141 218.31035354138018
427.4373980197389 219.19447807209156
427.9046493591638 220.07860260280296
428.37190069858866 220.9627271335144
428.8391520380135 221.84685166422577
429.30640337743836 222.73097619493717
429.77365471686323 223.61510072564857
430.24090605628805 224.49922525635998
430.7081573957129 225.38334978707138
431.1754087351377 226.26747431778278
431.6426600745625 227.1515988484942
432.10991141398745 228.0357233792056
432.5771627534123 228.919847909917
433.04441409283714 229.8039724406284
433.511665432262 230.6880969713398
433.97891677168684 231.5722215020512
434.4461681111117 232.4563460327626
434.9134194505366 233.340470563474
435.38067078996147 234.22459509418542
435.84792212938635 235.10871962489682
436.31517346881117 235.99284415560822
436.782424808236 236.87696868631963
437.2496761476608 237.76109321703106
437.7169274870856 238.64521774774246
438.1841788265105 239.52934227845387
438.6514301659354 240.41346680916527
439.1186815053602 241.29759133987667
439.5859328447851 242.18171587058808
440.05318418420995 243.0658404012995
440.5204355236348 243.94996493201091
440.9876868630596 244.83408946272232
441.4549382024844 245.7182139934337
441.9221895419093 246.60233852414507
442.38944088133417 247.48646305485647
442.85669222075904 248.37058758556788
443.3239435601839 249.25471211627928
443.79119489960874 250.13883664699068
444.25844623903356 251.0229611777021
444.7256975784584 251.9070857084135
445.19294891788326 252.79121023912487
445.66020025730813 253.6753347698363
446.12745159673295 254.5594593005477
446.5947029361579 255.4435838312591
447.0619542755827 256.3277083619705
447.5292056150075 257.21183289268185
447.9964569544324 258.0959574233932
448.4637082938573 258.9800819541046
448.93095963328216 259.864206484816
449.39821097270703 260.74833101552736
449.86546231213185 261.63245554623876
450.3327136515567 262.51658007695016
450.79996499098155 263.4007046076615
451.2672163304064 264.28482913837297
451.73446766983125 265.16895366908443
452.20171900925607 266.05307819979583
452.6689703486809 266.93720273050724
453.13622168810576 267.8213272612186
453.60347302753064 268.70545179193
454.07072436695546 269.5895763226414
454.5379757063803 270.47370085335285
455.00522704580516 271.3578253840643
455.47247838523 272.2419499147757
455.93972972465485 273.1260744454871
456.40698106407973 274.01019897619847
456.8742324035046 274.89432350690987
457.34150314810427 275.7784377819
457.80890638729 276.662482018349
458.2768104887692 277.5462612621758
458.74609560769875 278.4293079637444
459.21847232211655 279.3107047187168
459.6967876246364 280.1888928940957
460.18521749389254 281.0614960472062
460.6892488027473 281.9251814295615
461.2153895741483 282.7755789181923
461.77060728955416 283.6072839671727
462.36156474463655 284.413986692024
462.99378497858936 285.1887754217954
463.67091464983184 285.924639137658
464.39425271473385 286.61513319546293
465.1626575651784 287.25509724586993
465.9728479036685 287.8412641294597
466.820003384819 288.3726092063698
467.6984969233213 288.85036343482807
468.6025825866791 289.2777147110761
469.5269156125393 289.6593014735615
470.46685929914486 290.00063102987093
471.41859957680884 290.30753564676684
472.3791226618574 290.5857359398809
473.3461159913203 290.8405376289929
474.317840079192 291.0766568722788
475.2930014417409 291.2981525087864
476.2706673573872 291.50831758053596
477.2501048140331 291.71006561279177
478.2307475006826 291.90587143783483
479.2121593043004 292.09778514688014
480.19399166443816 292.2875355529043
481.17594251090827 292.4766718400533
482.1577188619319 292.66671182682103
483.13900127104444 292.8592860555389
484.11940656585296 293.05627706526104
485.0984441840874 293.25995657351336
486.0754600472304 293.47312318245304
487.04956028012975 293.69923982550574
488.0195057657529 293.94256215271656
488.9835687038627 294.2082361095945
489.9393459871234 294.5023275661227
490.8835340863124 294.8317343562012
491.81168898196506 295.2039285120877
492.71802281284386 295.62649091813523
493.595320508122 296.1064375337704
494.4350797221399 296.64939652160643
495.2279635181484 297.2587693844969
495.9645887738291 297.93507052503503
496.6365586389213 298.67564901541135
497.23752675710296 299.4749220106571
497.76402248077295 300.32509978792325
498.21581907757275 301.2172207635315
498.595775375127 302.1422252024121
498.9092479871522 303.09182244414677
499.16327381426544 304.05901987960624
499.3657301369915 305.0383111730365
499.5246192185415 306.0256076126959
499.6475447063475 307.0180235156558
499.74138350815025 308.01361091979277
499.81212080182064 309.0111058998724
499.8648035552653 310.00971719937263
499.90357060140445 311.0089654748946
499.9317268829237 312.00856900820713
499.9518402619516 313.00836671373764
499.9658480104701 314.00826860041525
499.9751655714998 315.0082251910013
499.9807927538145 316.00820935828557
499.9834147996355 317.0082059207175
499.98349995290187 318.00820591709197
499.98139521742394 319.00820370213376
499.97741539197784 320.0081957825971
499.9719132003228 321.008180645426
499.965317605314 322.0081588942527
499.9581345807023 323.00813309599863
499.95091531434684 324.00810703675575
499.9442052716445 325.00808452416584
499.9384904230674 326.0080681942854
499.9341543054393 327.0080587932831
499.9314521096617 328.0080551423455
499.93050358957805 329.0080546925002
499.931303422156 330.0080543726341
499.93374328265554 331.00805139617006
499.9376377095361 332.00804381286093
499.9427478706538 333.0080307559024
499.9488606048367 334.00801207296826
499.95581093681153 335.0079879191193
499.963402838448 336.0079591002187
499.97135484633634 337.0079274825042
499.97936609308874 338.00789539195205
499.9857727920405 339.0078748688457
