12.678537192809335
285676
718
0.0 100.0
0.0 99.0
0.0 98.0
0.0 97.0
0.0 96.0
0.0 95.0
0.0 94.0
0.12051580831607259 93.00728859181234
0.4920540098345617 92.07887092458901
1.0891426013951044 91.27669562340589
1.7217114854651263 90.50219151953915
2.383949517612665 89.75289799309084
3.0735589674541783 89.02871651950201
3.7894673590593673 88.33052229521391
4.52905203700584 87.65745877358552
5.288947599955179 87.00741359560948
6.065849771627482 86.37779226842078
6.8569070409211195 85.76605016859628
7.659831750504145 85.16996971199582
8.472868557267358 84.58775742180583
9.294702906693617 84.01803090662236
10.124353143183523 83.45974738985669
10.961067929978213 82.9121084891574
11.804238799618407 82.37446280230574
12.653331503485665 81.84621893794062
13.507836953641121 81.32677651027936
14.367241283607873 80.81547992547324
15.231013674149008 80.3115977395023
16.09865028093038 79.81439886724604
16.969616478972096 79.3230559301148
17.843369340731158 78.83668576597246
18.719405792938204 78.35444087548166
19.5972992527211 77.87558487074702
20.476717052798275 77.39953410359354
21.35742248188131 76.92586972116263
22.239266537684838 76.45432856575412
23.122173025757558 75.98477970427206
24.00611955231806 75.5171917038041
24.891116740968855 75.05159533775279
25.777188155783023 74.58804658319808
26.664353360073022 74.12659463521533
27.552616001195325 73.66725872285224
28.441957849618788 73.21001581515137
29.332338606622983 72.75479926497263
30.22370033263278 72.30150656328328
31.11597474605258 71.85001307367756
32.00909147568661 71.4001880996623
32.90298558139638 70.95190991842064
33.79760313895912 70.50507725880357
34.69290422892294 70.05961574721184
35.58886316784873 69.61547885417212
36.48546627067615 69.17264381039143
37.38270785487988 68.7311038466559
38.28058554796996 68.29085886002773
39.17909612924446 67.85190700009574
40.0782330668757 67.4142395836856
40.97798670619554 66.97784138418118
41.87834792355344 66.5426980994142
42.77931589764902 66.1088125042925
43.68090973607684 65.67622892796419
44.583180994077594 65.24506007822463
45.486219448105615 64.81550036113435
46.39013954674573 64.38779899887975
47.295033103993035 63.96216106582828
48.20087806125067 63.538551678053516
49.10740352474363 63.11640053919581
50.01392337577988 62.694237348383055
50.91915763421957 62.26932448984951
51.821058149213044 61.83738067283795
52.71664673471754 61.39249744600864
53.601871600125506 60.92733410086691
54.471505006057015 60.43363607647551
55.31914370263871 59.903062198436565
56.1374156187889 59.32823085687637
56.918523974751906 58.70383536021998
57.65520270164494 58.027592464994264
58.341984842428694 57.30072914145917
58.97647683922541 56.52779971000963
59.5602187013801 55.715860402937864
60.098874941716176 54.87333476252862
60.60173451966078 54.008966643687245
61.08070362103086 53.1311348830789
61.54904250315296 52.24758596451659
61.90970373772782 51.56717727768695
61.91171545942187 50.90245133578378
62.261487960222304 50.90351559761467
63.261483331164136 50.906558309382795
64.26147870210598 50.90960102115092
65.26147407304782 50.91264373291905
66.26146944398965 50.91568644468718
67.26146481493149 50.91872915645533
68.26146018587332 50.92177186822346
69.26145555681515 50.9248145799916
70.26145092775698 50.927857291759736
71.26144629869881 50.93090000352787
72.26144166964065 50.933942715296006
73.26143704058248 50.936985427064144
74.26143241152431 50.94002813883228
75.26142778246614 50.94307085060042
76.26142315340797 50.946113562368566
77.2614185243498 50.9491562741367
78.26141389529164 50.95219898590484
79.26140926623347 50.955241697672975
80.2614046371753 50.958284409441106
81.26140000811714 50.96132712120924
82.26139537905897 50.964369832977376
83.2613907500008 50.967412544745514
84.26138612094263 50.97045525651365
85.26138149188446 50.97349796828179
86.2613768628263 50.97654068004993
87.26137223376813 50.97958339181807
88.26136760470996 50.982626103586206
89.26136297565179 50.985668815354344
90.26135834659362 50.988711527122476
91.26135371753546 50.991754238890614
92.26134908847729 50.99479695065875
93.26134445941912 50.99783966242689
94.26133983036095 51.00088237419503
95.26133520130278 51.00392508596316
96.26133057224462 51.0069677977313
97.26132594318645 51.01001050949944
98.26132131412828 51.013053221267576
99.26131668507011 51.016095933035714
100.26131205601195 51.01913864480385
101.26130742695378 51.02218135657199
102.26130279789561 51.02522406834012
103.26129816883744 51.02826678010827
104.26129353977927 51.0313094918764
105.2612889107211 51.03435220364454
106.26128428166294 51.037394915412676
107.26127965260477 51.040437627180815
108.2612750235466 51.04348033894896
109.26127039448843 51.0465230507171
110.26126576543027 51.049565762485244
111.2612611363721 51.052608474253375
112.26125650731393 51.05565118602151
113.26125187825576 51.058693897789645
114.2612472491976 51.061736609557784
115.26124262013943 51.06477932132593
116.26123799108126 51.06782203309406
117.26123336202309 51.0708647448622
118.26122873296492 51.07390745663034
119.26122410390676 51.07695016839847
120.26121947484859 51.07999288016661
121.26121484579042 51.083035591934745
122.26121021673225 51.086078303702884
123.26120558767408 51.08912101547102
124.26120095861592 51.09216372723917
125.26119632955775 51.0952064390073
126.26119170049958 51.09824915077543
127.26118707144141 51.10129186254356
128.26118244238324 51.1043345743117
129.26117781332508 51.10737728607984
130.2611731842669 51.110419997847984
131.26116855520874 51.11346270961612
132.26116392615057 51.11650542138426
133.26115929709238 51.1195481331524
134.2611546680342 51.12259084492054
135.26115003897604 51.12563355668867
136.26114540991787 51.1286762684568
137.2611407808597 51.13171898022493
138.2611361518015 51.13476169199308
139.26113152274334 51.13780440376121
140.26112689368517 51.14084711552935
141.261122264627 51.143889827297485
142.26111763556884 51.146932539065624
143.26111300651067 51.14997525083376
144.2611083774525 51.1530179626019
145.26110374839433 51.15606067437004
146.26109911933617 51.15910338613817
147.26109449027803 51.16214609790631
148.26108986121986 51.16518880967445
149.2610852321617 51.16823152144259
150.26108060310352 51.171274233210724
151.26107597404535 51.17431694497886
152.2610713449872 51.177359656747
153.26106671592902 51.18040236851514
154.26106208687085 51.18344508028328
155.26105745781268 51.18648779205141
156.26105282875452 51.18953050381954
157.26104819969635 51.19257321558768
158.26104357063818 51.19561592735582
159.26103894158 51.19865863912395
160.26103431252184 51.20170135089209
161.26102968346368 51.204744062660225
162.2610250544055 51.20778677442836
163.26102042534734 51.21082948619649
164.26101579628914 51.213872197964626
165.26101116723098 51.216914909732765
166.2610065381728 51.21995762150091
167.26100190911464 51.22300033326904
168.26099728005647 51.22604304503718
169.2609926509983 51.22908575680532
170.26098802194014 51.23212846857346
171.26098339288197 51.235171180341595
172.2609787638238 51.23821389210973
173.2609741347656 51.24125660387787
174.26096950570746 51.24429931564601
175.26096487664933 51.24734202741414
176.26096024759113 51.25038473918228
177.26095561853296 51.25342745095041
178.2609509894748 51.25647016271855
179.26094636041663 51.25951287448669
180.26094173135846 51.26255558625482
181.26093710230026 51.265598298022965
182.2609324732421 51.268641009791104
183.26092784418393 51.27168372155924
184.26092321512576 51.27472643332737
185.2609185860676 51.27776914509552
186.26091395700942 51.28081185686366
187.26090932795125 51.283854568631796
188.26090469889309 51.286897280399934
189.26090006983492 51.28993999216807
190.26089544077678 51.292982703936204
191.26089081171864 51.296025415704335
192.26088618266047 51.29906812747247
193.2608815536023 51.3021108392406
194.2608769245441 51.305153551008736
195.26087229548594 51.30819626277687
196.26086766642777 51.311238974545006
197.2608630373696 51.314281686313144
198.26085840831144 51.31732439808128
199.26085377925327 51.32036710984943
200.2608491501951 51.32340982161757
201.26084452113693 51.326452533385705
202.26083989207876 51.329495245153836
202.67001086517092 51.330740240252
202.87423265158952 52.30966488594802
203.07845443800838 53.288589531644455
203.3780150420841 54.24266680549904
203.7460299225917 55.172486706192174
204.16547048242836 56.0802695088294
204.62175498002378 56.97010345808853
205.09793778478084 57.84944977010315
205.5814051559175 58.724812152803146
206.06532128320168 59.59992653490086
206.5470014789555 60.476273605996866
207.02597633358005 61.354102227447214
207.5026723845346 62.233170413087194
207.97772304888122 63.11312885886965
208.45168708106763 63.99367306343498
208.92704628359974 64.87346487322185
209.4056452085491 65.75149851098143
209.88795526498438 66.62749908715783
210.37352694666504 67.50169594253413
210.86157360760978 68.3745134817373
211.35132919114284 69.24637325738829
211.84533613852858 70.11583121263087
212.34554540096207 70.98173576497814
212.85212396819668 71.84392956872446
213.36405748894077 72.70295463840435
213.8799622739245 73.55960057041528
214.4025889347909 74.41216222411055
214.93398068237346 75.25928843111936
215.47401120512137 76.10093386388817
216.02476812458195 76.9355995548485
216.5870295341779 77.76255911086025
217.1595681947556 78.58243683475808
217.7401229322216 79.39665805580663
218.3324447795568 80.20235950744328
218.93909844637383 80.99732575108979
219.5637538981599 81.77822623550118
220.20689996914285 82.5439697509025
220.87071487699473 83.29186664761596
221.55471943046592 84.02134438602245
222.2609589133877 84.72931740299585
222.98881402103348 85.41504835772517
223.7406225691538 86.07442981558795
224.51877742148798 86.70250228416845
225.3239700394327 87.29551564658732
226.15513854970126 87.85153624650962
227.008111723806 88.37349099958476
227.8805987144621 88.86212834070375
228.77097437641183 89.31735485641607
229.67725206156513 89.74003766585261
230.59706322929827 90.13239899895434
231.52798259009063 90.49762378412365
232.46779326358222 90.83931940597341
233.41460840857974 91.16109740584807
234.36688909383403 91.46632108856548
235.3234106880923 91.75798260422637
236.28321202894716 92.03866282457199
237.24554440103213 92.31053854183503
238.20982695749967 92.57541426985175
239.17561013493824 92.83476510207839
240.14254652446 93.0897827850311
241.11036801087084 93.34142056129198
242.07886794378072 93.59043437607663
243.04788726618386 93.83741930033183
244.01730373071243 94.08284081181955
244.9880557695815 94.32292512832419
245.95880780845062 94.56300944482884
246.9295598473197 94.8030937613335
247.90031188618877 95.04317807783814
248.8710639250579 95.28326239434278
249.841815963927 95.52334671084743
250.81256800279607 95.76343102735208
251.78332004166515 96.00351534385672
252.75407208053423 96.24359966036135
253.72482411940334 96.48368397686602
254.69557615827242 96.72376829337067
255.66632819714152 96.96385260987532
256.6370802360106 97.20393692637995
257.6078322748797 97.44402124288462
258.5785843137488 97.68410555938925
259.5493363526179 97.92418987589389
260.520088391487 98.16427419239855
261.49084043035606 98.40435850890319
262.4615924692252 98.64444282540785
263.4323445080942 98.88452714191249
264.40309654696335 99.12461145841715
265.37384858583243 99.36469577492178
266.3446006247015 99.60478009142642
267.3153526635706 99.84486440793108
268.2861047024397 100.08494872443572
269.25685674130875 100.32503304094035
270.2276087801779 100.56511735744502
271.19836081904697 100.80520167394967
272.16911285791605 101.04528599045432
273.1398648967852 101.28537030695897
274.11061693565426 101.5254546234636
275.08136897452334 101.76553893996824
276.0521210133924 102.00562325647289
277.0228730522615 102.24570757297752
277.9936250911306 102.48579188948219
278.96437712999966 102.72587620598682
279.9351291688688 102.96596052249147
280.9058812077379 103.20604483899614
281.87663324660696 103.44612915550077
282.84738528547604 103.68621347200542
283.8181373243452 103.92629778851008
284.7888893632142 104.16638210501472
285.1682989996971 104.26021688424049
286.0789726208805 104.6733434455757
286.98964624206394 105.0864700069109
287.9003198632474 105.49959656824612
288.8109934844308 105.91272312958132
289.72166710561424 106.32584969091653
290.6323407267977 106.73897625225173
291.54301434798106 107.15210281358695
292.45368796916455 107.56522937492215
293.364361590348 107.97835593625736
294.2750352115314 108.39148249759256
295.1857088327148 108.80460905892778
296.0963824538983 109.21773562026299
297.00705607508166 109.63086218159819
297.91772969626516 110.0439887429334
298.8284033174486 110.45711530426863
299.739076938632 110.87024186560382
300.6497505598154 111.28336842693902
301.5604241809989 111.69649498827422
302.47109780218227 112.10962154960944
303.38177142336576 112.52274811094463
304.2924450445492 112.93587467227987
305.2031186657326 113.34900123361506
306.11379228691607 113.76212779495026
307.02446590809944 114.17525435628548
307.9351395292829 114.58838091762067
308.8458131504663 115.00150747895589
309.75648677164975 115.41463404029109
310.66716039283324 115.82776060162631
311.5778340140166 116.24088716296151
312.4885076352001 116.65401372429673
313.3991812563835 117.06714028563192
314.3098548775669 117.48026684696714
315.22052849875035 117.89339340830236
316.1312021199338 118.30651996963755
317.0418757411172 118.71964653097275
317.9525493623007 119.13277309230796
318.8632229834841 119.54589965364318
319.77389660466747 119.9590262149784
320.68457022585096 120.37215277631358
321.5952438470344 120.7852793376488
322.50591746821783 121.19840589898402
323.41659108940127 121.61153246031922
324.3272647105847 122.02465902165443
325.23793833176813 122.43778558298963
326.14861195295157 122.85091214432484
327.059285574135 123.26403870566006
327.96995919531844 123.67716526699525
328.8806328165018 124.09029182833046
329.79130643768525 124.50341838966565
330.70198005886874 124.91654495100087
331.6126536800522 125.32967151233608
332.52332730123555 125.7427980736713
333.43400092241905 126.1559246350065
334.3446745436025 126.5690511963417
335.25534816478586 126.98217775767691
336.1660217859693 127.39530431901213
337.0766954071528 127.80843088034733
337.98736902833616 128.22155744168253
338.89804264951965 128.63468400301775
339.80871627070314 129.04781056435297
340.71938989188646 129.46093712568816
341.6300635130699 129.87406368702338
342.54073713425333 130.28719024835857
343.45141075543677 130.7003168096938
344.3620843766202 131.11344337102898
345.27275799780364 131.5265699323642
346.18343161898713 131.93969649369942
347.0941052401705 132.3528230550346
348.00477886135394 132.76594961636982
348.9154524825374 133.179076177705
349.82612610372087 133.59220273904023
350.7367997249043 134.00532930037542
351.0394345849703 134.14261942954025
352.0230329001703 133.96224660914925
353.0066312153702 133.78187378875825
353.9902295305702 133.60150096836725
354.9738278457702 133.42112814797625
355.9574261609701 133.24075532758525
356.94102447617007 133.06038250719428
357.92462279137 132.88000968680328
358.90822110656995 132.69963686641228
359.8918194217699 132.51926404602125
360.8754177369699 132.33889122563028
361.85901605216986 132.15851840523928
362.84261436736983 131.97814558484828
363.82621268256975 131.79777276445728
364.8098109977698 131.61739994406628
365.7934093129697 131.4370271236753
366.7770076281696 131.25665430328428
367.76060594336957 131.07628148289328
368.74420425856954 130.89590866250228
369.7278025737695 130.7155358421113
370.7114008889695 130.5351630217203
371.69499920416945 130.3547902013293
372.6785975193694 130.1744173809383
373.6621958345694 129.9940445605473
374.6457941497693 129.8136717401563
375.62939246496927 129.6332989197653
376.6129907801692 129.4529260993743
377.5965890953692 129.2725532789833
378.5801874105691 129.0921804585923
379.5637857257691 128.9118076382013
380.54738404096906 128.73143481781034
381.530982356169 128.55106199741934
382.51458067136895 128.37068917702834
382.5958399988469 128.3557877951799
383.56659203771596 128.59587211168454
384.53051815797465 128.86204204740804
385.49444427823335 129.12821198313154
386.45837039849204 129.39438191885503
387.42229651875067 129.66055185457853
388.38622263900936 129.926721790302
389.3501487592681 130.19289172602552
390.31407487952674 130.45906166174902
391.27800099978543 130.72523159747251
392.2419271200441 130.991401533196
393.20585324030276 131.25757146891948
394.1697793605614 131.52374140464298
395.13370548082014 131.7899113403665
396.09763160107883 132.05608127609
397.0540207914519 132.34817666553943
398.0104099818249 132.64027205498883
398.9667991721979 132.93236744443823
399.92318836257107 133.22446283388763
400.87957755294406 133.51655822333703
401.83596674331704 133.80865361278643
402.7923559336901 134.10074900223583
403.7487451240632 134.39284439168526
404.69132594983415 134.726822515054
405.6339067756051 135.0608006384228
406.57648760137613 135.39477876179154
407.5190684271471 135.7287568851603
408.461649252918 136.06273500852907
409.37892849886157 136.4609796380738
410.2962077448051 136.85922426761852
411.1900592689624 137.30758734901758
412.0839107931197 137.75595043041665
412.9456797757856 138.2632513475408
413.8074487584515 138.77055226466493
414.6298573592284 139.33944952548467
415.4276146499209 139.94242821926002
416.2068544441843 140.56915411072805
416.9860942384476 141.1958800021961
417.73821051206335 141.854910434697
418.48411929102616 142.5209585511767
419.2403132650064 143.17530606872072
420.0028902554979 143.82220353630962
420.76905709049754 144.46484525682476
421.5545865494461 145.08366952034717
422.35188615420424 145.68725326785247
423.17226962408245 146.2590670158076
424.0146234258399 146.79799193883932
424.8744478773457 147.30858170821656
425.74663929126865 147.79774644271717
426.6264879540172 148.2730004070979
427.50731270735 148.7464428575775
428.38185593667214 149.23139042180156
429.2441502733298 149.73779784371416
430.09056054037904 150.27032921352594
430.91997430127856 150.82896398977118
431.7333428331051 151.4107127598037
432.53289589857144 152.0113082105885
433.3213666210959 152.6263804987968
434.1014287292879 153.25208259034122
434.8753878904684 153.88531810484176
435.6450736720807 154.52374100354123
436.41185387644276 155.1656507465725
437.17670618308796 155.80985641949036
437.9386204996585 156.4575342515989
438.69625312774326 157.110215491456
439.4489407701942 157.76859328034445
440.1968145362343 158.43243424779754
440.94052461212016 159.1009365462422
441.68092584717795 159.77310171279345
442.41885818869605 160.44797641178704
443.1550541602783 161.1247448296569
443.8900876320665 161.80277565148648
444.62437281451025 162.48161677490458
445.35819112423485 163.1609625545433
446.0917253124484 163.84061510895762
446.82509003953146 164.52045051335364
447.55835534058025 165.20039315672722
448.2915859675033 165.88037319153858
449.02483058329426 166.5603381416746
449.75811587950267 167.24025922118645
450.49145030376826 167.92012731294182
451.2248310735045 168.5999454110983
451.9582502899449 169.2797220309934
452.6916093514379 169.95956354702943
453.42480590883815 170.63958031757002
454.157784681931 171.31983182855353
454.8905396281852 172.0003244359638
455.6230963033788 172.68103047944314
456.35549351463635 173.36190809321985
457.08745661325776 174.0432523690867
457.81868879237277 174.7253810228073
458.5490448572273 175.40844765098512
459.27853945561094 176.0924342231699
460.0068516428245 176.77767969594314
460.733674589695 177.46450456729127
461.45891887938785 178.1529961941597
462.18270433787336 178.84302127347559
462.9046415021641 179.53497989276997
463.62433761721263 180.2292690990695
464.3416957013427 180.92597375610373
465.0569090024692 181.62487999723461
465.7694447246346 182.3265158320081
466.47875939533026 183.03140780808383
467.184724076291 183.73965484777838
467.8867324531324 184.45182353484944
468.5843537871395 185.1682901944633
469.2768904092953 185.8896729132562
469.9640192497239 186.61620849851766
470.64601526643884 187.34756438533677
471.32240976126644 188.0841039208451
471.99283541235735 188.82608063635527
472.65646926161685 189.57413819705297
473.31292283582695 190.32850462320593
473.9614635307999 191.0896846064976
474.6018493144746 191.85773802135057
475.2334735959962 192.6330126610701
475.85621946073263 193.41543683500248
476.46959059479786 194.20523165132855
477.07298689438585 195.00267312607357
477.6660680904304 195.80781578107226
478.24928589747503 196.62013159991736
478.8236722943251 197.43871590657957
479.390520959589 198.26253784771035
479.95125881706934 199.09053123849822
480.5073988195324 199.92161986052383
481.06048330893447 200.75474502974086
481.611870033082 201.588994800753
482.1628237651226 202.42353059096845
482.7145052167246 203.25758549081513
483.2678906813142 204.0905107741275
483.82369855054316 204.92182155386223
484.38235450845593 205.751221047887
484.9439934289634 206.5786035005479
485.5084868711658 207.40404105343146
486.0754814259404 208.22776259306482
486.64443431047977 209.05013271361537
487.21464357391756 209.87163219376725
487.78527230719374 210.69284035785213
488.35536516210084 211.51442062586244
488.9238567156762 212.33710972480173
489.48957366387623 213.16170922426758
490.05123560277866 213.98907605124847
490.6074596658642 214.82010841622866
491.1567718991237 215.65572559555866
491.6976260944942 216.496841960487
492.2284290112414 217.34433724871735
492.7475693299878 218.19902627371522
493.253447128037 219.06163142872003
493.7445015941894 219.93276030051325
494.2192364878991 220.81288914374844
494.6762443736596 221.70235178622013
495.1142311647921 222.60133319358818
495.53204192147393 223.50986727198094
495.92868761237196 224.42783905580225
496.30337126972967 225.35499177078998
496.65551111622636 226.29093916701976
496.98475825464135 227.23518295007875
497.29100687746984 228.18713451450606
497.5743954093765 229.14613969696538
497.8352977560289 230.11150489496623
498.074304987657 231.08252268225414
498.29219903806984 232.05849511157513
498.4899209145785 233.03875327121975
498.6685362363453 234.02267225509502
498.8292006768213 235.0096813419663
498.97312729586923 235.9992697050393
499.10155705791874 236.99098831241736
499.2157332219595 237.9844488317964
499.316879835725 238.97932036245942
499.3945590504412 239.9762987672411
499.4583220778084 240.97426383493683
499.5144262765922 241.97268875393618
499.5622666435776 242.9715437480603
499.6053316099126 243.97061602205983
499.64413146747415 244.96986302408348
499.6804970255938 245.96920157841964
499.71405198704804 246.96863845214497
499.7459773156695 247.9681287089221
499.77522294222535 248.967700964103
499.80181211690297 249.96734740949753
499.82583179120707 250.96705889550054
499.8473750444078 251.96682681269007
499.8674977433629 252.96662433068397
499.88502841895007 253.9664706565828
499.90019831436683 254.96635558709883
499.91328806066036 255.96626991269977
499.9245537722946 256.96620645255683
499.93422802059365 257.9661596559218
499.9425212678129 258.96612526635573
499.9496221221346 259.9661000549719
499.955697678596 260.9660815986084
499.9608944127244 261.96606809549445
499.96533960916435 262.96605821556
499.96914313804496 263.96605098211785
499.97239937789345 264.9660456805548
499.9751891285576 265.9660417891929
499.9775814130748 266.9660389276762
499.9796351143789 267.9660368188295
499.981400426169 268.9660352606654
499.98292011831006 269.96603410593264
499.9842306288359 270.9660332472134
499.9853630000641 271.9660326060809
499.98634367791715 272.96603212521626
499.98719519300056 273.9660317626772
499.9879367403924 274.9660314877309
499.9885846731058 275.9660312778225
499.98915292216134 276.966031116369
499.9896533543223 277.9660309911528
499.9900960768731 278.9660308931512
499.9904658847434 279.96603082477225
499.9907599291825 280.9660307815412
499.9909861828836 281.96603075594584
499.9911568781143 282.9660307413774
499.9912844001947 283.96603073324644
499.99137949822796 284.9660307287246
499.9914507971459 285.96603072618285
499.9915049053267 286.966030724719
499.99154673855185 287.966030723844
499.99157988096067 288.9660307232948
499.99160690910355 289.96603072292953
499.99162965630865 290.96603072267084
499.9916494172037 291.96603072247564
499.9916671008018 292.9660307223193
499.9916867318597 293.9660307221267
499.9917104839288 294.9660307218446
499.99173880191563 295.96603072144364
499.9917712518287 296.96603072091716
499.99180709510557 297.9660307202748
499.99184557581583 298.9660307195344
499.99188603698855 299.9660307187158
499.9919279515359 300.9660307178374
499.99197751864875 301.96603071660894
499.992037809923 302.96603071479143
499.99210887373135 303.9660307122664
499.99218929143984 304.9660307090329
499.99227722430487 305.9660307051668
499.99237892620965 306.96603069999514
499.992497011847 307.9660306930231
499.9926306445068 308.9660306840942
499.9927847466498 309.9660306722205
499.9929603193851 310.96603065680756
499.99316063126327 311.9660306367452
499.9933850193918 312.96603061157015
499.9936343318155 313.9660305804918
499.99390699743276 314.96603054331854
499.99419846123317 315.966030500843
499.99450217271766 316.9660304547226
499.994810861285 317.9660304070783
499.99511760296866 318.9660303600331
499.9954165249701 319.96603031535585
499.99570315089477 320.96603027427864
499.9959744611692 321.96603023747406
499.99623068578273 322.9660302046485
499.99647003392863 323.9660301760048
499.9966917318131 324.9660301514298
499.99689619660774 325.96603013052686
499.99708459946083 326.96603011277904
499.99725848290205 327.9660300976613
499.9974195117269 328.9660300846962
499.9975693264691 329.9660300734739
499.99770946363833 330.9660300636547
499.9978413172428 331.966030054962
499.99796612515445 332.9660300471735
499.9980849699682 333.9660300401115
499.99819878789117 334.96603003363424
499.99830838165536 335.96603002762885
499.9984144350063 336.9660300220052
499.99832728610227 337.96603001820773
499.9981222694243 338.96602999719187
499.99785218330106 339.96602996071863
499.99754657655774 340.96602991402085
499.99722160555774 341.9660298612178
499.9968860797353 342.966029804929
499.9965448009367 343.9660297466934
499.99620038644764 344.96602968738273
499.995854262834 345.96602962748193
499.9955071730682 346.96602956724627
499.9951600833024 347.9660295070106
499.9975396178197 348.96602667591435
499.99991915233716 349.9660238448181
