0.8757296340524449
134341
971
0.0 100.0
0.0 101.0
0.0 102.0
0.0 103.0
0.0 104.0
0.0 105.0
0.0 106.0
0.0 107.0
0.0 108.0
0.0 109.0
0.0 110.0
0.0 111.0
0.0 112.0
0.0 113.0
0.0 114.0
0.0 115.0
0.0 116.0
0.0 117.0
0.0 118.0
0.0 119.0
0.0 120.0
0.0 121.0
0.0 122.0
0.0 123.0
0.0 124.0
0.0 125.0
0.0 126.0
0.0 127.0
0.0 128.0
0.0 129.0
0.0 130.0
0.0 131.0
0.0 132.0
0.0 133.0
0.0 134.0
0.0 135.0
0.0 136.0
0.0 137.0
0.0 138.0
0.0 139.0
0.0 140.0
0.0 141.0
0.0 142.0
0.0 143.0
0.0 144.0
0.0 145.0
0.0 146.0
0.0055050635131430724 146.99998484702306
0.011010127026286988 147.99996969404611
0.01651519053943068 148.99995454106914
0.022020254052574226 149.9999393880922
0.027525317565717775 150.99992423511526
0.03303038107886172 151.9999090821383
0.03853544459200551 152.99989392916135
0.0440405081051493 153.9998787761844
0.049545571618294086 154.99986362320746
0.05505063513143817 155.99984847023052
0.060555698644581796 156.99983331725355
0.06606076215772527 157.9998181642766
0.07156582567086875 158.99980301129966
0.07707088918401374 159.99978785832272
0.08257595269715762 160.99977270534578
0.08808101621030123 161.9997575523688
0.09358607972344471 162.99974239939186
0.0990911432365882 163.99972724641492
0.10459620674973318 164.99971209343798
0.11010127026287707 165.99969694046104
0.11560633377602081 166.99968178748406
0.12111139728916442 167.99966663450712
0.12661646080230804 168.99965148153018
0.13212152431545265 169.99963632855324
0.1376265878285958 170.9996211755763
0.14313165134173977 171.99960602259932
0.14863671485488364 172.99959086962238
0.1541417783680275 173.99957571664544
0.15964684188117212 174.9995605636685
0.16515190539431598 175.99954541069155
0.1706569689074597 176.99953025771458
0.17616203242060335 177.99951510473764
0.18166709593374697 178.9994999517607
0.18717215944689158 179.99948479878375
0.1926772229600347 180.9994696458068
0.1981822864731787 181.99945449282984
0.20368734998632257 182.9994393398529
0.20919241349946643 183.99942418687596
0.21469747701261105 184.999409033899
0.22020254052575491 185.99939388092207
0.22570760403889856 186.9993787279451
0.23121266755204212 187.99936357496816
0.2367177310651857 188.99934842199121
0.24222279457833035 189.99933326901427
0.24772785809147363 190.99931811603733
0.13845305923501788 191.99332969460914
0.06818736309255562 192.99085800595955
0.033565654257093486 193.99025849489144
0.01652435278982426 194.9901132813701
0.008137004443830628 195.99007810694536
0.004008174551263968 196.9900695832909
0.0019751177840325778 197.99006751662887
9.736993918651348E-4 198.99006701520932
4.802465967782554E-4 199.99006689346146
2.3699233559462164E-4 200.99006686387514
1.1701975652313236E-4 201.99006685667842
5.7818167663967624E-5 202.990066854926
2.8587489308570952E-5 203.9900668544988
1.4145599366841102E-5 204.9900668543945
7.005320325226282E-6 205.99006685436905
3.472353489478767E-6 206.9900668543628
1.7228091642438786E-6 207.99006685436126
8.556486873375717E-7 208.9900668543609
4.254279782531532E-7 209.9900668543608
2.117654455633502E-7 210.99006685436078
1.0553769690296004E-7 211.99006685436075
5.2663167874411246E-8 212.99006685436075
2.6313261270445758E-8 213.99006685436075
1.3165277084261815E-8 214.99006685436075
1.729289807787094E-11 215.99006685436075
7.079010274873659E-14 216.99006685436075
4.909439566935631E-16 217.99006685436075
4.8237043674146895E-18 218.99006685436078
6.150532211346078E-20 219.99006685436078
9.654693958310156E-22 220.99006685436078
1.8007563042120977E-23 221.99006685436075
3.889568158692213E-25 222.99006685436075
9.540156113721453E-27 223.99006685436075
2.616051763653317E-28 224.99006685436075
7.918129746639756E-30 225.99006685436075
2.617052903428365E-31 226.99006685436075
9.358247734255387E-33 227.99006685436075
3.5911711965546957E-34 228.99006685436072
1.4681653708850815E-35 229.99006685436072
6.352273524320264E-37 230.99006685436072
0.43507306911848365 231.89046200346348
0.47633550967040433 232.88961034630336
0.4837565858777179 233.8895828097382
0.4893466568677145 234.88956718516928
0.4948550659509325 235.88955201376888
0.5003602507563571 236.8895368601242
0.5058653184155366 237.88952170712443
0.5113703820643536 238.88950655414675
0.5168754455817922 239.88949140116978
0.5223805090950685 240.88947624819284
0.527885572608217 241.8894610952159
0.5333906361213604 242.88944594223892
0.5388956996345046 243.88943078926198
0.5444007631476493 244.88941563628504
0.5499058266607925 245.8894004833081
0.5554108901739361 246.88938533033115
0.5609159536870808 247.88937017735418
0.5664210172002244 248.88935502437724
0.5719260807133679 249.8893398714003
0.5774311442265115 250.88932471842335
0.5829362077396559 251.8893095654464
0.5884412712528 252.88929441246944
0.5939463347659427 253.8892792594925
0.5994513982790874 254.88926410651555
0.6049564617922313 255.8892489535386
0.6104615253053735 256.88923380056167
0.6159665888185191 257.8892186475847
0.6214716523316636 258.8892034946078
0.6269767158448079 259.88918834163087
0.6324817793579509 260.8891731886539
0.6379868428710954 261.889158035677
0.6434919063842378 262.88914288270007
0.6489969698973824 263.8891277297231
0.6545020334105268 264.8891125767462
0.6600070969236697 265.8890974237692
0.6655121604368152 266.88908227079224
0.6710172239499586 267.88906711781533
0.6765222874631026 268.88905196483836
0.6820273509762464 269.88903681186144
0.6875324144893898 270.8890216588845
0.6930374780025342 271.88900650590756
0.6985425415156783 272.8889913529306
0.7040476050288225 273.8889761999537
0.7095526685419665 274.88896104697676
0.7150577320551106 275.8889458939998
0.720562795568254 276.8889307410228
0.7260678590813977 277.88891558804585
0.7315729225945418 278.8889004350689
0.7370779861076858 279.88888528209196
0.7425830496208289 280.888870129115
0.7480881131339745 281.8888549761381
0.7535931766471161 282.8888398231611
0.7590982401602606 283.88882467018414
0.7646033036734059 284.8888095172072
0.7701083671865477 285.88879436423025
0.775613430699693 286.88877921125334
0.7811184942128373 287.88876405827637
0.7866235577259804 288.8887489052994
0.7921286212391241 289.8887337523225
0.7976336847522665 290.8887185993455
0.8031387482654128 291.8887034463686
0.8086438117785554 292.8886882933916
0.8141488752917004 293.8886731404147
0.819653938804843 294.8886579874378
0.8251590023179877 295.8886428344608
0.830664065831132 296.8886276814839
0.8361691293442757 297.888612528507
0.8416741928574201 298.88859737553
0.8471792563705641 299.88858222255305
0.8532548163196261 300.8885637661684
0.8596766574325347 301.88854314593414
0.8662754898277101 302.8885213734026
0.8729630056384681 303.88849901171875
0.8796948709864876 304.88847635245645
0.8864489113899865 305.8884535436655
0.893214039327753 306.88843065992563
0.899984711031343 307.88840773866525
0.9067581546171029 308.8883847986331
0.9135329841435913 309.88836184921223
0.9203085066402692 310.88833889509624
0.9270843756219564 311.8883159386325
0.9338604178461074 312.88829298099483
0.9406365466914659 313.88827002277026
0.9474127188474213 314.88824706425214
0.9541889126586678 315.88822410558726
0.9609651172975568 316.88820114684904
0.9677413273502663 317.88817818807416
0.9745175401098861 318.88815522928087
0.9812937542229598 319.8881322704785
0.9880699690127601 320.88810931167154
0.9948461841409252 321.8880863528623
1.0016223994382714 322.88806339405187
1.0083986148202084 323.8880404352409
1.0151748302444408 324.8880174764296
1.0219510456898204 325.88799451761815
1.0287272611457756 326.8879715588066
1.035503476607016 327.88794859999507
1.0422796920709003 328.88792564118353
1.049055907536106 329.887902682372
1.055832123001972 330.88787972356045
1.0626083384681697 331.8878567647489
1.0693845539345324 332.88783380593736
1.0761607694009774 333.8878108471258
1.0829369848674641 334.8877878883143
1.0897132003339702 335.8877649295027
1.096489415800489 336.8877419706911
1.103265631267011 337.88771901187954
1.1100418467335373 338.887696053068
1.1168180622000636 339.88767309425646
1.123594277666591 340.8876501354449
1.1303704931331189 341.8876271766334
1.137146708599646 342.88760421782183
1.1439229240661735 343.8875812590103
1.1506991395327018 344.88755830019875
1.1574753549992294 345.8875353413872
1.164251570465757 346.88751238257566
1.1710277859322842 347.8874894237641
1.1778040013988127 348.8874664649526
1.1845802168653417 349.88744350614104
1.1913564323318693 350.8874205473295
1.198132647798397 351.88739758851796
1.2049088632649245 352.8873746297064
1.2116850787314526 353.8873516708949
1.2184612941979807 354.88732871208333
1.225237509664508 355.8873057532718
1.232013725131036 356.88728279446025
1.2387899405975644 357.8872598356487
1.245566156064092 358.88723687683716
1.2523423715306206 359.8872139180256
1.2591185869971488 360.8871909592141
1.2658948024636762 361.88716800040254
1.2726710179302043 362.887145041591
1.2794472333967315 363.88712208277946
1.2862234488632591 364.8870991239679
1.2929996643297874 365.8870761651564
1.299775879796315 366.88705320634483
1.3065520952628442 367.8870302475333
1.3133283107293718 368.88700728872175
1.3201045261958984 369.8869843299102
1.3268807416624266 370.88696137109866
1.3336569571289552 371.8869384122871
1.3404331725954826 372.8869154534756
1.3472093880620113 373.88689249466404
1.3551130326540393 374.8868612603773
1.3637010037244501 375.8868243830738
1.372638746688707 376.88678444065147
1.3817517462761164 377.8867429164086
1.3909523895008302 378.8867005895949
1.4001968550530006 379.8866578586103
1.4094632317567992 380.88661492482004
1.418740564022352 381.88657188944705
1.428023374061841 382.88652880323775
1.4373089229849212 383.8864856915991
1.446595841348135 384.8864425672429
1.4558834444305886 385.8863994365273
1.465171389872253 386.88635630263184
1.474459506493317 387.88631316714634
1.4837477087039785 388.88627003086583
1.4930359537093891 389.8862268941878
1.502324220112147 390.8861837573111
1.5116124972135665 391.8861406203349
1.520900779664312 392.8860974833091
1.5301890647897145 393.8860543462584
1.539477351252444 394.8860112091953
1.5487656383838382 395.885968072126
1.5580539258495636 396.8859249350536
1.5673422134824544 397.88588179797966
1.5766305011989274 398.8858386609049
1.585918788957191 399.88579552382976
1.59520707673635 400.8857523867544
1.6044953645259588 401.885709249679
1.61378365232079 402.88566611260353
1.6230719401182334 403.885622975528
1.6323602279169815 404.8855798384525
1.6416485157163836 405.88553670137696
1.650936803516112 406.88549356430144
1.6602250913160048 407.8854504272259
1.6695133791159786 408.8854072901504
1.6788016669159926 409.8853641530749
1.6905728452130695 410.88529487035555
1.703851064513533 411.8852067109156
1.717899550075368 412.885108026073
1.7323339812756444 413.885003844244
1.7469614176074484 414.8848968575741
1.7616853570377926 415.88478845450237
1.7764575477317934 416.8846793397404
1.7912538639061593 417.88456986826225
1.8060622427474584 418.8844602182087
1.8208766528863762 419.8843504788134
1.835694078656384 420.88424069473393
1.850513012233125 421.884130888309
1.865332699708841 422.8840210707106
1.8801527641318505 423.8839112475253
1.8949730170274144 424.8838014215465
1.9097933641587053 425.8836915941709
1.9297710655210494 426.8834920199801
1.9528789497305579 427.8832249971732
1.9775866251005296 428.8829197159638
2.003095852189703 429.8825943026836
2.029005910033784 430.8822585807803
2.0551163792646205 431.88191764435976
2.081327051317497 432.8815740856788
2.1075878233976972 433.8812292121348
2.1477788374777163 434.8804212269083
2.1964193191731747 435.87923757816634
2.2493766336368815 436.87783435507123
2.3433726154643884 437.8734069317327
2.8260173988351807 436.99759073350106
3.0637334339553637 436.0262560400783
3.2765154032689896 435.0491563350661
3.483923173061297 434.0709017582663
3.687383364193564 433.0918185388082
3.8869428307731506 432.11193282133985
4.082653146387901 431.13127106907154
4.274665887073505 430.1498786361405
4.463227152196299 429.1678172076671
4.648685184991993 428.1851650219618
4.831545915668745 427.20202619495086
5.012617747442338 426.2185563216257
5.1932988078567535 425.23501458158233
5.376064109114141 424.2518580097911
5.565198107343399 423.26990672244847
5.76778205907915 422.29064182340477
5.9948761662572565 421.3167690049706
6.262714599225032 420.35330516349785
6.593506846079339 419.40960156097157
7.015009035608358 418.5027741770543
7.557302619551931 417.6625851097524
8.244516660557357 416.93613011331763
9.080320020958814 416.38710120447803
10.03244879337777 416.0814039674412
11.032176033215938 416.058049183658
12.001018899300583 416.3057253852537
12.886303742032755 416.7707745732206
13.673309824370255 417.3877198109555
14.372913820605081 418.1022505999718
15.005161774519866 418.8770167096917
15.589597804472572 419.68845649605487
16.141793548762056 420.52217099154393
16.67299928876631 421.36941385034334
17.190893102355414 422.22485876256513
17.700520347645668 423.0852540617491
18.205104972496393 423.94861630111575
18.706661574490543 424.8137411331464
19.206425546062455 425.67990276512893
19.70514203890762 426.5466679350361
20.203253869190167 427.4137807330806
20.701020622177413 428.2810916690318
21.19859255677578 429.1485143859928
21.696055624733866 430.015999542072
22.193458446874825 430.8835192435925
22.69082823795332 431.7510578830331
23.188180079119746 432.61860681311623
23.685522248345784 433.48616128789547
24.182859248264077 434.3537187260586
24.680193506831664 435.221277735726
25.177526322462754 436.0888375725652
25.674858384028262 436.95639784167565
26.17219005423811 437.82395833513203
26.66952088783772 438.6915193081772
27.166846079451766 439.55908351547606
27.664146131543944 440.4266621333483
28.16136759868062 441.2942857917501
28.658397941826408 442.1620189523429
29.15504343189746 443.02997244026267
29.65102134856525 443.8983075749762
30.145974222158426 444.7672273945924
30.639506118964384 445.6369550915385
31.131232950789588 446.507704609404
31.620834185658566 447.3796510703836
32.10809362738644 448.25290832712244
32.59292119015575 449.12751808831837
33.07535353917788 450.0034513212859
33.5555367901086 450.8806195181134
34.03369770716613 451.7588917637176
34.510110664206195 452.6381134049232
34.98506653730783 453.5181230177152
35.458847575820585 454.398765696414
35.93171001592036 455.2799019587156
36.40387434489779 456.16141250683245
36.87552158869347 457.0431998266664
37.346792504609596 457.92518833215365
37.81778577369899 458.8073251358709
38.28855247788795 459.6895828704513
38.759087503663665 460.5719641879769
39.22932227714574 461.4545055512048
39.699124878925936 462.33727704789044
40.16831182944591 463.22037591294566
40.63667096793067 464.1039140940096
41.10398872483779 464.9880035205267
41.57007119460882 465.87274479986894
42.03475006792286 466.75822407387574
42.49787088572077 467.64451923245565
42.959267581528394 468.5317131735406
43.41872974769834 469.41991051527185
43.87596736372081 470.30925508431926
44.33057557877189 471.19994659702616
44.782003577997216 472.09225414575326
45.229537536782615 472.98652108338086
45.67231550507721 473.88315237370756
46.10939720017112 474.7825741834353
46.5399099676503 475.6851586709141
46.963281680401046 476.591114736539
47.37955326159952 477.50035506268307
47.78974176499463 478.4123558256665
48.19620485777201 479.3260230266811
48.60294402283171 480.23956736146
49.01577944326538 481.1503730024369
49.44233365512575 482.0548349996176
49.89177071688507 482.94814699859506
50.374251592058435 483.82405350336137
50.90009028435154 484.67463781410754
51.47864309946086 485.4902827369318
52.11704938899899 486.2599822948622
52.81905896871497 486.9721497962177
53.584276547186334 487.6159215396163
54.40813500512124 488.1827171300094
55.2827121445112 488.6676035365589
56.198185417050375 489.0699823223645
57.144460830152475 489.393344105138
58.112487825502974 489.6441901461127
59.09498055926389 489.83049105353666
60.08654411036154 489.9601125183279
61.08338561716833 490.0395292061659
62.08282566093967 490.07298961420815
63.082767151790506 490.06217227280655
64.08120544020547 490.0063065030812
65.0758238110455 489.9027000535352
66.06372186720763 489.74759547387663
67.04134860252489 489.5372482219504
68.00471959658417 489.26907602390366
68.9499540840733 488.9426839840786
69.87406457944095 488.56055862198997
70.77580528958093 488.128281290088
71.6563050874412 487.6542347670884
72.51923607536135 487.14891297843565
73.3704042771879 486.6240199491436
74.21683666476768 486.091523739527
75.06559731439745 485.5627465088901
75.92263912085926 485.0474996341041
76.79197148083458 484.5532717029836
77.67531284342694 484.0845414637911
78.57223537208723 483.6423537462077
79.48065574461174 483.2242958234476
80.39744701024199 482.8249291056755
81.31897361732067 482.4366138826336
82.24145757620975 482.050578462507
83.1612012992245 481.65805905664917
84.07476283289583 481.2513585228456
84.97918040295389 480.8247101207974
85.87228955518407 480.37487010234344
86.75310060594205 479.9014021595399
87.62214225978482 479.40666323456406
88.48165489291688 478.8955487332178
89.33554076592326 478.37508844089945
90.18903448864154 477.85398531743874
91.04812111343182 477.3421551003682
91.91878164110214 476.85027071806195
92.80618009254881 476.3892674768911
93.71392570784549 475.96974644296114
94.64354974635886 475.60123708484645
95.59432076495631 475.29134279610406
96.56347110962547 475.0448724947945
97.54681556300147 474.86312077949407
98.539630471085 474.743460601126
99.53757284449033 474.67934336972775
100.53739885810552 474.6606901528911
101.53730265673349 474.6745607509084
102.53680980783463 474.70595270684737
103.53627616185722 474.7386177826442
104.53612754635141 474.75585753104775
105.53602195067654 474.74132549060977
106.53413265068308 474.6798842135035
107.52674152540453 474.5585267999507
108.50828520739077 474.3672887275046
109.47189843594562 474.0999882491023
110.41035818423121 473.7545996261748
111.31719761256339 473.3331233501851
112.18769964601584 472.8409585304802
113.01953446826536 472.2859352620552
113.81294510383738 471.67724850898657
114.57053408871164 471.0245166114994
115.29679450949068 470.3370969425854
115.99754163672628 469.6236871979988
116.67936137056783 468.8921669655074
117.34913579923257 468.14960234562113
118.01366039215348 467.40233595041576
118.67934116688865 466.6560993216257
119.3519518914563 465.9161028262309
120.03643510273248 465.1870742030061
120.73674037290277 464.4732307127565
121.45570385204202 463.77818286140814
122.19498068702659 463.1047812269765
122.95504351857191 462.4549316350683
123.73525458895544 461.8294152998292
124.53400730540736 461.22775584635014
125.34891943089198 460.6481713160716
126.17704996093074 460.0876360136885
127.01510970990874 459.5420575526557
127.85964275876394 459.0065541171939
128.70716920436226 458.4758009504473
129.55429355650824 457.94440624591846
130.3977922906509 457.4072750836315
131.23469558996 456.85992431163464
132.06237262376067 456.298719600572
132.878619934559 455.72101697151925
133.68174294079796 455.1252037148275
134.47061493243214 454.5106461660046
135.2446980680598 453.8775622070096
136.00401627427635 453.22684271159847
136.74907834759892 452.5598475790103
137.48075816168983 451.87819909947564
138.20014547491158 451.1835899334149
138.90838435894923 450.4776170705249
139.60651673432668 449.76164836558746
140.2953465236677 449.036725251515
140.97533632541683 448.3035036823307
141.64654404139034 447.56223436418946
142.30860224567476 446.8127819413235
142.9607388407171 446.0546804564242
143.60183412424286 445.28721916265033
144.23050696146709 444.5095492688416
144.84522124752104 443.7207994057537
145.44440304515453 442.9201864072428
146.02655852134092 442.1071089192097
146.59038307745737 441.2812143315533
147.13485301957783 440.44243397763023
147.65929290672813 439.59098650140766
148.1634143333538 438.7273537164713
148.64732506556606 437.85223635105694
149.11151065415754 436.9664983879189
149.556793328728 436.07110833898633
149.98427470754058 435.16708418512286
150.3952694638863 434.2554464773374
150.79123666725704 433.3371818238443
151.17371435203276 432.4132170947292
151.5442613167476 431.4844033637042
151.90440855304658 430.55150788821607
152.25562128392775 429.615212198988
152.5992714858417 428.67611447312316
152.93662001365882 427.7347346503207
153.26880701018337 426.79152110114956
153.5968490965449 425.8468579921125
153.9216418309362 424.9010727735314
154.24396602328767 423.9544434294769
154.564496651607 423.0072052776327
154.88381330893668 422.0595572035293
155.20241129994437 421.111667273144
155.52071269408734 420.1636777043793
155.83907682303072 419.21570920205335
156.1578098789628 418.2678646794357
156.47717342233227 417.3202324052035
156.79739173684703 416.3728886286106
157.11865807194283 415.4258997469789
157.44113988597815 414.47932408723665
157.76498324702902 413.5332133762185
158.0903165642216 412.5876139722823
158.41725381459938 411.64256792350193
158.7458974037233 410.6981139059194
159.07634075935027 409.7542880805035
159.40867071473397 408.8111248916784
159.74296969974995 407.86865781606394
160.0793177310646 406.9269200596632
160.41779418055523 405.9859451964812
160.7584793034136 405.04576774138934
161.10145551917122 404.1064236535149
161.44680845351098 403.167950771252
161.79462775986286 402.23038918387283
162.1450077463804 401.2937815472138
162.4980478550351 400.3581733590917
162.85385314335372 399.423613250375
163.21253524261928 398.49015347530894
163.5742150086412 397.5578510850673
163.93902949621938 396.62677085777585
164.3071482222854 395.69699206498717
164.6788068635118 394.76862260491123
165.05436956189294 393.8418256154984
165.4344315195415 392.91686458477966
165.8199683490249 391.99417213704214
166.21252546477965 391.07444450840944
166.6144206143926 390.15875881521686
167.02891077707426 389.2487050228287
167.46025972672203 388.34651985134906
167.9136433956725 387.4552043916329
168.3948521093634 386.57859833765656
168.90979107042588 385.72137149114513
169.46383564051874 384.8888844856305
170.0611520093926 384.0868787777485
170.70412754148538 383.3209920595388
171.39304883158957 382.59615590147195
172.12611014184716 381.9159933360485
172.89974385993588 381.2823602638085
173.70917417294672 380.6951443168357
174.54904536606574 380.15235855894514
175.41398486774176 379.6504824204005
176.29901394291713 379.1849466687184
177.19978318209803 378.7506486400037
178.1126579146331 378.3424088542172
179.03470014542228 377.95531955619754
179.96359337615874 377.5849719277564
180.89754529745173 377.2275732586022
181.83518981676573 376.8799775805503
182.7754990207755 376.5396562605386
183.71770872620394 376.20463257332165
184.66125763185912 375.8733993282557
185.60573858074278 375.544833144366
186.55086006114823 375.2181140183936
187.49641616614826 374.8926548776444
188.44226345700977 374.56804295184696
189.3883034058701 374.24399293231244
190.3344692939586 373.92031081631325
191.280716615791 373.5968668398274
192.2270161935622 373.2735757803933
193.1733493421212 372.9503830021039
194.11970454401848 372.6272548048787
195.06607519774843 372.30417186543633
196.0124580939016 371.9811247885749
196.95885235717435 371.6581110141868
197.9052586687455 371.3351325421204
198.85167865201578 371.0121941342674
199.79811436112442 370.68930181704064
200.74456785056395 370.3664616207705
201.69104082032143 370.04367853955574
202.6375343224906 369.72095567028316
203.58404848907526 369.39829341272184
204.53058221501095 369.07568853726855
205.47713272991038 368.7531329254066
206.42369503366862 368.43061191042636
207.3702612483449 368.1081023737713
208.3168200167005 367.7855709829748
209.26335610839348 367.4629730488175
210.2098503469883 367.1402523393693
211.15627985368084 366.8173418426961
212.10261846298346 366.49416505432293
213.04883705626577 366.170637043593
213.99490351358534 365.8466644238629
214.94078200372005 365.5221434200734
215.88643140272023 365.196955452629
216.83180274768097 364.87096002301826
217.77683580614783 364.54398522520535
218.7214550814605 364.21581693802966
219.66556585651864 363.88618859516583
220.60905113173544 363.5547741485147
221.55177043722938 363.22118711182253
222.4935614096764 362.8849881168548
223.4342446941224 362.54570216317575
224.37363220886348 362.2028449084055
225.31153820452283 361.8559553823222
226.24779198797276 361.5046309553665
227.18225078890933 361.1485596853205
228.1148111089465 360.78754548962706
229.04541704827787 360.421522832294
229.9740645325552 360.0505594244686
230.90080098149792 359.67484736157866
231.8257206434373 359.29468473985224
232.7489564242858 358.9104508358809
233.67066944797133 358.52257830273567
234.5910377375006 358.131525605994
235.51024530852206 357.7377522684293
236.4284726831495 357.34169862498584
237.34588945204786 356.9437709027245
238.26264912759132 356.54433167418347
239.17888620805962 356.1436951651445
240.09471514847263 355.7421265509551
241.01023081421107 355.3398442299572
241.92550996433883 354.9370240748739
242.8406133471439 354.533804781215
243.7555880636517 354.13029360646084
244.67046994247704 353.72657198479936
245.58528575466454 353.32270068132294
246.50005517019486 352.9187243003174
247.41479241432856 352.5146750778275
248.32950762161013 352.11057596923183
249.24420791021802 351.70644309254317
250.15889821252463 351.3022876139632
251.0735819024936 350.8981171705798
251.98826125981125 350.49393692205575
252.9029378067528 350.0897503135751
253.81761254842172 349.68555961977717
254.73228614131037 349.2813663263245
255.6469590097823 348.87717139354913
256.5616314254274 348.4729754360508
257.4763035604013 348.0687788434102
258.3909755228278 347.6645818603056
259.3056473800136 347.2603846390482
260.22031917349995 346.85618727364295
261.1349909287147 346.45198982163174
262.0496626610993 346.04779231795743
262.96433437995904 345.64359478367726
263.87900609085995 345.2393972313868
264.7936777971076 344.8351996685664
265.70834950068155 344.43100209969555
266.6230212031244 344.02680452826513
267.5376929078483 343.6226069619965
268.45236462805207 343.21840943075784
269.36703640963464 342.8142120384152
270.2817083853411 342.41001508536243
271.1963808816518 342.00581931040574
272.1110545984628 341.6016262973845
273.0257308688832 341.19743906313556
273.94041198192156 340.79326278791535
274.8551015312819 340.3891056052612
275.76980481848244 339.9849795155509
276.6845296901933 339.5809022839805
277.5992891178979 339.17690328716793
278.51410846175776 338.7730399834377
279.42904227452453 338.36943607084993
280.34420649662474 337.9663548797883
281.2598302870577 337.56431871923405
282.17632617454274 337.16427461138716
283.09436768526876 336.76779033101286
284.0149522107728 336.37724695134483
284.93941802147384 335.9959819977433
285.869383805078 335.62833591612997
286.8065917294561 335.2795647784439
287.7526612783531 334.9556011868943
288.708794680158 334.6626695942775
289.675503184913 334.4067894136569
290.6524326177719 334.1932270498988
291.63834773948156 334.02598060663524
292.6312907898981 333.90738845415717
293.62887604759663 333.83793592632264
294.62864181798716 333.81629327501753
295.6283709788273 333.8395656828399
296.62631274410853 333.90369237858687
297.6212781377455 334.0039114659145
298.6126207335661 334.1352121045714
299.60013886938407 334.29271744235564
300.5839422886493 334.4719681947722
301.5643194060494 334.6690993888496
302.5416283373286 334.8809183040622
303.51622154397495 335.1049006282727
304.4884038334876 335.3391261519842
305.4584175152431 335.58217647024554
306.42644620996964 335.83301595315464
307.3926289955818 336.0908741017301
308.3570780926223 336.355142789277
309.31989529847135 336.6252965013023
310.2811843639633 336.9008383902514
311.2410582111752 337.1812705521707
312.19964119442585 337.46608393707794
313.1570674551464 337.75476188095774
314.1134768178536 338.0467912132617
315.0690096813179 338.34167584636384
316.0238020905321 338.6389492143382
316.97798176994013 338.9381834694039
317.93166548369146 339.2389946628881
318.88495775255274 339.5410440795891
319.83795073893396 339.8440364357767
320.79072500908813 340.14771585577785
321.7433508671987 340.45186051619294
322.69588999327243 340.7562767005504
323.6483971723293 341.0607928312318
324.6009219533297 341.36525389866097
325.55351011211746 341.66951661365783
326.506204814637 341.97344555895785
327.45904739402476 342.2769105798509
328.4120776793039 342.5797855958902
329.3653338519165 342.8819489116251
330.3188518590839 343.18328495329206
331.2726644719306 343.48368718293506
332.22680012868915 343.7830617785539
333.181281736536 344.081331556242
334.1361256116535 344.3784395738899
335.0913407146797 344.67435190372873
336.04692829305327 344.9690591823259
337.0028819825637 345.2625767175966
337.9591883589246 345.5549431221839
338.91582787649844 345.84621762058055
339.87277609256637 346.13647631858
340.83000505515685 346.4258078121612
341.7874847302274 346.7143085432292
342.74518435700196 347.0020782860374
343.7030736438771 347.2892160823823
344.6611237463928 347.5758168518677
345.6193079985531 347.8619688026073
346.57760239551203 348.1477516725575
347.5359858468395 348.43323575306255
348.4944402340895 348.71848159012455
349.45295031419965 349.0035402267718
350.41150351217027 349.288453839399
351.37008964385467 349.57325662755653
352.3287006040441 349.85797583485504
353.2873300478124 350.14263280304755
354.245973085503 350.4272439874506
355.2046260046792 350.7118218863727
356.1632860263587 350.9963758581135
357.1219510981681 351.2809128154541
358.08061972367176 351.56543779937454
359.03929082479317 351.8499544419013
359.99796363234816 352.1344653345831
360.95663759735936 352.4189723271328
361.9153123123145 352.70347679266143
362.8739874272053 352.98797991055153
363.83266254209036 353.27248302846067
364.7913370594513 353.55698815980776
365.7500099887681 353.8414986422071
366.7086797128692 354.1260199245255
367.667343746955 354.4105603781526
368.6259985395978 354.6951319658823
369.5846393726202 354.9797505760647
370.5432604085366 355.26443585755754
371.5018549104517 355.5492104717668
372.4604156257141 355.8340987922638
373.41893531099186 356.1191251295294
374.377407393168 356.4043115031325
375.3358267565016 356.6896749976221
376.294190571139 356.97522499113234
377.2524989660743 357.2609609185136
378.21075530235635 357.5468713834766
379.1689658866381 357.8329351458974
380.1271391491864 358.11912389294633
381.08528449306425 358.40540609638424
382.04341111072614 358.6917509663013
383.0015270476943 358.97813157201244
383.9596387066441 359.26452648988715
384.9177508525702 359.5509197786161
385.8758670200801 359.83729961302487
386.83399009086907 360.1236563507173
387.7921227724294 360.40998092969346
388.7502678087733 360.6962641624012
389.70842794151264 360.98249686498593
390.66660578244426 361.268670282947
391.62480375444494 361.55477628857057
392.5830241322519 361.84080724416015
393.5412691173114 362.12675575107784
394.49954090904987 362.4126144104855
395.4578418129043 362.69837546044135
396.4161744178902 362.9840301789758
397.3745418131634 363.2695681548692
398.3329478086317 363.5549765427111
399.2913971604724 363.8402392987028
400.249895828424 364.12533630593896
401.20845129964914 364.41024227039793
402.16707302974515 364.69492521436854
403.1257730374882 364.9793444386723
404.0845666398613 365.2634479903018
405.04347323719907 365.5471699273847
406.0025170379945 365.8304277395558
406.9617277649236 366.11311976516674
407.921141510047 366.39512200925043
408.8808018080337 366.6762840843387
409.84076083713325 366.95642451778303
410.8010806458095 367.2353256921512
411.761834329409 367.51272857506694
412.7231069253014 367.7883279153895
413.6849954932018 368.0617696513088
414.64760768972275 368.3326529455686
415.61105836501804 368.600538735175
416.5754642560268 368.86496505267667
417.54093745067223 369.12546747190004
418.50757866546843 369.3816017371932
419.47547139019986 369.63296536505516
420.4446776682593 369.87921562509587
421.4152358625767 370.12008237548565
422.3871603646244 370.3553753042349
423.36044293195414 370.5849859401645
424.3350552089771 370.8088852690515
425.3109519692825 371.02711797334996
426.28807467225795 371.239794308023
427.2663550132963 371.447080521597
428.24571823930773 371.64918859055126
429.2260860855365 371.8463658866095
430.2073792599155 372.03888525165416
431.1895194559304 372.22703581735027
432.17243091478514 372.4111147788096
433.15604158400066 372.5914202180103
434.1402839342524 372.7682449786375
435.1250955012906 372.9418715244986
436.11041921732675 373.1125676715458
437.09620358849145 373.2805830683623
438.0824027640155 373.44614630762675
439.0689765306925 373.6094625741304
440.0558902548122 373.77071176372266
441.04311478467264 373.9300470317643
442.0306263211796 374.0875937399672
443.01840626261395 374.24344876009803
444.0064410325497 374.39768005847174
444.9947219067539 374.55032642653254
445.98324486481073 374.70139714306845
446.9720105038881 374.8508712578174
447.9610240638013 374.998696080861
448.95029562214853 375.1447843550149
449.9398405229567 375.2890094890399
450.9296800981196 375.43119815047675
451.9198427226434 375.5711194747846
452.910365205228 375.7084701627861
453.9012944459374 375.84285483418506
454.8926891819522 375.97376120302243
455.8846214795259 376.1005299571787
456.877177406188 376.2223196630158
457.8704560290095 376.33806756773066
458.86456554159827 376.4464478103055
459.8596149532457 376.5458292390539
460.85569943418454 376.63423572542587
461.85287718937815 376.70931251642725
462.8511357496335 376.7683027433874
463.85034596593675 376.8080386671224
464.8502029161119 376.8249525426812
465.85015449729576 376.81511205041954
466.8493207070072 376.7742845428934
467.8464092250907 376.69803175864223
468.83963504497774 376.58183162650073
469.8266524527759 376.4212183122848
470.8045064502586 376.21193009090814
471.7696096425523 375.95006022203347
472.7177528229492 375.6322166921845
473.64416440082016 375.255704290813
474.5436420012676 374.8187374198796
475.4107807815791 374.32067082224444
476.2403087819058 373.7622056964989
477.0275082647373 373.14550724974407
477.768663337518 372.4741733848962
478.46144706122 371.75302796809484
479.1051630495707 370.9877634867933
479.70079085628106 370.18450293387576
480.2508372907656 369.34936886086064
480.7590442351254 368.4881338745157
481.2300295587337 367.6059928285681
481.66893685197044 366.7074604763717
482.08114949696744 365.7963728102799
482.4720972901554 364.87595995563174
482.8471595132628 363.9489603176611
483.21165202754713 363.01775399947445
483.5708780081709 362.08450339280716
483.93021998889265 361.15129744507055
484.29525230854046 360.22030259781707
484.6718552523807 359.2939278233921
485.0663142893579 358.3750142974567
485.48537048561104 357.4670539985549
485.9361351762975 356.57441118441795
486.42580452999545 355.7025029759183
486.9612592913613 354.8579390656483
487.54865351964384 354.04863812002895
488.19276221067935 353.2837041397846
488.8955129464335 352.5722679842534
489.65471421431516 351.92141205945364
490.4632703828022 351.3329930570399
491.31724342835275 350.8126758100904
