7.54090302189897
199902
719
0.0 100.0
0.0 101.0
0.0 102.0
0.0 103.0
0.0 104.0
0.0 105.0
0.0 106.0
0.0 107.0
0.0 108.0
0.0 109.0
0.0 110.0
0.43375007403123905 110.90103322540176
0.9023324757263269 111.78445301962287
1.3817615177740905 112.66203366756422
1.8638867355887654 113.5381359871292
2.3487821765206633 114.41270811758125
2.8360973882812917 115.28593425346283
3.325310041258212 116.1580987907878
3.8158844721790883 117.02949808372225
4.3073532500843505 117.90039327853292
4.799347070622229 118.7709919694075
5.291594987030265 119.64144701637544
5.784409646709994 120.51158132279299
6.279041993778023 121.3806836419902
6.777490446953003 122.24760298052608
7.281942456018335 123.11104271238347
7.794175345306841 123.96988930353415
8.315385158342748 124.82331787746115
8.846456787226865 125.67064480668881
9.388325420284268 126.51110800309215
9.942430531701957 127.34355471339906
10.511321462312363 128.16596769303231
11.114079021989475 128.96389207807897
11.741390724154673 129.7426603544787
12.402503957385612 130.49294649512566
13.105334487965905 131.204303821147
13.856007333631783 131.86497793050796
14.657992301803741 132.46232214520015
15.511247345083108 132.98381599091488
16.411818125949438 133.41852539804773
17.352201288494314 133.75864230089454
18.322479255170425 134.000635415224
19.311909847769897 134.1456426647954
20.310484342218977 134.19901849299285
21.31004133792365 134.16925589334417
22.30476472202664 134.0666625742698
23.291137454144387 133.90213648717548
24.267553327104316 133.68623826339424
25.23379648427294 133.42860643068562
26.190537728667227 133.13766624563917
27.13892396080604 132.82054867329487
28.080282203579998 132.48313993191206
29.01592857214407 132.13020102361082
29.947059864590308 131.76551689148084
30.874703686385025 131.39205077536576
31.799706369055833 131.01209020234296
32.722742890706535 130.62737786864545
33.64433778918219 130.23922475052882
34.56488997603125 129.84860515131828
35.48469726533472 129.4562347261532
36.403978431235984 129.06263322968857
37.32289189221587 128.66817404139405
38.24155088406553 128.2731225805769
39.160035393240385 127.87766562159676
40.07840130544331 127.48193332407267
40.9966872721264 127.08601555054778
41.930497303843225 126.72824631673217
42.87114215422511 126.38885382204492
43.81490929782606 126.05824290471264
44.76013143342085 125.7318150958764
45.70603843337927 125.40737720131156
46.65226938335999 125.08388533232785
47.59865392828938 124.76084308568076
48.54511137971382 124.43801450478504
49.497942675781125 124.13451405794072
50.450773971848434 123.83101361109641
51.40360526791574 123.52751316425208
52.35643656398304 123.22401271740777
53.30926786005035 122.92051227056346
54.26209915611765 122.61701182371914
55.21493045218496 122.31351137687483
56.16776174825226 122.0100109300305
57.12059304431956 121.70651048318616
58.07342434038688 121.40301003634187
59.026255636454174 121.09950958949754
59.97908693252148 120.79600914265323
60.93191822858878 120.49250869580891
61.884749524656094 120.1890082489646
62.83758082072339 119.88550780212026
63.79041211679069 119.58200735527595
64.74324341285799 119.27850690843164
65.69607470892531 118.97500646158733
66.64890600499261 118.671506014743
67.60173730105991 118.36800556789868
68.55456859712721 118.06450512105437
69.50739989319453 117.76100467421004
70.46023118926183 117.45750422736572
71.41306248532914 117.1540037805214
72.36589378139644 116.8505033336771
73.31872507746374 116.54700288683277
74.27155637353104 116.24350243998845
75.22438766959836 115.94000199314414
76.17721896566566 115.63650154629983
77.13005026173296 115.33300109945552
78.08288155780026 115.02950065261118
79.03571285386757 114.72600020576685
79.98854414993487 114.42249975892253
80.94137544600217 114.11899931207822
81.89420674206947 113.8154988652339
82.84703803813679 113.5119984183896
83.79986933420409 113.20849797154526
84.7527006302714 112.90499752470096
85.61765970350876 112.62948656456237
85.8585629466094 111.6589374274943
86.09946618971001 110.6883882904262
86.34036943281065 109.71783915335813
86.58127267591128 108.74729001629004
86.8221759190119 107.77674087922195
87.06307916211252 106.80619174215386
87.30398240521315 105.8356426050858
87.54488564831378 104.8650934680177
87.7857888914144 103.89454433094963
88.02669213451503 102.92399519388154
88.26759537761566 101.95344605681346
88.50849862071627 100.98289691974539
88.7494018638169 100.0123477826773
88.99030510691753 99.0417986456092
89.23120835001816 98.07124950854111
89.47211159311878 97.10070037147304
89.7130148362194 96.13015123440495
89.95391807932003 95.15960209733689
90.19482132242067 94.18905296026878
90.4357245655213 93.21850382320072
90.67662780862192 92.24795468613263
90.91753105172255 91.27740554906454
91.15843429482317 90.30685641199646
91.3993375379238 89.33630727492837
91.64024078102443 88.3657581378603
91.88114402412505 87.3952090007922
92.12204726722567 86.42465986372413
92.3629505103263 85.45411072665604
92.60385375342693 84.48356158958798
92.84475699652756 83.51301245251989
93.08566023962818 82.5424633154518
93.3265634827288 81.57191417838371
93.56746672582943 80.60136504131563
93.80836996893007 79.63081590424756
94.0492732120307 78.66026676717946
94.29017645513132 77.68971763011137
94.53107969823193 76.7191684930433
94.77198294133257 75.74861935597522
95.01288618443319 74.77807021890713
95.25378942753383 73.80752108183904
95.49469267063444 72.83697194477097
95.73559591373507 71.86642280770288
95.9764991568357 70.89587367063478
96.21740239993633 69.92532453356672
96.45830564303695 68.95477539649863
96.69920888613758 67.98422625943054
96.9401121292382 67.01367712236247
97.18101537233882 66.04312798529439
97.42191861543947 65.0725788482263
97.66282185854008 64.10202971115822
97.9037251016407 63.13148057409013
98.14462834474134 62.16093143702205
98.38553158784195 61.19038229995396
98.62643483094259 60.21983316288588
98.8673380740432 59.2492840258178
99.10824131714385 58.278734888749725
99.34914456024447 57.30818575168165
99.59004780334509 56.33763661461356
99.83095104644573 55.36708747754547
100.07185428954635 54.39653834047739
100.31275753264697 53.42598920340931
100.5536607757476 52.45544006634122
100.79456401884822 51.484890929273135
101.03546726194885 50.51434179220505
101.27637050504948 49.54379265513697
101.5172737481501 48.57324351806889
101.75817699125074 47.6026943810008
101.99908023435135 46.632145243932726
102.239983477452 45.66159610686465
102.48088672055262 44.69104696979656
102.51851176395448 44.539463483680606
103.38218891551371 45.04350889619275
104.24586606707294 45.54755430870489
105.10954321863217 46.05159972121702
105.9732203701914 46.55564513372917
106.83689752175063 47.05969054624131
107.70057467330986 47.563735958753455
108.56425182486909 48.067781371265596
109.42792897642832 48.57182678377774
110.29160612798756 49.07587219628988
111.15528327954678 49.57991760880202
112.01896043110602 50.08396302131416
112.88263758266524 50.5880084338263
113.74631473422446 51.092053846338445
114.6099918857837 51.596099258850586
115.47366903734294 52.10014467136273
116.33734618890216 52.60419008387487
117.2010233404614 53.10823549638701
118.06470049202062 53.61228090889915
118.92837764357985 54.11632632141129
119.79205479513908 54.620371733923434
120.65573194669831 55.124417146435576
121.51940909825754 55.62846255894772
122.38308624981677 56.13250797145986
123.246763401376 56.636553383972
124.11044055293522 57.14059879648414
124.97411770449446 57.64464420899628
125.83779485605369 58.148689621508424
126.70147200761292 58.652735034020566
127.56514915917215 59.15678044653271
128.42882631073138 59.66082585904485
129.29250346229063 60.16487127155699
130.15618061384984 60.66891668406913
131.01985776540906 61.17296209658127
131.8835349169683 61.677007509093414
132.74721206852752 62.181052921605556
133.61088922008676 62.6850983341177
134.474566371646 63.18914374662984
135.33824352320522 63.69318915914198
136.20192067476447 64.19723457165412
137.06559782632368 64.70127998416626
137.92927497788293 65.2053253966784
138.79295212944214 65.70937080919055
139.65662928100136 66.21341622170269
140.5203064325606 66.71746163421483
141.38398358411982 67.22150704672697
142.24766073567906 67.72555245923911
143.11133788723828 68.22959787175125
143.97501503879752 68.7336432842634
144.83869219035677 69.23768869677554
145.70236934191598 69.74173410928768
146.56604649347523 70.24577952179983
147.42972364503444 70.74982493431196
148.2934007965937 71.2538703468241
149.1570779481529 71.75791575933624
150.02075509971212 72.26196117184838
150.88443225127136 72.76600658436053
151.7481094028306 73.27005199687267
152.61178655438982 73.77409740938481
153.47546370594904 74.27814282189695
154.33914085750828 74.78218823440909
155.2028180090675 75.28623364692123
156.06649516062674 75.79027905943337
156.930172312186 76.29432447194552
157.7938494637452 76.79836988445766
158.65752661530442 77.3024152969698
159.52120376686366 77.80646070948194
160.3848809184229 78.31050612199408
161.24855806998215 78.81455153450622
162.11223522154137 79.31859694701838
162.97591237310056 79.8226423595305
163.8395895246598 80.32668777204263
164.70326667621907 80.83073318455479
165.5669438277783 81.33477859706693
166.43062097933753 81.83882400957907
167.29429813089672 82.34286942209121
168.15797528245596 82.84691483460335
169.02165243401518 83.3509602471155
169.88532958557445 83.85500565962764
170.74900673713364 84.35905107213978
171.61268388869289 84.86309648465193
172.02818751229495 85.10558604800403
172.89186466380204 85.6096314606055
173.75554181536953 86.11367687310349
174.6192189669446 86.61772228558847
175.48289611851578 87.12176769808016
176.34657327008233 87.62581311057974
177.2102504216457 88.12985852308479
178.07392757320716 88.63390393559311
178.93760472476754 89.13794934810325
179.80128187632738 89.64199476061435
180.6649590278869 90.14604017312595
181.5286361794463 90.65008558563783
182.3923133310056 91.15413099814984
183.25599048256487 91.65817641066191
184.11966763412408 92.16222182317401
184.98334478568333 92.66626723568613
185.84702193724257 93.17031264819826
186.7106990888018 93.6743580607104
187.574376240361 94.17840347322255
188.43805339192022 94.68244888573469
189.30173054347944 95.1864942982468
190.16540769503865 95.69053971075894
191.02908484659787 96.19458512327108
191.8927619981571 96.69863053578321
192.75643914971636 97.20267594829534
193.62011630127557 97.70672136080748
194.4837934528348 98.21076677331963
195.347470604394 98.71481218583176
196.21114775595322 99.21885759834389
197.07482490751244 99.72290301085602
197.93850205907165 100.22694842336814
198.80217921063087 100.73099383588028
199.66585636219008 101.23503924839241
200.5295335137493 101.73908466090455
201.39321066530852 102.2431300734167
202.25688781686773 102.74717548592884
203.12056496842695 103.25122089844096
203.98424211998616 103.75526631095309
204.84791927154538 104.25931172346523
205.7115964231046 104.76335713597737
206.5752735746638 105.2674025484895
207.43895072622303 105.77144796100163
208.30262787778224 106.27549337351377
209.16630502934146 106.77953878602591
210.02998218090067 107.28358419853804
210.89365933245992 107.78762961105016
211.75733648401916 108.2916750235623
212.62101363557838 108.79572043607445
213.4846907871376 109.29976584858659
214.3483679386968 109.80381126109873
215.21204509025603 110.30785667361087
216.07572224181524 110.811902086123
216.93939939337446 111.31594749863513
217.80307654493367 111.81999291114725
218.6667536964929 112.3240383236594
219.5304308480521 112.82808373617152
220.39410799961132 113.33212914868365
221.25778515117054 113.83617456119578
222.12146230272975 114.34021997370792
222.98513945428897 114.84426538622006
223.84881660584819 115.3483107987322
224.71249375781755 115.85235621054157
225.57617090978692 116.35640162235096
226.4398480617167 116.86044703422812
227.30352521351796 117.36449244632554
228.16720236521454 117.86853785860234
229.03087951684418 118.37258327099383
229.8945566684353 118.87662868345133
230.75823382000556 119.38067409594463
231.62191097156483 119.88471950845667
232.48558812311856 120.3887649209782
233.3492652746695 120.8928103335045
234.21294242621912 121.39685574603315
235.07661957776804 121.90090115856293
235.94029672931666 122.40494657109326
236.8039738808651 122.90899198362385
237.66765103241352 123.41303739615456
238.53132818396185 123.91708280868534
239.39500533551018 124.42112822121615
240.2586824870585 124.92517363374697
241.12235963860684 125.42921904627778
241.98603679015514 125.9332644588086
242.84971394170347 126.43730987133941
243.7133910932518 126.94135528387025
244.5770682448001 127.44540069640108
245.4407453963484 127.94944610893191
246.3044225478967 128.45349152146275
247.16809969941636 128.95753693404274
248.03177685072225 129.46158234698893
248.89545400195763 129.96562776005598
249.7591311532273 130.4696731730643
250.6228083045678 130.9737185859512
251.48648545597746 131.4777639987196
252.35016260744084 131.98180941139597
253.21383975894145 132.4858548240086
254.077516910466 132.98990023658018
254.94119406200525 133.49394564912654
255.8048712135532 133.997991061658
256.6685483651062 134.50203647418087
257.532225516662 135.0060818866989
258.3959026682194 135.5101272992142
259.2595798197776 136.014172711728
260.12325697133633 136.51821812424103
260.98693412289526 137.02226353675366
261.85061127445437 137.52630894926602
262.71428842601347 138.0303543617783
263.5779655775726 138.53439977429053
264.44164272913184 139.03844518680268
265.30531988069106 139.54249059931485
266.1689970322503 140.04653601182702
267.0326741838095 140.55058142433913
267.89635133536876 141.05462683685127
268.76002848692804 141.55867224936344
269.6237056384873 142.06271766187558
270.4873827900465 142.56676307438772
271.35105994160574 143.07080848689986
272.21473709316496 143.574853899412
273.0784142447242 144.07889931192415
273.9420913962834 144.5829447244363
274.8057685478426 145.08699013694843
275.6694456994018 145.59103554946057
276.53312285096104 146.0950809619727
277.3968000025203 146.5991263744848
278.2604771540795 147.10317178699694
279.12415430563874 147.6072171995091
279.987831457198 148.11126261202128
280.8515086087573 148.61530802453342
281.7151857603165 149.1193534370456
282.5788629118757 149.62339884955776
283.442540063435 150.1274442620699
284.3062172149942 150.63148967458204
285.1698943665534 151.1355350870942
286.0335715181127 151.63958049960638
286.89724866967197 152.1436259121185
287.7609258212312 152.6476713246306
288.6246029727904 153.15171673714275
289.48828012434967 153.6557621496549
290.3519572759089 154.15980756216703
291.2156344274681 154.66385297467917
292.0793115790273 155.16789838719131
292.94298873058653 155.67194379970346
293.8066658821458 156.1759892122156
294.670343033705 156.68003462472774
295.53402018526424 157.18408003723988
296.3976973368235 157.68812544975202
297.2613744883827 158.1921708622642
298.12505163994194 158.69621627477636
298.9887287915012 159.20026168728847
299.85240594306043 159.7043070998006
300.71608309461965 160.20835251231273
301.57976024617886 160.7123979248249
302.4434373977381 161.216443337337
303.3071145492973 161.72048874984915
304.1707917008565 162.2245341623613
305.0344688524157 162.72857957487346
305.89814600397494 163.2326249873856
306.7618231555342 163.73667039989775
307.6255003070935 164.2407158124099
308.4891774586527 164.74476122492203
309.3528546102119 165.2488066374342
310.21653176177114 165.75285204994634
311.08020891333035 166.25689746245845
311.94388606488957 166.7609428749706
312.8075632164488 167.2649882874827
313.67124036800806 167.76903369999485
314.5349175195673 168.273079112507
315.3985946711265 168.77712452501913
316.26227182268576 169.28116993753127
317.125948974245 169.7852153500434
317.9896261258042 170.2892607625555
318.85330327736347 170.79330617506764
319.71698042892274 171.2973515875798
320.58065758048195 171.80139700009198
321.44433473204117 172.30544241260418
322.3080118836004 172.80948782511632
323.1716890351596 173.31353323762846
324.0353661867188 173.8175786501406
324.89904333827803 174.32162406265275
325.76272048983725 174.82566947516486
326.62639764139647 175.32971488767703
327.49007479295574 175.8337603001891
328.35375194451495 176.33780571270125
329.21742909607417 176.8418511252134
330.08110624763344 177.34589653772554
330.9447833991926 177.8499419502377
331.8084605507518 178.35398736274982
332.67213770231103 178.85803277526196
333.5358148538703 179.3620781877741
334.3994920054295 179.86612360028624
335.26316915698874 180.37016901279839
336.126846308548 180.87421442531053
336.9905234601073 181.37825983782267
337.8542006116665 181.8823052503348
338.7178777632257 182.38635066284698
339.58155491478493 182.89039607535915
340.4452320663442 183.3944414878713
341.3089092179034 183.89848690038343
342.1725863694627 184.40253231289557
343.0362635210219 184.9065777254077
343.8999406725811 185.4106231379198
344.7636178241404 185.91466855043194
345.62729497569967 186.41871396294408
346.49097212725894 186.92275937545625
347.3546492788182 187.42680478796842
348.21832643037743 187.93085020048056
349.08200358193665 188.4348956129927
349.94568073349586 188.93894102550485
350.8093578850551 189.44298643801702
351.6730350366143 189.94703185052916
352.5367121881735 190.45107726304127
353.4003893397327 190.9551226755534
354.26406649129194 191.45916808806555
355.1277436428512 191.9632135005777
355.9914207944104 192.46725891308984
356.85509794596965 192.97130432560198
357.71877509752886 193.47534973811412
358.5824522490881 193.97939515062626
359.44612940064724 194.48344056313843
360.3098065522065 194.98748597565054
361.1734837037657 195.49153138816268
362.03716085532494 195.99557680067483
362.90083800688416 196.49962221318697
363.7645151584434 197.0036676256991
364.62819231000265 197.50771303821122
365.4918694615619 198.01175845072333
366.3555466131212 198.51580386323548
367.21922376468035 199.01984927574765
368.08290091623957 199.5238946882598
368.3770350350781 199.69555252706704
367.5489768594008 200.2561947103658
366.72091868372354 200.81683689366457
366.72091868371314 200.81683689367162
365.89286050803594 201.37747907697047
365.0648023323587 201.9381212602693
364.2367441566814 202.49876344356807
363.40868598100417 203.0594056268669
362.5806278053269 203.62004781016572
361.75256962964966 204.1806899934645
360.9245114539724 204.7413321767633
360.09645327829514 205.3019743600621
359.2683951026179 205.8626165433609
358.44033692694063 206.4232587266597
357.6122787512634 206.98390090995855
356.7842205755861 207.54454309325737
355.95616239990886 208.1051852765562
355.1281042242316 208.66582745985502
354.30004604855435 209.22646964315382
353.4719878728771 209.78711182645264
352.64392969719984 210.34775400975147
351.8158715215226 210.9083961930503
351.71024753237145 211.90280233387796
352.28803737890763 212.71898790912397
353.0084805726186 213.41250186329904
353.76217092077945 214.06973154848467
354.5282301478115 214.7125015389782
355.30039504989793 215.34792373247302
356.07587666631866 215.97929387952905
356.85319160297416 216.60840554628803
357.63151500875847 217.23626912701897
358.4103879271602 217.86345090049497
359.1895574702582 218.49026412874443
359.9688858029765 219.1168799199773
360.7482985325116 219.74339073156682
361.52775584422596 220.36984607651573
362.30723658186577 220.99627227300547
363.08672957235285 221.62268322260763
363.8662289459741 222.2490862290851
364.64573163317345 222.8754851121053
365.42523603512944 223.50188186124382
366.20474132199394 224.12827750917756
366.98424706438254 224.75467259024316
367.76375304073576 225.38106738015577
368.5432591370136 226.00746202083025
369.32276529464895 226.63385658514943
370.1022714836243 227.260251110468
370.881777688583 227.88664561589638
371.6612839016817 228.5130401111951
372.44079011892063 229.13943460134163
373.22029633826287 229.7658290888707
373.99980255867246 230.3922235750715
374.77930877962314 231.01861806059895
375.55881500084786 231.64501254578536
376.3383212222113 232.2714070307992
377.11782744364484 232.8978015157258
377.89733366511376 233.52419600060833
378.6768398866006 234.1505904854686
379.45634610809645 234.77698497031764
380.2358523295968 235.403379455161
381.0153585510995 236.0297739400015
381.7948647726034 236.65616842484056
382.5743709941078 237.2825629096789
383.35387721561256 237.90895739451688
384.13338343711746 238.53535187935466
384.91288965862236 239.16174636419242
385.6923958801273 239.78814084903007
386.4719021016323 240.4145353338677
387.2514083231373 241.04092981870528
388.0309145446423 241.66732430354287
388.81042076614733 242.29371878838046
389.58992698765235 242.92011327321808
390.36866657212386 243.54746059295184
391.1465310835415 244.17589261145264
391.9237025099765 244.80518155457253
392.7004020566584 245.43505282251874
393.4768053590626 246.06528921627574
394.25303172043493 246.6957435254138
395.02915587256143 247.32632365552095
395.8052223763185 247.956974733175
396.5812569402354 248.58766511331913
397.3572740510711 249.21837696804377
398.1332817294417 249.84910042813536
398.9092843556445 250.47983010408723
399.68528429592885 251.1105630845779
400.4612828172226 251.74129781086936
401.23728059286213 252.37203345454463
402.0132779784826 253.00276957806236
402.78927516092176 253.63350595155487
403.5652722378871 254.2642424548122
404.3412692602708 254.89497902522143
405.11726625448773 255.5257156302843
405.8932632342054 256.1564522531857
406.6692602064761 256.7871888852491
407.44525717492974 257.4179255220087
408.2212541414304 258.048662161171
408.9972511069335 258.6793988015606
409.773248071928 259.3101354425759
410.54924503666336 259.9408720839101
411.32524200126693 260.5716087254064
412.10123896580365 261.20234536698507
412.8772359303063 261.8330820086056
413.65323289479176 262.4638186502472
414.42922985926845 263.09455529189967
415.20522682374076 263.72529193355746
415.98122378821085 264.356028575218
416.7572207526798 264.9867652168799
417.5332177171482 265.6175018585426
418.30921468161637 266.2482385002056
419.0852116460843 266.87897514186875
419.8612086105522 267.50971178353205
420.63720557502 268.14044842519536
421.4132025394878 268.77118506685866
422.1891995039556 269.401921708522
422.9651964684234 270.0326583501854
423.74119343289124 270.6633949918487
424.51719039735906 271.29413163351205
425.2931873618269 271.9248682751754
426.0691843262947 272.5556049168388
426.8451812907625 273.18634155850214
427.62117825523035 273.8170782001655
428.39717521969817 274.44781484182886
429.173172184166 275.0785514834922
429.9491691486338 275.7092881251556
430.72516611310164 276.340024766819
431.5011630775694 276.97076140848236
432.2771600420372 277.6014980501457
433.053157006505 278.232234691809
433.8291539709728 278.8629713334724
434.60515093544063 279.4937079751358
435.3811478999084 280.12444461679917
436.1571448643762 280.75518125846247
436.93314182884404 281.38591790012583
437.70913879331187 282.0166545417892
438.4851357577797 282.64739118345256
439.2611327222475 283.2781278251159
440.0371296867153 283.9088644667793
440.8131266511831 284.53960110844264
441.58736444227145 285.17249592027997
442.3595901636163 285.80784419901653
443.13021922272355 286.4451281649686
443.8997596940324 287.08372620992156
444.66861613570313 287.72314764536253
445.4370637964315 288.3630602899642
446.2052752527952 289.00325647732524
446.9733534618736 289.64361252261483
447.7413578395237 290.2840571149961
448.50932187149334 290.92455008576223
449.27726409852085 291.5650692001906
450.0451946465415 292.2056023167557
450.8131189856442 292.8461428770745
451.5810400445815 293.48668736986224
452.34895937988176 294.12723392903814
453.11687781364026 294.76778156902583
453.8847957777478 295.40832977205264
454.65271349805886 296.04887826735353
455.42063109221044 296.6894269138999
456.18854862125886 297.32997563849483
456.956466116795 297.97052440326564
457.7243835951193 298.6110731886708
458.49230106462153 299.2516219846522
459.2602185296102 299.89217078604474
460.02403032312594 300.5376098180891
460.7831251694797 301.18858985944144
461.538461420349 301.8439272901768
462.2912274932902 302.5022154029577
463.0423755187551 303.16234921048476
463.7925555223143 303.8235828773983
464.5421758423956 304.48545097280794
465.29148034185266 305.1476765892661
466.04060982701543 305.81010018067855
466.7896436730979 306.4726319138227
467.52857114320864 307.14641688984665
468.2558048463195 307.83280682352836
468.9736472321895 308.5290124749336
469.6850322878266 309.23181493837285
470.3758788952723 309.9548162972794
471.0449522070471 310.69801270703306
471.67875663378635 311.4715060480812
472.2682520650227 312.2792777587467
472.8137892711047 313.1173643633289
473.32190224362023 313.9786547946942
473.8028213368627 314.85541977218526
474.2662978722154 315.74152896476676
474.7211932470406 316.63207385300234
475.1736848220375 317.5238425307192
475.6287651523154 318.4142929184411
476.0892429160489 319.30196415775606
476.55762999308564 320.1854875281685
477.0361692069709 321.06355371062523
477.5254029592624 321.93570641263256
478.0259057006282 322.80144136392266
478.5384617999665 323.66009510381497
479.0626635660634 324.51168920220977
479.5985407099522 325.35598517321614
480.1465039277923 326.1924876011232
480.7059304725268 327.02136753274567
481.27679467988065 327.84241202408714
481.8592905619745 328.6552456770222
482.4534028020078 329.45962782888944
483.05880733723006 330.2555457572792
483.7567080537227 330.9717402768889
484.5093818493556 331.630133895758
485.28914120568237 332.2562132407462
486.08193346299436 332.8657051904438
486.8810038897127 333.4669426253596
487.68311232902005 334.06412103387083
488.4941429416927 334.6491247477974
489.31062227034397 335.22649941461714
490.12991642539725 335.79987284223256
490.9506050012361 336.3712486043083
491.7554575190138 336.964723477093
492.5496258277093 337.57242134401685
493.338051721567 338.18755109447176
494.09648808786164 338.83929819134437
494.83509295898403 339.5134367856662
495.5338968264278 340.2287501120104
496.2074614475962 340.967878450738
496.8273902686179 341.7525365016536
497.38549956136495 342.5823039494059
497.8664258513632 343.4590649793272
498.3009657585551 344.35971755888136
498.7115537608028 345.2715385349563
499.11035240994966 346.18857704965376
499.40514586908034 347.1441380453279
499.6181450710057 348.12119041852964
499.8173160644491 349.10115517063593
