10.127140062600668
260627
1041
0.0 100.0
0.0 99.0
0.0 98.0
0.0 97.0
0.0 96.0
0.0 95.0
0.0 94.0
0.0 93.0
0.0 92.0
0.0 91.0
0.0 90.0
0.0 91.0
0.0 92.0
0.0 91.0
0.0 90.0
0.0 89.0
0.0 88.0
0.0 87.0
0.0 86.0
0.0 85.0
0.0 84.0
0.0 83.0
0.0 82.0
0.0 81.0
0.0 80.0
0.0 79.0
0.0 78.0
0.0 77.0
0.0 76.0
0.0 75.0
0.0 74.0
0.0 73.0
0.0 72.0
0.0 71.0
0.0 70.0
0.0 69.0
0.0 68.0
0.0 67.0
0.0 66.0
0.0 65.0
0.0 64.0
0.0 63.0
0.0 62.0
0.0 61.0
0.0 60.0
0.0 59.0
0.0 58.0
0.0 57.0
0.0 56.0
0.0 55.0
0.0 54.0
0.0 53.0
0.0 52.0
0.0 51.0
0.0 50.0
0.0 49.0
0.0 48.0
0.0 47.0
0.0 46.0
0.0 45.0
0.0 44.0
0.0 43.0
0.0 42.0
0.0 41.0
0.0 40.0
0.0 39.0
0.0 38.0
0.0 37.0
0.0 36.0
0.0 35.0
0.0 34.0
0.0 33.0
0.0 32.0
0.0 31.0
0.0 30.0
0.0 29.0
0.0 28.0
0.0 27.0
0.0 26.0
0.0 25.0
0.0 24.0
0.0 23.0
0.0 22.0
0.0 21.0
0.0 20.0
0.0 19.0
0.0 18.0
0.0 17.0
0.0 16.0
0.0 15.0
0.0 14.0
0.0 13.0
0.0 12.0
0.5954905072226613 11.196637655968555
1.2162876289425906 10.412666397780953
1.9386055422263984 9.721105242025857
2.6827312860501427 9.053065664321991
3.454029403063476 8.416591615603831
4.2551844452709044 7.818134768082129
5.0865742838629595 7.262445163819212
5.946704770108091 6.752371103871331
6.832734685972159 6.288743032898584
7.741061415912558 5.870481689148312
8.66787480437338 5.494959462150001
9.60979561160256 5.159124394134871
10.564648165690727 4.862044270344496
11.529099223622538 4.597782739178477
12.500657722271484 4.360983069197702
13.477693995306923 4.147910027324689
14.459150997722329 3.956227601396361
15.444304237086865 3.7845503024615246
16.43260404778898 3.6320265857281564
17.423581581094624 3.4979984973158174
18.416801442857224 3.381747449147297
19.41184774961271 3.28233493780057
20.40833069063455 3.1985390652741437
21.40590108104766 3.1288733192360616
22.404263179890982 3.0716621350746296
23.403180606612842 3.0251435947774805
24.40247458875892 2.9875731642951573
25.40201656889233 2.9573104818134945
26.401718107039713 2.932880282760856
27.401520595483454 2.913006075815516
28.401386336496635 2.8966201077893183
29.40129160004755 2.8828555183229003
30.40122164072634 2.871027004125979
31.401167335841965 2.8606055445482843
32.40112302215254 2.851191437306937
33.40108513018528 2.8424861229113425
34.401051332940696 2.8342646055989045
35.401020029819854 2.82635225690865
36.40099004982873 2.818608931818427
37.40096049421791 2.8109206063771808
38.40093066218605 2.8031964123236897
39.4009000207671 2.7953681367149095
40.400868193259356 2.787389790866123
41.40083495040539 2.77923598176578
42.400800196132394 2.770898875665369
43.40076394563079 2.7623842007387207
44.40072629770984 2.7537069647418013
45.40068740540333 2.744887491945649
46.40064744887138 2.7359481705296664
47.40060664606156 2.726914679799922
48.4005653017679 2.7178214472625104
49.40052385165452 2.7087165854488644
50.40048285673949 2.6996618546701687
51.40044293781549 2.690726741102779
52.40040467568413 2.681979010040433
53.40036851816508 2.6734752619999007
54.400334725266845 2.665254273342551
55.40030336192149 2.65733431708872
56.400274420013346 2.649726230690196
57.40024802310529 2.642460343317474
58.40022456271781 2.6356105094093873
59.40020465020703 2.6292998339263423
60.40018888620674 2.6236848760391718
61.40017756427821 2.61892633331199
62.40017046518716 2.6151582924813765
63.40016689651896 2.6124867154824702
64.40016582119665 2.6110202082444283
65.40016581463503 2.6109056515008318
66.4001647855303 2.61234029724245
67.40015962902547 2.615551680598019
68.40014608560078 2.620756165773102
69.40011878044425 2.628145994425271
70.40007103045338 2.637918286974113
71.39999421167607 2.6503131106297784
72.3998770132271 2.665622688104492
73.39970469049646 2.684186517616409
74.39945826796009 2.706385264172937
75.39911396269846 2.732624394820267
76.39864300437058 2.7633114418271614
77.39801204230416 2.7988294093888735
78.39718450444894 2.839503613640601
79.39612320663792 2.8855630238515664
80.39479409196014 2.9371039086881625
81.39317115378341 2.994053381250556
82.39124186305517 3.056140894437852
83.38901219602013 3.122881906229652
84.38650928157116 3.193589503538651
85.38377968960879 3.2674253569735994
86.38088027973498 3.343520121379429
87.37785921767075 3.421192492995557
88.37472871609819 3.500257043237925
89.37143539762428 3.581348294315096
90.36783485007713 3.666131141351865
91.36367492002232 3.7572494989510457
92.3585952985238 3.8579144900972047
93.35216334801179 3.9711511053620026
94.3445936135486 4.093960584013061
95.33668415538067 4.219484911564951
96.32929136612321 4.340855934391165
97.32293627580796 4.453416111441388
98.31774878857334 4.555141548011738
99.31360567076274 4.646075976013459
100.31028572579984 4.727493835794061
101.30756720793116 4.801179963375711
102.30526812770314 4.86895071433902
103.30325315411037 4.932400592723545
104.3014269019288 4.992808946169875
105.29972417836663 5.051140308718724
106.29810129061195 5.108088897329013
107.29652938491716 5.164136560099842
108.29498965568075 5.219608063655252
109.29347000175363 5.274717033035749
110.29196273427945 5.329601120831121
111.2904630283592 5.384347469774809
112.28896789244597 5.439010404154976
113.28747549273905 5.493623334464431
114.28598471706763 5.548206563855196
115.28449489757068 5.602772298815841
116.28300563685005 5.657327807646301
117.2815167004264 5.711877380656903
118.2800279510174 5.766423530321042
119.2785393088195 5.820967717364235
120.27705072774665 5.875510785412343
121.27556218134592 5.930053218719738
122.2740736545189 5.9845952936885425
123.27258513869296 6.039137167258392
124.2710966290243 6.093678928105559
125.2696081227884 6.148220626108066
126.26811961845931 6.202762289202118
127.26663111518573 6.257303932972421
128.26514261249454 6.311845566080796
129.2636541101237 6.366387193324518
130.26216560792852 6.420928817351747
131.26067710582947 6.475470439619743
132.25918860378283 6.530012060928062
133.25770010176473 6.584553681714173
134.25621159976208 6.639095302216795
135.25472309776785 6.69363692256587
136.25323459577817 6.7481785428319565
137.25174609379093 6.802720163053283
138.25025759180497 6.8572617832505145
139.24876908981972 6.911803403434799
140.24728058783484 6.966345023612141
141.24579208585016 7.020886643785765
142.2443035838656 7.0754282639574
143.24281508188108 7.129969884127976
144.24132657989662 7.184511504297985
145.23983807791217 7.239053124467695
146.2383495759277 7.293594744637245
147.23686107394326 7.348136364806711
148.2353031494619 7.403934409879801
149.2336393353952 7.461596007639113
150.23186738614254 7.521100282285077
151.23000376741902 7.58212293686769
152.2280706670682 7.644271660303167
153.2260887243667 7.70719985196775
154.22407424766027 7.770641914485083
155.22203895006237 7.834410658862405
156.21999072979685 7.898381318737053
157.21793467977693 7.962474007073524
158.21587397670407 8.026639103882873
159.2138105519918 8.090846515472371
160.2117455563358 8.155078338620658
161.2096796640779 8.21932409027021
162.20761326502682 8.283577713491942
163.20554658192276 8.347835748234958
164.2034797407855 8.412096237201823
165.20141281230218 8.47635808259477
166.1993458358246 8.540620673294207
167.19727883311424 8.60488367136066
168.19521181613374 8.669146891026125
169.19314479142412 8.733410230716007
170.19107776254467 8.797673635158226
171.18901073142376 8.861937074407628
172.186943699102 8.926200532305202
173.1848766661388 8.990464000163005
174.182809632834 9.054727473325585
175.18074259934772 9.11899094930602
176.12831349709944 9.438536554398617
177.07588439485116 9.758082159491213
178.02345529260288 10.077627764583811
178.97102619035462 10.397173369676409
179.91859708810637 10.716718974769005
180.86616798585806 11.036264579861603
181.81373888360977 11.355810184954201
182.76925510998035 11.65074872286092
183.7247713363509 11.945687260767636
184.69638185879796 12.18227338181055
185.66799238124506 12.418859502853461
186.65489524816604 12.580175129074842
187.64738574067434 12.702496927134849
188.6423796588531 12.802432420265353
189.6385234818252 12.890167726468231
190.6352140968359 12.97145621242753
191.63218154384407 13.049275937472082
192.62930380578715 13.125086192302827
193.6265254213784 13.199578134132498
194.62382256501266 13.273051988658867
195.62118794732044 13.345593660641768
196.61862312817675 13.417169215058891
197.61613332547736 13.487691596479824
198.61372351206145 13.557073291696547
199.61139788145618 13.62523378357299
200.60916188760763 13.6920693132607
201.60702385654275 13.757425957551277
202.60499604088199 13.821077503371033
203.60309451050284 13.88271714110969
204.60133690271448 13.941980337037657
205.59974072439576 13.998458729827874
206.59832235908544 14.051700807740858
207.59709700507756 14.101190266449935
208.5960786146255 14.146309483918614
209.5952780159348 14.186316438602633
210.5946977448914 14.22037822617084
211.5943259210443 14.247645595703986
212.594132073575 14.267334611975887
213.59406636416986 14.278798228008483
214.59406248247626 14.281584510862924
215.59404384690302 14.275479529355177
216.59393209363105 14.260529811794054
217.5936561565042 14.237039428392713
218.59315996164378 14.20554111873117
219.59240718313146 14.166746913632835
220.59138244972877 14.121487475646703
221.59008937745557 14.07064976808158
222.58854645125177 14.015120750564748
223.58678197807927 13.955742025591814
224.58482917226266 13.89327765028333
225.58272208034248 13.828395110228236
226.5804926665624 13.761657884676353
227.57816906732376 13.693527132707402
228.57577485818177 13.624370165982516
229.57332908292284 13.554473322697266
230.57084674468481 13.484056602573885
231.5683394780603 13.413287634352383
232.5647264725199 13.328358503474309
233.55799436154615 13.212518524929436
234.54564474593673 13.055844601722242
235.52571739529515 12.85720522501262
236.49757169227456 12.621622489137074
237.461984033418 12.357219697453118
238.4205329759096 12.072291768235598
239.37491771656494 11.773712186207188
240.32772942719728 11.47015025828829
241.2821176249244 11.171581726726188
242.24030136737287 10.885428069214253
243.20393959205728 10.618217717754831
244.17381751729755 10.374626235695926
245.14971327772054 10.156389060154185
246.1307025950718 9.962327319353248
247.11560799356613 9.789233830114975
248.10333076642047 9.633016916866268
249.09300670748326 9.489693744694176
250.08403830666973 9.356066017728743
251.0760664312381 9.230049351905073
252.06891799990478 9.11069373789334
253.06254464858415 8.997972475328684
254.0569606602773 8.892441457668939
255.0521894627088 8.7948728622566
256.0482276116078 8.705945892568327
257.04503014794307 8.626041552538725
258.0425143024336 8.555151768081343
259.0405738826064 8.492885610136282
260.0390962654679 8.438543628900913
261.0379763115118 8.39122921655792
262.03712468484224 8.34996751432567
263.0364706974177 8.313807492898976
264.0359612711194 8.281892087817026
265.03555792085695 8.253492478074493
266.0352332416153 8.228012033284337
267.03496775152223 8.204970555443854
268.03474742471514 8.183979960637885
269.03456193377326 8.164719963835623
270.03440348028937 8.146918788024415
271.03426605263644 8.130340596941222
272.03414496141517 8.114778856055317
273.03403653786125 8.100053525766068
274.03393792080635 8.086009865826618
275.0338468915996 8.072517270553861
276.03376173865865 8.059467418796565
277.03368114491 8.046771710781682
278.0336040958225 8.034358321295919
279.0335298073405 8.02216933261047
280.0334576724157 8.010158310743908
281.03338722281404 7.998288422784693
282.03331810135194 7.986530950842269
283.03325003990574 7.974863977794673
284.0331828401724 7.963271094165911
285.0331163561291 7.951740106939842
286.0330504785173 7.940261828160599
287.03298512294367 7.9288291173761545
288.0329202229588 7.917436323260316
289.0328557275892 7.906079097388922
290.032791600986 7.894754385728647
291.03272782155295 7.883460369689164
292.0326643790757 7.872196226153466
293.0326012718153 7.860961879786789
294.03253850667244 7.849758025707928
295.0324761026846 7.83858645100344
296.0324140946391 7.8274503724255045
297.03235253283657 7.816354435547301
298.03229147722277 7.805304209315047
299.03223098937485 7.794305480432046
300.0321711278237 7.783363838924217
301.0321119486217 7.772484735022386
302.0320535082345 7.761673751761656
303.0319958641952 7.750936677865839
304.03193907322185 7.740279346047098
305.0318831898304 7.729707512717047
306.031828266945 7.719226923311204
307.03177435667493 7.708843396268314
308.03172150830983 7.698562640592357
309.031669764899 7.688389924914279
310.0316191623839 7.6783299810947545
311.0315697324578 7.668387274779066
312.03152150609446 7.658566358281661
313.03147451599574 7.648872133748016
314.03142879850765 7.639310079259004
315.03138439479244 7.629886414437721
316.0313413492569 7.620607986866499
317.0312997061457 7.6114819533272895
318.03125950733374 7.6025155712270065
319.03122079208185 7.593716195972422
320.0311835985732 7.585091485308254
321.0311479664047 7.576649739793483
322.03111393761833 7.568400108597318
323.03108155572886 7.560352579144208
324.03105086380344 7.552517854586078
325.03102190148513 7.544907086047184
326.03099470203585 7.5375315752948
327.0309692908244 7.5304026358793985
328.0309456863847 7.523531804618596
329.0309239029335 7.516931317681639
330.03090395073434 7.510614356367016
331.03088583356373 7.504594886875619
332.03086954515186 7.498887299071527
333.03085506721123 7.493506251624186
334.0308423692651 7.488466833894549
335.03083140918056 7.483784948707824
336.03082213259404 7.479477619271789
337.03081447293016 7.475563635481762
338.0308083550401 7.472065672823502
339.03080369848624 7.469013937914383
340.030800412383 7.466450308495874
341.030798375307 7.464431856649487
342.03079739607017 7.463032402213992
343.0307971572837 7.462341335742017
344.0307971502202 7.462460192372623
345.03079661152105 7.4634981701997996
346.0307944713803 7.465567053185862
347.03078932361984 7.468775712478652
348.0307794260582 7.473224872552903
349.0307627276136 7.479003852594466
350.03073689642974 7.486191460019506
351.0306993161489 7.494860897687366
352.0306470247531 7.505087336820754
353.0305765792951 7.5169568757087415
354.0304838463462 7.5305751464624215
355.03036374834556 7.54607293913584
356.0302100066697 7.563607468365184
357.0300148904229 7.583360807910035
358.02976893532133 7.605538492846798
359.02946058886585 7.6303698809152385
360.02907578526936 7.658109007057638
361.02859747742514 7.689034512872997
362.02800509601593 7.72344979875999
363.02727382640535 7.761685965749129
364.0263735221465 7.8041099916060634
365.02526703287765 7.851139282682759
366.023907683788 7.9032626972812725
367.0222356299622 7.961066779209576
368.02017278334773 8.025265205146894
369.0176160007494 8.096728678749752
370.01442814413986 8.176513080666988
371.0104263466434 8.265886346299162
372.0053663814203 8.366356875302293
372.99892169148563 8.479705213803708
373.9906557108384 8.608015910389938
374.9799869970426 8.753699149431222
375.96614834618873 8.919487549056376
376.94814303232477 9.108396088832892
377.9247032194051 9.323640603303321
378.89425722232716 9.568518196026172
379.854913405784 9.846258537327579
380.8044686668683 10.1598582920264
381.74044806750794 10.511913062734392
382.66017882559726 10.904462846359916
383.560896622348 11.33886755468664
384.4398759037465 11.815727516176693
385.29457012216835 12.3348592846096
386.1227444937981 12.895329810307086
386.9225841647907 13.495543522834998
387.69276488164576 14.133369254037948
388.4324802251059 14.806289168031851
389.1414271615779 15.511550992652293
389.8197579840569 16.24630761581062
390.46801027111735 17.007733234187704
391.08702700064555 17.793111034080308
391.6778770738657 18.59989241151522
392.24178336174305 19.425731196322758
392.78006207308204 20.268498085159337
393.2940745230944 21.12628080894913
393.78519060492386 21.9973749451758
394.2547624159454 22.880269227801968
394.70410628250215 23.773628108424873
395.1344914873356 24.67627342939015
395.54713406057544 25.58716645645206
395.9431915983429 26.505392151353725
396.3237492432829 27.430149351313638
396.6897822605313 28.36075121585295
397.0420763305059 29.296640572700618
397.38110372901474 30.237417072758053
397.7068853970615 31.182862102764904
398.01888737927527 32.132943553533565
398.31599146576207 33.087788651857295
398.5965537202276 34.04762448228311
398.8585385056499 35.01269648592181
399.09970047401475 35.983181367315844
399.3177837574139 36.95911152952104
399.5107118789406 37.940324421774385
399.6767489505198 38.92644393322388
399.81461980581537 39.91689414765168
399.92358299571544 40.91093993293866
400.00345609005836 41.90774497345565
400.05459751865214 42.90643639440678
400.07785297861636 43.90616594962752
400.0744768240205 44.906160250401356
400.0460395916567 45.90575583053139
399.99433200089896 46.90441809829664
399.9212738108631 47.901745778083324
399.82883339368726 48.89746399589012
399.71896132778556 49.891409733410285
399.5935391158486 50.88351319008849
399.4543424857909 51.87377795174599
399.30301767285533 52.862262044177434
399.14106853568694 53.84906115087058
398.96985220701504 54.83429460990256
398.79058109188213 55.81809431882658
398.6043292911987 56.80059636296806
398.41204186039164 57.78193501193365
398.21454565375893 58.762238663036555
398.01256081952494 59.74162731252126
397.80671228054905 60.72021117658273
397.5975407551396 61.698090142998254
397.38551304283556 62.675353796888594
397.1710314267809 63.652081822684195
396.9544421346109 64.6283446349009
396.73604286102966 65.60420413160071
396.5160875171466 66.57971407347588
396.2947804606368 67.55491825042498
396.07224447762127 68.52984272763504
395.8484434998212 69.50447759379557
395.6230487816839 70.47874512432084
395.3952561255159 71.45245478628169
395.16358462543894 72.42524886318188
394.92570424330495 73.39654332100389
394.6783429707234 74.36546664141002
394.41731297558124 75.33079733171054
394.1376731517879 76.29090230979827
393.8340196884407 77.24368485277293
393.50087278824105 78.18655978768601
393.1331102552015 79.11647952577759
392.7263891286722 80.03003189167393
392.27749607602794 80.92361738130975
391.7845770315347 81.79369255942709
391.24721651580455 82.63704519986537
390.6663611470609 83.45105198153348
390.1464803056816 84.3052907717829
389.7240355867966 85.21167946295584
389.388203314624 86.15360126701782
389.1062421202678 87.11302707700898
388.5244088640897 87.92633517484472
387.73774370540656 88.54371506447028
386.8722508341054 89.04463630551211
385.9803289397214 89.4968257949062
385.07945439636393 89.93090534652143
384.17548966943184 90.35851237693906
383.2704487315147 90.7838368421348
382.3650317321624 91.2083601716277
381.45948317974427 91.63260281353615
380.5538885931202 92.05674718126618
379.64827789689787 92.48085715154255
378.74266156326166 92.90495508392536
377.8370432569326 93.32904880380534
376.9314242603248 93.75314104964701
376.0258050221832 94.17723277971008
375.12018569952886 94.6013243293018
374.2145663473039 95.02541581574741
373.3089469847324 95.44950728009874
372.40332761854086 95.87359873671954
371.49770825108266 96.29769019063554
370.59208888318125 96.72178164360511
369.6864695151248 97.1458730962436
368.7808501470141 97.56996454876622
367.87523077888443 97.99405600124832
366.9696114107481 98.41814745371624
366.06399204260947 98.8422389061792
365.15837267447 99.2663303586404
364.25275330633025 99.69042181110098
363.3471339381904 100.11451326356136
362.4415145700505 100.53860471602168
361.5358952019106 100.96269616848197
360.63027583377067 101.38678762094226
359.7246564656308 101.81087907340256
358.8190370974909 102.23497052586282
357.91341772935095 102.65906197832311
357.0077983612111 103.08315343078338
356.1021789930712 103.50724488324364
355.1965596249313 103.93133633570389
354.29094025679143 104.35542778816418
353.3853208886515 104.77951924062447
352.47970152051164 105.20361069308476
351.5740821523717 105.627702145545
350.6684627842318 106.05179359800528
349.76284341609187 106.47588505046555
348.85722404795195 106.89997650292584
347.95160467981214 107.32406795538611
347.6345266713871 107.47255205131745
347.8103291610057 108.45697751047823
347.98613165062426 109.44140296963901
347.9861316506243 109.44140296963924
348.1619341402429 110.42582842880002
348.3377366298615 111.41025388796079
348.5135391194801 112.39467934712157
348.68934160909873 113.37910480628234
348.86514409871734 114.36353026544312
349.0409465883359 115.34795572460389
349.2167490779545 116.33238118376465
349.39255156757315 117.31680664292543
349.56835405719175 118.3012321020862
349.7441565468103 119.28565756124698
349.91995903642896 120.27008302040774
350.0957615260475 121.25450847956853
350.2715640156662 122.23893393872929
350.4473665052847 123.22335939789006
350.6231689949033 124.20778485705084
350.798971484522 125.19221031621161
350.97477397414053 126.17663577537239
351.1505764637592 127.16106123453316
351.32637895337774 128.14548669369393
351.50218144299635 129.1299121528547
351.677983932615 130.11433761201548
351.85378642223355 131.09876307117625
352.0295889118522 132.083188530337
352.20539140147076 133.06761398949777
352.3811938910894 134.05203944865855
352.55699638070803 135.03646490781932
352.73279887032646 136.02089036698013
352.9086013599451 137.0053158261409
353.08440384956367 137.98974128530168
353.26020633918233 138.97416674446245
353.4360088288009 139.95859220362323
353.61181131841954 140.943017662784
353.7876138080381 141.92744312194478
353.96341629765675 142.91186858110555
354.13921878727535 143.89629404026633
354.3150212768939 144.8807194994271
354.4908237665125 145.86514495858788
354.66662625613117 146.84957041774865
354.84242874574977 147.83399587690946
355.0182312353684 148.81842133607023
355.194033724987 149.802846795231
355.3698362146055 150.78727225439178
355.5456387042242 151.77169771355256
355.7214411938428 152.75612317271336
355.8972436834614 153.74054863187413
356.07304617307994 154.7249740910349
356.24884866269855 155.70939955019566
356.4246511523172 156.69382500935643
356.6004536419358 157.6782504685172
356.7762561315543 158.662675927678
356.9520586211729 159.64710138683878
357.1278611107915 160.63152684599956
357.30366360041006 161.61595230516033
357.47946609002867 162.60037776432108
357.6552685796473 163.58480322348186
357.83107106926593 164.56922868264266
358.0068735588845 165.55365414180343
358.18267604850314 166.5380796009642
358.35847853812174 167.52250506012498
358.53428102774035 168.50693051928576
358.7100835173589 169.49135597844653
358.88588600697756 170.4757814376073
359.06168849659616 171.46020689676809
359.23749098621477 172.44463235592886
359.4132934758333 173.42905781508964
359.589095965452 174.4134832742504
359.7648984550706 175.39790873341119
359.9407009446891 176.38233419257196
360.1165034343078 177.36675965173274
360.2923059239264 178.3511851108935
360.468108413545 179.33561057005429
360.64391090316354 180.32003602921506
360.8197133927822 181.30446148837584
360.9955158824008 182.2888869475366
361.1713183720194 183.27331240669739
361.34712086163796 184.25773786585816
361.5229233512566 185.24216332501894
361.6987258408751 186.22658878417974
361.8745283304937 187.21101424334051
362.0503308201123 188.1954397025013
362.22613330973087 189.17986516166206
362.4019357993495 190.1642906208228
362.57773828896813 191.1487160799836
362.7535407785867 192.13314153914436
362.9293432682053 193.1175669983051
363.1051457578239 194.10199245746588
363.28094824744255 195.08641791662666
363.4567507370611 196.07084337578743
363.63255322667976 197.0552688349482
363.80835571629837 198.03969429410898
363.9841582059169 199.0241197532698
364.1599606955356 200.00854521243053
364.3357631851541 200.9929706715913
364.5115656747726 201.9773961307521
364.6873681643912 202.96182158991286
364.8631706540098 203.9462470490736
365.0389731436285 204.93067250823435
364.9695526643683 205.92825999665794
364.8145481247434 206.91617375437957
364.63096885281317 207.89917866327755
364.43785070091883 208.88035417225083
364.24154282113693 209.8608964795153
364.0441674989077 210.84122447675648
363.8464348569314 211.82148046490295
363.64858259286024 212.80171231584532
363.4506902808735 213.78193608257234
363.26086775394685 214.76375450176766
363.07374985120396 215.74609196439093
362.8875377245761 216.7286015286684
362.70162886897657 217.71116852252158
362.5158215463226 218.6937547217164
362.3300482152802 219.67634734812543
362.14428626398836 220.65894212597246
361.95852812241156 221.64153762404783
361.7727712562506 222.6241333632377
361.58701481707305 223.60672918314742
361.4012585208408 224.58932503008046
361.2155022724639 225.57192088606038
361.0297460401077 226.55451674506898
360.84398981311506 227.53711260509155
360.65823358791806 228.51970846545356
360.47247736332224 229.50230432592923
360.28672113892765 230.48490018644293
360.1009649146004 231.46749604696936
359.91520869029563 232.45009190750005
359.734496077925 233.43362785078338
359.5554730396045 234.41747273273913
359.3770157473782 235.40142039133244
359.19874786588093 236.38540238427058
359.0205433957862 237.36939586333347
358.8423601543918 238.3533931867476
358.66418520944626 239.33739201245504
358.48601125754715 240.3213910179752
358.3122993806104 241.3061875369633
358.1423149562436 242.29163428614496
357.97469590602407 243.27748612795665
357.8084275594247 244.26356667077204
357.64855027670706 245.2507035683049
357.49378668048877 246.23865510015534
357.34222304557386 247.22710260233814
357.2008319887675 248.21705642401628
357.0674069389423 249.20811533047902
356.94774432262443 250.20092994472276
356.8427138791524 251.1953989517532
356.7506222471475 252.1911494884413
356.6688038290127 253.1877967412113
356.5945215297785 254.18503399483777
356.5254167103011 255.18264339932682
356.4596648024067 256.180479401187
356.39596105972373 257.17844825499367
356.64234083511724 256.2092748926498
356.76438405325564 255.2167501056009
356.8794388288755 254.22339095674937
356.99227377786497 253.22977721173245
357.1043064103657 252.2360726835879
357.2160519497921 251.24233582987947
357.3276958638549 250.24858755367833
357.43930411767406 249.25483527182965
357.5508999473809 248.2610815947084
357.6624914740394 247.26732743437597
357.7740815177333 246.27357310751827
357.88567105249706 245.27981872351225
357.99726041323146 244.28606431996434
358.10884971464003 243.29230990975466
358.220438995879 242.29855549728015
358.33202827027657 241.30480108403742
358.4436175423586 240.3110466705347
358.55520681365795 239.31729225694406
358.66679608469343 238.32353784332378
358.77838535563995 237.32978342969352
358.8899746265566 236.3360290160599
359.0015638974632 235.34227460242516
359.11315316836647 234.34852018879005
359.22101052992446 233.3543538095769
359.3264618191821 232.35992934004997
359.4307597371024 231.36538324040578
359.534567118715 230.37078582058066
359.6381789709447 229.37616801253702
359.7417159854461 228.381542411304
359.84522513949054 227.38691391029016
359.9487241277382 226.3922843513931
360.05221946239317 225.39765441231796
360.15571349932463 224.40302433821023
360.2520579108087 223.40767628130962
360.34379179044265 222.41189272283555
360.43331538990003 221.41590802157742
360.5218989387386 220.41983927150284
360.5855890002863 219.421869544477
360.2164518478237 220.35124447563868
359.91291395014713 221.30406384187452
359.6604181948702 222.27166184392246
359.4443132046156 223.2480319751673
359.25387068649576 224.22973032358811
359.08213224189467 225.21487290547458
358.9247764595955 226.20241488320363
358.7790917987012 227.1917459600329
358.64328285200287 228.1824810053385
358.5160631212307 229.17435556399107
358.39643590550236 230.16717444438018
358.2835822642784 231.1607860665256
358.17680403472764 232.1550689285392
358.07549304928773 233.1499237341411
357.97911232086335 234.1452682750858
357.8871829101317 235.14103380142348
357.7992739734944 236.13716231665597
357.7149950216453 237.13360451682377
357.6339899091913 238.1303182027719
357.5559321993328 239.12726704495572
357.4805216039384 240.12441961206986
357.4074812207458 241.12174859611827
357.33655529712473 242.11923018159166
357.26750725605166 243.11684351752095
357.20011777526014 244.11457026261633
357.13418279950565 245.11239418444433
357.0695114717662 246.1103008030056
357.00592409704916 247.10827707816276
356.9432503810091 248.10631114838168
356.88132825618493 249.10439213229895
356.8200035702906 250.10251000254272
356.7591307632648 251.10065553369776
356.6985744548482 252.09882031644207
356.6382116750957 253.09699682128505
356.5779343537406 254.09517849038656
356.51765166303613 255.093359835234
356.4572918710562 256.09153652075224
356.3968034765834 257.0897054213568
356.3361555264124 258.0878646401892
356.2753371320441 259.0860134882607
356.2143562892543 260.08415242488854
356.15323815828776 261.082282964481
356.0920229907187 262.0804075575352
356.0307639021653 263.0785294559372
355.96952469629724 264.0766525744274
355.9083779471799 265.07478136124416
355.8474035450005 266.07292069133734
355.7866879103502 267.07107579537126
355.72632409323205 268.069252237481
355.6664129976774 269.06745595447944
355.60706600068113 270.0656933680978
355.5484092424133 271.0639715781723
355.4905898289135 272.0622986365167
355.4337840952815 273.0606838871222
355.3782079485403 274.059138338719
355.32412916831186 275.0576750108192
355.2718813816274 276.0563091624416
355.2218792467653 277.05505827333445
355.17463438790605 278.0539416115233
355.13077171415796 279.0529791813132
355.09104555949204 280.05218978605853
355.05635449976546 281.05158787009464
355.02775310162286 282.05117876642385
355.00645871541485 283.05095201527377
354.9938519306128 284.05087254660464
354.99147026103105 285.05086971042556
355.0009956107447 286.0508243432529
355.0242367364293 287.05055423181125
355.06310833146733 288.04979844575456
355.1196083603072 289.0482010432778
355.1957945681741 290.04529465058397
355.2937598523429 291.0404844832781
355.415605108622 292.03303359214993
355.5634079332714 293.02205043984554
355.73918631466836 294.0064802040408
355.94485798823547 294.98510125567014
356.1821976463809 295.95652798305184
356.45279480692557 296.91922065296535
356.75801470710553 297.87150255058503
357.09896373748285 298.81158433356177
357.4764603955918 299.7375952801043
357.8910127797383 300.64762073073655
358.3428039848817 301.53974443681943
358.831686930578 302.4120938309313
359.35718996384026 303.26288555752024
359.9190371128058 304.0901266234734
360.51667510972266 304.89189268950594
361.1488649145592 305.6667062481513
361.8137382999189 306.41366232546795
362.509098271145 307.1323239359749
363.23269854470925 307.8225432084512
363.98239780345386 308.4843218885534
364.7562034763244 309.1177449546264
365.5522570704893 309.72297109022963
366.36880410876404 310.3002499953394
367.20417099699443 310.84994278412995
368.0567548977054 311.37253315167266
368.92502427013676 311.8686261841753
369.8075252069085 312.3389368225803
370.7028892547046 312.78427177732135
371.60985134988175 313.2054840253766
372.5272588283483 313.60343316591303
373.45406098283576 313.97898311789993
374.3892894141404 314.33302800386696
375.33204368961214 314.66651619868026
376.28148793360566 314.9804519047533
377.2368550136789 315.27587320106136
378.1974520169722 315.5538181547194
379.16266248455656 315.81529234707045
380.13194400806873 316.06124626181463
381.10482207699874 316.2925647932709
382.08088194897107 316.51006680780233
383.05976018354534 316.71451093678826
384.0411369107459 316.90660393330086
385.0247293133033 317.08700899318364
386.0102863761599 317.2563526551654
386.99758472882127 317.4152298493508
387.9864253304479 317.5642072455378
388.97663076146796 317.7038253116264
389.9680429374035 317.8345995346477
390.9605211182094 317.95702118560934
391.95394013419025 318.07155789888327
392.94818878304125 318.17865423055673
393.94316837307406 318.2787322771909
394.9387913986385 318.3721923807959
395.9349803386266 318.4594139139482
396.93166657048346 318.5407561245578
397.9287893921826 318.61655901663244
398.9262951442145 318.6871442464134
399.9241364233281 318.75281601886496
400.92227137973384 318.81386197533163
401.9206630897557 318.870554067899
402.91927899641917 318.92314941901293
403.91809041109343 318.9718911661754
404.91707206997603 319.0170092913147
405.91620173984757 319.0587214332205
406.9154598680941 319.09723367975664
407.9148292724809 319.1327413349263
408.9142948665629 319.16542965464856
409.913843416954 319.19547454458103
410.91346332896285 319.22304321367335
411.913144457362 319.2482947784306
412.9128779393019 319.27138081508383
413.91265604662897 319.29244585981496
414.9124608332147 319.3122041168306
415.9122611787465 319.3321858353354
416.9120143088573 319.3544047199537
417.9116663288063 319.38078348057525
418.91115686564194 319.4127000401638
419.9104306824645 319.4508030454642
420.9094506790666 319.49506416146016
421.90820503326165 319.54496145573916
422.9067060784129 319.59969410442164
423.90498338940563 319.65836616214204
424.9030751316607 319.72011463614876
425.9010167252915 319.7842440030694
426.8988330950624 319.85029316822084
427.89653790480185 319.91800662790774
428.8941376033514 319.98725142160174
429.8916364545948 320.0579341052528
430.8890400826532 320.1299480117976
431.8863479324918 320.20327640091307
432.8835468482654 320.27807160383395
433.88061331348604 320.3546122069962
434.87751046706154 320.43332729572194
435.87418820657075 320.5147734961663
436.87057815935265 320.59966791291606
437.8665953456871 320.68882936493674
438.8621330201663 320.783194287935
439.85705281351954 320.8838650622137
440.85118051152836 320.99207837032185
441.84431376185603 321.10906703256546
442.83624838502385 321.23581758822877
443.8268022982862 321.37294141883655
444.8158328867678 321.52065226829524
445.80325011697215 321.6787889607343
446.78902507853604 321.8468595564785
447.7731915071577 322.0241063922024
448.75583903493384 322.2095891034062
449.73709948017154 322.4022752176228
450.71712930346183 322.60112577824964
451.69609177673834 322.8051661564016
452.6741417697067 323.0135365267872
453.6514149084908 323.2255205172469
454.62802165245546 323.4405536952512
455.6040715160437 323.658100618441
456.57970778034013 323.8774949661114
457.55511488010677 324.0979059225649
458.5304933000614 324.31844376033143
459.5060057251977 324.53838809057106
460.4817300699847 324.7573903804906
461.4576244928401 324.9756335371751
462.4335078891201 325.1939259943628
463.40905954047514 325.4136962733779
464.38385236869016 325.63680822299204
465.3573888774532 325.8653397659035
466.3291176190246 326.1014398565518
467.29843234845885 326.34726287276817
468.26468994489596 326.6048405451847
469.22722463455045 326.8759991172634
470.1853420824892 327.16237466781797
471.13830337423184 327.4654666941734
472.0853177769378 327.786657791602
473.0255557458697 328.1271758700924
473.9581823655669 328.48801875589214
474.8824037590184 328.86987581800656
475.7975161854167 329.2730745866696
476.702972816492 329.6975133799507
477.598420556468 330.1426800284902
478.4363332653987 330.6884842903024
479.24229516187035 331.28045170615894
480.0320597300521 331.8938617866473
480.81389067367496 332.51735226419584
481.59189137296005 333.1456156738513
482.3680547839824 333.77614748065423
483.1433395104958 334.40775938113984
483.91820459356165 335.0398860322513
484.69286939551364 335.67225810992124
485.4674386404211 336.30474722828103
486.2350664715194 336.94564309573786
486.9993510414163 337.59052222876795
487.76203374034435 338.2372950642797
488.5239507828324 338.88496968966365
489.2855022761025 339.5330740972231
490.04687933845986 340.1813834129946
490.8015850477982 340.8374468949017
491.5530809130598 341.4971846947092
492.30303963124504 342.15866932870904
493.05226383560125 342.8209857875161
493.79110130089737 343.4948694569092
494.5249216708759 344.1742130110882
495.2563353515463 344.8561470458219
495.9699229736666 345.55671303525946
496.67484020088636 346.26600261136275
497.3755865692552 346.9794131013458
498.0743364210132 347.69477919270605
498.7301931444718 348.44966458685155
499.3638345584231 349.2232914727117
499.99747597237445 349.996918358572
