0.4491127959458636
151283
979
0.0 100.0
0.0 101.0
0.0 102.0
0.0 103.0
0.0 104.0
0.0 105.0
0.0 106.0
0.0 107.0
0.0 108.0
0.0 109.0
0.0 110.0
0.0 111.0
0.0 112.0
0.0 113.0
0.0 114.0
0.0 115.0
0.0 116.0
0.0 117.0
0.0 118.0
0.0 119.0
0.0 120.0
0.0 121.0
0.0 122.0
0.0 123.0
0.0 124.0
0.0 125.0
0.0 126.0
0.0 127.0
0.0 128.0
0.0 129.0
0.0 130.0
0.0 131.0
0.0 132.0
0.0 133.0
0.0 134.0
0.0 135.0
0.0 136.0
0.0 137.0
0.0 138.0
0.0 139.0
0.0 140.0
0.0 141.0
0.0 142.0
0.0 143.0
0.0 144.0
0.0 145.0
0.0 146.0
0.0 147.0
0.0 148.0
0.0 149.0
0.0 150.0
0.0 151.0
0.0 152.0
0.0 153.0
0.0 154.0
0.0 155.0
0.0 156.0
0.0 157.0
0.0 158.0
0.0 159.0
0.0 160.0
0.0 161.0
0.0 162.0
0.0 163.0
0.0 164.0
0.0 165.0
0.0 166.0
0.0 167.0
0.0 168.0
0.0 169.0
0.0 170.0
0.0 171.0
0.0 172.0
0.0 173.0
0.0 174.0
0.0 175.0
0.0 176.0
0.0 177.0
0.0 178.0
0.0 179.0
0.0 180.0
0.0 181.0
0.0 182.0
0.0 183.0
0.0 184.0
0.0 185.0
0.0 186.0
0.0 187.0
0.0 188.0
0.0 189.0
0.0 190.0
0.0 191.0
0.0 192.0
0.0 193.0
0.0 194.0
0.0 195.0
0.0 196.0
0.0 197.0
0.0 198.0
0.0 199.0
0.0 200.0
0.0 201.0
0.0 202.0
0.0 203.0
0.0 204.0
0.0 205.0
0.0 206.0
0.0 207.0
0.0 208.0
0.0 209.0
0.0 210.0
0.0 211.0
0.0 212.0
0.0 213.0
0.0 214.0
0.0 215.0
0.0 216.0
0.0 217.0
0.0 218.0
0.0 219.0
0.0 220.0
0.0 221.0
0.0 222.0
0.0 223.0
0.0 224.0
0.0 225.0
0.0 226.0
0.0 227.0
0.0 228.0
0.0 229.0
0.0 230.0
0.0 231.0
0.0 232.0
0.0 233.0
0.0 234.0
0.0 235.0
0.0 236.0
0.0 237.0
0.0 238.0
0.0 239.0
0.0 240.0
0.0 241.0
0.0 242.0
0.0 243.0
0.0 244.0
0.0 245.0
0.0 246.0
0.0 247.0
0.0 248.0
0.0 249.0
0.0 250.0
0.0 251.0
0.0 252.0
0.0 253.0
0.0 254.0
0.0 255.0
0.0 256.0
0.0 257.0
0.0 258.0
0.0 259.0
0.0 260.0
0.0 261.0
0.0 262.0
0.0 263.0
0.0 264.0
0.0 265.0
0.0 266.0
0.0 267.0
0.0 268.0
0.0 269.0
0.0 270.0
0.0 271.0
0.0 272.0
0.0 273.0
0.0 274.0
0.0 275.0
0.0 276.0
0.02964934674115037 276.9995603614779
0.059298693482314736 277.9991207229558
0.08894804022347909 278.9986810844337
0.12732183959977217 279.9979445389448
0.16658948827012027 280.99717326739886
0.20685875244918706 281.99636213160943
0.24725302646845565 282.9955459498463
0.28776901563781726 283.9947248400465
0.32841905423071516 284.9938982856316
0.36919564259083226 285.99306657468094
0.41008071749872427 286.99223043043725
0.45108288818337094 287.9913894878446
0.4922547980383404 288.9905415652777
0.5335777217650104 289.9896874084731
0.5750323520319272 290.9888277958209
0.6165952157608985 291.9879636866579
0.6582700948410353 292.98709491149964
0.7000716678200298 293.98622084375063
0.7419790392704508 294.9853423439788
0.7839910185337255 295.984459451028
0.8261053109180634 296.9835722506542
0.868318583463723 297.9826808731878
0.910628608281725 298.98178540315445
0.9530351391119627 299.9808858416204
0.9955397574172831 300.9799821119682
1.0381453072488531 301.97907408327194
1.080855300746258 302.9781615951824
1.1236734506797459 303.97724447764824
1.1666033612341096 304.9763225640758
1.2096483552228445 305.97539569878245
1.2528193620990544 306.9744633962711
1.2961190740110342 307.97352552394307
1.3395458606679882 308.97258213605306
1.3830977545388672 309.97163330218035
1.426773999542454 310.9706790396831
1.4705751193905585 311.96971931009267
1.5145024799190967 312.9687540377158
1.558557837056418 313.96778312913784
1.602743027069217 314.9668064867144
1.6470598023660163 315.9658240158035
1.6915097694378005 316.96483562756146
1.7360943848074082 317.9638412391935
1.780814977743272 318.96284077301095
1.8256727815516056 319.9618341550899
1.8706689646122259 320.96082131392126
1.9158046579196526 321.9598021791983
1.9610809787780195 322.95877668075946
2.0064990515331904 323.95774474765005
2.0520600265750257 324.9567063072474
2.0977650987793752 325.9556612843984
2.143615526341301 326.95460960052515
2.1896126507030615 327.9535511726656
2.2357579180546505 328.9524859124264
2.2820529026963583 329.9514137248318
2.3284993324030543 330.9503345070601
2.375099115815418 331.94924814706405
2.4218543718021492 332.9481545220751
2.4687674606903003 333.94705349699245
2.5158410172518986 334.94594492266026
2.5630779853707373 335.9448286340316
2.6104816544014584 336.94370444821595
2.6580557020323727 337.94257216217613
2.70580425363358 338.9414315495876
2.7537319643662146 339.9402823565373
2.801844117206695 340.93912429636015
2.850146717343489 341.9379570445317
2.898646561554422 342.9367802346467
2.9473512725322824 343.9355934559892
2.996269306531544 344.93439625231565
3.0454099589334147 345.93318812066536
3.0947833998567167 346.9319685086043
3.144400769508741 347.93073680837597
3.1942743536515734 348.929492346836
3.2444178482002486 349.9282343705611
3.356213934263671 350.92196553900703
3.7089897176151525 351.8576734243435
4.545532720075146 352.4055746974167
5.4262108987194715 351.93185965051646
5.853957554569357 351.0279609845095
6.203788229429785 350.091148036837
6.56217018752095 349.15757298783734
6.927194062986331 348.2265748297617
7.317462736385523 347.3058738128386
7.718462955853 346.38979585546434
8.159105551552035 345.4921132262152
8.653263502757417 344.62274108537997
9.218039056082686 343.79749653110156
9.887093659927148 343.05428327968946
10.839004165752584 342.74790705851825
11.779064645342004 343.0889148219403
12.446461223849276 343.8336173175698
12.93038729352925 344.7087262017003
13.340703771565643 345.6206693950253
13.704120654229236 346.55229602055454
14.030821104246076 347.49742395684615
14.325398216351836 348.4530516694118
14.605211760935362 349.4131060325953
14.874222192208181 350.37624329584827
15.133803084367853 351.34196466375187
15.385331961105294 352.30981445796954
15.630213579643305 353.2793674440937
15.869689942616382 354.25026963874416
16.10477395469218 355.22224469360225
16.33626639816344 356.195081395529
16.56479852600963 357.1686177669821
16.790872528537182 358.14272789698856
17.014892614249455 359.11731242446547
17.237187484270514 360.0922919066918
17.458026594676255 361.06760215851693
17.67725218356908 362.0432763567894
17.895584785014236 363.01915077245275
18.113181963242116 363.9951894335863
18.330094794774492 364.97138041055575
18.546379598907016 365.9477107253065
18.762100197212654 366.9241658566191
18.97731966039655 367.90073156493924
19.192095549217 368.8773949243325
19.40647812018453 369.8541446943685
19.620510054937753 370.8309713580636
19.834226843153598 371.8078670200638
20.047657381433588 372.78482526140755
20.260824585321515 373.7618409947438
20.47374592955519 374.73891033781507
20.686433889501803 375.716030510411
20.898896285216612 376.69319975389294
21.11113654435554 377.67041726929097
21.323153908960702 378.6476831681669
21.534943617540137 379.62499842914457
21.746497099396734 380.6023648518921
21.957802223262327 381.5797849993354
22.168843646823213 382.5572621180146
22.379603317267893 383.5348000258801
22.590061174983035 384.5124029565866
22.800196112388473 385.4900753496108
23.009987237083347 386.46782157639933
23.219415482513096 387.44564559431683
23.428465599930814 388.4235505224196
23.637128552360036 389.40153813598306
23.84540431462314 390.37960828012086
24.053305063591107 391.3577582065527
24.260858720242574 392.33598184131654
24.468112780824537 393.3142689946475
24.675138349653665 394.2926045269936
24.88203426244759 395.2709674868757
25.088931168333854 396.2493302367464
25.295995422730673 397.22765758204093
25.503432633951583 398.20590591625927
25.71149070519073 399.18402239142586
25.9204622494496 400.16194411308356
26.130686331645542 401.1395973416185
26.342549550878292 402.11689666953004
26.55648645025112 403.09374415152854
26.77297913316405 404.07002839202676
26.992555851133694 405.0456236282419
27.215788303631392 406.0203888677493
27.443287500987843 406.9941671357355
27.675698259955684 407.9667848608033
27.91369265080271 408.93805138958174
28.15796291149562 409.9077585823678
28.409214435350904 410.87568041379865
28.66815941393704 411.8415724875134
28.935511603648628 412.80517137016966
29.211982526405755 413.76619365340235
29.498279255044373 414.7243346572065
29.795103800849226 415.67926669091764
30.103154035530686 416.63063678342246
30.423126055183953 417.5780637761976
30.755717911517625 418.52113464156275
31.101634638207035 419.45939985897013
31.46159441966962 420.39236768034954
31.836335558451783 421.3194971637035
32.226623638109956 422.2401899544197
32.63325804650684 423.15378092301984
33.057076918558096 424.05952788751557
33.49895962935655 424.9566007217366
33.95982620036423 425.8440701599302
34.440633297493015 426.7208965597099
34.942366801839356 427.5859188083349
35.46603113785466 428.4378434899739
36.012635606403364 429.2752344112064
36.58283546690515 430.09674041793045
37.17672965363354 430.90128357710233
37.79389328148883 431.6881184113925
38.433530902179655 432.45679501061807
39.09464617103187 433.2070793575762
39.77617634942518 433.9388693656655
40.47707882614897 434.65212648488864
41.19637563773543 435.3468293687473
41.93316774523953 436.0229487297478
42.68663036733734 436.6804394727256
43.45599809506076 437.3192456244944
44.24054576582232 437.9393141306311
45.03956883787398 438.5406144967786
45.85236538892721 439.12316214855997
46.67822078229904 439.6870441124838
47.5163953921262 440.2324460958329
48.36611545409981 440.7596802148726
49.22656700042007 441.269212487094
50.096892823501676 441.7616888435593
50.97619237430173 442.237957990117
51.86352436114094 442.6990891483919
52.75791156487242 443.14638270949183
53.65832998170945 443.5814076221356
54.56368552037395 444.0060620093842
55.47279794192019 444.42261285260787
56.38440473473693 444.83367617533366
57.29718226683472 445.24213324394367
58.21025984370003 445.6499191419659
59.123454219760326 446.0574434130613
60.03718180652643 446.46377074069585
60.95222983465304 446.86711563804994
61.86952252092988 447.26532930896417
62.78994378614425 447.6562573004679
63.71422912345729 448.03795956038806
64.64291605131352 448.40882421228815
65.57633583212554 448.76761037811514
66.5146303442155 449.1134476354803
67.45778184854402 449.4458107499844
68.40564733937642 449.7644814441014
69.35799232911346 450.069504427699
70.31452118618866 450.36114212344904
71.27490267573752 450.6398308288748
72.23879033740185 450.9061400020012
73.20583793226108 451.16073566040296
74.17571051972025 451.4043483942557
75.14809187125539 451.6377461388607
76.12268895434232 451.86171159521155
77.09923417319473 452.07702400901184
78.07748596685059 452.28444490528096
79.05722826322506 452.48470731487123
80.03826918539073 452.67850800897816
81.02043931268587 452.8665022669997
82.00358971883341 453.04930073223375
82.9875899435009 453.22746795103217
83.97232600213741 453.40152223802625
84.9576984998963 453.5719365586112
85.94362088697645 453.73914016698785
86.93001787268729 453.9035207819659
87.91682400204638 454.06542712235847
88.90398239008788 454.2251716587888
89.89144360394452 454.3830334690177
90.87916468010177 454.53926110970514
91.86710826319963 454.6940754391962
92.85524185279097 454.84767234385686
93.8435371451247 455.0002253351451
94.83196945802788 455.15188799636684
95.8205172281158 455.3027962673602
96.80916157074563 455.4530705625209
97.79788589427818 455.602817722945
98.78667556128627 455.752132807307
99.77551759033294 455.90110072865536
100.76440039283828 456.04979774580494
101.75331354036321 456.1982928186267
102.74224755837417 456.3466488364376
103.73119374322022 456.4949237280358
104.72014399966169 456.6431714608494
105.70909069684245 456.7914429352984
106.69802654109525 456.93978677895905
107.68694446441258 457.0882500435793
108.67583752779561 457.2368788065861
109.66469883900946 457.3857186775362
110.65352148451281 457.53481520915165
111.64229847549035 457.68421421220523
112.63102270798755 457.8339619737003
113.61968693713044 457.9841053785282
114.60828376530299 458.13469193611945
115.59680564395936 458.28576971548387
116.58524488847235 458.4373871943792
117.57359370508053 458.58959303102546
118.56184422860858 458.7424357696379
119.54998856922509 458.89596349386886
120.53801886609459 459.0502234448217
121.52592734540423 459.20526162240424
122.5137063799349 459.36112239021213
123.50134854712542 459.51784810471764
124.48884668247572 459.6754787891661
125.47619392517102 459.8340518711883
126.4633837529878 459.9936020007873
127.45041000387117 460.154160962129
128.4372668820306 460.3157576886719
129.423948946965 460.4784183868654
130.41045108445653 460.6421667692228
131.39676845922045 460.8070243933679
132.38289644950746 460.9730110999818
133.36883056447328 461.14014553971975
134.35456634550684 461.3084457773612
135.3400992528978 461.4779299608402
136.32542453920396 461.64861704343775
137.31053711043438 461.82052754923586
138.295431375702 461.9936843748102
139.28010108535108 462.16811362378985
140.2645391567688 462.3438454750386
141.24873748620908 462.5209150893911
142.23268674406037 462.69936356367396
143.21637615015808 462.8792389436767
144.19979322505924 463.060597309331
145.18292351274766 463.2435039451583
146.16575027010185 463.42803460664476
147.1482541187142 463.61427688826177
148.13041265535915 463.8023316911664
149.11220001862907 463.9923147781071
150.0935864110261 464.18435838986727
151.07453757814798 464.37861288202186
152.05501424954656 464.5752483234945
153.03497154937773 464.7744559802439
154.01435838909163 464.9764495895369
154.99311685911795 465.1814663141028
155.97118164174887 465.3897672525959
156.9484794731436 465.60163737496123
157.92492868846233 465.817384750156
158.90043889037327 466.0373389407679
159.8749107872484 466.26184845548966
160.84823625278136 466.4912771767629
161.8202986628822 466.72599971694353
162.79097356776066 466.9663957007687
163.7601297563005 467.2128430221478
164.72763076535148 467.4657101759764
165.69333687753405 467.7253478174947
166.65710763651649 467.99207975058573
167.6188048872587 468.26619359174464
168.5782963193395 468.54793139851455
169.5354594538098 468.83748058951846
170.49018596912697 469.1349655151035
171.4423862127595 469.44044005745724
172.3919936986421 469.75388163535604
173.33896935827818 470.07518694196773
174.28330530512955 470.40416964589656
175.22502789030193 470.7405601519699
176.16419986655723 471.08400738083725
177.10092152781752 471.4340824146882
178.0353307442808 471.790283784967
178.96760191020667 472.15204402764607
179.8979437977228 472.51873732228466
180.82687515747156 472.8889893025296
181.74422813170534 473.2870640702107
182.6622726858368 473.68354130364224
183.57481919728042 474.09251424217496
184.57455751579062 474.11538987336667
185.5742958343008 474.1382655045584
186.57403415281098 474.1611411357501
186.6255106619608 474.16231900161415
186.60049398569333 475.1620060355946
186.59137762302413 475.5263034130741
187.57901269534355 475.3695329951868
188.56664776766297 475.2127625772994
189.55428283998242 475.05599215941197
190.54191791230187 474.89922174152457
191.52955298462132 474.7424513236373
192.5171880569407 474.58568090574977
193.5048231292602 474.4289104878624
194.10599497126776 474.333484592676
195.10573328977796 474.3563602238677
196.10547160828816 474.3792358550594
197.10520992679835 474.40211148625104
198.10494824530852 474.42498711744275
199.10468656381872 474.44786274863446
200.10442488232889 474.4707383798261
201.10416320083908 474.49361401101777
202.10390151934925 474.5164896422095
203.10363983785948 474.5393652734012
204.10337815636967 474.5622409045929
205.10311647487984 474.58511653578455
206.10285479339007 474.60799216697626
207.10259311190023 474.63086779816797
208.10233143041043 474.6537434293597
209.1020697489206 474.67661906055133
210.1018080674308 474.699494691743
211.10154638594096 474.7223703229347
212.1012847044512 474.7452459541264
213.10102302296139 474.7681215853181
214.10076134147155 474.79099721650977
215.10049965998172 474.8138728477015
216.10023797849195 474.8367484788932
217.09997629700214 474.8596241100849
218.0997146155123 474.88249974127655
219.0994529340225 474.90537537246826
220.09919125253268 474.9282510036599
221.09892957104287 474.9511266348516
222.0986678895531 474.97400226604327
223.0984062080633 474.996877897235
224.09814452657346 475.0197535284267
225.09788284508363 475.0426291596184
226.09762116359383 475.0655047908101
227.09735948210403 475.08838042200176
228.09709780061416 475.1112560531934
229.0968361191244 475.1341316843851
230.09657443763456 475.15700731557683
231.09631275614475 475.1798829467685
232.09605107465498 475.2027585779602
233.09578939316515 475.2256342091519
234.09552771167535 475.2485098403436
235.09526603018554 475.27138547153527
236.09500434869574 475.294261102727
237.09474266720594 475.3171367339187
238.09448098571613 475.3400123651104
239.09421930422633 475.36288799630205
240.09395762273653 475.38576362749376
241.09369594124666 475.4086392586854
242.09343425975686 475.4315148898771
243.09317257826706 475.45439052106883
244.09291089677725 475.4772661522605
245.09264921528745 475.5001417834522
246.0923875337976 475.52301741464385
247.0921258523078 475.54589304583556
248.09186417081798 475.5687686770272
249.09160248932818 475.5916443082189
250.0913408078384 475.6145199394106
251.09107912634857 475.63739557060234
252.09081744485877 475.660271201794
253.09055576336897 475.6831468329857
254.09029408187916 475.7060224641774
255.09003240038936 475.7288980953691
256.08977071889956 475.7517737265608
257.0895090374097 475.7746493577525
258.0892473559199 475.7975249889442
259.0889856744301 475.8204006201359
260.0887239929403 475.84327625132755
261.0884623114505 475.86615188251926
262.0882006299606 475.88902751371097
263.0879389484709 475.9119031449026
264.087677266981 475.9347787760943
265.0874155854912 475.957654407286
266.0871539040014 475.9805300384777
267.08689222251166 476.0034056696694
268.0866305410218 476.0262813008611
269.086368859532 476.0491569320527
270.0861071780422 476.0720325632444
271.0858454965524 476.09490819443613
272.08558381506253 476.11778382562784
273.08532213357273 476.14065945681955
274.0850604520829 476.16353508801126
275.0847987705931 476.1864107192029
276.0845370891033 476.2092863503946
277.0842754076135 476.2321619815863
278.0840137261237 476.255037612778
279.0837520446339 476.27791324396964
280.08349036314405 476.30078887516135
281.08322868165425 476.323664506353
282.08296700016444 476.3465401375447
283.0827053186747 476.3694157687364
284.08244363718484 476.3922913999281
285.08218195569503 476.41516703111984
286.08192027420523 476.43804266231155
287.0816585927154 476.46091829350325
288.08139691122557 476.48379392469485
289.08113522973576 476.50666955588656
290.08087354824596 476.52954518707827
291.08061186675616 476.55242081827
292.08035018526635 476.57529644946163
293.08008850377655 476.5981720806534
294.07982682228675 476.621047711845
295.07956514079694 476.6439233430367
296.0793034593071 476.6667989742284
297.07904177781734 476.6896746054201
298.0787800963275 476.71255023661183
299.0785184148377 476.73542586780343
300.07825673334787 476.75830149899514
301.07799505185807 476.78117713018685
302.07773337036826 476.80405276137856
303.0774716888784 476.82692839257027
304.0772100073886 476.8498040237619
305.0769483258988 476.87267965495363
306.07668664440905 476.89555528614534
307.07642496291925 476.918430917337
308.0761632814294 476.9413065485287
309.0759015999396 476.9641821797204
310.07563991844984 476.98705781091206
311.07537823696 477.0099334421038
312.0751165554702 477.0328090732954
313.07485487398037 477.05568470448713
314.07459319249057 477.07856033567884
315.0743315110007 477.10143596687055
316.0740698295109 477.12431159806226
317.07380814802116 477.1471872292539
318.0735464665313 477.17006286044557
319.07328478504144 477.1929384916373
320.0730231035517 477.215814122829
321.0727614220619 477.23868975402064
322.072499740572 477.26156538521235
323.0722380590822 477.28444101640406
324.0719763775924 477.30731664759577
325.0717146961026 477.3301922787875
326.07145301461276 477.35306790997913
327.071191333123 477.37594354117084
328.07092965163315 477.3988191723625
329.0706679701434 477.42169480355415
330.07040628865354 477.4445704347459
331.07014460716374 477.46744606593757
332.06988292567394 477.4903216971293
333.06962124418413 477.513197328321
334.06933522449793 477.5371129626446
335.0690492048118 477.56102859696824
336.0687631851256 477.58494423129184
337.0684771654394 477.60885986561544
338.0681911457532 477.63277549993904
339.06790512606705 477.6566911342627
340.06761910638085 477.68060676858624
341.0673330866947 477.7045224029099
342.0670470670085 477.72843803723356
343.06676104732236 477.75235367155716
344.06647502763616 477.77626930588076
345.06618900795 477.80018494020436
346.0659029882638 477.82410057452796
347.0656169685776 477.8480162088516
348.0653309488914 477.8719318431753
349.06504492920527 477.8958474774988
350.06475890951907 477.9197631118224
351.0644728898329 477.9436787461461
352.06418687014667 477.9675943804697
353.0639008504605 477.99151001479333
354.0636148307743 478.0154256491169
355.0633288110881 478.0393412834405
356.063042791402 478.06325691776414
357.06275677171584 478.08717255208774
358.0624707520296 478.11108818641134
359.06218473234344 478.135003820735
360.06189871265724 478.1589194550586
361.06161269297104 478.1828350893822
362.0613266732849 478.2067507237058
363.0610406535987 478.23066635802945
364.06075463391255 478.254581992353
365.06046861422635 478.2784976266767
366.06018259454015 478.3024132610003
367.059896574854 478.32632889532385
368.05961055516775 478.3502445296475
369.05932453548166 478.3741601639711
370.0590385157954 478.3980757982947
371.05875249610926 478.42199143261837
372.05846647642306 478.44590706694197
373.05818045673686 478.46982270126557
374.0578944370508 478.4937383355892
375.0576084173645 478.51765396991277
376.0573223976784 478.54156960423643
377.0570363779922 478.56548523856003
378.056750358306 478.58940087288363
379.05646433861983 478.6133165072073
380.0561783189337 478.63723214153094
381.0556212720165 478.67060553711934
382.05506422509933 478.70397893270774
383.0545071781821 478.7373523282961
384.05395013126497 478.7707257238845
385.05339308434776 478.8040991194729
386.05283603743055 478.8374725150612
387.0522789905134 478.8708459106497
388.0517219435962 478.904219306238
389.0511648966791 478.9375927018265
390.0506078497619 478.9709660974148
391.0500508028447 479.0043394930033
392.04949375592753 479.0377128885916
393.0489367090103 479.07108628418
394.0483796620931 479.1044596797684
395.0478226151759 479.1378330753568
396.04726556825875 479.17120647094515
397.04540801755763 479.2321297908447
398.0435504668566 479.29305311074427
399.04169291615545 479.3539764306438
400.0398353654544 479.41489975054344
401.0379778147532 479.475823070443
402.03207694389425 479.58429851209246
403.02617607303534 479.69277395374183
404.0202752021763 479.8012493953912
405.000900892463 479.9971403230776
405.9728549967293 480.23231094028966
406.9381993027584 480.4932905770763
407.8994845720533 480.7688457095572
408.8586268635336 481.0517698419568
409.8167382858357 481.33816555151645
410.7744438981152 481.6259153737724
411.4826084262747 481.8386887088068
411.88945476469786 482.12133636919754
411.9088802910235 481.966765282381
412.0335731941264 480.97456989843903
412.15826609722933 479.98237451449705
412.2829590003322 478.9901791305551
412.40765190343507 477.99798374661316
412.53234480653794 477.0057883626712
412.6570377096408 476.0135929787292
412.7817306127437 475.02139759478723
412.90642351584654 474.02920221084526
413.03111641894947 473.0370068269033
413.1558093220524 472.0448114429613
413.28050222515526 471.05261605901933
413.40519512825813 470.06042067507735
413.529888031361 469.0682252911354
413.65458093446387 468.0760299071934
413.77927383756673 467.0838345232514
413.9039667406696 466.09163913930945
414.02865964377247 465.0994437553675
414.15335254687534 464.1072483714255
414.2780454499782 463.1150529874835
414.4027383530811 462.12285760354155
414.52743125618395 461.13066221959957
414.6521241592868 460.1384668356576
414.7768170623898 459.1462714517156
414.90150996549266 458.15407606777364
415.02620286859553 457.16188068383167
415.1508957716984 456.1696852998897
415.27558867480127 455.1774899159477
415.40028157790414 454.18529453200574
415.524974481007 453.19309914806377
415.6496673841099 452.2009037641218
415.77436028721274 451.2087083801798
415.8990531903156 450.21651299623784
416.0237460934186 449.22431761229586
416.1484389965216 448.2321222283539
416.27313189962445 447.2399268444119
416.3978248027273 446.24773146046994
416.5225177058302 445.25553607652796
416.6472106089331 444.263340692586
416.77190351203603 443.271145308644
416.8965964151389 442.27894992470203
417.02128931824177 441.28675454076006
417.14598222134464 440.2945591568181
417.2706751244475 439.3023637728761
417.3953680275504 438.31016838893413
417.52006093065324 437.31797300499215
417.6447538337561 436.3257776210502
417.769446736859 435.3335822371082
417.89413963996185 434.3413868531662
418.0188325430647 433.34919146922425
418.1435254461677 432.3569960852823
418.26821834927057 431.3648007013403
418.3929112523735 430.3726053173983
418.51760415547636 429.38040993345635
418.6422970585793 428.3882145495144
418.76698996168216 427.3960191655724
418.891682864785 426.4038237816304
419.0163757678879 425.41162839768845
419.14106867099076 424.41943301374647
419.26576157409363 423.4272376298045
419.3904544771965 422.4350422458625
419.5151473802995 421.44284686192054
419.63984028340235 420.45065147797857
419.7645331865052 419.4584560940366
419.8892260896081 418.4662607100946
420.01391899271096 417.47406532615264
420.1386118958138 416.48186994221066
420.26330479891675 415.4896745582687
420.3879977020197 414.4974791743267
420.5126906051226 413.50528379038474
420.6373835082255 412.51308840644276
420.7620764113284 411.5208930225008
420.88676931443126 410.5286976385588
421.0114622175342 409.53650225461683
421.1361551206371 408.54430687067486
421.26084802374 407.5521114867329
421.38554092684285 406.5599161027909
421.5102338299457 405.56772071884893
421.6349267330486 404.57552533490696
421.75961963615146 403.583329950965
421.8843125392543 402.591134567023
422.00900544235725 401.59893918308103
422.1336983454602 400.60674379913905
422.25839124856304 399.6145484151971
422.3830841516659 398.6223530312551
422.5077770547688 397.6301576473131
422.63246995787165 396.63796226337115
422.7571628609745 395.6457668794292
422.8818557640774 394.6535714954872
423.00654866718025 393.6613761115452
423.1312415702831 392.66918072760325
423.255934473386 391.6769853436613
423.380627376489 390.6847899597193
423.50532027959184 389.6925945757773
423.63001318269477 388.70039919183534
423.7547060857977 387.70820380789337
423.8793989889006 386.7160084239514
424.00409189200354 385.7238130400094
424.1287847951064 384.73161765606744
424.35688981490364 383.7579811222709
424.6875396909019 382.8142276271768
425.09265322049947 381.89996123922583
425.54539977635477 381.0083219869712
426.0267446149735 380.13179067188025
426.5246478545924 379.2645580825612
427.0319127663471 378.4027679054865
427.54437878350814 377.54406039925686
428.05969491015975 376.68706023028795
428.5765553740674 375.83099057141135
429.094244822574 374.97542196813924
429.6123757455755 374.1201206489367
430.13074018881537 373.26496083698066
430.6492274360618 372.4098754760705
431.1677789379479 371.5548290797319
431.68636391142695 370.6998029834742
432.20496625320885 369.84478742157
432.7235775762915 368.9897773072612
433.24219352940224 368.13477000133975
433.7608118627919 367.2797641392124
434.27943141682675 366.4247590174893
434.798051595415 365.5697542746012
435.3166720929046 364.7147497251492
435.8352927529212 363.8597452742813
436.35391349562644 363.00474087356986
436.8725342803342 362.149736498336
437.3911550863463 361.29473213602466
437.9097759031496 360.439727780259
438.4283967254119 359.5847234278046
438.94701755043263 358.7297190770234
439.4656383768456 357.8747147270867
439.9842592039606 357.01971037757585
440.5034034261223 356.16502372353466
441.0230585426598 355.3106476003568
441.54308770337 354.4564990933564
442.06336031393596 353.6024988529027
442.58378148676144 352.74858913702235
443.10428969764246 351.89473247316977
443.62484748743964 351.0409060344356
444.1454329431831 350.18709646358946
444.6660335962194 349.3332961590345
445.18664249445607 348.4795008820056
445.70725582142416 347.625708305449
446.2278715075695 346.7719171674419
446.7484884417365 345.91812679044153
447.26910603221927 345.064336813644
447.78972396609265 344.2105470462367
448.3113871907177 343.3573955473376
448.8340702799279 342.5048684872077
449.3574997893676 341.652799506052
449.881414996605 340.801029081803
450.40562654956886 339.9494410078264
450.93001170608477 339.09795982328626
451.45449574567465 338.2465395438617
451.97903496196807 337.3951532563457
452.5057352643895 336.54510220409696
453.03452943230377 335.6963521066125
453.564851836509 334.84855605354426
454.09616715087014 334.0013819057297
454.6313948160493 333.1566740589407
455.17019653427406 332.3142414453519
455.7149973378253 331.4756759533062
456.26478602802445 330.6403721785457
456.82292731563564 329.8106262517321
457.3910050823216 328.98765137301643
457.9695462079005 328.17199815870663
458.5586288597889 327.36392537161123
459.15828765044193 326.5636695782598
459.76875001933297 325.77162431682086
460.39054509405514 324.98844433428087
461.02452793471 324.2150972209125
461.67185569999924 323.4528854627471
462.33394085660416 322.70345685013376
463.0124159833206 321.96883347558924
463.7090841849654 321.2514399874553
464.4258378303866 320.554113513144
465.1645557437944 319.880098791932
465.9270193308988 319.2330676656793
466.7148185811425 318.6171355741988
467.52922892850114 318.0368461756095
468.3710713492348 317.4971227847385
469.24081474273476 317.0036185502448
470.1382425178599 316.5624571416493
471.06207671769425 316.1796642848501
472.00985130616755 315.86072333507377
472.9780025183569 315.6103571425948
473.9620481434293 315.43244084829905
474.9567806258375 315.3299357828539
475.95646524715494 315.3048228797687
476.95505003481173 315.3580057892458
477.9463537910898 315.48959934071775
478.92428765696866 315.6985140457225
479.8832348272058 315.9820988208677
480.8184169406172 316.33626603385517
481.6319772672997 316.91774655360496
482.3663240780746 317.5965210091531
483.0603881508811 318.31643424200774
483.7354422935516 319.054202433558
484.4017578149238 319.79987235113435
485.0640976148833 320.54907592119366
485.72463649207776 321.29986776432634
486.38436114092633 322.05137517460355
487.04371797511146 322.80320531846144
487.70290871806213 323.55518109227876
488.36202447330766 324.3072225945824
489.0211063753392 325.05929376569225
489.65047748085533 325.8363986566442
490.2661149673013 326.62442815182976
490.8754944800253 327.4173068370473
491.4820389910536 328.2123563676688
492.0873023862125 329.0083816326452
492.66656478552227 329.8235227693485
493.2338973515193 330.6470115425319
493.76858058766766 331.4920641071585
494.266743028214 332.35914783023765
494.72882744497485 333.2459837743596
495.15771080863675 334.14934364748547
495.5572704581307 335.0660508452844
495.93148140599794 335.9933944528518
496.2840124219339 336.9291945825821
496.61811576238824 337.87173103169016
496.9366374026656 338.8196466211152
497.2420577726251 339.77186424204746
497.5370578375342 340.72736147475075
497.8233208782175 341.68551254401837
498.10236638486697 342.64579042318604
498.37583978982434 343.60766998777876
498.6453310658221 344.57067281859554
498.9069983144686 345.535830966769
499.1562533152064 346.5042688556433
499.3999280428822 347.4741258693789
499.63106495580456 348.44704710333605
499.86220186872686 349.4199683372932
