6.2371303914313625
268379
627
0.0 100.0
0.16459075564412784 100.98636194328273
0.32918151128825474 101.97272388656546
0.4937722669323805 102.95908582984819
0.6583630225765045 103.94544777313092
0.8229537782206285 104.93180971641367
0.9875445338647564 105.91817165969641
1.1521352895088843 106.90453360297914
1.3184028184202696 107.89061428366895
1.4870560237004615 108.87628973550324
1.6585018640924125 109.86148328187485
1.8329728280479731 110.84614560101599
2.0105330123899776 111.83025554453675
2.191112361521453 112.81381596396571
2.3745878221278396 113.79684025428374
2.560870128943537 114.77933651492162
2.7499530383335538 115.76129764112602
2.941909966402477 116.74270099233607
3.1368509636842346 117.72351596345896
3.334865622735366 118.70371502222247
3.536008340592007 119.68327696873388
3.740338624687307 120.66217897353391
3.9479767186598145 121.64038468908225
4.159127714706386 122.61783814417285
4.3740557364205195 123.59446803593434
4.593061838690627 124.57019152502767
4.816493643620403 125.54491108907972
5.044761443602557 126.51850947213677
5.278323621157493 127.49085134062531
5.517681082266608 128.4617828551058
5.763397893330396 129.43112451250047
6.016113460928405 130.39866512761367
6.2766940885259865 131.3641172168034
6.5462218139402815 132.32710984669887
6.8259083174148305 133.28720122764872
7.117048075330567 134.24388176019903
7.421019598349482 135.19656287851384
7.739312948879869 136.1445551480014
8.073573256566586 137.08703594181375
8.425625392909897 138.02301633332638
8.797461838820034 138.95131459223506
9.191200588205419 139.87053697949096
9.902965717853338 140.57295451928996
10.614730847501255 141.27537205908897
11.215600994392638 142.07471870890663
11.784691501223001 142.89699359909577
12.355747209521095 143.71790490856844
12.941994904725465 144.5280367742962
13.54931732872106 145.32249223139377
14.181196287363921 146.09755931340953
14.839984980996217 146.84988733837088
15.526954018394623 147.5765740257788
16.242176002757507 148.27547138096338
16.984580154673477 148.94542367420368
17.75193675620591 149.58664426501826
18.541517610136548 150.20029080424598
19.350549424720814 150.78805565772947
20.176370561187902 151.3519877906712
21.016467506706157 151.89442407460774
21.868500300110888 152.41791248800666
22.73033791868225 152.9250967929839
23.600090363055052 153.4185850760338
24.476124594242194 153.90083400116308
25.357060992132226 154.37406868171018
26.24175391533322 154.84024293200517
27.12926239839771 155.30103430832267
28.018816639323532 155.75786387440928
28.90978446322646 156.21193031973385
29.801640409754047 156.66424986457287
30.693938869142187 157.11569582963796
31.58629184199091 157.56703403082201
32.478351355714096 158.01895197024902
33.3697962492661 158.47208109286206
34.26032286397101 158.92701223985267
35.149639099079494 159.3843049622663
36.03746127004867 159.8444916556154
36.923513221672145 160.30807761207248
37.80752718160011 160.7755381116363
38.689245882720726 161.24731362191017
39.568425529600034 161.72380407146102
40.44483923184636 162.20536302165806
41.31828057497876 162.6922924006311
42.18856704736129 163.18483829289693
43.05554309062313 163.68318811020404
43.91908259111183 164.18746931260577
44.77909068110122 164.69774971116402
45.635504769717684 165.21403927024812
46.48829477320079 165.73629324099346
47.337462560105195 166.26441639867915
48.18304066724352 166.79826812409397
49.02509037472338 167.3376680593304
49.86369925207734 167.88240207774965
50.69897830170002 168.43222833145296
51.53105883084762 168.98688317278535
52.36008918027089 169.54608678484016
53.18623142761959 170.10954839590664
54.00965816885244 170.67697099135262
54.83054946286952 171.248055471449
55.64909000515673 171.82250423385705
56.46546657671092 172.4000241845232
57.279865795565655 172.98032920115566
58.09247217967909 173.56314209093944
58.90346651075303 174.14819610123757
59.71302446727243 174.73523606157767
60.52131547066706 175.32401925922454
61.33903642828681 175.89963409179006
62.160088746193665 176.4704870424348
62.98232942080851 177.03962698393332
63.80499553249277 177.60815180193714
64.62781415173419 178.17645587532536
65.45068746650895 178.7446807496767
66.27358040068808 179.3128772111916
67.0964803728166 179.88106347983143
67.91938286968085 180.4492460918978
68.74228627225496 181.01742739221658
69.56518999973937 181.5856082219638
70.38809384378081 182.15378888289996
71.21099772963544 182.72196948327746
72.03390163048995 183.29015006193043
72.85680553672546 183.85833063279
73.67970944489133 184.42651120085384
74.50261335374971 184.9946917679147
75.32551726285651 185.56287233461578
76.14842117205242 186.13105290118776
76.9713250812803 186.69923346771347
77.79422899051964 187.26741403422258
78.6171328997631 187.83559460072573
79.44003680900806 188.40377516722668
80.26294071825353 188.97195573372693
81.08584462749918 189.5401363002269
81.90874853674492 190.10831686672674
82.73165244599068 190.6764974332266
83.55455635523644 191.2446779997264
84.37746026448221 191.8128585662262
85.20036417372799 192.38103913272602
86.02326808297377 192.9492196992258
86.84617199221952 193.5174002657256
87.66907590146529 194.0855808322254
88.49197981071106 194.6537613987252
89.31488371995684 195.22194196522503
90.13778762920262 195.79012253172482
90.96069153844839 196.35830309822464
91.78359544769415 196.92648366472446
92.60649935693993 197.49466423122425
93.4294032661857 198.06284479772404
94.25230717543147 198.63102536422383
95.07521108467722 199.19920593072362
95.89811499392299 199.7673864972234
96.72101890316875 200.3355670637232
97.54392281241451 200.903747630223
98.36682672166026 201.4719281967228
99.18973063090601 202.04010876322263
100.01263454015178 202.60828932972242
100.83553844939755 203.17646989622222
101.65844235864333 203.744650462722
102.48134626788911 204.3128310292218
103.30425017713486 204.8810115957216
104.12715408638061 205.44919216222138
104.95005799562637 206.01737272872117
105.77296190487212 206.585553295221
106.5958658141179 207.1537338617208
107.41876972336368 207.7219144282206
108.24167363260943 208.2900949947204
109.06457754185519 208.85827556122018
109.88748145110095 209.42645612772
110.71038536034672 209.99463669421982
111.5332892695925 210.5628172607196
112.35619317883828 211.1309978272194
113.17909708808403 211.6991783937192
114.00200099732982 212.26735896021898
114.82490490657557 212.83553952671878
115.6478088158213 213.4037200932186
116.47071272506707 213.97190065971841
117.29361663431284 214.5400812262182
118.11652054355861 215.10826179271803
118.93942445280437 215.6764423592178
119.76232836205013 216.24462292571758
120.58523227129588 216.8128034922174
121.40813618054165 217.38098405871716
122.2310400897874 217.94916462521695
123.05394399903315 218.51734519171674
123.8768479082789 219.08552575821656
124.69975181752469 219.65370632471638
125.52265572677044 220.22188689121617
126.34555963601622 220.790067457716
127.17188815687334 221.3532558592462
127.99943784285557 221.91464833980746
128.82742464622706 222.47539592423618
129.6555681336936 223.0359120829388
130.48376781245827 223.59634521195073
131.31198764661724 224.156748554469
132.14021471083052 224.71714121154497
132.9684443686371 225.27753003542492
133.79667495683535 225.8379174842251
134.62490587879108 226.39830443974455
135.45313692047506 226.95869121831007
136.281368005109 227.5190779333971
137.1095991051503 228.07946462571266
137.93783021071866 228.6398513098594
138.76606131826975 229.20023799107577
139.5942924265321 229.76062467124092
140.42252353504955 230.32101135102897
141.25075464365858 230.88139803068174
142.07898575230044 231.44178471028602
142.90721686095407 232.00217138987284
143.73544796961193 232.56255806945342
144.56367907827126 233.12294474903177
145.39191018693117 233.68333142860934
146.22014129559128 234.2437181081866
147.04837240425147 234.80410478776375
147.8766035129117 235.36449146734088
148.70483462157188 235.924878146918
149.54119302508138 236.4730611646037
150.3804232968214 237.01683736029014
151.22067802987274 237.5590291931176
152.06129949343267 238.10065226777596
152.90205240371034 238.64207127728673
153.74285244979276 239.18341708405706
154.58366940119504 239.724736633154
155.42449241607022 240.26604676390735
156.26531760579223 240.80735351643222
157.1061435755943 241.34865905723746
157.96467033586958 241.86142781788033
158.82931235710276 242.36381628820763
159.69611612944647 242.8624656843275
160.56369086217933 243.35977251428613
161.45685387520854 243.80950558195696
162.35856232586684 244.24185020145788
163.2855241485162 244.61700587494633
164.23131514439888 244.9417817855482
165.18904382220055 245.22945482863054
166.15374041762223 245.4928186051485
167.12230356229938 245.7415864382241
168.0929375046094 245.98214776104157
169.06464909694233 246.21831842248315
170.03690766226293 246.45222712723933
171.0094378400551 246.68500395874003
171.98210037771557 246.91722710106643
172.9548263992727 247.14918418111728
173.9275824700192 247.38101521188287
174.90035261003948 247.61278720045118
175.87312927879702 247.8445317855465
176.84590895507074 248.07626374585584
177.81869000850497 248.30798992495392
178.79147168946304 248.53971346970587
179.76425365521445 248.77143581888447
180.7370357497902 249.00315762725137
181.70981790248146 249.23487919164566
182.68260008133188 249.46660064622222
183.6553822719357 249.6983220514571
184.62816446781255 249.93004343455556
185.60094666605215 250.16176480773493
186.5737288653494 250.3934861764742
187.54651106511974 250.62520754322748
188.5192932651015 250.85692890909309
189.49207204313592 251.08866464005808
190.4648469138197 251.3204167726613
191.43761879904838 251.55218143629364
192.41038877618976 251.78395410847986
193.3831576515447 252.01573140491047
194.35592593079025 252.24751120319675
195.32869390166388 252.47929229570082
196.3014617181014 252.7110740363608
197.27422945904527 252.9428560938608
198.2469971637624 253.17463830340114
199.21976485134442 253.4064205848557
200.19253253091335 253.63820289994052
201.16530020676885 253.8699852306102
202.13806788091597 254.1017675684498
203.11083555428178 254.3335499095686
204.08360322729192 254.56533225218004
205.0564001939499 254.79699161776017
206.02923058788093 255.02851056869946
207.00208650695146 255.25992223808845
207.97495873290327 255.4912653425277
208.94784037246873 255.72256885611193
209.92072710441332 255.95385094968208
210.89361647047673 256.18512196256677
211.866507155683 256.41638742613367
212.83939848571845 256.6476501770077
213.8122901251819 256.87891162615585
214.7851819110025 257.11017245959465
215.75812135102223 257.3412327245778
216.731115103569 257.5720641728359
217.70415030555552 257.8027208347711
218.67721197871444 258.03326579834476
219.65028893003006 258.263746267839
220.6233741452431 258.49419184478467
221.5965189461776 258.72438566836416
222.5697289663417 258.95430360296746
223.54298817474796 259.18401323109055
224.5162786299108 259.41359042919373
225.48958706694046 259.64309137996935
226.46299060276823 259.87218864411295
227.43649646670383 260.10085069361617
228.41007906338655 260.32918581451645
229.38379959747544 260.55693199229694
230.35764976940698 260.7841231950953
231.33167613392914 261.0105578241071
232.30585484311246 261.23633612814433
233.2802317173015 261.46125768568305
234.254836712241 261.6851887104183
235.22962447640958 261.9083227840763
236.2046116931586 262.1305837279599
237.1796753862292 262.3525089280961
238.15478901007367 262.57421463526873
239.13000711145645 262.79546032389425
240.10538070729496 263.0160194963197
241.0809167557616 263.2358590244808
242.05658308803305 263.45511961845966
243.0323301264164 263.67402077671625
244.00810983943677 263.8927762375805
244.98388583656174 264.11154827289306
245.9596358353282 264.33043623489016
246.93534975538978 264.5494849650807
247.91102620992586 264.7687005121205
248.8866690473262 264.98806562746347
249.86228465205699 265.20755182704295
250.83788013623263 265.4271274433032
251.8134622844078 265.64676230429285
252.78903679485353 265.86643108807556
253.76449456653384 266.0866176809201
254.73971840225101 266.3078380919337
255.71468307422535 266.53019790935133
256.689460155742 266.75337864631115
257.6641674204541 266.9768641002395
258.6389166772204 267.20016633138266
259.61378502216724 267.42294808561877
260.58880943554834 267.64504579679743
261.5639943899046 267.86643754189464
262.539323279393 268.0871943250961
263.5147688080663 268.30743514917566
264.4903007020757 268.52729311189364
265.4658906666049 268.74689325103265
266.4415145067584 268.96634284097087
267.41715224343653 269.18573064092686
268.3927875235356 269.40512936523027
269.36840659515144 269.6246001539462
270.3439973016647 269.8441969967399
271.3195481165216 270.0639709889043
272.29504761999965 270.2839726223393
273.2704842295131 270.5042529456117
274.2458460990764 270.7248639684596
275.22112145832574 270.9458571213877
276.1962996678678 271.16727857390396
277.1713729393467 271.3891616855805
278.14633832986584 271.61151835242447
279.12119949912807 271.8343315043359
280.0959678254307 272.05755047762705
281.07066269972114 272.2810899641433
282.04531103459055 272.50483227872917
283.01994616757577 272.72863209452646
283.9946063897388 272.95232262032727
284.969333310191 273.1757223305907
285.94417020814336 273.3986416487097
286.91916046361064 273.62088926229393
287.8943461295223 273.84227787311283
288.86976672504136 274.06262909692896
289.84545837979294 274.2817769804415
290.8214535115655 274.4995693190493
291.79778124776317 274.71586576268885
292.77446879210106 274.9305316443171
293.75154389215976 275.1434265687406
294.729038470422 275.3543871088137
295.7069933140303 275.56320359250947
296.6854634527641 275.7695920311543
297.6645235058006 275.97316367099677
298.6442719229902 276.17339613343614
299.62483281610855 276.36961115550866
300.60635411256175 276.56096408757105
301.5890011647082 276.74644931854084
302.57294570736184 276.92492379005444
303.5583510403374 277.0951481412599
304.54535527938606 277.2558423605088
305.53405518605064 277.4057506476762
306.52449323217587 277.54370889058936
307.5166500991511 277.6687078958406
308.510443854969 277.7799462475781
309.5057358402753 277.8768681954798
310.50234213687605 277.9591839872554
311.5000486591668 278.02687220911537
312.49862755420446 278.08016564572193
313.4978527272912 278.119523662309
314.4975128120428 278.1455950058588
315.4974205968841 278.1591752051867
316.497418622191 278.1611625104931
317.4973812378363 278.1525157011532
318.49721378925653 278.1342162716388
319.4968497723733 278.10723662638134
320.4962467978967 278.0725150858759
321.4953820886742 278.0309377997349
322.49424805700005 277.9833271147945
323.4928483195358 277.9304355685568
324.49119433805726 277.8729444622672
325.48930274175984 277.8114658931703
326.4871932961545 277.7465471635925
327.4848874311889 277.6786766035689
328.48240721933485 277.6082900121098
329.47977469386126 277.535777111487
330.477011409941 277.46148759605893
331.4741381698321 277.3857365253794
332.4711748532951 277.3088089501602
333.4681403125945 277.2309637642849
334.46505230628696 277.15243684640177
335.461927457001 277.07344359422893
336.45878122578443 276.9941809696047
337.4556278999806 276.91482916972535
338.4524805938139 276.83555302705156
339.4493512616926 276.7565032229839
340.44625072429767 276.67781738272254
341.44327912039086 276.6007824725592
342.44066288147275 276.52849393176507
343.438707455864 276.4659877118483
344.4375705006173 276.4183157302856
345.4371114316191 276.38801841601384
346.4370099046751 276.3737690798806
347.43700525803524 276.37072059533637
348.4370044310187 276.3720066872362
349.4370033188569 276.3705152709983
350.4369509282118 276.3602791318108
351.4366851077325 276.3372233234727
352.43596612862024 276.2993097204578
353.43455827147955 276.24626509566264
354.4323004919312 276.17910512597643
355.42913695846454 276.09962519776036
356.42510920959984 276.00996319372007
357.4203266337334 275.91227860588276
358.41493227453924 275.8085500212148
359.40907455355017 275.70047074899776
360.4028887500108 275.58941516420634
361.3964876913881 275.4764499319711
362.3899592260384 275.3623696539231
363.3833678179486 275.2477425649825
364.3767581353954 275.13295721224557
365.370159221785 275.0182650958647
366.3635884569404 274.90381705202606
367.35705495060495 274.7896928829559
368.3505622660087 274.67592463501626
369.34411049880623 274.562514277884
370.3376977884901 274.4494466088596
371.33132135506264 274.3366981811466
372.32497815547686 274.22424302123585
373.31866525092914 274.1120558725441
374.31237996923227 274.000113661436
375.3061199359712 273.8883958092116
376.2998830342859 273.7768839065826
377.2936673374195 273.6655611378185
378.28747104267757 273.55441170950115
379.2812924220239 273.4434204217615
380.275129794343 273.3325724295297
381.2689815177465 273.22185318148337
382.2628459968213 273.1112484924623
383.2567216986664 273.00074469487225
384.2506071720835 272.89032881861124
385.2445010656089 272.7799887605506
386.23840214163135 272.66971341842293
387.2323092852605 272.55949277678553
388.2262215077237 272.4493179428253
389.2201379448155 272.33918113663043
390.2140578685619 272.22907579988384
391.2079807573183 272.1189972315518
392.2019064710233 272.00894417327515
393.1958355355582 271.8989213816698
394.1897694741284 271.78894263027445
395.1837110757025 271.6790331554308
396.1776644896825 271.56923055601976
397.1716350819936 271.4595835696465
398.16562905751823 271.35014876430233
399.1596529169017 271.240985734954
400.1537154303491 271.1321752604646
401.14784062956295 271.02393899903603
402.1421002173996 270.9169442702183
403.136661526043 270.81279148173115
404.1318252408293 270.7145612380551
405.1280045493829 270.6272297705906
406.1255366611813 270.55701804841306
407.12451613295354 270.51185152344453
408.1244619963762 270.5014462255664
409.12384761501346 270.5364945530729
410.11971662264165 270.6272960929588
411.1076295289241 270.7823060590918
412.08206823166574 271.00695960257417
413.0372379461119 271.30301840856544
413.9680321231093 271.6685621132954
414.87085363689243 272.0985775947033
415.7440521420449 272.58594231500985
416.58790400623195 273.12251852703207
417.40423346176794 273.7001050746804
418.195865391984 274.3111033455964
418.9660905767279 274.9488753775846
419.7182533310598 275.60785276034954
420.4554979527702 276.2834786684963
421.1798911112585 276.9728657527496
421.8930990058366 277.67381831827134
422.5968791121279 278.38423619669834
423.2931200843402 279.1020443246914
423.9839642853812 279.82504798297265
424.67142066492147 280.55127365466797
425.35769834096106 281.2786132942929
425.90631922433175 281.86005974014586
426.05494214624315 282.0268531383866
426.058454594472 282.0212978062448
426.0527807863479 282.024427532988
426.05494214624315 282.0268531383866
426.05845459447085 282.0212978062466
426.9340747144637 281.53829738651206
427.81496674313075 281.064980121001
428.7019459418716 280.60317074365884
429.5953515056374 280.15391970177654
430.4949146987225 279.7171290635452
431.3998478176028 279.29157524749655
432.30983902181515 278.87694769383404
433.2245641151595 278.4728709639843
434.143451633911 278.07835134738355
435.0665751392054 277.6938477791647
435.99397016608225 277.3197642802984
436.92531421102393 276.95562382669334
437.8609780441953 276.60273122079883
438.8012023750912 276.2621754873404
439.74651224992647 275.9360018517736
440.69700121473323 275.6252435408943
441.6529704173207 275.3317765347348
442.61429573341786 275.05636114549395
443.58112891062757 274.8009524388166
444.5537453515059 274.56853630569924
445.53180212939446 274.36019778495444
446.51502028377064 274.1777640684845
447.5031347936525 274.0240444686905
448.49536807941394 273.8996535259851
449.4910156569865 273.80645534320263
450.48927117888775 273.7474137223428
451.48903269063356 273.72557523265743
452.48887348871904 273.74341839615806
453.4872718128225 273.7999938893283
454.48230361146057 273.8995515093229
455.4721189539722 274.04190876318967
456.454931555081 274.22651480616173
457.42895705746986 274.4529531436757
458.392448438221 274.72069249307776
459.34376440439576 275.02890983928165
460.28142422017606 275.3764642521019
461.2041375125723 275.7619511909666
462.1108148342975 276.1837760767535
463.00056831984864 276.6402174584769
463.8727092448461 277.1294722049481
464.7267455561563 277.64968560247235
465.5623796206178 278.198972149105
466.37950500990706 278.7754321201167
467.17820017825807 279.3771679658603
467.9587177974909 280.0023017483957
468.7214700467266 280.64899256036534
469.4670107365124 281.31545267160504
470.19601475964157 281.9999620829804
470.9092548698753 282.70088186808687
471.6075758018367 283.41666666534417
472.2918662500067 284.1458762254456
472.96302986259366 284.88718547612257
473.62132627332403 285.63994429249044
474.2662918259906 286.40415593586783
474.8968212561978 287.18032127755896
475.51151391738995 287.96908799356345
476.1091386406648 288.77086395362375
476.6889391071553 289.58562245714324
477.25075247191785 290.41288646770715
477.7950021899249 291.2518097326422
478.3225756828131 292.1013191261169
478.8346623538555 292.96025290781415
479.33262414718547 293.82745187713067
479.8178641108285 294.70183290259024
480.29172730823285 295.58243137530394
480.7554423382131 296.46841578316366
481.21012169903554 297.35907097954555
481.65673968646314 298.2537957267757
482.0961180547006 299.15209781935096
482.5289297288491 300.05358218123456
482.9557471333058 300.9579200070789
483.377039071855 301.8648450880605
483.79315870605376 302.7741549637543
484.2043402119807 303.6857084559772
484.6107060374587 304.59941892208974
485.01228259171256 305.5152443809375
485.40907610683684 306.4331522773821
485.801057197924 307.35312555103195
486.18814004903305 308.27517048831936
486.57018992916363 309.19931219233035
486.9470490763068 310.1255827700853
487.31856748520363 311.05400835776095
487.6846699235489 311.98458291395605
488.04533654404446 312.91727771337344
488.4005863454778 313.8520491178257
488.7504834872841 314.7888372422998
489.0951511504788 315.72756201663356
489.43477866661607 316.6681220361338
489.76961736253884 317.61039749889017
490.0999673710114 318.55425600094554
490.4261589315254 319.49955969069265
490.7485329632135 320.446172063152
491.06743383888715 321.39396013624355
491.38318636225995 322.34280171626824
491.6960910841227 323.29258623658643
492.00643088926176 324.24321192808975
492.31447712745825 325.19458331463295
492.62049107386906 326.1466103439772
492.9197641113674 327.1007778602062
493.2129261427815 328.0568406318573
493.5017280867005 329.01422949600214
493.7841432621082 329.9735217709108
494.0630831846355 330.93383032529346
494.3420587908656 331.8941285139456
494.6235100617687 332.85370403578173
494.90864981751645 333.8121899875265
495.1977871590884 334.7694776129081
495.4906942188909 335.72561853051275
495.7868848093234 336.68074738786095
496.0857921360484 337.6350295316896
496.38686799726156 338.5886297234863
496.68962981702776 339.54169597537646
496.9936764490343 340.49435312543915
497.2986870709723 341.44670207435706
497.6044121183585 342.39882191733943
497.9106862184042 343.3507652852145
498.2173259469835 344.30259093986814
498.5241916611996 345.25434376147604
498.831190811224 346.2060535501639
499.1318733626803 347.15977783068195
499.42624178859 348.1154698468814
499.71749890346905 349.07211465715966
