10.044896185465719
270566
644
0.0 100.0
0.0 101.0
0.0 102.0
0.0 103.0
0.0 104.0
0.0 105.0
0.0 106.0
0.9469023131509444 106.32152139796503
1.8938046263018888 106.64304279593007
2.840706939452831 106.96456419389511
3.7875019561975254 107.28640141403507
4.733631143236765 107.61019079223095
5.6788636558333065 107.93658855130786
6.622386134705112 108.26789706593374
7.563012035305952 108.60734207638293
8.499098244650472 108.95911275264093
9.428464716177938 109.32827120317484
10.348307520560482 109.72055836231422
11.25510387240443 110.14212730837465
12.144521054185562 110.59922366227886
13.011354812497174 111.09782093007257
13.84953313169311 111.64321721281556
14.652224784269194 112.23961147073952
15.412084621857751 112.88969840894077
16.121646016630386 113.59434202599007
16.773836134828272 114.35239746573379
17.362549793412626 115.16073911887077
17.8831870535262 116.01451710135885
18.33305377769993 116.9076128019874
18.711550161603768 117.83321557173893
19.02012227385209 118.7844165239791
19.262006694146212 119.7547215931295
19.44183784617372 120.7384190856344
19.565200483366546 121.73078074337056
19.63819826235446 122.72811284666557
19.667084512047417 123.72769555188745
19.657975234748648 124.72765406156027
19.616644717048597 125.72679959065331
19.54827990687773 126.72445998012977
19.457202619512042 127.72030380710571
19.346670422970906 128.7141763510105
19.217332944953547 129.70577698472354
19.069113271319033 130.69473144694499
18.902420981959658 131.68074041276026
18.71537281453329 132.66309115616224
18.536325555713468 133.6469316305833
18.36954380005168 134.63292546726709
18.21897707183269 135.6215253157161
18.087748091819435 136.6128773998944
18.155713559727737 136.76855489444074
17.998935462234158 137.6316635635976
18.79611142185241 138.23541060450293
19.59328633732464 138.83915902408003
20.39046156337309 139.44290703357953
21.187637083354467 140.04665465497644
21.984812850067534 140.65040195059393
22.781988806707524 141.25414899543568
23.579164897303116 141.857895863405
24.376341072228843 142.4616426200263
25.173517290871057 143.0653893189252
25.97069352239351 143.66913600081725
26.767869745225337 144.27288269418426
27.56504594578279 144.87662941696192
28.362222116842283 145.48037617868818
29.159398255875324 146.08412298270156
29.9565743635442 146.6878698281276
30.753750437082406 147.29161671861914
31.550926486557707 147.8953636408829
32.3481025171323 148.49911058810278
33.145278532237185 149.10285755574859
33.94245453464992 149.70660454015285
34.73963052679302 150.31035153811695
35.536806510782526 150.9140985468469
36.33398248842221 151.51784556396103
37.13115846288701 152.12159258526722
37.92833443201556 152.7253396136193
38.725510398013675 153.3290866461047
39.52268636202849 153.93283368120885
40.31986232471401 154.53658071806817
41.11703828647833 155.14032775614382
41.91421424759433 155.7440747950755
42.711390208252396 156.34782183461184
43.508566168587805 156.9515688745742
44.30574212869732 157.55531591483484
45.10291808864992 158.15906295530266
45.90009404849433 158.76280999591333
46.69727000828463 159.36655703659545
47.494445968004904 159.97030407737003
48.291621927686364 160.57405111819585
49.08879788734519 161.17779815905158
49.88597384699022 161.78154519992552
50.683149806628315 162.3852922408086
51.48032576625903 162.98903928170145
52.27750172588563 163.59278632259972
53.07467768550983 164.19653336350112
53.87185364513258 164.80028040440448
54.66902960475441 165.40402744530905
55.46620556437566 166.00777448621437
56.26338152399653 166.6115215271202
57.06055748361714 167.21526856802637
57.857733443237585 167.81901560893277
58.65490940285796 168.42276264983926
59.45208536247822 169.02650969074588
60.24926132209849 169.6302567316525
61.04643728171869 170.23400377255922
61.84361324133887 170.83775081346596
62.640789200959055 171.4414978543727
63.43796516057925 172.0452448952794
64.23514112019943 172.64899193618612
65.03231707981959 173.2527389770929
65.82949303943974 173.85648601799969
66.62666899905994 174.4602330589064
67.42384495868008 175.0639800998132
68.22102091830024 175.66772714071996
69.0181968779204 176.27147418162673
69.81537283754058 176.87522122253347
70.61254879716077 177.4789682634402
71.40972475678092 178.08271530434698
72.20690071640111 178.68646234525372
73.00407667602127 179.29020938616048
73.80125263564142 179.89395642706728
74.59842859526161 180.497703467974
75.39560455488177 181.10145050888076
76.19278051450195 181.7051975497875
76.98995647412211 182.30894459069427
77.78713243374227 182.91269163160104
78.58430839336245 183.51643867250777
79.38148435298261 184.12018571341454
80.17866031260276 184.7239327543213
80.97583627222292 185.32767979522808
81.7730122318431 185.93142683613482
82.57018819146326 186.5351738770416
83.36736415108345 187.1389209179483
84.16454011070358 187.7426679588551
84.96171607032375 188.34641499976186
85.75889202994394 188.9501620406686
86.55606798956406 189.5539090815754
87.3532439491842 190.15765612248217
88.15041990880438 190.76140316338893
88.94759586842454 191.36515020429567
89.74477182804472 191.96889724520244
90.54194778766488 192.5726442861092
91.33912374728509 193.17639132701592
92.13629970690522 193.78013836792272
92.93347566652538 194.38388540882949
93.73065162614554 194.98763244973625
94.52782758576569 195.59137949064302
95.32500354538587 196.19512653154976
96.12217950500606 196.7988735724565
96.91935546462622 197.40262061336324
97.71653142424636 198.00636765427004
98.51370738386655 198.61011469517678
99.31088334348674 199.21386173608352
100.10805930310688 199.81760877699028
100.90523526272706 200.42135581789702
101.70241122234721 201.02510285880382
102.49958718196739 201.62884989971056
103.2967631415875 202.23259694061736
104.09393910120768 202.8363439815241
104.89111506082783 203.44009102243086
105.68829102044798 204.04383806333763
106.48546698006815 204.64758510424437
107.28264293968833 205.25133214515114
108.0798188993085 205.85507918605788
108.87699485892867 206.45882622696465
109.67417081854886 207.0625732678714
110.471346778169 207.66632030877818
111.26852273778917 208.27006734968495
112.06569869740936 208.8738143905917
112.8628746570295 209.4775614314985
113.66005061664964 210.08130847240525
114.4572265762698 210.68505551331202
115.25440253588998 211.2888025542188
116.05157849551016 211.89254959512553
116.53272372350312 212.25694845103885
116.80167881085909 211.29379573158812
117.07063389821505 210.3306430121374
117.07063389821529 210.33064301213656
118.07017133187694 210.30023053592845
119.0700020664612 210.28183210717253
120.06999327523602 210.277638973132
121.06994607135402 210.28735522424898
122.0697177428815 210.30872353749947
123.06928219579284 210.33823462822903
124.06871723258404 210.3718442583101
125.06814833518132 210.40557067468018
126.06768793987065 210.43591171384287
127.06739592458541 210.46007667396162
128.06726814710333 210.47606224986927
129.06724667075397 210.48261604552454
130.06724060087515 210.4791318353122
131.06714787350256 210.4655139739973
132.06687228788 210.44203855498648
133.06633390581155 210.4092288874839
134.06547346293792 210.3677542520383
135.0642525505948 210.318354514597
136.06265144958684 210.2617891675061
137.06066612186368 210.19880731361047
138.05830534427292 210.13013430646342
139.05558846253737 210.05647032595226
140.0525437592727 209.9784950971204
141.04920695635852 209.89687113265722
142.04561962853194 209.81224379232214
143.04183082604874 209.72527684491024
144.03790228741138 209.63672378816523
145.03391514862554 209.54751403367618
146.02997446871504 209.4588245142118
147.02620723769704 209.37210502386233
148.0227508757749 209.28903410592773
149.0197329279982 209.21140171871338
150.0172055915981 209.1403504318078
151.01506098825212 209.07489351950312
152.0130881554625 209.0121099746047
153.01102331824703 208.94788061310868
154.0085444941223 208.87751369133136
155.00522855181026 208.79614484501604
156.0028320436009 208.726954721681
157.0017188212259 208.67978263792412
158.00132156059084 208.65159818380374
159.00126638788367 208.64109378613827
160.00124219775603 208.64804933573095
161.00092752051154 208.67313430069407
161.9997292852534 208.72207339292646
162.99644970202849 208.80299564440128
163.99317011880353 208.88391789587607
164.99275299297898 208.91279829848983
165.99259968681534 208.93030797651335
166.99256050801463 208.939159872717
167.9925571241951 208.94176133915332
168.99255675890282 208.9409065968449
169.9925545957648 208.93882662777395
170.99255318071272 208.9371443370256
171.99253721215817 208.93149306689335
172.99246004142273 208.91906988229604
173.99227913333186 208.90004927625853
174.9919494329616 208.87437259348582
175.99142042489225 208.84184973553732
176.9906364714039 208.80226069167801
177.98953983034872 208.75544104314503
178.9880754108835 208.70134211149175
179.98619605736906 208.64006262830802
180.98386713343854 208.57185394869649
181.98106946874927 208.49710435036437
182.97780023218294 208.4163096399874
183.9740718189943 208.33003724977846
184.96990921079225 208.23888962722552
185.96534640158646 208.1434705558417
186.96042239044408 208.04435559027655
187.95517703444693 207.94206581446923
188.94964642101684 207.83703896468654
189.9438555260486 207.72957615497126
190.93779096646432 207.61961097736685
191.93136297513266 207.50640910639828
192.9243787867108 207.3884277606025
193.91653765829767 207.26344466762004
194.90744707609127 207.12891390634985
195.89667817111314 206.9825518872266
196.88392004788307 206.82332413602802
197.86939339140275 206.65349395846195
198.8549865148492 206.48436029825473
199.84612728152297 206.35154470942072
200.83726804819676 206.21872912058672
201.83570040518165 206.27470079668828
202.83569826991555 206.27263427118146
203.83444440581775 206.2225727488271
204.8318618963643 206.15075109783083
205.8286232636399 206.0703348264248
206.82506903296334 205.986098083863
207.82128532594777 205.89918952506488
208.81723052418425 205.80922752136527
209.81278839241415 205.71507588300736
210.8077820224964 205.61513752152524
211.8019708287886 205.50748708054454
212.79504000697932 205.38995577693754
213.7865877222995 205.26021323093465
214.77611501660584 205.1158673483375
215.76302426124792 204.9545907448267
216.74663236225888 204.77427129599872
217.72620378346502 204.57317472527674
218.70100542203167 204.3501012722444
219.6703810097378 204.10451835353993
220.63383830992436 203.83665639148256
221.59113933363423 203.54756341335263
222.5423828706983 203.23912260348177
223.4880694417759 202.91404275285507
224.42913996950622 202.5758323718237
225.36697970769396 202.228763754003
226.30337823503524 201.87782530071942
227.2404364491738 201.52865212976354
228.18041533229297 201.1874195121989
229.12049460056866 200.84646354824133
230.07951686848295 200.56313284103766
231.0470164384347 200.31026018110146
232.02293871484187 200.09214161148344
233.00681282806107 199.91327929198286
233.99754987701112 199.77748496280176
234.9935174893483 199.6877714455631
235.9926598034186 199.6463632792883
236.99262445811368 199.6547709757933
237.99087580104052 199.7138832109461
238.9847900670754 199.82403960782028
239.97174054087355 199.98506371244324
240.94918500186355 200.1962563393979
241.91476388506436 200.45636673964503
242.86640852526645 200.7635677793156
243.80244910537263 201.11545985423984
244.72170574117825 201.50911863735953
245.62354590500004 201.94118844528168
246.50789693628323 202.4080109527386
247.37521132205072 202.90577169470282
248.22639145300033 203.43064537919898
249.06268693663742 203.97892438121184
249.88558002298524 204.5471206223477
250.69667355218672 205.13203710090465
251.4975923087276 205.73081013421609
252.2899042394265 206.3409263563182
253.07506384145378 206.9602198241865
253.85437683099826 207.58685469739999
254.6289831838794 208.21929836926031
255.39985470224963 208.85628903023232
256.167803164333 209.49680066914587
256.93349554941074 210.14000761207643
257.69747358040235 210.78524986748297
258.4601756250859 211.43199988954368
259.2219594931112 212.07983114721537
259.9831258942433 212.7283877829749
260.7439428652146 213.37735429727442
261.5046700754946 214.0264260279326
261.73952023042887 214.2268061306141
262.3309626788819 214.73412195215906
262.3353806030806 214.73520929810982
261.57465339280066 214.08613756745154
261.57682512977266 214.08725274064903
262.3309626788819 214.73412195215906
263.30198485624726 214.97311134744612
264.27300703361504 215.21210074273367
265.24402921098283 215.45109013802121
266.21505138506507 215.69007954665796
267.1860735312124 215.92906906879523
268.1570955516214 216.16805910181063
269.12811717705995 216.4070507395947
270.0991378361506 216.6460463036105
271.07015654290547 216.88504979967726
272.04117187476174 217.1240670067986
273.01218209803983 217.36310496673264
273.9831854304036 217.6021709169189
274.9541802756287 217.84127133629588
275.92516495300333 218.08041304387461
276.8961359166402 218.31961042633105
277.8670827944667 218.5589055588328
278.8379780489845 218.79841005723478
279.80875905725975 219.03837720909524
280.77930115871527 219.27930879544746
281.7493815300116 219.52209280073947
282.71919047939923 219.76595875098195
283.68901048681107 220.0097807213285
284.65876150206844 220.25387694908974
285.6282502847689 220.49901262625244
286.59854127857875 220.74095350194636
287.57011232096056 220.9777017006832
288.54274461820364 221.2100514679732
289.5159056330293 221.44017673651922
290.48083457776136 221.7026879393627
291.42235037479327 222.03965678649752
292.3246896450928 222.4706832836822
293.18953954107747 222.97271381802778
294.0173993762752 223.53364883500063
294.8079761051808 224.1460118284228
295.5610124693332 224.80399072950095
296.27686866172724 225.50223847336497
296.95678908588417 226.23552437723484
297.60291835289456 226.998752370899
298.2181546951597 227.78709509025163
298.8059226498876 228.59612465176036
299.3936906046154 229.40515421326907
299.93358654075644 230.24688598654274
300.4573521766914 231.09874839245913
300.9685214734177 231.95822843881527
301.4702303670821 232.82326496175406
301.96523530650427 233.6921551216406
302.4559216055784 234.5634914263479
302.94434955755986 235.43609565262872
303.43234458265556 236.308942062647
303.9216398134077 237.18106027548467
304.41407373051186 238.05141011163414
304.9118300450861 238.91872703831174
305.4176852641567 239.78134543444008
305.93520881862827 240.63701439529302
306.4688502023767 241.4827252640603
307.0238539376943 242.31457311900948
307.60596835121135 243.12768000594116
308.2209552332475 243.91621734489442
308.873957791665 244.67357304646416
309.56883374063483 245.39270267006714
310.3075940954652 246.0666708726783
311.0902542289524 246.68912016013059
311.92520570071923 247.23944373748705
312.8025159883803 247.7193673347023
313.71572221674717 248.1268650457045
314.6586516347221 248.4598577073615
315.6250224654726 248.7170102252855
316.6083476822116 248.89886598715503
317.602324625027 249.00845538970566
318.6014082774194 249.05125557103952
319.60127003878677 249.0346285401763
320.5989802111816 248.96699414138527
321.5929121845225 248.85699763066503
322.58246765056253 248.71284500449985
323.57365340990367 248.58036560806653
324.5621082589988 248.42884989501897
325.5478143308842 248.26037574314864
326.5309687922321 248.07759908946517
327.51189273019577 247.88320714536792
328.49095810886 247.67966112034884
329.4685368790067 247.46909106512157
330.4449802836008 247.25331739289828
331.42061289291 247.0339067923054
332.39563030035436 246.81177832681647
333.37036384256123 246.58840751024252
334.3446380470356 246.36304164216165
335.3186650422888 246.13660972630623
336.29257319138253 245.9096671848365
337.26643265930124 245.6825158327713
338.24027445327715 245.45528872103972
339.2141003826847 245.22799362823426
340.18788813549475 245.00053503315132
341.16164453610867 244.77294225588588
342.13526960860065 244.54478832053724
343.10869824662495 244.3157977384729
344.02576604447364 243.91706643276828
344.9730208313899 243.59658496892948
345.9336037733912 243.3185914230763
346.89973826292805 243.06055237927228
347.8683577388516 242.81200397179083
348.8382607707978 242.56851247579635
349.80904990523186 242.32857820049412
350.77730560989284 242.078616422633
351.74703435304923 241.8344317288122
352.7173738809126 241.59268557958558
353.6281597533217 241.17980654812487
354.57836508397213 240.86818204715703
355.54864279852444 240.62618792193257
356.52894974649996 240.42870808055392
357.5155468834112 240.26553305354776
358.5070761903076 240.1356499000382
359.5027873735179 240.0431337412879
360.50153800832004 239.99316205448125
361.5015344665834 239.99050057729528
362.50037674925744 240.03860561177714
363.4953543975862 240.13870296102385
364.4795398098836 240.3158443571487
365.4101793963115 240.68178145580544
366.3424033576014 241.0436633232662
367.2822765129903 241.38518704393476
368.223732857127 241.72232196067392
369.16292170554516 242.06572304833526
370.0983684705909 242.41919065613763
371.02976536854567 242.78319590126503
371.95718828501595 243.15721025126484
372.88070984262237 243.5407567707852
373.80023096236096 243.93379736710406
374.71552693882717 244.3365792875831
375.62646050187516 244.74913236745607
376.5332146088261 245.17079217052913
377.4364048485992 245.60003265181976
378.3374395214489 246.0337797190404
379.2305169912857 246.48368263397867
380.0433721055756 247.0661485670364
380.8564900033989 247.64824760005342
381.71100632579237 248.16767214198728
382.59240482353704 248.64004560459233
383.48551955695973 249.0898745420155
384.3840282635251 249.52883023935425
385.2855670071167 249.96152862599718
386.18921380937525 250.38980710639038
387.0945874287272 250.8144229438028
388.001503155241 251.2357350193502
388.91000129871327 251.6536239080604
389.82012550190626 252.0679594420933
390.73179549682186 252.47888257404213
391.6448169919059 252.88679402217093
392.5589381453396 253.29223516074103
393.4738979847267 253.6957800681662
394.38945462915365 254.0979691168057
395.3055441118282 254.49894300589708
396.22217151708827 254.89868567302966
397.1392906521028 255.29729888428864
398.0567845386735 255.69504876562777
398.97450115352694 256.0922844825792
399.89248111310565 256.4889112514842
400.8108478584356 256.88464161558596
401.72964955032523 257.27936107416474
402.6490199565039 257.6727540789868
403.56908982845164 258.0645083779217
404.4898673804105 258.45459644465615
405.41151044517716 258.84263518134037
406.33420370752657 259.2281700612345
407.25822993076264 259.6104991587043
408.18393404591495 259.98874761037337
409.1114711342097 260.36247873008074
410.04093708049834 260.7313866517763
410.97240736617266 261.0952040605211
411.90587594920044 261.45386323648074
412.8411962298694 261.8076654023438
413.7780923704414 262.1572732137286
414.7162231131539 262.50355447163577
415.6583536651058 262.83880068425987
416.62012513226375 263.11265401171977
417.5751818792638 263.40907703715754
418.52273531704765 263.7286744128413
419.46559457176784 264.06186568792
420.4060381537371 264.4018154917628
421.3453368957513 264.7449158753978
422.28411259824054 265.08944480076656
423.22265379636644 265.43461203475675
424.1610912604717 265.7800612002843
425.09948347985494 266.12563325152837
426.03785632927844 266.471257896866
426.97622111088424 266.8169044455859
427.91453484642125 267.1626895431575
428.85269680531684 267.5088862197464
429.7905916026235 267.8558060219847
430.7281343344725 268.20367614998815
431.6652908164041 268.5525854911838
432.60207383827316 268.9024962940149
433.5385274909356 269.25328762289166
434.474710153785 269.60480152273107
435.4106815547154 269.9568775608825
436.34649512967655 270.30937288414003
437.2821947652542 270.66217054850284
438.1863082667104 271.08946292672243
439.02722820776364 271.6306224713478
439.79513001754515 272.27119004041003
440.50208811587777 272.97844547319363
441.1675090067457 273.72491385028445
441.80788660625285 274.4929740888397
442.43425305675703 275.2725028373043
443.0531435170543 276.0579801432483
443.66816921136405 276.8464872106477
444.2849831632178 277.6335961921735
444.9064912556689 278.4170039346792
445.5516287217349 279.18107045657234
446.2393806176008 279.9070162739258
446.97558460472396 280.5837759723004
447.754154059018 281.21133441965037
448.5642697691476 281.7976044395228
449.3956434803425 282.3533181718832
450.24028227201006 282.88865480579716
451.09268557879864 283.41153969042847
451.94939895724707 283.92733246586005
452.8081861982673 284.4396648527544
453.66767545604074 284.95081866108626
454.52696249149767 285.46231234696677
455.38554294754573 285.9749911942897
456.2430453381255 286.48947117460966
457.0992831428309 287.00605303820277
457.95404242662397 287.52507766841757
458.8072174897466 288.0467023530957
459.65860538984236 288.5712389519814
460.50809897656666 289.09883789636467
461.35545035623204 289.6298705124808
462.20026300924667 290.16493273438255
463.04238198509927 290.7042245204399
463.88170855475994 291.2478520670761
464.7183189729312 291.7956503951197
465.55276814620186 292.34673530439227
466.38627269863684 292.8992478934526
467.22001853065024 293.4513963224102
468.0558359757937 294.0004037890205
468.8962451514083 294.5423562016387
469.7439062879225 295.072894228215
470.60108220822326 295.5879179574319
471.469341496164 296.084028639543
472.34948025391475 296.5587451519006
473.2415872901544 297.0105692724295
474.146071554105 297.4370762668221
475.06480150352974 297.8319626809084
476.0009908329581 298.18345882521794
476.9575386768918 298.4750342395892
477.9346159450196 298.6879192134786
478.92777625883906 298.80467790075306
479.92774267920436 298.8128729078833
480.92219788209104 298.7077118435509
481.8988131641066 298.492717446104
482.8475326805007 298.17659835586585
483.76249423634147 297.773057340189
484.6426619262767 297.2983944728883
485.4904318529091 296.7680303041347
486.30967671965135 296.1945864548203
487.1044701916497 295.5877064527863
487.87880039736564 294.9549247111756
488.63710326315004 294.3030222922944
489.3855289520119 293.6398036343454
490.1335626275131 292.9761428623269
491.03399534752344 293.4111381688933
491.38225025280025 294.3485380413867
491.67895737776763 295.30350656547193
491.94880784757083 296.2664088055498
492.2000641891396 297.2343293863939
492.4390519665682 298.20535196195004
492.6711305473961 299.1780490023079
492.9012355593831 300.1512148070187
493.1341558101346 301.1237106459763
493.3745810498756 302.09437830490776
493.62701491768286 303.0619924544446
493.89544358547545 304.02529201860267
494.1617042361344 304.9891930850564
494.41218725649577 305.9573140777586
494.6504350161358 306.92851848725564
494.87867140782055 307.90212423370065
495.09846944121625 308.8776696321909
495.31110994978746 309.854800132234
495.51777766519854 310.8332113215643
495.719688308817 311.8126152688677
495.9181768339462 312.7927184804695
496.1147426325903 313.7732091162245
496.31101631158754 314.7537582699812
496.5086735550312 315.73402946414853
496.7093534611114 316.7136863302479
496.91462507159366 317.6923913756676
497.1259765458859 318.6698015016201
497.3299664399199 319.64877449569707
497.52794006361535 320.62898184331334
497.72101257290655 321.61016633470933
497.91003385172803 322.592139326269
498.0955657416978 323.5747775698786
498.2779031781092 324.55801358390727
498.4571452364612 325.5418185872071
498.6332521355897 326.52618963517597
498.8060838109776 327.5111410106167
498.97544674632036 328.49669476162785
499.14110892435804 329.4828773221955
499.3028009941039 330.46971858328124
499.4601946839959 331.45725452003603
499.61289772938903 332.445526638396
499.76031588620776 333.43460089599256
499.90773404302644 334.4236751535891
499.9996092262173 335.4194456847425
499.9999973008256 336.4194456094416
499.99999997174365 337.419445609438
499.99999999959755 338.419445609438
499.9999999999927 339.419445609438
499.99999999999983 340.419445609438
499.99785192172544 341.4194433023152
