5.461368818482243
236482
752
0.0 100.0
0.0 101.0
0.0 102.0
0.0 103.0
0.0 104.0
0.0 105.0
0.0 106.0
0.0 107.0
0.0 108.0
0.0 109.0
0.0 110.0
0.0 111.0
0.0 112.0
0.0 113.0
0.0 114.0
0.0 114.99999999999999
0.0 115.99999999999999
0.03007138322178304 116.9995477536922
0.4031825682774563 117.92733439057935
0.8458719531169107 118.82400942009141
1.322644416296045 119.70303616505092
1.8281184745867 120.56587796769796
2.357885048138815 121.41402145647025
2.907109087004823 122.24969660575478
3.471534934919428 123.07518038040203
4.04822200576849 123.89214550959392
4.635871916726942 124.70126081790943
5.23484241761533 125.50203190821271
5.846949801216096 126.29280656065261
6.475150374838912 127.07085799809101
7.123163233268701 127.83248739307892
7.930141286190132 128.4230688202362
8.758950325997832 128.9826003881866
9.59034998459326 129.5382753000617
10.42205389238151 130.09349472494682
11.253807937159957 130.64863903861192
12.085582218205545 131.20375303176206
12.917370217511273 131.7588464691318
13.749167587505251 132.313925864598
14.5809699163748 132.8689978290199
15.453129175769515 133.35821989133112
16.285081220595576 133.91306743355307
17.11507128225285 134.47084561307443
17.94498180288489 135.02874213371626
18.774889313589714 135.58664313181154
19.604796715032936 136.14454429243926
20.43470411262078 136.70244545880206
21.264611510075337 137.26034662536313
22.094518907525355 137.81824779193093
22.924426304975217 138.37614895849896
23.75433370242505 138.93405012506705
24.584241099874927 139.49195129163508
25.414148497324803 140.0498524582031
26.244055894774647 140.6077536247712
27.073963292224526 141.16565479133922
27.903870689674406 141.72355595790725
28.733778087124268 142.2814571244753
29.56368548457413 142.83935829104337
30.39359288202401 143.3972594576114
31.223500279473885 143.95516062417943
32.05340767692375 144.51306179074749
32.883315074373606 145.07096295731554
33.713222471823464 145.6288641238836
34.54312986927334 146.18676529045163
35.37303726672322 146.74466645701966
36.20294466417306 147.30256762358775
37.03285206162294 147.86046879015575
37.86275945907279 148.4183699567238
38.692666856522635 148.97627112329187
39.522574253972515 149.5341722898599
40.35248165142237 150.09207345642795
41.18238904887224 150.649974622996
42.01229644632211 151.20787578956404
42.84220384377197 151.76577695613207
43.672111241221835 152.32367812270013
44.50201863867169 152.8815792892682
45.33192603612157 153.43948045583622
46.16183343357143 153.99738162240425
46.99174083102128 154.55528278897233
47.82164822847115 155.11318395554036
48.65155562592102 155.67108512210842
49.48146302337091 156.22898628867645
50.31137042082076 156.7868874552445
51.14127781827061 157.34478862181257
51.971185215720475 157.90268978838063
52.801092613170354 158.46059095494866
53.63100001062022 159.01849212151674
54.460907408070106 159.57639328808474
55.29081480551999 160.13429445465277
56.12072220296983 160.6921956212209
56.950629600419695 161.25009678778895
57.78053699786958 161.80799795435695
58.610444395319455 162.365899120925
59.440351792769334 162.92380028749304
60.270259190219186 163.48170145406107
61.10016658766903 164.03960262062913
61.9300739851189 164.59750378719718
62.75998138256875 165.15540495376527
63.58988878001865 165.71330612033324
64.4197961774685 166.2712072869013
65.24970357491833 166.8291084534694
66.07961097236822 167.38700962003742
66.9095183698181 167.94491078660545
67.73942576726797 168.50281195317348
68.56933316471782 169.06071311974156
69.39924056216766 169.61861428630965
70.22914795961756 170.17651545287765
71.05905535706741 170.7344166194457
70.9426190929249 171.7276147851672
70.70722438844739 172.69951464271628
70.46654979697438 173.67012050557682
70.22565583860089 174.6406719471909
69.98475296965064 175.611221177128
69.74384974158735 176.58177031792854
69.50294649909051 177.5523194551465
69.26204325601418 178.52286859222062
69.02114001291449 179.49341772928895
68.7802367698139 180.46396686635705
68.53933352671329 181.43451600342513
68.29843028361267 182.40506514049324
68.05752704051203 183.3756142775613
67.8166237974114 184.34616341462942
67.57572055431076 185.3167125516975
67.33481731121013 186.28726168876557
67.0939140681095 187.25781082583364
66.85301082500888 188.22835996290172
66.61210758190826 189.19890909996982
66.37120433880764 190.1694582370379
66.13030109570698 191.14000737410598
65.88939785260638 192.11055651117405
65.64849460950575 193.08110564824213
65.40759136640514 194.0516547853102
65.16668812330452 195.02220392237828
64.92578488020388 195.99275305944636
64.68488163710325 196.96330219651443
64.44397839400263 197.93385133358254
64.20307515090201 198.90440047065061
63.96217190780138 199.87494960771872
63.72126866470075 200.84549874478682
63.480365421600105 201.8160478818549
63.239462178499494 202.786597018923
62.99855893539886 203.75714615599108
62.75765569229824 204.72769529305916
62.5167524491976 205.69824443012723
62.275849206096986 206.6687935671953
62.03494596299637 207.6393427042634
61.794042719895714 208.6098918413315
61.55313947679512 209.58044097839957
61.31223623369446 210.55099011546764
61.07133299059385 211.52153925253572
60.83042974749322 212.4920883896038
60.5895265043926 213.46263752667187
60.34862326129198 214.43318666373997
60.10772001819136 215.40373580080808
59.866816775090726 216.37428493787618
59.62591353199009 217.3448340749443
59.38501028888946 218.31538321201236
59.14410704578882 219.28593234908044
58.9032038026882 220.25648148614854
58.66230055958756 221.22703062321662
58.42139731648694 222.1975797602847
58.18049407338631 223.16812889735277
57.93959083028569 224.13867803442088
57.69868758718507 225.10922717148895
57.45778434408445 226.07977630855703
57.21688110098384 227.0503254456251
56.97597785788319 228.02087458269315
56.73507461478258 228.99142371976123
56.494171371681944 229.96197285682933
56.25326812858132 230.9325219938974
56.012364885480686 231.9030711309655
55.771461642380075 232.8736202680336
55.53055839927944 233.84416940510167
55.28965515617883 234.81471854216974
55.04875191307819 235.78526767923782
54.80784866997757 236.7558168163059
54.566945426876934 237.72636595337397
54.32604218377631 238.69691509044208
54.08513894067568 239.66746422751018
53.844235697575044 240.63801336457826
53.603332454474426 241.60856250164636
53.3624292113738 242.57911163871444
53.121525968273176 243.5496607757825
52.88062272517255 244.52020991285062
52.639719482071925 245.49075904991872
52.39881623897128 246.4613081869868
52.15791299587066 247.43185732405487
51.91700975277002 248.40240646112292
51.67610650966941 249.372955598191
51.43520326656879 250.34350473525907
51.43334497019762 250.35099142541833
52.42365341813388 250.48987691042694
53.413961866070146 250.62876239543556
53.41396186608718 250.62876239543795
54.40427031402345 250.76764788044648
55.394578761959714 250.90653336545506
56.38488720989598 251.04541885046365
57.37519565783224 251.18430433547223
58.36550410576851 251.32318982048082
59.35581255370477 251.4620753054894
60.34612100164104 251.600960790498
61.3364294495773 251.73984627550652
62.32673789751357 251.8787317605151
63.317046345449825 252.0176172455237
64.3073547933861 252.15650273053228
65.29766324132237 252.29538821554087
66.28797168925863 252.43427370054943
67.27828013719488 252.57315918555798
68.26848739893215 252.71276426713737
69.2584425847084 252.8541457728399
70.24839777048466 252.9955272785424
71.23949088222166 253.12869801056507
72.2297993462707 253.26758338068322
73.22010779420725 253.40646886568973
74.21041624214351 253.54535435069835
75.20072469007978 253.6842398357069
76.19103313801605 253.8231253207155
77.18134158595232 253.96201080572408
78.1716500338886 254.10089629073266
79.16195848182487 254.23978177574122
80.15226692976113 254.3786672607498
81.1425753776974 254.5175527457584
82.13288382563367 254.65643823076692
83.12319227356993 254.79532371577554
84.11350072150618 254.93420920078412
85.10380916944244 255.0730946857927
86.09411761737871 255.21198017080124
87.08442606531497 255.35086565580983
88.07473451325123 255.48975114081847
89.0650429611875 255.62863662582703
90.05535140912377 255.7675221108356
91.04565985706003 255.9064075958442
92.0359683049963 256.04529308085273
93.02627675293256 256.1841785658613
94.01658520086883 256.32306405086996
95.00689364880509 256.46194953587855
95.99720209674136 256.600835020887
96.98751054467762 256.7397205058956
97.97781899261388 256.87860599090425
98.96812744055015 257.01749147591283
99.95843588848642 257.1563769609214
100.94874433642268 257.29526244593
101.93905278435895 257.4341479309386
102.92936123229522 257.5730334159471
103.91966968023148 257.7119189009557
104.90997812816774 257.8508043859643
105.90028657610401 257.9896898709728
106.89059502404027 258.1285753559814
107.88090347197651 258.2674608409901
108.87121191991278 258.4063463259986
109.86152036784904 258.54523181100717
110.85182881578531 258.68411729601576
111.84213726372158 258.8230027810243
112.83244571165783 258.961888266033
113.8227541595941 259.10077375104146
114.81306260753036 259.23965923605004
115.80337105546661 259.37854472105863
116.79367950340287 259.5174302060672
117.78398795133913 259.6563156910758
118.77429639927539 259.7952011760844
119.76460484721166 259.9340866610929
120.75491329514792 260.0729721461015
121.74522174308417 260.2118576311102
122.73553019102046 260.3507431161186
123.72583863895672 260.48962860112727
124.71614708689297 260.62851408613585
125.70645553482925 260.76739957114444
126.6967639827655 260.906285056153
127.68707243070176 261.0451705411616
128.67738087863802 261.1840560261702
129.6676893265743 261.3229415111787
130.65799777451056 261.46182699618737
131.64830622244685 261.6007124811959
132.63861467038313 261.7395979662045
133.62892311831942 261.87848345121307
134.6192315662557 262.01736893622166
135.60954001419196 262.1562544212303
136.59984846212822 262.2951399062389
137.59015691006448 262.4340253912474
138.58046535800074 262.572910876256
139.570773805937 262.71179636126465
140.56108225387328 262.8506818462731
141.55139070180954 262.98956733128176
142.5416991497458 263.1284528162903
143.53200759768208 263.2673383012989
144.52231604561837 263.4062237863074
145.51262449355463 263.54510927131605
146.50293294149088 263.6839947563246
147.49324138942714 263.8228802413332
148.4835498373634 263.9617657263418
149.47385828529966 264.1006512113504
150.4641667332359 264.239536696359
151.45447518117217 264.37842218136757
152.44478362910846 264.5173076663761
153.43509207704471 264.6561931513848
154.425400524981 264.7950786363932
155.41570897291726 264.93396412140186
156.40601742085352 265.0728496064104
157.39632586878977 265.211735091419
158.38663431672603 265.35062057642756
159.3769427646623 265.4895060614361
160.36725121259855 265.6283915464447
161.3575596605348 265.76727703145326
162.34786810847106 265.9061625164619
163.33817655640735 266.0450480014705
164.3284850043436 266.183933486479
165.3187934522799 266.3228189714876
166.30910190021615 266.46170445649625
167.2994103481524 266.6005899415048
168.28971879608866 266.7394754265134
169.28002724402492 266.878360911522
170.27033569196118 267.01724639653054
171.26064413989744 267.1561318815392
172.25095258783372 267.2950173665477
173.24126103576998 267.4339028515563
174.23156948370624 267.5727883365648
175.22187793164252 267.7116738215733
176.21218637957875 267.850559306582
177.202494827515 267.98944479159053
178.19280327545124 268.1283302765992
179.18311172338753 268.2672157616077
180.17342017132376 268.40610124661634
181.16372861926 268.5449867316249
182.15403706719627 268.68387221663346
183.14434551513253 268.82275770164205
184.13465396306876 268.96164318665063
185.12496241100501 269.1005286716593
186.11527085894127 269.23941415666775
187.10557930687753 269.37829964167645
188.09588775481382 269.5171851266849
189.08619620275007 269.6560706116935
190.07650465068633 269.79495609670204
191.0668130986226 269.93384158171074
192.05712154655885 270.0727270667193
193.0474299944951 270.21161255172785
194.0377384424314 270.3504980367363
195.02804689036765 270.48938352174497
196.0183553383039 270.62826900675356
197.0086637862402 270.76715449176214
197.99897223417645 270.9060399767708
198.9892806821127 271.04492546177937
199.97958913004896 271.18381094678784
200.96989757798522 271.32269643179643
201.9602060259215 271.461581916805
202.95051447385777 271.60046740181366
203.94082292179402 271.73935288682225
204.9311313697303 271.8782383718308
205.92143981766657 272.0171238568394
206.91174826560282 272.15600934184795
207.90205671353908 272.2948948268566
208.89236516147537 272.43378031186506
209.88267360941163 272.5726657968737
210.87298205734788 272.71155128188224
211.86329050528414 272.8504367668909
212.85359895322043 272.9893222518994
213.84390740115668 273.128207736908
214.83421584909294 273.2670932219165
215.8245242970292 273.4059787069252
216.81483274496549 273.5448641919338
217.80514119290177 273.6837496769423
218.79544964083803 273.82263516195087
219.7857580887743 273.96152064695946
220.77606653671054 274.1004061319681
221.7663749846468 274.23929161697663
222.75668343258306 274.3781771019852
223.74699188051932 274.5170625869938
224.73730032845558 274.65594807200245
225.72760877639183 274.794833557011
226.59032727300917 275.30051803926676
227.4246346012192 275.8518176693184
228.25511027701796 276.4088725606052
229.08509073969114 276.9666650234269
229.91500752593714 277.52455222341194
230.7449161297471 278.0824515954515
231.5748236821999 278.6403525314445
232.40473109956574 279.1982536683865
233.23463849957457 279.7561548311479
234.09210880244257 280.27068828943754
234.95295754475484 280.7795492162726
235.81423708742992 281.2876806455007
236.67557186370834 281.7957184424936
237.53691372657315 282.30374422459187
238.39825649874416 282.8117684649867
239.259599387593 283.31979250755705
240.12094229141337 283.8278165247435
240.98228519715485 284.33584053867276
241.8436281031428 284.8438645521842
242.74045478135085 285.2862466373258
243.641475385169 285.72002292931876
244.54302668016464 286.15269516380073
245.44464578066788 286.58522608478523
246.38823929478633 286.9163322310791
247.3363879251436 287.2341595029605
248.2851024939599 287.5502934412141
249.27773589815317 287.67145005423885
250.2776463605001 287.68483165687564
251.27639341149674 287.63478839433674
252.27389902187858 287.5642011627949
253.2721661399557 287.50535593388054
254.26891988711367 287.4248452667209
255.26447889659318 287.33070569669746
256.25897278713114 287.2259111277418
257.2525001737123 287.1123182929622
258.24511681401174 286.99102441265234
259.2368248568297 286.8625130987139
260.22756954383397 286.7267745073966
261.2172494628535 286.5834788065205
262.2055591536896 286.43101912332673
263.1914214215856 286.26346140569166
264.17452502207846 286.080411383299
265.15159311349146 285.86748429544366
266.12866120490446 285.6545572075883
267.09809549427945 285.4092061151026
268.0730952809018 285.1870003184043
269.0471565884702 284.9607160522742
270.0198058833628 284.7284374498481
270.99283822614007 284.4977687265469
271.9661944336686 284.2684704638719
272.93958593580743 284.0393220762191
273.9128613774186 283.8096812376113
274.8860174701185 283.57953515521774
275.85912783668687 283.3491958088674
276.83228022966483 283.1190340830283
277.8055422967472 282.8893365671982
278.77894996274836 282.6602568523167
279.7525080969981 282.4318174528338
280.72619661974244 282.20393445505664
281.6999790009041 281.97645286428684
282.673811910925 281.74918768138326
283.6476550577507 281.5219663677247
284.62148007863834 281.29466738248027
285.5952774543214 281.06724998843816
286.5690609321295 280.8397730921436
287.54286967843586 280.6124043924131
288.5167689640256 280.3854238171917
289.49085025397 280.15922558426274
290.46523094133346 279.93432054631757
291.4400528058594 279.71133549649994
292.41547717472434 279.4910009766796
293.39167449148806 279.27411667862333
294.36880710931007 279.061485901951
295.3470064896524 278.8538179643729
296.326348663954 278.65160791112567
297.30683341562343 278.4550127643295
298.28837213212597 278.26374920793006
299.27078672772467 278.07703669534794
300.25381856562484 277.8936016777678
301.2371433191164 277.7117434110578
302.22038607806303 277.5294423496812
303.20313070302024 277.3444747792321
304.1849178349031 277.1544904965421
305.1652266674565 276.95702001060124
306.1434368561659 276.7494029912963
307.1187693104972 276.52866195857223
308.0902081908377 276.29137204778203
309.05641093915534 276.0335887101836
310.0156186451942 275.75088643450187
310.96558564448446 275.4385361499502
311.9035537557144 275.09181461569585
312.8262992189532 274.7064046909763
313.7302739733337 274.2788188593088
314.61184437741537 273.80676629587197
315.4676028142426 273.289390709089
316.29470061240454 272.72733267625284
317.09113682401994 272.12261012761775
317.8559445826253 271.47835156742855
318.5892430582538 270.7984447020118
319.29215736591624 270.0871701586156
319.96663759827055 269.3488772518616
320.6152226951796 268.5877351021501
321.24079424017305 267.8075682981302
321.84635442645265 267.011768787705
322.4348479495426 266.2032668561791
323.0090344929684 265.384542352241
323.5714091960001 264.5576598373757
324.1241633240469 263.7243154464261
324.66917546930176 262.8858872971344
325.208023847884 262.0434845283241
325.7420116246543 261.19799233187285
326.27219897386504 260.350111812733
326.7994373407563 259.50039438648014
327.3244028877116 258.64927090865217
327.8476273098965 257.7970759755358
328.3695250909979 256.9440679415283
328.8904168809792 256.0904452244395
329.4105490699873 255.23635945242498
329.9301098609756 254.38192596497987
330.44924225649004 253.52723212744067
330.9680544111656 252.67234386096322
331.48662779006366 251.81731073254173
332.0050235349535 250.96216989520553
332.5232873902362 250.10694911885153
333.04145348651815 249.25166910817438
333.5595472283022 248.39634526615654
334.0775874857651 247.54098902946464
334.5955882503513 246.68560887544646
335.1135598801424 245.83021107866915
335.6315099820115 244.9748002463939
336.14944375488284 244.1193795271456
336.66736325251924 243.26395016479708
337.1852647379265 242.40850989720792
337.70313343513874 241.5530497798163
338.22093571331254 240.69754945794728
338.73860987038904 239.84197160228763
339.25605772185907 238.98625685950879
339.7731396221272 238.1303209340943
340.2896750941629 237.27405514233985
340.8054500438944 236.41733103200477
341.32023000776707 235.56000869542694
341.8337775239793 234.7019475387532
342.3458709061966 233.84301775821856
342.85632157954984 232.98311072250291
343.364987634198 232.12214681800475
343.87178213777725 231.26007992318634
344.3766756715894 230.39689829715698
344.8796931229655 229.5326220429355
345.3809048297286 228.66729734953796
345.8804120452494 227.8009876233761
346.37832696410374 226.93376173954752
346.87474830539634 226.06568003146396
347.3697312319915 225.19677733128444
347.863236048826 224.32703426821283
348.35499427898236 223.45630248225717
348.84414840468673 222.5841051185221
349.32843819818936 221.70919746859033
349.80267437633063 220.82879980426927
350.2562953944083 219.9376051162475
350.6697597560128 219.0270848135178
351.0040615198222 218.0846187235634
351.17539345531935 217.09940536196157
351.0652336248529 216.10549147648075
350.57869012173893 215.231835125518
349.7522711312041 214.6687794869853
348.76734040010206 214.4958302027116
347.77537325372816 214.6223259754265
346.82313532268853 214.9276830167558
345.90929614453216 215.33375931065453
345.0233619770167 215.7975703183168
344.15619994068345 216.2955964248035
343.30142626056727 216.81459734559328
342.45486193970544 217.34688378224536
341.6138155599191 217.8878468004345
340.77654221184486 218.43463134722103
339.94296368219017 218.9870323201553
339.1186128885154 219.553111615809
339.8230675380364 220.26286061846292
340.5733037449256 220.9240305163504
341.3597364665565 221.54170646241613
342.1711686345952 222.12615306962
342.99870961171143 222.68755838772225
343.8362179613704 223.23398291522034
344.67972806244836 223.77109622671009
345.52677806661245 224.30260943486738
346.3758806296813 224.8308374513432
347.2261560355564 225.35717549306534
348.0770931074744 225.88244313878096
348.9283993091731 226.4071123211706
349.7799094282977 226.93145049165636
350.63153122856545 227.4556072518996
351.48321373052295 227.97966537449616
352.3349290042636 228.5036702337073
353.1866618655955 229.02764650504724
354.0384041155452 229.55160751471368
354.8901513535168 230.07556041584868
355.74190123022163 230.5995090273874
356.59365249746816 231.1234553784043
357.4454044949307 231.64740054234665
358.29715687463215 232.17134508490133
359.14890945383945 232.6952893031285
360.0006621368999 233.21923335252632
360.8524148738892 233.74317731425435
361.7041676388196 234.26712123055964
362.55592041819665 234.79106512337978
363.4076732050287 235.31500900408065
364.25942599570095 235.8389528785387
365.11117878834807 236.36289674978624
365.9629315820092 236.8868406193853
366.8146843761903 237.41078448813914
367.66643717063766 237.9347283564602
368.5181899652211 238.45867222455996
369.3699427598741 238.98261609254666
370.22169555456253 239.50655996047567
371.07482121895686 240.0282654336612
371.92990072131335 240.5467623426681
372.78683347904064 241.0621905614667
373.64523293988725 241.57517239897976
374.50467897541216 242.08639887718735
375.3648232448595 242.59644969400549
376.22541183640806 243.10575046574698
377.0862734084774 243.61458968763768
377.9472981944863 244.12315268066632
378.80841847357914 244.63155396403903
379.66959364520517 245.13986226003158
380.5307999113819 245.64811787200054
381.3920235751241 246.15634400376715
382.25325687084467 246.66455381313955
383.1144954509902 247.1727546672011
383.97573690753563 247.68095064664948
384.8369799189482 248.18914399105
385.6982237657371 248.6973359197228
386.5594680589138 249.2055270918919
387.42071258946544 249.71371786177565
388.2819572456966 250.22190841866666
389.1432019682086 250.73009886322973
390.0044467255514 251.23828924876403
390.86569150113877 251.74647960337876
391.7269362862545 252.25466994184546
392.5877457065638 252.7635973845195
393.44793121805503 253.27357864478358
394.3075201699917 253.7845647832536
395.1666336365206 254.29634994484834
396.0254059752108 254.80870731065914
396.8839498632498 255.3214473932652
397.74234801383466 255.83443142330174
398.60065648646946 256.3475654855148
399.4589112898742 256.8607893084543
400.3171346747971 257.37406566829515
401.17533999345403 257.8873722346168
402.0335350763585 258.4006959138667
402.8917244317177 258.91402916853474
403.7499106159064 259.4273677247213
404.6073721940055 259.941915722564
405.46379578071765 260.4581895260086
406.3192260393588 260.9761075432672
407.1738638502704 261.4953321691857
408.02793272446274 262.0154921043362
408.8816203937891 262.5362774375016
409.7350647985175 263.0574613283096
410.58835948337133 263.5788903079417
411.44156455578616 264.1004659059191
412.2935734240918 264.6239932579539
413.1439086025777 265.1502347274613
413.9926505006473 265.67904205575894
414.84012332366564 266.20988083942615
415.68668551772174 266.74217065859887
416.5326377238815 267.2754293808842
417.37639642036254 267.81215208593085
418.2173147218409 268.3533141783198
419.05558800933215 268.8985644836646
419.8899781768355 269.44973872868496
420.720275583183 270.0070592980278
421.5470662355849 270.5695690464774
422.36840609878357 271.14000820109493
423.18382983504824 271.71887271921304
423.9913152993209 272.3087601872851
424.78909607223557 272.9117078121811
425.5762034081656 273.52852386395426
426.3537112071094 274.1573971600812
427.1214369062806 274.79817578865124
427.87960817505734 275.45023125193757
428.6291390870497 276.11220059561447
429.37137808427383 276.78233585882606
430.1077981291905 277.4588604462912
430.83977760282164 278.14018713018277
431.5684877241839 278.8250094129862
432.29485855884104 279.51231241062226
433.01959153727864 280.2013422430424
433.743194409039 280.89155879165617
434.46602309828745 281.58258606029284
435.1883205065776 282.27416863235294
435.9102483206013 282.9661370068752
436.6319118084836 283.6583810463999
437.3533787139365 284.35082996461426
438.074692181363 285.0434387154319
438.7958789457182 285.7361793962922
439.5169549243777 286.4290353935962
440.2379296522596 287.12199675020685
440.9588087729175 287.81505756528696
441.6795949558299 288.5082150355074
442.4002886446617 289.2014686737077
443.12088845148617 289.8948198966853
443.8413914533751 290.5882717149604
444.5617940632502 291.2818278263783
445.2820935674879 291.9754910185652
446.00228841566013 292.6692628691517
446.7223772882437 293.36314471469984
447.44235848695524 294.0571382834754
448.16222935123346 294.75124630011504
448.88198593856436 295.44547281573784
449.6016236936702 296.13982251252344
450.32113785707475 296.8343002793815
451.04052350388395 297.528911171295
451.75977610479265 298.2236598280667
452.4788915138513 298.91855048741843
453.19786553143643 299.61358743754226
453.9166931151326 300.3087758328119
454.63536818771286 301.00412189057863
455.3538848452066 301.69963164098056
456.07223803978997 302.39531022181507
456.7904234446596 303.09116201942163
457.5084365174039 303.7871916361538
458.22627199215054 304.483404413396
458.9439236534706 305.1798066628212
459.66138478468525 305.87640520229445
460.3786485067079 306.5732070055859
461.09570829692126 307.2702186677977
461.8125580565792 307.9674463365533
462.5291922739214 308.6648955451228
463.24560578486825 309.3625714593787
463.9617937656849 310.0604788860004
464.6777514234956 310.7586225905643
465.3934730358026 311.457008281767
466.1089518231102 312.155642739057
466.8241804710055 312.8545332749994
467.53915238741445 313.5536864475922
468.2538623301506 314.25310742079375
468.9683057084581 314.95280068158206
469.68247819043773 315.65277044234534
470.39637537233796 316.35302097870704
471.10999147994653 317.0535579520079
471.8233187431727 317.7543890411716
472.53634624790163 318.4555251032166
473.24905717498467 319.1569829668239
473.9614254236211 319.8587888362312
474.67341593776143 320.56097791886793
475.3849868164789 321.2635922402145
476.09609047142635 321.96667942678556
476.8066740126436 322.67029226844716
477.51667983956764 323.3744880691545
478.2260498887648 324.0793243148896
478.93472780030027 324.78485646702853
479.642653882324 325.49114299697976
480.3497533190098 326.19825712259075
481.05592014169645 326.9063026144461
481.76099845124213 327.6154320648344
482.4647618613052 328.3258664831
483.16689343923315 329.037913705745
483.86699351950324 329.7519584365608
484.5645890472945 330.4684502227004
485.2591346871893 331.1878988686114
485.9500245561251 331.91085888756265
486.63662724748605 332.6378917232832
487.31831494470293 333.3695349993838
487.9944423468919 334.10631972778765
488.66432552541136 334.84878624362295
489.32728936422166 335.597437663464
489.9827854149591 336.35263626480514
490.6305236174294 337.1144992584336
491.2705564723445 337.8828467999988
491.9032863940556 338.65721934998453
492.52940365179506 339.4369482641341
493.1497839448406 340.2212494129288
493.7653781525761 341.0093127171135
494.3771182578528 341.8003715288311
494.9858517445671 342.5937463092172
495.59209576752824 343.38902499283944
496.1949510519327 344.1868755465558
496.7943260743293 344.9873438985393
497.37667712430164 345.8002813220819
497.94629217334136 346.6221929328452
498.5138532269 347.445524245552
499.02280753377556 348.30631778265183
