4.182446678473855
297176
758
0.0 100.0
0.0 101.0
0.0 102.0
0.0 103.0
0.0 104.0
0.0 105.0
0.0 106.0
0.0 107.0
0.0 108.0
0.0 109.0
0.0 110.0
0.0 111.0
0.0 112.0
0.0 113.0
0.0 114.0
0.0 115.0
0.0 116.0
0.0 117.0
0.0 118.0
0.0 119.0
0.0 120.0
0.0 121.0
0.0 122.0
0.0 123.0
0.0 124.0
0.0 125.0
0.0 126.0
0.0 127.0
0.0 128.0
0.0 129.0
0.0 130.0
0.0 131.0
0.0 132.0
0.6404576196997797 132.7679935138844
1.280915239399593 133.53598702776875
1.921373767004204 134.30397978451748
2.561834651693959 135.07197057559665
3.2023063628477013 135.83995233788778
3.8427954719734987 136.60791959050422
4.483316111517025 137.37586054547324
5.123891254456414 138.1437560372221
5.7645544046995285 138.91157810510018
6.405351245385509 139.67928860324832
7.046344095891406 140.4468354523724
7.687660909357332 141.2141116378271
8.329514819795705 141.98093857896504
8.972236036884137 142.74703872718612
9.616292326106795 143.51201682903792
10.262251859594596 144.27538848236034
10.910679141540601 145.0366650812573
11.562000231100592 145.79546732050966
12.216390245094145 146.5516245195004
12.873721264858055 147.30522649034185
13.53357985233055 148.056616298989
14.199335753990994 148.80278590397455
14.876219628580358 149.53887572208163
15.569337185923281 150.25970028582998
16.25186240824545 150.9905623254066
16.926701028703683 151.72852766086487
17.59588155156836 152.4716275382828
18.260766944622528 153.21857292725258
18.92226868657647 153.96851655539533
19.581012637913997 154.7208837573494
20.237449247135956 155.47526494618776
20.891918888056825 156.23135322748362
21.544687387942 156.98891067451828
22.195964384089454 157.74775075931163
22.845912854399636 158.50772903922592
23.494654547763318 159.2687377220224
24.14250303216947 160.03050693986506
24.789886177674525 160.7926716615073
25.43726932317958 161.55483638314954
26.08173425218665 162.3194702532337
26.725179402845935 163.08496247271935
27.36753759983736 163.85136703087252
28.008690159756377 164.61878047544414
28.648468522064725 165.3873399377644
29.286681863047036 166.15719949079482
29.9214093523397 166.92993554814961
30.54982039963531 167.7078170016095
31.16999576784055 168.4922802019392
31.781931946200295 169.2831873479522
32.387377713202184 170.07907391224356
32.98900634294538 170.87784984570257
33.58953291954698 171.6774546423335
34.05997429076635 172.55988589531879
34.6578827406461 173.36145029420538
35.25599028408069 174.16286614536298
35.85168171149743 174.96607951882123
36.44560917497862 175.77059811284053
37.03925215166398 176.57532664857922
37.63438586194928 177.37895334480206
38.15455829403462 178.2330146077677
38.73842075893531 179.04486719418972
39.33573166200466 179.84687697285483
39.9331383248092 180.64881542388255
40.54964998720322 181.43616119934094
41.17134841612688 182.21941790277467
41.7931954431118 183.00255663571411
42.42347885303974 183.7789217709241
43.056863041773695 184.55275926643708
43.69277311921668 185.3245224253184
44.330780539287765 186.0945526402673
44.97053553692306 186.86313155163597
45.61176383110834 187.63048171599135
46.25426001565633 188.39677059940365
46.89787880252044 189.16211683294478
47.54252607764797 189.92659697701043
48.188164464209436 190.69024026664133
48.83483235239314 191.45301195095584
49.48266009790209 192.21479880575762
50.131871229693594 192.9754070533845
50.78407915486214 193.73344717260466
51.44174588304195 194.48675618930713
52.10676567712844 195.23358192096958
52.77967597245784 195.97330601442587
53.45980628967777 196.70639724449094
54.145919387158266 197.43389213620202
54.8368549472041 198.15680848811567
55.61403586548031 198.78608570863722
56.31525600237805 199.49903053091248
57.01757760160124 200.2108903283899
57.72512513308634 200.9175560843802
58.438946570578615 201.6178838329212
59.15994036423296 202.31082535246807
59.888833102392205 202.99545326327708
60.62611402005355 203.67103956305857
61.37201338468069 204.337098222524
62.12653552536766 204.9933728138447
62.88959043817014 205.63970647384392
63.66127571349574 206.27571106175634
64.44230701649845 206.9002029381886
65.23449638582086 207.51047828844665
66.04108285000787 208.10159441560805
66.86668210168769 208.66585133902655
67.71667920644308 209.1926386983163
68.59605000258018 209.6687762865208
69.5078311847208 210.07945265045507
70.45169012510868 210.40980140654455
71.42315870209617 210.64696970949817
72.413967142235 210.78224215661763
73.41350721642577 210.81256772481822
74.41093828061919 210.74093482607782
75.39715667997373 210.57548613682775
76.36599275507896 210.32778337225963
77.31444877436253 210.0108745849331
78.2422071868103 209.63769322402078
79.15080300581742 209.2200167491233
80.04279075095542 208.7679571706122
80.92108504218555 208.28983674855039
81.78852312878753 207.7922916089778
82.64762323250554 207.2804840164279
83.50048576833359 206.75834850242703
84.34878485192961 206.2288311138833
85.19380879612072 205.69410264658077
86.0365214287453 205.15573899734827
86.87762439662531 204.61486396795289
87.71760576403213 204.07224872451664
88.55676789465272 203.52836737851155
89.39523841452 202.98342042025462
90.23297667716172 202.4373484439493
91.06978960924953 201.8898595247093
91.90536504770468 201.340483800227
92.73932182428346 200.7886540304625
93.57126863155894 200.23379863500872
94.40086067370355 199.67542864690913
95.22784424712924 199.1132025631278
96.05208318245946 198.54696040866938
96.87356260020266 197.9767222424403
97.69236611075088 197.402648369917
98.50862773449175 196.82496596443116
99.3224694570369 196.24387935243192
100.133943149115 195.65949040056412
100.94298708901178 195.07174223738852
101.7493964275946 194.4803844957072
102.55280244338086 193.88495290954597
103.35265675905941 193.28475871289757
104.14796753723826 192.67855679429903
104.9373066086438 192.06459927919505
105.71878717899587 191.4406697013081
106.49106437630871 190.80538399352727
107.25365045012408 190.15849723371312
108.00679362554075 189.50064059482946
108.75125079644921 188.83297037632113
109.48019382489551 188.1483960112741
110.20705475982805 187.46161134249576
110.93161309511977 186.77239786413125
111.65416918191397 186.08108556029407
112.3753509787978 185.38833970801966
113.09591386009808 184.69495011039635
113.71359580953843 184.1005616822709
113.79488676646895 183.9004947050048
113.89117579532767 183.92967844905445
114.84818571512938 184.21973363932202
115.8051956349297 184.5097888295941
116.7622055547294 184.79984401986823
117.71921547452854 185.08989921014424
118.67622539432725 185.3799544004217
119.63323531412576 185.67000959069978
120.59024523392452 185.96006478097698
121.54725515372468 186.2501199712496
122.50426507352843 186.54017516151038
123.46127499333927 186.83023035174776
124.41828491316184 187.12028554194646
125.37529483300132 187.41034073208934
126.3323047528625 187.70039592216065
127.2893146727489 187.99045111214872
128.24632459266206 188.2805063020485
129.2033345809657 188.57056126630016
130.16034523256974 188.86061404204355
131.11735926155654 189.15065567409397
132.0743860531239 189.44065519171818
133.03145287379436 189.73052257651977
133.9886276046566 190.02003343054557
134.9459554454089 190.30903759196977
135.90360646764387 190.59696904147174
136.86202702664144 190.88232852018376
137.82196683849844 191.16253479707987
138.78439342170898 191.43407682316365
139.73706654227624 191.73807341088897
140.6950299350631 192.0249638744465
141.6593968410055 192.28953233576246
142.64057814554366 192.48262103979462
143.64021657400937 192.50950992847734
144.63191059733404 192.6381293830796
145.62718550214373 192.73522657076302
146.6252540882473 192.79734820494352
147.62487261031603 192.82496722623472
148.6248583488249 192.81962655409475
149.62421224056143 192.7836849476891
150.62218671915394 192.72006938294237
151.61830323250211 192.6320245543885
152.6123300116532 192.52288811532947
153.6042354481453 192.3959093570372
154.59413200439892 192.25411793304684
155.58222200359842 192.10024086041437
156.56875209219115 191.93666095852777
157.55397912721284 191.76540766815842
158.5381473843633 191.58817098567584
159.52147537490598 191.4063302228768
160.50414994363604 191.22099082617117
161.48632534803704 191.0330241403204
162.46812538077452 190.84310653788
163.4496470729601 190.65175563568943
164.4309649730376 190.4593623432192
165.41213539521428 190.26621834863073
166.39320036926517 190.07253944763602
167.37419127018853 189.87848571202244
168.355132209698 189.68417957934957
169.33604321823904 189.489722403285
170.31694309658948 189.29520909101035
171.29785167780523 189.10073967105603
172.27879120638147 188.90642641552097
173.25978664325638 188.712395611702
174.2408649052765 188.51878403200806
175.22205326766684 188.32573119595065
176.20337731899218 188.13336928108603
177.1848589125365 187.94181281021199
178.16651450211376 187.75115000982424
179.14835411639513 187.56143714302848
180.13038110951777 187.3726966206744
181.11259279986226 187.18491963765837
182.0949821185233 186.99807417589733
183.07754029792883 186.8121187401519
184.06026037086863 186.6270207708459
185.04314090279033 186.44277674795956
186.02618912465746 186.25942955413365
187.00942271362013 186.07707904128657
187.99286997697152 185.89588444918556
188.97656887890048 185.71606100704355
189.96056575301856 185.53787528447896
190.94491454162744 185.36164400926302
191.92967718987464 185.18774022374583
192.91492566575744 185.016610329307
193.90074606613712 184.84880646107018
194.88724516517152 184.68503977457897
195.87455908920975 184.5262593746543
196.86286218159833 184.3737569236079
197.85237161186402 184.22928863153209
198.84334053851114 184.0951969225422
199.83603082460775 183.97450725484245
200.83065683867014 183.87097420625238
201.82729587580064 183.78905577323764
202.82576835896458 183.73380452561005
203.8255008686324 183.71067642336857
204.82539436913723 183.72527051971682
205.82372524814292 183.78302392674792
206.81810509766507 183.88889514504794
207.80551562130444 184.0470737080906
208.78241943369002 184.26075323763536
209.744930099849 184.53199707172243
210.68888062292922 184.86208404507437
211.60962613662042 185.2522477274149
212.50168024439384 185.7041763377115
213.3585263455265 186.2197486012922
214.1084250946608 186.88130121903842
214.73672393242586 187.65927330752427
215.26779403859555 188.50660119112834
215.73448267520524 189.39102287588025
216.162708469498 190.2946946465483
216.56926482951252 191.2083203500679
216.96404662563498 192.12709525909094
217.35258347190057 193.0485284466276
217.73786508948797 193.9713274903794
218.12147196312802 194.8948239800837
218.50422603391698 195.81867425003793
218.88654944871888 196.74270282453887
219.26865688511512 197.6668207320868
219.65065663722655 198.59098315795512
220.03260296778427 199.51516766365378
220.38766938305375 200.45000874145668
220.71676192974914 201.3943064147089
221.02746454184236 202.3448135881897
221.28493173709145 203.31110062803376
221.49514317058095 204.28875657632554
221.71247976434856 205.26485329541106
221.92981635811617 206.24095001449655
221.94057479407954 206.2892680352417
221.86839373223864 206.5801477409274
222.02171717598137 206.65369268817275
221.868561918551 206.57946997332755
221.86839373223864 206.5801477409274
222.02171717592728 206.65369268814584
222.9216105681238 207.089802631487
223.82140936028082 207.52610772386248
224.72058039118912 207.96370509265637
225.62077013562322 208.39920299622844
226.51853280593127 208.83968249382326
227.41603203030525 209.2806985278267
228.3160400800526 209.71657180114127
229.19728467125157 210.18923232464897
230.06024631335453 210.69450176193862
230.9050548182301 211.22957053330347
231.73162477603492 211.79240452735016
232.53980432236878 212.38134070461186
233.3294880942441 212.99485479608552
234.1006886601616 213.6314470416624
234.8535741690311 214.28959855198073
235.58848178633758 214.96776578358728
236.30591489278325 215.6643931859881
237.0065299538583 216.37793262862237
237.69111720629337 217.1068635538844
238.36061987988043 217.8496731997963
239.01609155965116 218.60489295391992
239.65870967325407 219.37107958919194
240.28962984565302 220.1469273423369
240.9100574699258 220.93119104992462
241.52096887448195 221.72289001783048
242.12307556430272 222.5213056577531
242.71693760227316 223.32587254736364
243.3030772222942 224.13608261015082
243.8835187390139 224.95038454780547
244.4553651145323 225.77074527505079
245.02287019117756 226.5941151724735
245.57476696753753 227.42802760687144
246.12666374389747 228.26194004126938
246.61462532264562 229.13480514978593
247.08653467325271 230.01645222475958
247.48148742335167 230.93515365895314
247.89069769357158 231.84759376917765
248.3389652597262 232.7414931981594
248.81497225920856 233.62093468935922
249.3106000455293 234.48946971883518
249.81994271207714 235.35003351544412
250.33834548204734 236.20517009406024
250.86185759115963 237.05718832837965
251.38732708022278 237.90800077308393
251.91207620055297 238.75925770298977
252.43403872267007 239.61222612298263
252.9517321080982 240.46779234408066
253.4644956038219 241.32632224889073
253.97274916612912 242.1875297247071
254.47799032248142 243.05050792485343
254.98246580797914 243.9139339405212
255.4886715516373 244.77634668688313
255.9988744600463 245.636400750446
256.5126480591115 246.49432655662253
257.0332583448354 247.3481209876178
257.5572924640275 248.1998182589076
258.0813265832196 249.05151553019746
258.6323441597573 249.8860091672892
259.19695951574545 250.71136333356114
259.79532767612613 251.5125846167549
260.4023130164906 252.30729764457226
261.0685178811582 253.05306642797177
261.6763159630737 253.84715804209438
262.27011167516446 254.65177388353834
262.85480622657525 255.46302740836921
263.4344805069271 256.2778756940633
264.0123874594575 257.09397835563055
264.59083190162016 257.90970013867377
265.171113971107 258.72411570816644
265.7548628905353 259.53604994138135
266.34327479330096 260.34461127652156
266.94108155889614 261.1462515144142
267.5475781798236 261.9413375781857
268.1657196335833 262.72740446029167
268.8050787996984 263.49631268414197
269.4742371966685 264.2394324858996
270.0727840927488 265.04052025461954
270.6547164089704 265.85375747667536
271.22154533806383 266.67759299736065
271.7751236894762 267.5103900968078
272.317939042768 268.35024216249
272.8481021092629 269.1981378653478
273.3668350384469 270.05307420694305
273.8588884111987 270.9236392409087
274.34458500073333 271.79776670467726
274.73340556005354 272.7190802086757
275.23578594746334 273.5837269263274
275.7501436505097 274.44130266835657
276.2730508077046 275.2936923122134
276.8025819980101 276.14198278044563
277.3371437593018 276.98711219264516
277.87551645527736 277.8298190457252
278.41680488935054 278.6706560282245
278.96036191328017 279.51002827087785
279.50570814792917 280.3482391538626
280.05245926894787 281.18553432981
280.6002767255961 282.02213222258257
281.14873899050036 282.8583075295464
281.6971331718225 283.6945274897794
282.244354486771 284.5315154421814
282.7889850321872 285.37019152327565
283.3296267042928 286.211444506856
283.86542438622536 287.05579090735506
284.3964723903631 287.903132643198
284.92388783198504 288.7527401713771
285.4477885352769 289.60451951668335
285.96576804201334 290.4599125436605
286.4798973607348 291.3176252249419
286.98770484453274 292.17909580447366
287.4846745491215 293.0468636955142
287.9900684496076 293.90975245158387
288.4372739442635 294.80418369295995
288.9397112515278 295.6687973363111
289.5000195290726 296.4970814868988
290.0772932349915 297.3136322008503
290.66866048804206 298.1200345644502
291.2729297465779 298.91681474943755
291.88947343858916 299.70413544384434
292.5180693881428 300.481867487806
293.1587791793531 301.2496506365188
293.81184978589255 302.0069476607267
294.47763621046977 302.7530900310883
295.1565403259484 303.48731697283455
295.848962358205 304.20880968190767
296.5552632192734 304.9167214657155
297.27573677206954 305.6102038805765
298.0105910558886 306.28842890337705
298.75993706683477 306.9506075468556
299.5237833976935 307.5960057052304
300.30203513220204 308.22395812200614
301.0944957969339 308.8338811457171
301.90087168620147 309.4252844980985
302.7207782837186 309.9977818093131
303.55374869899487 310.551099337749
304.39924401742525 311.0850821712862
305.2566653163516 311.5996972858597
306.125366972181 312.09503296311226
307.0046736198288 312.5712890070659
307.89390237535264 313.02875181467925
308.7923867742825 313.4677572643944
309.6995491340412 313.88853803039603
310.6150691308967 314.29081049447683
311.5389082485273 314.6735914824262
312.47111840582727 315.03550890757566
313.41160317676975 315.3753447438632
314.36000458149226 315.6924169367788
315.31575023571816 315.9866111658662
316.2792723339521 316.2542399502204
317.2503164490729 316.49314019402385
318.23150409014397 316.6861966961403
319.21864407326706 316.8460549262059
320.218019207419 316.8814009477472
321.2116407695864 316.9941670383774
322.2063878209909 317.09653062429555
323.2030898598465 317.17767891904793
324.2014735755343 317.23451162309595
325.2009916765284 317.26555297914103
326.2009792731137 317.2705336091745
327.2007725564512 317.25020160009467
328.19979846047096 317.2060740225773
329.1976249092247 317.1401772990814
330.193974813208 317.05481414056146
331.18871405896084 316.95237472940016
332.1818249902693 316.8351967531607
333.17337491506913 316.70547109405874
334.1634860603363 316.5651859557945
335.1523104231761 316.4161008141658
336.140010717193 316.2597418387312
337.12674719975905 316.0974115766936
338.11266945141824 315.9302071698041
339.0979119474141 315.7590428508475
340.08259231182234 315.58467375969633
341.06681132703886 315.4077191607557
342.050655352521 315.22869141563484
343.0342040905264 315.04804845294854
344.0175463972826 314.8662851240197
345.0008026293358 314.6840567449768
345.98414633212366 314.5023009687619
346.9643322316049 314.3042211806507
347.9344796097298 314.0617050683667
348.8854740351245 313.7524970431341
349.8091244990221 313.369261057687
350.7015367754462 312.91804012633787
351.5639857946415 312.41189618506326
352.40128120155566 311.86514541774744
353.2194639585076 311.29018717906695
354.0212715795452 310.6926049346469
354.80642657047093 310.07330562072474
355.57428353558623 309.4326842964434
356.32549611634084 308.7726239518415
357.0621616216629 308.09636665371556
357.7871751558753 307.40763203486097
358.5035941540288 306.70996175522686
359.2141357742231 306.0063065797526
359.92091457982644 305.2988719750365
360.6254147613224 304.58916816761246
361.32859792180363 303.8781594174443
362.03104927293606 303.16642765667183
362.7334548894983 302.4546507605718
363.43653704089854 301.74354212725166
364.14079451187405 301.0335974712571
364.8464018189798 300.3249943890179
365.5532752345507 299.61765431920765
366.26156164042186 298.91172913389545
366.9715685517484 298.2075344265392
367.6834829260433 297.5052681496383
368.3972489165968 296.8048838902998
369.11261646370457 296.1061355289099
369.82966331450217 295.40911055535355
370.548689898024 294.71412798565206
371.26988374081384 294.0213946739642
371.993170669203 293.3308470512608
372.71826375052666 292.642196179326
373.46211373845057 291.9738495660589
374.2492346492188 291.35705083727345
375.067138564033 290.7816960022963
375.88073390929276 290.20026448081535
376.6560433908422 289.5686829676126
377.3708218766958 288.8693320427109
378.01854485734674 288.1074561077079
378.6058915772491 287.2981206824237
379.146090403755 286.45658326326657
379.65299123618735 285.5945788862014
380.138007277593 284.7200736320267
380.6093779096903 283.8381384149069
381.0725721166734 282.9518816086609
381.53101610896664 282.06315830755403
381.9867677132321 281.1730513054417
382.44102378553805 280.2821801470954
382.8944629953066 279.3908929413954
383.34746234286456 278.49938209395043
383.800227712009 277.60775239474594
384.25286993298135 276.71606017217516
384.705447937776 275.8243353549944
385.1579927303804 274.93259368237466
385.6105204706943 274.04084335619234
386.0630395126963 273.14908861601674
386.5155541436632 272.2573316374845
386.9680665495484 271.36557352985665
387.42057783840244 270.47381485540507
387.87308856893355 269.58205589764003
388.3255990215124 268.69029679883204
388.7781093362231 267.7985376300648
389.23061958277884 266.90677842671334
389.6831297957471 266.01501920631836
390.1356399922102 265.1232599775481
390.5881501805841 264.2315007446731
391.04066036500325 263.3397415097913
391.4931705474935 262.4479822739307
391.94568072904474 261.5562230375936
392.39819091014004 260.6644638010252
392.8507010910142 259.77270456434456
393.30321127178127 258.8809453276096
393.7557214524967 257.9891860908484
394.20823163318715 257.09742685407457
394.66074181386557 256.2056676172946
395.1132519945382 255.31390838051166
395.565762175208 254.42214914372732
396.01827235587655 253.53038990694233
396.47078253654445 252.63863067015706
396.92329271721195 251.74687143337155
397.3758028978795 250.85511219658608
397.82831307854684 249.96335295980052
398.2808232592142 249.07159372301493
398.73333343988145 248.1798344862293
399.1858436205487 247.2880752494437
399.63835380121594 246.39631601265805
400.0908639818833 245.50455677587246
400.5433741625506 244.61279753908684
400.995884343218 243.72103830230125
401.4483945238853 242.82927906551564
401.9009047045526 241.93751982873002
402.35341488521993 241.04576059194443
402.80592506588715 240.1540013551588
403.2584352465546 239.26224211837328
403.71094542722176 238.3704828815876
404.1634556078891 237.478723644802
404.61596578855637 236.58696440801637
405.06847596922364 235.69520517123075
405.52098614989103 234.80344593444522
405.97349633055825 233.91168669765958
406.4260065112256 233.01992746087396
406.87851669189297 232.1281682240884
407.33102687256024 231.23640898730278
407.72693044100265 230.45620407895302
408.25855284475125 231.30318555444853
408.79017524849985 232.15016702994404
408.7901752485024 232.15016702994808
409.3217976522509 232.99714850544365
409.85342005599944 233.84412998093921
410.385042459748 234.69111145643475
410.9166648634965 235.5380929319303
411.44828726724506 236.38507440742586
411.9799096709936 237.23205588292143
412.51153207474215 238.079037358417
413.0431544784907 238.92601883391254
413.57477688223923 239.77300030940808
414.1063992859878 240.61998178490362
414.6380216897363 241.46696326039915
415.16964409348486 242.31394473589472
415.7012664972334 243.1609262113903
416.23288890098195 244.00790768688583
416.7645113047305 244.85488916238137
417.29613370847903 245.70187063787694
417.8277561122276 246.54885211337245
418.3593785159761 247.39583358886802
418.89100091972466 248.24281506436358
419.4226233234732 249.0897965398591
419.95424572722175 249.93677801535466
420.4858681309703 250.78375949085023
421.01749053471883 251.63074096634574
421.5491129384674 252.47772244184128
422.0807353422159 253.32470391733682
422.61235774596446 254.1716853928324
423.143980149713 255.01866686832793
423.67560255346154 255.86564834382347
424.2072249572101 256.71262981931903
424.73884736095863 257.5596112948146
425.2704697647072 258.40659277031017
425.8020921684557 259.2535742458057
426.33371457220426 260.1005557213012
426.8653369759528 260.94753719679676
427.39695937970134 261.79451867229227
427.9285817834499 262.64150014778784
428.4602041871984 263.4884816232834
428.99182659094697 264.335463098779
429.5234489946955 265.18244457427454
430.05507139844406 266.0294260497701
430.5866938021926 266.8764075252657
431.1183162059412 267.72338900076124
431.64993860968974 268.5703704762568
432.1815610134383 269.4173519517524
432.7131834171869 270.2643334272479
433.24480582093537 271.1113149027434
433.7764282246839 271.95829637823897
434.30805062843245 272.80527785373454
434.83967303218094 273.6522593292301
435.3712954359295 274.4992408047257
435.902917839678 275.3462222802212
436.4357935093309 276.19241582823014
436.97313964554564 277.0357776307177
437.51951941172035 277.8733151827802
438.07946478868087 278.701844708398
438.65623860732194 279.5187485963373
439.2396222853052 280.33094529927484
439.82544019578097 281.1413880028423
440.4120457029552 281.95126081937144
440.9988312897542 282.76100317044666
441.586546420688 283.5700711063281
442.1751448841718 284.37849664327297
442.76439378578095 285.18644820862346
443.3540721113089 285.99408641500213
443.94506117915614 286.8007659806817
444.5372516995683 287.6065639625196
445.1303152089622 288.4117196454937
445.7239510864001 289.2164534182525
446.3190936844894 290.0200735324479
446.9155975234518 290.8226837554722
447.51308498704475 291.6245620073592
448.111215464766 292.425960741836
448.7110196422916 293.22610757125096
449.31233387807487 294.02512020559686
449.914738626161 294.8233109844732
450.5178560209275 295.6209634201431
451.12283608311077 296.41720403978064
451.72949711666683 297.2121646616763
452.3373720935697 298.0061974144361
452.94724265661307 298.7986984531314
453.5588019188127 299.58989708104843
454.17154977359496 300.38017555504337
454.7863288529112 301.1688749170535
455.40283837178026 301.9562223709415
456.02056922299903 302.7426119661502
456.6390884127138 303.52838166011566
457.2598522275514 304.3123792916098
457.88265830572834 305.0947555367667
458.50694346520663 305.8759520803171
459.13369526865336 306.65517103342097
459.7625386718531 307.4327030097745
460.39285516953714 308.2090412818875
461.0256983970188 308.98332123734974
461.66069437452734 309.7558366796212
462.2984219466334 310.5260986764611
462.9383374461181 311.2945439598218
463.5797562102731 312.0617349197463
464.22375163444906 312.82676426143223
464.8699417525647 313.58994073594494
465.5176802462996 314.3518034819392
466.1682638751171 315.1112381018471
466.8212977641179 315.8685667886248
467.47742049476955 316.62322098911807
468.13601222451246 317.37572144328016
468.7976634141894 318.12553322179474
469.4617496208315 318.8731892323689
470.12750371105324 319.6193604535728
470.7962812865536 320.3628229976918
471.46765612464986 321.10394095508536
472.14237466981865 321.84201607646895
472.82921260476564 322.56882667842643
473.5271686325302 323.2849672954194
474.23314859168903 323.993199105822
474.94435678130867 324.69618055011335
475.6587845318146 325.39588976779385
476.37512471742224 326.09364096878437
477.09257259930826 326.7902531541338
477.8106501289508 327.4862162719945
478.52908038619864 328.1818152696007
479.2477059472744 328.87721249634853
479.9664386186978 329.57249901788384
480.68522956665953 330.26772529265213
481.4040520089467 330.96291900411995
482.1228941611563 331.65809233517246
482.8417481448754 332.3532534316754
483.56060903022046 333.0484073912562
484.27947385811467 333.74355727381146
484.99834090255194 334.4387048641993
485.7172091775953 335.1338511819887
486.43607812895914 335.82899680037735
487.153769240965 336.5253583930487
487.8702817253619 337.2229326612836
488.5859099342639 337.9214140616256
489.30094869709717 338.620498868817
490.01399075206575 339.32162013353957
490.72518064645567 340.0246200866816
491.4350168820031 340.72898683682234
492.141728686609 341.4364883740862
492.8456468831312 342.1467694259276
493.5452689742966 342.8612824975738
494.23985917617824 343.5806881213008
494.9304780333225 344.3039070329428
495.61634578253165 345.03163323873366
496.2977454180106 345.7635448022228
496.9714135290603 346.5025788177827
497.6384237818612 347.24762735489855
498.29599726941643 348.0010177639591
