8.782379607394281
270096
666
0.0 100.0
0.0 101.0
0.0 102.0
0.0 102.99999999999999
0.0 103.99999999999999
0.39096142795215766 104.92040706312673
0.7951348728119538 105.8350894268302
1.2059129007907923 106.74682481153884
1.6200481765939019 107.65704015602358
2.0359372542883167 108.5664555039557
2.4518263319827316 109.4758708518878
2.869626992360449 110.38440957323542
3.287594178883878 111.29287169737141
3.7057160579240067 112.20126263428565
4.123980192747884 113.10958807900249
4.542371728368725 114.01785484759024
4.960874148767269 114.92607052908917
5.3794700571472545 115.83424312583912
5.798141903147172 116.74238071748866
6.216872608683066 117.65049117125594
6.63564606413844 118.55858191176922
7.054447485575913 119.46665975501944
7.473263638917746 120.37473080383661
7.892082947431142 121.28280039743413
8.310895504398568 122.19087310494517
8.729693014382246 123.09895275213007
9.148468685173647 124.00704247101979
9.567217089511537 124.91514476364132
9.985934011912617 125.82326157270003
10.404616292167027 126.73139435385099
10.823261673621557 127.63954414578335
11.271566261926077 128.5334250081499
11.689132855784734 129.44207133081525
12.106736121047016 130.35070080031437
12.524463030872624 131.25927343296823
12.925191507405872 132.1754702939623
13.334537018683697 133.08784973936685
13.748260468623801 133.99825234644226
14.16426636280314 134.90761426339725
14.581508572366534 135.81640958609574
14.999456318908795 136.7248806539676
15.417833103815994 137.6331542173012
15.83648912598546 138.54129910392516
16.255338950590666 139.44935462228744
16.674330963965765 140.3573445411345
17.093432239046177 141.26528403318557
17.512620844316917 142.17318320887148
17.931881752810813 143.08104899774605
18.351204515045765 143.98888621942825
18.770581825984024 144.89669824351154
19.190008574333703 145.8044874276115
19.609481176200003 146.71225542455977
20.028997093221555 147.6200034046542
20.468224302759538 148.51837941635614
20.907451512297516 149.41675542805808
21.327101015665516 150.3244416592652
21.746714822383368 151.2321443932105
22.166335737459395 152.13984384106246
22.585971960305297 153.04753621211975
23.005633356237887 153.955216944957
23.425329215899822 154.86288174287668
23.845066364253622 155.77052744814486
24.264848211287237 156.67815248135022
24.684674743544985 157.58575684604466
25.10454316281277 158.49334183407694
25.524448813272443 159.40090959722858
25.944388000325713 160.3084618432051
26.364360644684044 161.21599860719357
26.78437081409878 162.12351800510646
27.204425137067602 163.03101696695447
27.624532741375894 163.93849126455325
28.04470554393871 164.8459353763235
28.4649571139279 165.75334301235134
28.885303949445223 166.66070652157492
29.30576871601218 167.5680153885413
29.726380619918082 168.47525605467828
30.147174169876827 169.38241248458058
30.56818657139692 170.28946736592255
30.9894534825354 171.19640407241303
31.41100387003593 172.10320905188667
31.832855503136184 173.00987392914323
32.255012429164736 173.9163966976417
32.6774649383285 174.82278175792302
33.10019167059109 175.72903895642168
33.52316302219507 176.63518201119962
33.94634492715461 177.54122675364604
34.36970228696947 178.44718952655154
34.79320162763067 179.35308593810174
35.216824387717345 180.25892464181038
35.64058681702092 181.16469801496217
36.0645513562334 182.07037680431873
36.48882021576459 182.9759130735162
36.91351392071479 183.88125016928535
37.33874478333144 184.78633508987477
37.76459510613587 185.69112871417113
38.19110548196683 186.59561138360627
38.61827366155957 187.49978357204355
39.0460612769835 188.40366285385608
39.474450509025715 189.30725715766187
39.90353103160427 190.21052340032995
40.333554103675134 191.1133412986277
40.764915013467956 192.0155207516761
41.1981711741549 192.91679157624927
41.63410042242722 193.8167725152145
42.07380338761477 194.71491576793383
42.518780691152074 195.61045761471527
42.97087309899439 196.50242872118193
43.432023632794824 197.3897506386254
43.903639799971785 198.2715545799056
44.38620266159054 199.14741591858103
44.87929928937234 200.0173904674445
45.38188368701224 200.88191861808446
45.89256557916553 201.74168835762333
46.409829798152394 202.59751411544784
46.93216263713277 203.45025581451193
47.458097530414165 204.3007806454423
47.986209070384454 205.14995565764545
48.515089124470464 205.99865223969934
48.80384314891539 206.46201732920764
48.807599482914156 206.8947933677567
49.13294052079104 206.9901215988164
48.604060466705064 206.14142501676244
48.80384313601653 206.46201584309944
48.807599482914156 206.8947933677567
49.1329434783114 206.9901224653999
50.092596181440236 207.27131046190314
51.05224888456908 207.55249845840635
52.011901587697935 207.83368645490958
52.97155429082678 208.1148744514128
53.93120699395563 208.396062447916
54.890859697084466 208.6772504444192
55.85051240021329 208.95843844092246
56.810165103342136 209.23962643742567
57.76981780647098 209.52081443392888
58.72947050959981 209.80200243043214
59.68912321272865 210.08319042693537
60.6487759158575 210.36437842343858
61.60842861898632 210.64556641994187
62.56808132211518 210.92675441644505
63.52773402524403 211.20794241294823
64.48738672837285 211.4891304094515
65.4470394315017 211.77031840595473
66.40669213463053 212.05150640245796
67.3663448237188 212.33269444687951
68.32599750303567 212.61388252464945
69.28565017695395 212.89507062084394
70.24530284807744 213.17625872657658
71.20495551778578 213.45744683713897
72.16460818678324 213.7386349501275
73.12426085542467 214.01982306433112
74.08391352388793 214.3010111791428
75.04356619226209 214.58219929425854
76.00321886059172 214.8633874095263
76.96287152889907 215.14457552487005
77.92252422058246 215.4257635604349
78.88217692853641 215.70695154047075
79.84182964547992 215.98813948982658
80.80148238405664 216.2693273653515
81.76113513680653 216.55051519250546
82.7207878997931 216.8317029847231
83.68044065936681 217.1128907885884
84.64009340748186 217.39407863156032
85.59974614275464 217.675266518361
86.5593988672384 217.9564544419831
87.5190515838583 218.23764239244338
88.47870429520836 218.51883036088878
89.43835700321495 218.800018340745
90.3980097091792 219.0812063275714
91.35766241392992 219.36239431853943
92.31731511797449 219.64358231191738
93.27696782161485 219.92477030667487
94.23662052502686 220.20595830221168
95.19627322831127 220.48714629818403
96.15592593152502 220.7683342943975
97.11557863469992 221.04952229074354
98.07523133785361 221.33071028716193
99.0348840409958 221.6118982836196
99.99453674413179 221.89308628009846
100.95418944726445 222.17427427658862
101.91384215039531 222.45546227308495
102.87349485352522 222.73665026958454
103.83314755665464 223.0178382660858
104.79280025978377 223.299026262588
105.7524529629128 223.58021425909067
106.71210566604174 223.8614022555936
107.67175836917062 224.14259025209674
108.63141107229947 224.4237782485999
109.59106377542832 224.70496624510307
110.55071647855718 224.98615424160624
111.510369181686 225.2673422381095
112.47002188481483 225.54853023461277
113.42967458794368 225.82971823111598
114.38932729107253 226.11090622761915
115.34897999420136 226.3920942241224
116.30863269733021 226.6732822206256
117.26828540045906 226.95447021712883
118.2279381035879 227.23565821363206
119.18759080671673 227.51684621013533
120.14724350984557 227.79803420663853
121.10689621297442 228.07922220314174
122.06654891610326 228.36041019964495
123.0262016192321 228.64159819614815
123.98585432236092 228.92278619265142
124.94550702548977 229.20397418915462
125.90515972861861 229.48516218565783
126.86481243174745 229.7663501821611
127.82446513487629 230.04753817866435
128.78411783800513 230.32872617516762
129.74377054113398 230.60991417167085
130.70342324426286 230.89110216817403
131.66307594739172 231.17229016467724
132.62272865052057 231.45347816118044
133.58238135364942 231.73466615768365
134.54203405677828 232.01585415418685
135.50168675990713 232.2970421506901
136.46133946303596 232.57823014719338
137.4209921661648 232.8594181436966
138.38064486929363 233.14060614019982
139.3402975724225 233.421794136703
140.29995027555134 233.7029821332062
141.25960297868016 233.9841701297094
142.219255681809 234.26535812621262
143.1789083849378 234.54654612271588
144.13856108806667 234.82773411921914
145.09821379119552 235.10892211572244
146.05786649432434 235.39011011222567
147.0175191974532 235.67129810872885
147.97717190058205 235.95248610523205
148.93682460371087 236.2336741017353
149.8964773068397 236.5148620982385
150.85613000996852 236.79605009474176
151.81578271309735 237.07723809124502
152.77543541622617 237.35842608774828
153.73508811935505 237.63961408425138
154.69474082248388 237.92080208075464
155.65439352561273 238.20199007725785
156.61404622874159 238.48317807376108
157.5736989318704 238.76436607026432
158.53335163499924 239.04555406676758
159.18299148698617 239.23590514672932
160.17863068198477 239.3291928381263
161.17426987699153 239.42248052952397
162.1699090719983 239.51576822092167
163.16554826700505 239.6090559123194
164.1611874620118 239.70234360371717
165.15682665701854 239.7956312951149
166.1524658520253 239.88891898651264
167.14810504703203 239.98220667791037
168.14374424203876 240.07549436930813
169.13938343704552 240.16878206070584
170.1344209167194 240.26828288504575
171.12881787077245 240.37399332809645
172.12270899865564 240.48435829497927
173.11625081941773 240.59782481161193
174.10956942229353 240.71322911474186
175.10275229023878 240.82979579445797
176.09585535749005 240.94704040122576
177.08891262019952 241.06467233983085
178.08194405352353 241.18252212740143
179.07496111768776 241.30049293005473
180.06797027316173 241.4185302849255
181.06097511327098 241.53660393786996
182.05397761552481 241.65469725062582
183.04697885887342 241.77280114856373
184.03997942781635 241.8909107166731
185.03297963709198 242.00902330862897
186.025979655306 242.12713750687348
187.01897957237688 242.24525255543736
188.01197943607062 242.3633680527449
189.00497927167336 242.48148378621403
189.99797909252945 242.5995996436582
190.99097890566173 242.71771556603625
191.98338456520955 242.84072372388556
192.9751719987094 242.96862089645677
193.96647999573963 243.10018249808851
194.95746088166135 243.23418579557713
195.9482342941238 243.36971455694345
196.93888211129274 243.50615832682104
197.92945628381648 243.64313572907733
198.91998825012098 243.780418006626
199.91049643729664 243.9178717484373
200.899669309749 244.06462674291586
201.88742627947786 244.2206272837868
202.87406651820027 244.38354149229485
203.85993616127124 244.55105581070111
204.8428926904628 244.73489395070376
205.82289839463198 244.9338633448222
206.79763617389898 245.15721567113573
207.7674468155733 245.40107489137398
208.72895479284023 245.67585190943046
209.6809201240533 245.98205773590732
210.62384033923067 246.31507645581635
211.5594318684205 246.66816070993744
212.48969474687374 247.0350543961354
213.41636584896952 247.41092760419974
214.34074378972988 247.7924055493494
215.2637147929098 248.17727504318995
216.18584800581993 248.56414755145082
217.107493669833 248.95218011452496
218.02886068671333 249.3408738502669
218.95007074425945 249.72993943583813
219.87119343302072 250.11921182408219
220.79226796874212 250.50859813566186
221.71331618635634 250.89804669558944
222.63435012249067 251.2875290295776
223.55537635669012 251.67702957632486
224.47639845967984 252.06653989172668
225.3974183572635 252.4560554219113
226.3184370824615 252.8455737242216
227.2394551867577 253.23509349465513
228.16047296332422 253.62461404000345
229.08149056742803 254.01413499313801
230.0025080810238 254.40365616027776
230.9235255472389 254.79317743944836
231.84454298870642 255.18269877713428
232.76556041727466 255.57222014532036
233.68657783913213 255.96174152937394
234.6075952575044 256.3512629216682
235.52861267406965 256.7407843182351
236.44963008969935 257.13030571701415
237.37064750484535 257.5198271169369
238.2916649197416 257.9093485174501
239.21268233450903 258.298869918268
240.1336997492101 258.68839131924267
241.05471716387703 259.07791272029823
241.97573457852647 259.4674341213951
242.89675199316687 259.8569555225133
243.81776940780261 260.2464769236426
244.73878682243603 260.6359983247774
245.65980423706822 261.02551972591505
246.58082165169975 261.4150411270542
247.501839066331 261.8045625281941
248.42285648096208 262.19408392933434
249.34387389559308 262.5836053304748
250.26489131022402 262.9731267316154
251.18590872485493 263.3626481327561
252.10692613948584 263.75216953389673
253.02794355411675 264.14169093503745
253.94896096874763 264.53121233617816
254.86997838337854 264.9207337373188
255.79099579800945 265.31025513845947
256.71201321264033 265.6997765396002
257.63303062727124 266.0892979407409
258.55419940977976 266.4784612408242
259.4756182515639 266.86703210695447
260.39729810152033 267.25498346239004
261.3191981706962 267.6424112136593
262.2412624031736 268.0294480997385
263.16343952627767 268.4162159288343
264.08569002499223 268.80280876066223
265.0079862829361 269.1892924117818
265.9303101938205 269.5757100658957
266.852650409673 269.96208880006867
267.77500005219787 270.3484450306826
268.6973550581902 270.73478845682155
269.6197130757212 271.1211246931447
270.5420727655819 271.50745693684183
271.4648510378042 271.8927883011434
272.3883182590817 272.27646562810713
273.3125022982432 272.65841308752937
274.2372894164642 273.03889802280605
275.1625250916805 273.4182908868758
276.08903776283177 273.79455445167605
277.01702071265476 274.16717710911627
277.9462525893419 274.5366742259501
278.8756155195352 274.9058415917649
279.8057684833254 275.27301384555363
280.7395121676996 275.6309562038898
281.666615239531 276.00576267955535
282.60488346232034 276.35167125433145
283.5493716100822 276.680216743933
284.5086626450685 276.9626361310062
285.4633984804523 277.2600911437962
286.4156205785691 277.56549755476067
287.36628999960766 277.8757033765987
288.3158937719025 278.189156205017
289.2647257983649 278.5049374355537
290.2130003184928 278.82238890346065
291.16088984776263 279.14098808786105
292.1085323507765 279.4603212782463
293.05604619455096 279.78003601962644
294.0035364307879 280.0998207163143
294.9510937055345 280.41940671581176
295.89865098028116 280.73899271530917
296.84648899254535 281.0577451309973
297.7945809914896 281.37574129691416
298.7429515044513 281.69290587587085
299.6916129464917 282.0091992023667
300.6405676880287 282.32461146990636
301.58980982346884 282.63915775951256
302.53932662910154 282.95287393031185
303.48909985731297 283.26581292592084
304.43913439258404 283.5779577349315
305.3895748818145 283.8888642746365
306.34092215707744 284.1969849682775
307.2942885059407 284.4988004828806
308.25148878240196 284.7882268651308
309.21479682416 285.0566251078305
310.186346259911 285.2934619586201
311.1671921187558 285.488247484743
312.15669207473263 285.63278065436765
313.1529898627177 285.7187499375804
314.15276841580095 285.73979381542273
315.15235349943345 285.71098998617373
316.1456577709726 285.5954623957802
317.1293008327586 285.4153337556359
318.10104330010535 285.1792901639947
319.06122145466003 284.89990170411136
320.01208483766237 284.59029093739707
320.95635716885255 284.26112568323333
321.8779864050719 283.87305410356583
322.81493799097564 283.523594913284
323.75064779250806 283.170824212522
324.68520464724827 282.8150103774086
325.61896434061146 282.45710978359745
326.55216953822236 282.09776585481603
327.4849871918411 281.7374171000003
328.41753540379733 281.37637162865724
329.34989847666037 281.0148483232378
330.2821362318833 280.65300199157633
331.21429051578895 280.29094068323695
332.14639008013813 279.9287385267827
333.0784543121394 279.56644545836457
334.0104960489198 279.204094522255
334.942523647583 278.8417072220773
335.87454246492075 278.4792973379291
336.80655588657595 278.11687357787105
337.7385660253122 277.7544413755313
338.670574184488 277.3920040827071
339.60258115980616 277.0295637456056
340.5345874324683 276.66712160164536
341.46659329098105 276.30467839271756
342.3985989069607 275.9422345601277
343.33060438175494 275.57979036448705
344.26260977481655 275.2173459586755
345.1946151208073 274.854901431824
346.1266204398203 274.4924568356005
347.05862574344127 274.1300121997976
347.9906310383178 273.7675675415088
348.92263632824637 273.4051228704965
349.8546416153856 273.0426781923117
350.78664690095803 272.680233510098
351.7186521856534 272.3177888256289
352.6506574698592 271.9553441399009
353.5826627537927 271.5928994534727
354.5146680375751 271.230454766656
355.4466733212739 270.86801007962436
356.3786786049266 270.5055653924741
357.31068388855397 270.14312070525864
358.2426891721673 269.78067601800717
359.174694455773 269.41823133073615
360.1066997393745 269.05578664345427
361.03870502297383 268.69334195616676
361.9707103065718 268.33089726887584
362.9027155901692 267.9684525815834
363.8347208737662 267.60600789428986
364.76672615736294 267.24356320699576
365.69873144095965 266.8811185197015
366.63073672455624 266.518673832407
367.56274200815284 266.1562291451125
368.4947472917494 265.79378445781794
369.426752575346 265.43133977052327
370.3587578589425 265.06889508322865
371.2907631425391 264.7064503959341
372.22276842613564 264.34400570863943
373.15477370973224 263.9815610213449
374.0867789933288 263.6191163340502
375.01878427692526 263.25667164675554
375.9507895605218 262.8942269594609
376.88279484411834 262.5317822721663
377.8148001277149 262.1693375848717
378.7468054113114 261.8068928975771
379.6788106949079 261.44444821028236
380.59493128014014 261.04354538750147
381.5264053344304 260.6797376275731
382.45798625434844 260.31620359939313
383.3895680289666 259.95267176144864
384.3211517727411 259.58914496967776
385.2527396861745 259.2256288633706
386.1843341590781 258.86212956755907
387.1159377399138 258.49865361488247
388.04755310537087 258.1352078681137
388.97918302225577 257.7717994230204
389.9108303022296 257.4084354928934
390.842497750578 257.04512327772846
391.77418811075466 256.68186982247477
392.70590400694294 256.3186818700451
393.63764788724694 255.95556571574178
394.56942197031026 255.59252707023487
395.5012281981089 255.2295709381257
396.4330681973732 254.86670151840127
397.36494325156843 254.50392213176434
398.2968542846577 254.14123517803364
399.2288018570565 253.77864212473568
399.2474847421102 253.83444634587335
399.4958853371194 253.73784659738854
399.54945643522035 254.73641063511883
399.5494564352206 254.7364106351227
399.60302753332167 255.73497467285299
399.65659863142275 256.7335387105833
399.71016972952384 257.73210274831354
399.76374082762493 258.7306667860438
399.817311925726 259.72923082377406
399.8708830238271 260.7277948615044
399.9244541219282 261.7263588992347
399.9780252200293 262.72492293696496
400.03159631813037 263.7234869746952
400.08516741623146 264.72205101242554
400.13873851433254 265.72061505015586
400.19230961243363 266.7191790878862
400.2458807105347 267.7177431256165
400.3033886570064 268.7160881742307
400.35545856167255 269.7147316166205
400.4289144770006 270.71203008172677
400.48361835765036 271.71053270337677
400.5870808598685 272.70516605825424
400.7309605326943 273.69476124809074
400.91299591553445 274.67805322883413
401.1333732515622 275.6534679251379
401.3929514219732 276.61919002462923
401.6923762113089 277.5733099308943
402.031701343579 278.5139790834713
402.4109863901125 279.43925896192764
402.8337343923702 280.34550623866124
403.25648239462794 281.25175351539485
403.775473298122 282.1065332777257
404.34015138981175 282.93184452372054
404.9398130443111 283.7320981710868
405.5713015197545 284.50748343363836
406.23334488168706 285.2569489678166
406.9244684261065 285.97968560473845
407.64282952123784 286.6753560274256
408.38639492466706 287.3440192392319
409.1531026302035 287.9860155743236
409.94096552131447 288.6018662581831
410.7481274414113 289.1921963647722
411.5728870776056 289.7576798238625
412.4137019893891 290.29900254103086
413.26918097842474 290.81684006315396
414.138068665762 291.3118493426566
415.01922386071067 291.7846765017907
415.9115938839453 292.2359809906142
416.81418878037596 292.66647193469703
417.72606014560154 293.0769480159511
418.6462881860151 293.4683306339052
419.57397820147014 293.84168199017057
420.50826513764343 294.1982039683093
421.4483231951431 294.5392184086634
422.3933770558334 294.8661330770316
423.3427118677044 295.1803995483101
424.2956802175163 295.4834693822705
425.251705437451 295.77675384972275
426.21028144259554 296.0615907194589
427.17096978562324 296.3392198021767
428.1333947872278 296.61076743388514
429.1047863613272 296.8482509275615
430.07039018875577 297.1082687124442
431.04429130347523 297.3352414393263
432.01212777798605 297.5868215629578
432.9797803630262 297.83910805618564
433.94821618876784 298.0883710727367
434.91713104804927 298.3357654854942
435.8874636104817 298.57753959139325
436.8598875434223 298.810759862048
437.8351749230423 299.0316999606131
438.81414513125446 299.2357032239035
439.797507644044 299.41735720387703
440.78567497483385 299.57073688427687
441.77857321549857 299.689703617799
442.77548109517545 299.7682827463139
443.7749422513557 299.8011064768566
444.7747935370574 299.78386099975114
445.7742804269699 299.7518304378927
446.76700576241916 299.6314294065136
447.7432988741209 299.41497673260153
448.7151550488713 299.17940174326776
449.6750469806449 298.89903148928926
450.6211215344834 298.5750825140181
451.55303539754414 298.21240283188075
452.47137615165093 297.81661215570637
453.377502377758 297.3936047534533
454.27341796962355 296.94938042695577
455.1616386570085 296.4899633936392
456.04505128663743 296.0213674847666
456.92676938485556 295.54959084770763
457.8099878039968 295.08062898988806
458.69783838601137 294.6204971131218
459.5932478194992 294.17525341982457
460.49881664090213 293.7510540448806
461.41670139517294 293.3542069989332
462.34847140931896 292.9911579103263
463.2949453455732 292.6683776631124
464.25604487139327 292.39217537950776
465.2307048337948 292.16848372188184
466.2168592662703 292.0026541849806
467.2115015257453 291.89927732264425
468.2108074388757 291.8620255846646
469.21031158249684 291.8935131518006
470.2051274916384 291.9952053684099
471.1901969554115 292.16736271371315
472.1605644284534 292.4089966667543
473.1116701566985 292.71786216126526
473.9945614774831 293.1874395411328
474.86124260199335 293.6863020757229
475.726110575334 294.1883014668476
476.56971878393716 294.7252606742157
477.38782175466855 295.30033243432956
478.1752276329119 295.91676733187165
478.92721969214415 296.57593949667506
479.64089400769734 297.27641717035186
480.31622282122 298.01393394550087
480.9563872129612 298.78217189792616
481.567134404167 299.5739975532533
482.15545966508506 300.38262193290416
482.72819446345494 301.20236265455713
483.2909479054205 302.0289874567231
483.84758169871014 302.8597454360215
484.4001740691123 303.6931970975912
484.9493044236628 304.52893381074387
485.4944706407148 305.36726178700684
486.0344842594298 306.2089180657824
486.56778671418147 307.05484270294335
487.0926932232476 307.9060025920006
487.6075770992875 308.7632625258562
488.11099585566166 309.6273050917814
488.5458005610087 310.5278298655706
488.92197590897047 311.45437835733225
489.26280108616595 312.3945050501719
489.5853070776649 313.3410724727295
489.88697956098736 314.29448409045085
490.1743441351514 315.25230536893423
490.45377808139494 316.21247028689714
490.72925559203 317.1737778033217
491.0011447536697 318.1361063770338
491.27072555423337 319.0990841503845
491.5390613626424 320.0624095854922
491.80716344832405 321.0258000938808
492.07530040519123 321.98918089728204
492.3792596692556 322.9418659269689
492.6521446420032 323.90391259509295
492.92214713845243 324.8667722172141
493.192111730987 325.82964246744393
493.462194796919 326.79247949285207
493.70078433109796 327.76359999731085
493.96761186110336 328.72734429391204
494.2380472220277 329.6900824283815
494.5089142217649 330.65269921010383
494.77979612430215 331.61531179826056
495.05063704667856 332.577935917409
495.3214294535296 333.5405736854151
495.5921727496231 334.5032252670481
495.88887825329095 335.45819429486687
496.12898174286545 336.4289415916924
496.3960957717885 337.39260652077957
496.66611564774166 338.3554612692179
496.9364491994787 339.31822799631504
497.2068166262384 340.28098521106205
497.47718771181513 341.2437413983099
497.74755919273116 342.20649747453444
498.01793071642714 343.16925353874507
498.2883022447788 344.13200960164824
498.558673773648 345.09476566440605
498.8290453025794 346.0575217271464
499.09941683152044 347.02027778988406
499.3697883604626 347.98303385262136
499.66653210637264 348.93799099787094
