2.3565930752266357
315333
1989
0.0 100.0
0.0 101.0
0.0 102.0
0.0 103.0
0.0 104.0
0.0 105.0
0.0 106.0
0.0 107.0
0.0 108.0
0.0 109.0
0.0 110.0
0.0 111.0
0.0 112.0
0.0 113.0
0.0 114.0
0.0 115.0
0.0 116.0
0.0 117.0
0.0 118.0
0.0 119.0
0.0 120.0
0.0 121.0
0.0 122.0
0.0 123.0
0.0 124.0
0.0 125.0
0.0 126.0
0.0 127.0
0.0 128.0
0.0 129.0
0.0 130.0
0.0 131.0
0.0 132.0
0.0 133.0
0.0 134.0
0.0 135.0
0.0 136.0
0.0 137.0
0.0 138.0
0.0 139.0
0.0 140.0
0.0 141.0
0.0 142.0
0.0 143.0
0.0 144.0
0.0 145.0
0.0 146.0
0.0 147.0
0.0 148.0
0.0 149.0
0.0 150.0
0.0 151.0
0.0 152.0
0.0 153.0
0.0 154.0
0.0 155.0
0.0 156.0
0.0 157.0
0.0 158.0
0.0 159.0
0.0 160.0
0.0 161.0
0.0 162.0
0.0 163.0
0.0 164.0
0.0 165.0
0.0 166.0
0.0 167.0
0.0 168.0
0.0 169.0
0.0 170.0
0.0 171.0
0.0 172.0
0.0 173.0
0.0 174.0
0.0 175.0
0.0 176.0
0.0 177.0
0.0 178.0
0.0 179.0
0.0 180.0
0.0 181.0
0.0 182.0
0.0 183.0
0.0 184.0
0.0 185.0
0.0 186.0
0.0 187.0
0.0 188.0
0.0 189.0
0.0 190.0
0.0 191.0
0.0 192.0
0.0 193.0
0.0 194.0
0.0 195.0
0.0 196.0
0.0 197.0
0.0 198.0
0.0 199.0
0.0 200.0
0.0 201.0
0.0 202.0
0.0 203.0
0.0 204.0
0.0 205.0
0.0 206.0
0.0 207.0
0.0 208.0
0.0 209.0
0.0 210.0
0.0 211.0
0.0 212.0
0.0 213.0
0.0 214.0
0.0 215.0
0.0 216.0
0.0 217.0
0.0 218.0
0.0 219.0
0.0 220.0
0.0 221.0
0.0 222.0
0.0 223.0
0.0 224.0
0.0 225.0
0.0 226.0
0.0 227.0
0.0 228.0
0.0 229.0
0.0 230.0
0.0 231.0
0.0 232.0
0.0 233.0
0.0 234.0
0.0 235.0
0.0 236.0
0.0 237.0
0.0 238.0
0.0 239.0
0.0 240.0
0.0 241.0
0.0 242.0
0.0 243.0
0.0 244.0
0.0 245.0
0.0 246.0
0.0 247.0
0.0 248.0
0.0 249.0
0.0 250.0
0.0 251.0
0.0 252.0
0.0 253.0
0.0 254.0
0.0 255.0
0.0 256.0
0.0 257.0
0.0 258.0
0.0 257.0
0.0 256.0
0.0 255.0
0.0 254.0
0.0 253.0
0.0 252.0
0.0 251.0
0.0 250.0
0.0 249.0
0.0 248.0
0.0 247.0
0.0 246.0
0.0 245.0
0.0 244.0
0.0 243.0
0.0 242.0
0.0 241.0
0.0 240.0
0.0 239.0
0.0 238.0
0.0 237.0
0.0 236.0
0.0 235.0
0.0 234.0
0.0 233.0
0.0 232.0
0.0 231.0
0.0 230.0
0.0 229.0
0.0 228.0
0.0 227.0
0.0 226.0
0.0 225.0
0.0 224.0
0.0 223.0
0.0 222.0
0.0 221.0
0.0 220.0
0.0 219.0
0.0 218.0
0.0 217.0
0.0 216.0
0.0 215.0
0.0 214.0
0.0 213.0
0.0 212.0
0.0 211.0
0.0 210.0
0.0 209.0
0.0 208.0
0.0 207.0
0.0 206.0
0.0 205.0
0.0 204.0
0.0 203.0
0.0 202.0
0.0 201.0
0.0 200.0
0.0 199.0
0.0 198.0
0.0 197.0
0.0 196.0
0.0 195.0
0.0 194.0
0.0 193.0
0.0 192.0
0.0 191.0
0.0 190.0
0.0 189.0
0.0 188.0
0.0 187.0
0.0 186.0
0.0 185.0
0.0 184.0
0.0 183.0
0.0 182.0
0.0 181.0
0.0 180.0
0.0 179.0
0.0 178.0
0.0 177.0
0.0 176.0
0.0 175.0
0.0 174.0
0.0 173.0
0.0 172.0
0.0 171.0
0.0 170.0
0.0 169.0
0.0 168.0
0.0 167.0
0.0 166.0
0.0 165.0
0.0 164.0
0.0 163.0
0.0 162.0
0.0 161.0
0.0 160.0
0.0 159.0
0.0 158.0
0.0 157.0
0.0 156.0
0.0 155.0
0.0 154.0
0.0 153.0
0.0 152.0
0.0 151.0
0.0 150.0
0.0 151.0
0.0 152.0
0.0 153.0
0.0 154.0
0.0 155.0
0.0 156.0
0.0 157.0
0.0 158.0
0.0 159.0
0.0 160.0
0.0 161.0
0.0 162.0
0.0 163.0
0.0 164.0
0.0 165.0
0.0 166.0
0.0 167.0
0.0 168.0
0.0 169.0
0.0 170.0
0.0 171.0
0.0 172.0
0.0 173.0
0.0 174.0
0.0 175.0
0.0 176.0
0.0 177.0
0.0 178.0
0.0 179.0
0.0 180.0
0.0 181.0
0.0 182.0
0.0 183.0
0.0 184.0
0.0 185.0
0.0 186.0
0.0 187.0
0.0 188.0
0.0 189.0
0.0 190.0
0.0 191.0
0.0 192.0
0.0 193.0
0.0 194.0
0.0 195.0
0.0 196.0
0.0 197.0
0.0 198.0
0.0 199.0
0.0 200.0
0.0 201.0
0.0 202.0
0.0 203.0
0.0 204.0
0.0 205.0
0.0 206.0
0.0 207.0
0.0 208.0
0.0 209.0
0.0 210.0
0.0 211.0
0.0 212.0
0.0 213.0
0.0 214.0
0.0 215.0
0.0 216.0
0.0 217.0
0.0 218.0
0.0 219.0
0.0 220.0
0.0 221.0
0.0 222.0
0.0 223.0
0.0 224.0
0.0 225.0
0.0 226.0
0.0 227.0
0.0 228.0
0.0 229.0
0.0 230.0
0.0 231.0
0.0 232.0
0.0 233.0
0.0 234.0
0.0 235.0
0.0 236.0
0.0 237.0
0.0 238.0
0.0 239.0
0.0 240.0
0.0 241.0
0.0 242.0
0.0 243.0
0.0 244.0
0.0 245.0
0.0 246.0
0.0 247.0
0.0 248.0
0.0 249.0
0.0 250.0
0.0 251.0
0.0 252.0
0.0 253.0
0.0 254.0
0.0 255.0
0.0 256.0
0.0 257.0
0.0 258.0
0.0 259.0
0.0 260.0
0.0 261.0
0.0 262.0
0.0 263.0
0.0 264.0
0.0 265.0
0.0 266.0
0.0 267.0
0.0 268.0
0.0 269.0
0.0 270.0
0.0 271.0
0.0 272.0
0.0 273.0
0.0 274.0
0.0 275.0
0.0 276.0
0.0 277.0
0.0 278.0
0.0 279.0
0.0 280.0
0.0 281.0
0.0 282.0
0.0 283.0
0.0 284.0
0.0 285.0
0.0 286.0
0.0 287.0
0.0 288.0
0.0 289.0
0.0 290.0
0.0 291.0
0.0 292.0
0.0 293.0
0.0 294.0
0.0 295.0
0.0 296.0
0.0 297.0
0.0 298.0
0.0 299.0
0.0 300.0
0.0 301.0
0.0 302.0
0.0 303.0
0.0 304.0
0.0 305.0
0.0 306.0
0.0 307.0
0.0 308.0
0.0 309.0
0.0 310.0
0.0 311.0
0.0 312.0
0.0 313.0
0.0 314.0
0.0 315.0
0.0 316.0
0.0 317.0
0.0 318.0
0.0 319.0
0.0 320.0
0.0 321.0
0.0 322.0
0.0 323.0
0.0 324.0
0.0 325.0
0.0 326.0
0.0 327.0
0.0 328.0
0.0 329.0
0.0 330.0
0.0 331.0
0.0 332.0
0.0 333.0
0.0 334.0
0.0 333.0
0.0 332.0
0.0 331.0
0.0 330.0
0.0 329.0
0.0 328.0
0.0 327.0
0.0 326.0
0.0 325.0
0.0 324.0
0.0 323.0
0.0 322.0
0.0 321.0
0.0 320.0
0.0 319.0
0.0 318.0
0.0 317.0
0.0 316.0
0.0 315.0
0.0 314.0
0.0 313.0
0.0 312.0
0.0 311.0
0.0 310.0
0.0 309.0
0.0 308.0
0.0 307.0
0.0 306.0
0.0 305.0
0.0 304.0
0.0 303.0
0.0 302.0
0.0 301.0
0.0 300.0
0.0 299.0
0.0 298.0
0.0 297.0
0.0 296.0
0.0 295.0
0.0 294.0
0.0 293.0
0.0 292.0
0.0 291.0
0.0 290.0
0.0 289.0
0.0 288.0
0.0 287.0
0.0 286.0
0.0 285.0
0.0 284.0
0.0 283.0
0.0 282.0
0.0 281.0
0.0 280.0
0.0 279.0
0.0 278.0
0.0 277.0
0.0 276.0
0.0 275.0
0.0 274.0
0.0 273.0
0.0 272.0
0.0 271.0
0.0 270.0
0.0 269.0
0.0 268.0
0.0 267.0
0.0 266.0
0.0 265.0
0.0 264.0
0.0 263.0
0.0 262.0
0.0 261.0
0.0 260.0
0.0 259.0
0.0 258.0
0.0 257.0
0.0 256.0
0.0 255.0
0.0 254.0
0.0 253.0
0.0 252.0
0.0 251.0
0.0 250.0
0.0 249.0
0.0 248.0
0.0 247.0
0.0 246.0
0.0 245.0
0.0 244.0
0.0 243.0
0.0 242.0
0.0 241.0
0.0 240.0
0.0 239.0
0.0 238.0
0.0 237.0
0.0 236.0
0.0 235.0
0.0 234.0
0.0 233.0
0.0 232.0
0.0 231.0
0.0 230.0
0.0 229.0
0.0 228.0
0.0 227.0
0.0 226.0
0.0 225.0
0.0 224.0
0.0 223.0
0.0 222.0
0.0 221.0
0.0 220.0
0.0 219.0
0.0 218.0
0.0 217.0
0.0 216.0
0.0 215.0
0.0 214.0
0.0 213.0
0.0 212.0
0.0 211.0
0.0 210.0
0.0 209.0
0.0 208.0
0.0 207.0
0.0 206.0
0.0 205.0
0.0 204.0
0.0 203.0
0.0 202.0
0.0 201.0
0.0 200.0
0.0 199.0
0.0 198.0
0.0 197.0
0.0 196.0
0.0 195.0
0.0 194.0
0.0 193.0
0.0 192.0
0.0 191.0
0.0 190.0
0.0 189.0
0.0 188.0
0.0 187.0
0.0 186.0
0.0 185.0
0.0 184.0
0.0 183.0
0.0 182.0
0.0 181.0
0.0 180.0
0.0 179.0
0.0 178.0
0.0 177.0
0.0 176.0
0.0 175.0
0.0 174.0
0.0 173.0
0.0 172.0
0.0 171.0
0.0 170.0
0.0 169.0
0.0 168.0
0.0 167.0
0.0 166.0
0.0 165.0
0.0 164.0
0.0 163.0
0.0 162.0
0.0 161.0
0.0 160.0
0.0 159.0
0.0 158.0
0.0 157.0
0.0 156.0
0.0 155.0
0.0 154.0
0.0 153.0
0.0 152.0
0.0 151.0
0.0 150.0
0.0 149.0
0.0 148.0
0.0 147.0
0.0 146.0
0.0 145.0
0.0 144.0
0.0 143.0
0.0 142.0
0.0 141.0
0.0 140.0
0.0 139.0
0.0 138.0
0.0 137.0
0.0 136.0
0.0 135.0
0.0 134.0
0.0 133.0
0.0 132.0
0.0 133.0
0.0 134.0
0.0 135.0
0.0 136.0
0.0 137.0
0.0 138.0
0.0 139.0
0.0 140.0
0.0 141.0
0.0 142.0
0.0 143.0
0.0 144.0
0.0 145.0
0.0 146.0
0.0 147.0
0.0 148.0
0.0 149.0
0.0 150.0
0.0 151.0
0.0 152.0
0.0 153.0
0.0 154.0
0.0 155.0
0.0 156.0
0.0 157.0
0.0 158.0
0.0 159.0
0.0 160.0
0.0 161.0
0.0 162.0
0.0 163.0
0.0 164.0
0.0 165.0
0.0 166.0
0.0 167.0
0.0 168.0
0.0 169.0
0.0 170.0
0.0 171.0
0.0 172.0
0.0 173.0
0.0 174.0
0.0 175.0
0.0 176.0
0.0 177.0
0.0 178.0
0.0 179.0
0.0 180.0
0.0 181.0
0.0 182.0
0.0 183.0
0.0 184.0
0.0 185.0
0.0 186.0
0.0 187.0
0.0 188.0
0.0 189.0
0.0 190.0
0.0 191.0
0.0 192.0
0.0 193.0
0.0 194.0
0.0 195.0
0.0 196.0
0.0 197.0
0.0 198.0
0.0 199.0
0.0 200.0
0.0 201.0
0.0 202.0
0.0 203.0
0.0 204.0
0.0 205.0
0.0 206.0
0.0 207.0
0.0 208.0
0.0 209.0
0.0 210.0
0.0 211.0
0.0 212.0
0.0 213.0
0.0 214.0
0.0 215.0
0.0 216.0
0.0 217.0
0.0 218.0
0.0 219.0
0.0 220.0
0.0 221.0
0.0 222.0
0.0 223.0
0.0 224.0
0.0 225.0
0.0 226.0
0.0 227.0
0.0 228.0
0.0 229.0
0.0 230.0
0.0 231.0
0.0 232.0
0.0 233.0
0.0 234.0
0.0 235.0
0.0 236.0
0.0 235.0
0.0 234.0
0.0 233.0
0.0 232.0
0.0 231.0
0.0 230.0
0.0 229.0
0.0 228.0
0.0 227.0
0.0 226.0
0.0 225.0
0.0 224.0
0.0 223.0
0.0 222.0
0.0 221.0
0.0 220.0
0.0 219.0
0.0 218.0
0.0 217.0
0.0 216.0
0.0 215.0
0.0 214.0
0.0 213.0
0.0 212.0
0.0 211.0
0.0 210.0
0.0 209.0
0.0 208.0
0.0 207.0
0.0 206.0
0.0 205.0
0.0 204.0
0.0 203.0
0.0 202.0
0.0 201.0
0.0 200.0
0.0 199.0
0.0 198.0
0.0 197.0
0.0 196.0
0.0 195.0
0.0 194.0
0.0 193.0
0.0 192.0
0.0 191.0
0.0 190.0
0.0 189.0
0.0 188.0
0.0 187.0
0.0 186.0
0.0 185.0
0.0 184.0
0.0 183.0
0.0 182.0
0.0 181.0
0.0 180.0
0.0 179.0
0.0 178.0
0.0 177.0
0.0 176.0
0.0 175.0
0.0 174.0
0.0 173.0
0.0 172.0
0.0 171.0
0.0 170.0
0.0 169.0
0.0 168.0
0.0 167.0
0.0 166.0
0.0 165.0
0.0 164.0
0.0 163.0
0.0 162.0
0.0 161.0
0.0 160.0
0.0 159.0
0.0 158.0
0.0 157.0
0.0 156.0
0.0 155.0
0.0 154.0
0.0 153.0
0.0 152.0
0.0 151.0
0.0 150.0
0.0 149.0
0.0 148.0
0.0 147.0
0.0 146.0
0.0 145.0
0.0 144.0
0.0 143.0
0.0 142.0
0.0 141.0
0.0 140.0
0.0 139.0
0.0 138.0
0.0 137.0
0.0 136.0
0.0 135.0
0.0 134.0
0.0 135.0
0.0 136.0
0.0 137.0
0.0 138.0
0.0 139.0
0.0 140.0
0.0 141.0
0.0 142.0
0.0 143.0
0.0 144.0
0.0 145.0
0.0 146.0
0.0 147.0
0.0 148.0
0.0 149.0
0.0 150.0
0.0 151.0
0.0 152.0
0.0 153.0
0.0 154.0
0.0 155.0
0.0 156.0
0.0 157.0
0.0 158.0
0.0 159.0
0.0 160.0
0.0 161.0
0.0 162.0
0.0 163.0
0.0 164.0
0.0 165.0
0.0 166.0
0.0 167.0
0.0 168.0
0.0 169.0
0.0 170.0
0.0 171.0
0.0 172.0
0.0 173.0
0.0 174.0
0.0 175.0
0.0 176.0
0.0 177.0
0.0 178.0
0.0 179.0
0.0 180.0
0.0 181.0
0.0 182.0
0.0 183.0
0.0 184.0
0.0 185.0
0.0 186.0
0.0 187.0
0.0 188.0
0.0 189.0
0.0 190.0
0.0 191.0
0.0 192.0
0.0 193.0
0.0 194.0
0.0 195.0
0.0 196.0
0.0 197.0
0.0 198.0
0.0 199.0
0.0 200.0
0.0 201.0
0.0 202.0
0.0 203.0
0.0 204.0
0.0 205.0
0.0 206.0
0.0 207.0
0.0 208.0
0.0 209.0
0.0 210.0
0.0 211.0
0.0 212.0
0.0 213.0
0.0 214.0
0.0 215.0
0.0 216.0
0.0 217.0
0.0 218.0
0.0 219.0
0.0 220.0
0.0 221.0
0.0 222.0
0.0 223.0
0.0 224.0
0.0 225.0
0.0 226.0
0.0 227.0
0.0 228.0
0.0 229.0
0.0 230.0
0.0 231.0
0.0 232.0
0.0 233.0
0.0 234.0
0.0 235.0
0.0 236.0
0.0 237.0
0.0 238.0
0.0 239.0
0.0 240.0
0.0 241.0
0.0 242.0
0.0 243.0
0.0 244.0
0.0 245.0
0.0 246.0
0.0 247.0
0.0 248.0
0.0 249.0
0.0 250.0
0.0 251.0
0.0 252.0
0.0 253.0
0.0 254.0
0.0 253.0
0.0 252.0
0.0 251.0
0.0 250.0
0.0 249.0
0.0 248.0
0.0 247.0
0.0 246.0
0.0 245.0
0.0 244.0
0.0 243.0
0.0 242.0
0.0 241.0
0.0 240.0
0.0 239.0
0.0 238.0
0.0 237.0
0.0 236.0
0.0 235.0
0.0 234.0
0.0 233.0
0.0 232.0
0.0 231.0
0.0 230.0
0.0 229.0
0.0 228.0
0.0 227.0
0.0 226.0
0.0 225.0
0.0 224.0
0.0 223.0
0.0 222.0
0.0 221.0
0.0 220.0
0.0 219.0
0.0 218.0
0.0 217.0
0.0 216.0
0.0 215.0
0.0 214.0
0.0 213.0
0.0 212.0
0.0 211.0
0.0 210.0
0.0 209.0
0.0 208.0
0.0 207.0
0.0 206.0
0.0 205.0
0.0 204.0
0.0 203.0
0.0 202.0
0.0 201.0
0.0 200.0
0.0 199.0
0.0 198.0
0.0 199.0
0.0 200.0
0.0 201.0
0.0 202.0
0.0 203.0
0.0 204.0
0.0 205.0
0.0 206.0
0.0 207.0
0.0 208.0
0.0 209.0
0.0 210.0
0.0 211.0
0.0 212.0
0.0 213.0
0.0 214.0
0.0 215.0
0.0 216.0
0.0 217.0
0.0 218.0
0.0 219.0
0.0 220.0
0.0 221.0
0.0 222.0
0.0 223.0
0.0 224.0
0.0 225.0
0.0 226.0
0.0 227.0
0.0 228.0
0.0 229.0
0.0 230.0
0.0 231.0
0.0 232.0
0.0 233.0
0.0 234.0
0.0 235.0
0.0 236.0
0.0 237.0
0.0 238.0
0.0 239.0
0.0 240.0
0.0 241.0
0.0 242.0
0.0 243.0
0.0 244.0
0.0 245.0
0.0 246.0
0.0 247.0
0.0 248.0
0.0 249.0
0.0 250.0
0.0 251.0
0.0 252.0
0.0 253.0
0.0 254.0
0.0 255.0
0.0 256.0
0.0 257.0
0.0 258.0
0.0 259.0
0.0 260.0
0.0 261.0
0.0 262.0
0.0 263.0
0.0 264.0
0.0 265.0
0.0 266.0
0.0 267.0
0.0 268.0
0.0 269.0
0.0 270.0
0.0 271.0
0.0 272.0
0.0 273.0
0.0 274.0
0.0 275.0
0.0 276.0
0.0 277.0
0.0 278.0
0.0 279.0
0.0 280.0
0.0 281.0
0.0 282.0
0.0 283.0
0.0 284.0
0.0 285.0
0.0 286.0
0.0 287.0
0.0 288.0
0.0 289.0
0.0 290.0
0.0 291.0
0.0 292.0
0.0 293.0
0.0 294.0
0.0 295.0
0.0 296.0
0.0 297.0
0.0 298.0
0.0 299.0
0.0 300.0
0.0 301.0
0.0 302.0
0.0 303.0
0.0 304.0
0.0 305.0
0.0 306.0
0.0 307.0
0.0 308.0
0.0 309.0
0.0 310.0
0.0 311.0
0.0 312.0
0.0 313.0
0.0 314.0
0.0 315.0
0.0 316.0
0.0 317.0
0.0 318.0
0.0 319.0
0.0 320.0
0.0 321.0
0.0 322.0
0.0 323.0
0.0 324.0
0.0 325.0
0.0 326.0
0.0 327.0
0.0 328.0
0.0 329.0
0.0 330.0
0.0 331.0
0.0 332.0
0.0 333.0
0.0 334.0
0.0 335.0
0.0 336.0
0.0 337.0
0.0 338.0
0.0 339.0
0.0 340.0
0.0 341.0
0.0 342.0
0.0 343.0
0.0 344.0
0.0 345.0
0.0 346.0
0.0 347.0
0.0 348.0
0.0 349.0
0.0 350.0
0.0 351.0
0.0 352.0
0.0 353.0
0.0 354.0
0.0 355.0
0.0 356.0
0.0 357.0
0.0 358.0
0.0 359.0
0.0 360.0
0.0 361.0
0.0 362.0
0.0 363.0
0.0 364.0
0.0 365.0
0.0 366.0
0.0 367.0
0.0 368.0
0.0 369.0
0.0 370.0
0.0 371.0
0.0 372.0
0.0 373.0
0.0 374.0
0.0 375.0
0.0 376.0
0.0 377.0
0.0 378.0
0.0 379.0
0.0 380.0
0.0 381.0
0.0 382.0
0.0 383.0
0.0 384.0
0.0 385.0
0.0 386.0
0.0 387.0
0.0 388.0
0.0 389.0
0.0 390.0
0.0 391.0
0.0 392.0
0.0 393.0
0.0 394.0
0.0 395.0
0.0 396.0
0.0 397.0
0.0 398.0
0.0 399.0
0.0 400.0
0.0 401.0
0.0 402.0
0.0 403.0
0.0 404.0
0.0 405.0
0.0 406.0
0.0 407.0
0.0 408.0
0.0 409.0
0.0 410.0
0.0 411.0
0.0 412.0
0.0 413.0
0.0 414.0
0.0 415.0
0.0 416.0
0.0 417.0
0.0 418.0
0.0 419.0
0.0 420.0
0.0 421.0
0.0 422.0
0.0 423.0
0.0 424.00000000000006
0.0 425.0000000000001
0.0 426.0000000000001
0.0 427.0000000000001
0.0 428.0000000000001
0.0 429.0000000000001
0.0 430.0000000000001
0.0 431.0000000000001
0.0 432.0000000000001
0.0 433.0000000000001
0.0 434.0000000000001
0.0 435.0000000000001
0.0 436.0000000000001
0.0 437.0000000000001
0.0 438.0000000000001
0.0 439.0000000000001
0.0 440.0000000000001
0.0 441.0000000000001
0.0 442.0000000000001
0.0 443.0000000000001
0.0 444.0000000000001
0.0 445.0000000000001
0.0 446.0000000000001
0.0 447.0000000000001
0.0 448.0000000000001
0.0 449.0000000000001
0.0 450.0000000000001
0.0 451.0000000000001
0.0 452.0000000000001
0.0 453.0000000000001
0.0 454.0000000000001
1.0745765814971787E-5 454.99999999994236
6.727028743008986E-5 455.99999999834483
2.4516055105415485E-4 456.99999998252235
6.812669203695648E-4 457.999999887428
0.0015991867650127396 458.99999946613946
0.003338397235101654 459.9999979537117
0.006385133231333437 460.9999933124009
0.011416260867332405 461.99998065619815
0.019348537730508902 462.9999491951951
0.0313772545521321 463.99987684756377
0.04899480828265332 464.99972164642037
0.07398900800810457 465.99940924261233
0.10842604146677734 466.99881611207365
0.15462376533361016 467.997748427253
0.2151192205996098 468.99591689995293
0.292631729806306 469.9929082795127
0.3900207976521476 470.98815466582323
0.510237147281708 471.98090238265854
0.6562660756538565 472.9701827029311
0.8310649179534397 473.95478686945216
1.0375001884301989 474.93324712878984
1.2782937317630498 475.9038234882223
1.5559893913690621 476.86449258871215
1.8729506771860045 477.81293106499476
2.231394601672486 478.7464823238974
2.633457210039011 479.6620945010518
3.0812737162313146 480.5562199826156
3.5770432483246375 481.424674109814
4.12303849610453 482.2624623822324
4.721517647420276 483.06360076318816
5.374503125827976 483.82097119104276
6.083411477885445 484.5262717995659
6.848553002114423 485.17013393380006
7.668567167172071 485.74247716046114
8.53991250745682 486.23314741426105
9.4565689336882 486.6328235284444
10.41020881533041 486.93377365079266
11.390567393026815 487.1309970245014
12.386280653687042 487.2234908218361
13.386244064245659 487.2149364344253
14.381078386483036 487.11342450754717
15.364186126502966 486.9303967186382
16.332143602232215 486.6792825510174
17.284488138858514 486.37425815271786
18.22311866984171 486.0293339200142
19.151530023086124 485.65777994120776
20.074036411760858 485.2717981244673
20.99507695568863 484.88233141672293
21.918656888959948 484.498925487115
22.847956330548186 484.12959833151467
23.785121721297926 483.78071291998117
24.731235276320817 483.4568778678297
25.686434590883756 483.1609145771018
26.650133691564587 482.8939238593849
27.621286163673986 482.65546447937277
28.598634987336702 482.44382970698155
29.580910431427284 482.2563865104215
30.566959632151743 482.08993239136566
31.555811207178394 481.9410278495702
32.54669031896175 481.80627405247554
33.5390032278385 481.68251989748853
34.53230791292161 481.56699586279467
35.5262821139806 481.4573815953422
36.52069484605847 481.3518196785283
37.51538349036137 481.24889008659846
38.51023629402157 481.1475594443946
39.50517919626654 481.04711731542295
40.500165808656774 480.9471091099386
41.49516964434844 480.8472724084763
42.49017801535493 480.74748091772176
43.48518725967264 480.6476981350271
44.48019909417256 480.54794118436655
45.47521794015384 480.4482541935298
46.47024907534828 480.3486899429492
47.465297460242745 480.24929823444734
48.460367085458955 480.1501194011608
49.45546069647959 480.0511815150609
50.4505797709851 479.9525000702229
51.44572464830982 479.8540791723691
52.440894735729465 479.7559135108312
53.436088739290966 479.65799060607833
54.43130488595853 479.5602930042031
55.42654111844271 479.4628002272875
56.421795254458964 479.3654903884091
57.417065108996695 479.2683414478671
58.41234858226801 479.1713321295879
59.40764371811177 479.07444254002456
60.402948738397455 478.9776545418322
61.39826205890653 478.88095193578044
62.393582291633095 478.7843205002889
63.38890823769087 478.68774793118064
64.38423887420251 478.59122371649164
65.37957333777625 478.4947389735404
66.37491090649641 478.3982862685796
67.37025098179336 478.30185943358094
68.36559307112122 478.2054533901374
69.36093677204875 478.1090639870688
70.35628175813315 478.01268785580885
71.3516277667646 477.91632228570495
72.34697458900821 477.81996511965315
73.34232206131861 477.72361466887435
74.33767005886341 477.6272696441789
75.33301849008873 477.5309290999761
76.32836729211402 477.4345923867935
77.32371642656557 477.3382591082935
78.31906587554457 477.24192907965664
79.31441563755331 477.14560228551744
80.3097657233426 477.0492788370781
81.30511615176508 476.95295892927516
82.30046694580138 476.85664279972616
83.29581812895827 476.76033069151447
84.29116972222485 476.66402282173385
85.28652174172292 476.56771935720053
86.28187419711905 476.4714203980323
87.27722709079268 476.37512596903696
88.27258041769076 476.2788360181961
89.2679341657527 476.1825504210434
90.26328831676261 476.08626898946204
91.25864284747905 475.98999148335463
92.25399773090199 475.89371762373474
93.24935293755705 475.79744710600136
94.24470843670383 475.70117961243125
95.24006419740374 475.6049148232221
96.23542018940944 475.5086524256915
97.23077638386079 475.41239212147764
98.2261327537901 475.31613363176814
99.22148927445235 475.21987670071826
100.21684592350334 475.12362109729713
101.212202681053 475.02736661584186
102.20755952962128 474.93111307560446
103.2029164540228 474.83486031956113
104.19827344109675 474.7386082116202
105.19363047865744 474.6423566257714
106.18898755171335 474.54610540698667
107.18434463199023 474.44985426287565
108.17970165499837 474.3536025265362
109.17505847873736 474.2573487295398
110.17041482077829 474.1610899514522
111.16577017592569 474.0648209690155
112.16112372356628 473.96853330002676
113.1564742398779 473.8722143004567
114.1518200330748 473.77584650518656
115.14715891854905 473.6794073893524
116.142488245294 473.58286966967023
117.13780497677669 473.48620217756127
118.13310582053074 473.3893712402403
119.12838739318113 473.2923424241979
120.12364640279374 473.19508244381075
121.11887982894201 473.09756102320404
122.11408508248762 472.99975251991714
123.10926013103146 472.9016371655848
124.10440358129263 472.80320183959714
125.09951471530171 472.704440354335
126.09459348240833 472.6053532852816
127.08964045311879 472.5059474198614
128.0846567434045 472.40623492282106
129.0796439193181 472.3062323240173
130.07460389168762 472.20595942946227
131.06953880962084 472.1054382422568
132.06445095988556 472.00469196066
133.0593426772773 471.9037440995368
134.05421626912414 471.80261776149507
135.0490739551766 471.7013350655282
136.04391782196944 471.59991672051774
137.0387497878919 471.4983817040021
138.0335715717867 471.39674697426653
139.02838465509353 471.295027117397
140.02319022725027 471.1932338287878
141.0179891077562 471.09137516521827
142.01278164595738 470.98945457878347
143.0075676093052 470.88746983911074
144.0023460794061 470.7854120347853
144.99711537956392 470.6832648886503
145.99187305599395 470.58100460709625
146.98661592768843 470.4786004118061
147.98134020897106 470.37601579197053
148.97604169690385 470.2732103937452
149.9707160056161 470.1701423599628
150.9653588231942 470.06677086756605
151.95996616475776 469.9630585919769
152.95453459746707 469.8589738541038
153.9490614184616 469.7544922656658
154.9435447737938 469.64959776644304
155.93797184526125 469.54417101683623
156.93235528498943 469.43833352445114
157.9266988046219 469.3321216373344
158.92100374781847 469.2255492209459
159.91527134901924 469.1186289833738
160.90950333356375 469.01137805839574
161.9037019200083 468.90381797885107
162.89786962638482 468.79597285101477
163.8920090211351 468.6878670518845
164.88612246418995 468.57952286727993
165.88021185586308 468.470958225877
166.87427840882714 468.3621846616339
167.86832246264447 468.25320567709826
168.86234336254506 468.1440157024632
169.8563394211044 468.03459981893366
170.85030797317881 467.92493433900927
171.84424552290153 467.81498822834055
172.83814796952936 467.7047252400481
173.83201088906864 467.59410653835226
174.82582984263468 467.4830935322093
175.81960068105874 467.3716506289004
176.81331981800523 467.2597476491977
177.8069844496722 467.1473617080212
178.80059270626094 467.03447843893906
179.79414372683527 466.92109250720284
180.78763765356945 466.80720740044023
181.78107554377317 466.69283450895114
182.7744592001599 466.5779915238639
183.7677909239623 466.46270021244925
184.761073203242 466.3469836895629
185.75430835957266 466.2308633888881
186.74749818748143 466.1143560254359
187.74064362874407 465.9974709002091
188.73374452449855 465.88020790156213
189.72679948077504 465.76255649351833
190.71980586853311 465.6444958570993
191.71275996074962 465.5259961914857
192.70565719047187 465.4070210209251
193.69849249845458 465.2875302211836
194.69126072879564 465.16748339354757
195.68395702581515 465.04684317685434
196.67657718439395 464.92557809208967
197.66911790877947 464.8036645553666
198.66157694239473 464.6810877769972
199.65395304490664 464.55784139302074
200.64624581308013 464.43392584827103
201.63845536665548 464.3093457463533
202.63058194489744 464.1841065642021
203.62262547759306 464.05821125357943
204.61458520107965 463.93165728493193
205.60645938320698 463.8044346185976
206.59824520226692 463.67652492736363
207.58993879760814 463.5479021729256
208.5815354786627 463.4185343943964
209.573030049471 463.28838634002113
210.5643388226822 463.1568305869942
211.5550951263972 463.02117681207807
212.54432845160676 462.8748298671328
213.52997803718597 462.70602555899006
214.5080963706379 462.49797622405913
215.47167419883704 462.230548160829
216.4096713977938 461.88390532627267
217.30733622921218 461.4432264744604
218.14848667888245 460.90242529008714
218.92002620665727 460.26624390315334
219.61669452352476 459.5488505269134
220.24344039375484 458.7696268015626
220.81445770764975 457.94868878488154
221.35027011811178 457.1043517308593
221.87489212480523 456.25301645607453
222.4144015379036 455.4110368879268
222.99553765798623 454.5972305166472
223.6427451772269 453.8349166527838
224.37355674031858 453.1523373832103
225.19372936166866 452.5802212488567
226.0946134006469 452.1461614046942
227.05505247389166 451.867671213512
228.04781797043222 451.7476017799385
229.04745265218133 451.77462959976003
230.03560940539018 451.92807741202137
231.00211842144444 452.1847100714508
231.94359787203018 452.5217804559772
232.86123806949186 452.91919267018613
233.75849510549438 453.36070123334656
234.6393915439396 453.8340102917159
235.5076098426593 454.3301927035045
236.36617230224778 454.84290168819797
237.21743036484517 455.3676489710523
238.06317034412376 455.901244217892
238.9046689443554 456.44150351286817
239.74294683290884 456.98674674442856
240.57882177721268 457.5356666634378
241.41291840637382 458.08728502174546
242.24569468178512 458.6408946993272
243.07748043372533 459.1959915042804
243.90851411252805 459.7522136044307
244.73897108764956 460.3092963742881
245.56898306714794 460.8670419380438
246.39858628256192 461.42539532522323
247.22760752647054 461.98461243614554
248.05524634227046 462.54587350782367
248.88005242016465 463.111289225565
249.7003909000847 463.68316751538066
250.51455132952026 464.26380750293
251.3139373621728 464.8646252546651
252.10028748612788 465.4824063506495
252.89677563858845 466.0870604856638
253.70064494389302 466.6818664540175
254.50982014026192 467.2694338983006
255.32267113794995 467.8519055762023
256.1379541883757 468.4309682219398
256.95475626034863 469.00788621890365
257.77242906036065 469.5835694582987
258.59052434627824 470.1586521507521
259.4087387622945 470.73356533500106
260.22687078071095 471.3085957693624
261.0447890286528 471.8839302283371
261.86240997049225 472.45968711754085
262.67968270902577 473.0359381659997
263.49657893482015 473.6127228366376
264.3130864556196 474.1900576342013
265.1292051297707 474.7679419735823
265.94494436914727 475.3463617980536
266.76047689001115 475.9250730450615
267.5765690893951 476.5029947716861
268.3956337372521 477.07669600284294
269.22114692142645 477.6410788363472
270.05776128911 478.18887113255585
270.926600678399 478.68396517980335
271.81310395684375 479.1466874910298
272.72357181652006 479.56026732189247
272.98987936928995 479.3892092554201
273.57936510325214 479.7876206061008
273.86266629310285 478.8285896181644
274.1459674829545 477.86955863022473
274.4292686728062 476.910527642285
274.7125698626579 475.9514966543453
274.99587105250953 474.99246566640556
275.2791722423612 474.0334346784658
275.5624734322128 473.07440369052614
275.8457746220644 472.1153727025864
276.1290758119161 471.1563417146467
276.4123770017677 470.197310726707
276.6956781916194 469.2382797387673
276.97897938147105 468.27924875082755
277.26228057132283 467.32021776288786
277.5455817611745 466.3611867749481
277.8288829510261 465.4021557870084
278.1121841408779 464.4431247990687
278.39548533072946 463.4840938111289
278.678786520581 462.5250628231891
278.9620877104326 461.56603183524936
279.24538890028447 460.6070008473097
279.5286900901361 459.64796985936994
279.81199127998775 458.6889388714302
280.09529246983953 457.7299078834905
280.37859365969126 456.77087689555077
280.6618948495428 455.81184590761103
280.94519603939443 454.8528149196713
281.2284972292462 453.8937839317316
281.51179841909783 452.93475294379186
281.7950996089495 451.9757219558522
282.07840079880117 451.0166909679125
282.3617019886528 450.0576599799728
282.64500317850445 449.0986289920331
282.92830436835607 448.1395980040934
283.21160555820785 447.1805670161537
283.4949067480594 446.22153602821396
283.77820793791096 445.26250504027416
284.0615091277628 444.3034740523345
284.3448103176145 443.3444430643948
284.62811150746614 442.3854120764551
284.91141269731787 441.4263810885154
285.19471388716954 440.4673501005757
285.4780150770212 439.50831911263595
285.76131626687294 438.54928812469626
286.0446174567245 437.5902571367565
286.3279186465761 436.63122614881684
286.61121983642784 435.67219516087715
286.8945210262795 434.71316417293747
287.1778222161312 433.7541331849977
287.46112340598285 432.795102197058
287.74442459583446 431.8360712091183
288.0363332783407 430.8796250156095
288.3480369004346 429.92944563676906
288.6905819692259 428.9899442392998
289.0741366354304 428.0664260651241
289.5077350937777 427.1653198688748
289.9990873559758 426.2943589315
290.5543199440658 425.4626638112048
291.1775728270209 424.6806434509275
291.8704695524657 423.9596066086872
292.6315993727649 423.3110070429679
293.4562401632629 422.74535028605
294.3365466943218 422.27094496211794
295.26229866635 421.89281365385864
296.22320333266356 421.6159342175387
297.2072159154455 421.4378352649118
298.2033414521905 421.34989258446313
299.2033041987329 421.3412609260253
300.2014957604503 421.4013742033947
301.19434090812183 421.5207832179001
302.17971547556004 421.69118557071823
303.1565333380075 421.90525766979624
304.1244529682734 422.1565176732707
305.08365238126754 422.4392480856985
306.03464915898434 422.74844887607946
306.97815869337285 423.07979425256457
307.9149879446369 423.4295812648678
308.8459608900015 423.79466943914787
309.77187013872486 424.1724154690789
310.6934485407371 424.56060775254747
311.6113550022409 424.95740458712356
312.526169661714 425.36127850162296
313.4383946734488 425.7709680523385
314.34845788976764 426.1854375232328
315.25671765979337 426.60384425137283
316.16346775209803 427.0255126875943
317.06894203834855 427.44991381499506
317.9733190156398 427.87664825577247
318.876726478719 428.30543136604246
319.7792466919943 428.73607886067066
320.6809223008129 429.16849196923886
321.5817630292683 429.60264169221006
322.48175300710614 430.03855227913294
323.3808583847623 430.4762845259115
324.27903473669176 430.9159198757581
325.1762336529213 431.3575465333734
326.0723818204934 431.80130149025524
326.9673154999191 432.2475006715964
327.86069317858784 432.69680716304345
328.7519324669823 433.1503405475061
329.63997198858954 433.6101076712368
330.5225165393619 434.0803364622545
331.39545055965465 434.5681747512557
332.25267317509247 435.08312075578624
333.0862352207579 435.6355466024173
333.88671714621466 436.23490349694424
334.64392177328136 436.8880812313695
335.3479329390538 437.59827013473796
335.99041284550077 438.36457266625666
336.5704328582436 439.17917489116024
337.06950126956167 440.04573748025837
337.5171812726977 440.93993131539264
337.8133179688477 441.89507688398066
338.0955307466371 442.8544287214482
338.3487273041045 443.8218435772813
338.5741493146636 444.7961047933602
338.77426241226846 445.775877597722
338.95164101387866 446.76002028640636
339.1089278909259 447.7475732410922
339.2487691234545 448.7377471801983
339.3737220636013 449.72990984969795
339.4860314625719 450.7235831354931
339.58732980034915 451.7184392289878
339.67823217584197 452.71429903745974
339.7590265337625 453.71102982946337
339.8302881900716 454.708487485878
339.89121068715946 455.70662998539825
339.93873218524027 456.70550020080174
339.977072930581 457.7047649241092
339.9474178572409 458.7043251157061
339.97437612704164 459.7039616755064
340.1577667194224 460.68700180216763
340.2713436589707 461.68053100596734
340.3784992829082 462.67477326631365
340.48613267492226 463.6689639185145
340.60002711820425 464.6624567749506
340.72752768414375 465.654295272734
340.87766143464455 466.6429609679821
341.0609561483406 467.62601897640843
341.2891946132463 468.5996242368387
341.57466801920566 469.55801086784413
341.9287715923094 470.4932170801391
342.3603327912343 471.3953007412164
342.874262128017 472.25313326379523
343.47094636503397 473.0556093826271
344.14647890935277 473.7929395539657
344.8935404726064 474.45769441157034
345.7026092756601 475.04540834872455
346.5631948715145 475.55471418239233
347.46488654751096 475.98709378579497
348.3981158172319 476.3463751937972
349.35461609477113 476.63810660977305
350.3276151722622 476.8689156113338
351.31182323469363 477.0459311186911
352.303287037163 477.17631335825246
353.2991748653957 477.2669082454037
354.29754259566175 477.3240210737643
355.2971141241753 477.3532915261889
356.2970939289637 477.35964684013516
357.2970178294341 477.3473101765629
358.296640574651 477.3198444298044
359.2958550600197 477.2802160027666
360.29463667088777 477.2308673068195
361.29300645383694 477.17379037195013
362.2910077424398 477.1105967967458
363.2886919607846 477.042580618775
364.2861103687637 476.9707717096862
365.28330948606657 476.8959791936821
366.2803287860367 476.81882664682183
367.27719987426417 476.7397821438117
368.2739467101358 476.6591859579229
369.27058655389663 476.57727733915544
370.26713134323114 476.4942202331965
371.2635892167746 476.41012679556223
372.25996594793446 476.32507734169457
373.2562661278802 476.23913578341194
374.2524940204834 476.1523602914841
375.248654084564 476.06480958200086
376.2447512091843 475.97654566908534
377.2407907338971 475.88763411072637
378.236778331541 475.7981427405311
379.23271982276293 475.70813970690045
380.2286209755521 475.6176914129796
381.22448732516216 475.5268607259055
382.2203240335647 475.4357056371938
383.21613570765413 475.34427747005094
384.211926034136 475.2526170877416
385.20769719330605 475.16074871143525
386.2034492098767 475.06867308221945
387.1991795158929 474.9763629653265
388.1948829533877 474.8837634806571
389.19055228045096 474.79079794324963
390.186179070565 474.6973779517744
391.18175479120606 474.603415275833
392.1772718340601 474.5088329445698
393.17272432208927 474.41357359292135
394.16810860043944 474.3176041268744
395.16342339764816 474.22091672098634
396.1586697029484 474.1235268252769
397.15385043874784 474.0254691733899
398.14897001668356 473.9267928053525
399.14403373583536 473.82755473388875
400.1390468874431 473.7278109214104
401.13401355846185 473.62760451661615
402.1289353841677 473.5269538299106
403.1238106526395 473.42584398774295
404.1186340893553 473.3242254374627
405.11339741273406 473.22202010266864
406.10809050116455 473.1191334668574
407.1027028618855 473.0154693366044
408.09722507057865 472.9109438544661
409.09164992399417 472.8054961854092
410.08597316316707 472.69909460628213
411.0801937380216 472.5917379644947
412.0743134974662 472.48345175169834
413.06833612728025 472.3742775266376
414.0622653825047 472.26425645770524
415.0561030506923 472.15341111819396
416.04984730933296 472.04173144941427
417.0434920298435 471.92916960240746
418.03702722300244 471.8156450678146
419.03044043648015 471.70105803849646
420.023718674167 471.5853068288369
421.01685035618135 471.46830485372794
422.009826700926 471.3499917995975
423.0026419164971 471.23033417246717
423.9952920210411 471.10931446354
424.9877727742237 470.98691366876295
425.98007763672314 470.86309501160696
426.9721966226335 470.73779569877485
427.9641164719931 470.6109295786074
428.95582204143665 470.4823991793444
429.94729812261886 470.3521103446594
430.9385305549765 470.2199806165801
431.92950593776567 470.08593662862864
432.9202101684706 469.9499030766518
433.9106267566142 469.8117908689
434.9007359614235 469.6714920358613
435.8905149562716 469.5288822838895
436.8799383020696 469.3838255956954
437.868977951082 469.2361754257618
438.85760271182653 469.08577235916107
439.84577783327285 468.93244287943037
440.8334650213369 468.77600113776856
441.82062242713215 468.6162505315614
442.8072040887935 468.45298196485777
443.793159030755 468.2859704310592
444.77843027772263 468.1149716886692
445.76295361480953 467.93971816165396
446.7466560391556 467.7599139894673
447.7294545761365 467.5752330870754
448.71125567349947 467.38532098841705
449.69195439057535 467.1897959866252
450.6714327567796 466.9882466622953
451.6495567869776 466.7802241117167
452.62617182564276 466.56522860884974
453.60109583634164 466.3426905820705
454.57411086791734 466.1119488469471
455.54495322986367 465.872230036149
456.51330340363216 465.62263448137594
457.47877626267115 465.36213081833233
458.44091200885686 465.08956008272116
459.39916391290126 464.80363476310896
460.3528793421648 464.50292413811417
461.30127649470916 464.1858392267013
462.24342350588404 463.85063927244386
463.178225410412 463.4954697364601
464.1044202871448 463.11842457959716
465.02058285837404 462.7176177145379
465.92513370660316 462.2912519525823
466.8163543490356 461.8376819287686
467.69241076650997 461.3554733085616
468.55138898508693 460.84346117978896
469.39134528263696 460.30080712958204
470.2103708514696 459.7270501099314
471.0066672375815 459.12214345145827
471.77862573312706 458.486470515779
472.5249020679912 457.82083425473115
473.24447773551776 457.12642021490785
473.93670106001326 456.4047368570393
474.6013041505339 455.6575402750942
475.23839538949966 454.8867518779105
475.84843027104677 454.0943773179354
476.4321656497479 453.28243334963923
476.99060353536476 452.4528870110253
477.5249305402278 451.60760915619056
478.0364582346464 450.7483423653492
478.5265683596438 449.8766818434859
478.996665425321 448.99406712072084
479.4481379314084 448.1017820898887
479.88232841522165 447.200961006784
480.30051180099844 446.2925983832353
480.70388107554123 445.3775611007409
481.0935391006037 444.45660147974525
481.470495332652 443.53037040753924
481.83566629384586 442.5994299319444
482.18987877051904 441.66426496180867
482.5338748697822 440.725293884676
482.8683182219126 439.78287802943174
483.19380076824876 438.83732998092734
483.51084971664386 437.8889208053488
483.81993437279704 436.93788627635905
484.12147265820767 435.9844322069716
484.4158371992097 435.02873899416704
484.7033609193123 434.07096547689986
484.9843420984908 433.11125219839033
485.2590488876965 432.14972415409613
485.5277232902478 431.18649309904566
485.7905846476181 430.2216594829224
486.0478326984542 429.255314078659
486.29965031553024 428.2875393694781
486.54620605733396 427.3184107576914
486.78765668482663 426.3479976526257
487.02414977654917 425.3763644823564
487.25582652265797 424.4035716548168
487.4828246991166 423.4296764716043
487.70528173550093 422.4547339774216
487.92333771521504 421.478797714282
488.13713810284315 420.50192034518693
488.3468359884806 419.52415411711445
488.5525936717795 418.5455511456477
488.75458346970953 417.5661635198671
488.9529877079074 416.5860432424189
489.14799793183215 415.60524203291476
489.33981343917105 414.6238110311911
489.52863928164544 413.6418004399988
489.7146839096235 412.65925914498854
489.8981566376576 411.67623434465656
490.07926509673337 410.69277121568257
490.2582128145596 409.7089126311874
490.43519703380275 408.7246989419212
490.6104068444014 407.74016782394165
490.7840216736741 406.75535419128994
490.95621014936427 405.77029016857904
491.1271293274853 404.7850051161447
491.2969242593652 403.79952569925774
491.46572786046687 402.81387599258954
491.6336610367716 401.8280776114303
491.80083302188797 400.8421498618501
491.96734187865417 399.85610990291417
492.1332751219205 398.86997291507777
492.29871042360503 397.8837522699093
492.4637163663589 396.8974596972636
492.6283532176952 395.91110544691435
492.7926737018728 394.92469844243817
492.9567237518857 393.9382464258196
493.12054322844955 392.951756091808
493.28416659681693 391.9652332115239
493.4476235555534 390.9786827451814
493.6109396141033 389.9921089440799
493.7741366181106 389.00551544223475
493.9372332230954 388.0189053381701
494.1002453182881 387.03228126750236
494.2631864032679 386.04564546700374
494.4260679205979 385.0589998308647
494.58889954796 384.07234595987927
494.75168945342165 383.08568520425973
494.9144445174573 382.0990187007588
495.0771705252352 381.1123474047373
495.2398723325085 380.125672117771
495.4025540082169 379.13899351133995
495.56521895666606 378.15231214709615
495.72787002188727 377.1656284941544
495.89050957652324 376.1789429438053
496.0531394820119 375.1922558029948
496.215760570131 374.20556720890903
496.37837116631914 373.2188768856529
496.5409643846656 372.2321836986146
496.7035244492207 371.245485048868
496.8660181478691 370.25877546753236
497.02838557325197 369.27204509951156
497.1905360980919 368.2852790647829
497.35235139986713 367.2984580029326
497.5136912070151 366.3115590888439
497.67439817139353 365.3245569249151
497.8343033234485 364.3374245415205
497.99323566140816 363.350135064239
498.15102644531487 362.36266249828384
498.3075032977562 361.37498087212583
498.4625027966593 360.3870663235237
498.6159058035088 359.398902613661
498.76767312295794 358.4104863649341
498.9178055458731 357.4218204680864
