18.16385112054888
349240
910
0.0 100.0
0.0 101.0
0.0 102.0
0.0 103.0
0.0 104.0
0.0 105.0
0.0 106.0
0.0 107.0
0.0 108.0
0.0 109.0
0.0 110.0
0.0 111.0
0.0 112.0
0.0 113.0
0.0 114.0
0.0 115.0
0.0 116.0
0.0 117.0
0.0 118.0
0.0 119.0
0.0 120.0
0.0 121.0
0.0 122.0
0.0 123.0
0.0 124.0
0.0 125.0
0.0 126.0
0.0 127.0
0.0 128.0
0.0 129.0
0.0 130.0
0.0 131.0
0.0 132.0
0.0 133.0
0.0 134.0
0.0 135.0
0.0 136.0
0.0 137.0
0.0 138.0
0.0 139.0
0.0 140.0
0.0 141.0
0.0 142.0
0.0 143.0
0.0 144.0
0.0 145.0
0.0 146.0
0.0 147.0
0.0 148.0
0.0 149.0
0.0 150.0
0.0 151.0
0.0 152.0
0.0 153.0
0.0 154.0
0.0 155.0
0.0 156.0
0.0 157.0
0.0 158.0
0.0 159.0
0.0 160.0
0.0 161.0
0.0 162.0
0.0 163.0
0.0 164.0
0.3609790197889434 164.93257393662498
0.7374205677739931 165.85901430758827
1.1358403551591887 166.77621748737994
1.5620669937602698 167.680833899207
2.0283848893680974 168.56545111599394
2.5374836207998315 169.42615924402259
3.09129067126237 170.25880427694958
3.692020804704037 171.05825615591112
4.341209542854953 171.81888351688232
5.044684043438037 172.52960401541137
5.795979255381939 173.18957030584608
6.588263193032612 173.799722878684
7.414947045551079 174.3623895721938
8.269734980924138 174.88136701442096
9.146930735187407 175.36149992175234
10.041668451529066 175.80809192678123
10.949964197758206 176.22642055045173
11.86864342190428 176.62142495944278
12.795217556391886 176.99753714124301
13.727755486864682 177.35860916761658
14.664769855994578 177.70789998061355
15.605123380124901 178.04809881902378
16.5479537925604 178.38137170028884
17.492613976099225 178.70942221108922
18.438623881383116 179.0335599273531
19.385631422534804 179.35477125498937
20.33338033724768 179.6737884875342
21.28168388184898 179.99115324187315
22.23040487004751 180.30726791497707
23.179443119070648 180.62242882925915
24.128732247589518 180.93683326700756
25.078246321723803 181.2505577050434
26.028017148160632 181.56350398997023
26.97816296264829 181.8753099091116
27.928924681636722 182.18523272806198
28.88069780485565 182.4920354691157
29.83404220918146 182.79392029274993
30.78965396727468 183.08854915724555
31.748294251997628 183.37316961418128
32.71068635246358 183.64483382779935
33.677405467996294 183.90067391782367
34.648790547665186 184.13818397444584
35.624900748333594 184.35546001120804
36.60552441723058 184.55136105765501
37.59023259437552 184.72557301437413
38.57742433048881 184.88511133625832
39.5667566732018 185.03078740039388
40.5582713487466 185.1607822009795
41.55185923170249 185.27384465647754
42.547201267638414 185.37025125116344
43.543891292480836 185.45154697294274
44.54154865210835 185.5199559839067
45.539870078337984 185.57787256124703
46.538635906869644 185.62753965052622
47.53769570314329 185.670893121779
48.536949524774954 185.70951694803324
49.53633176092187 185.74466159305925
50.535963492219835 185.77179831692632
51.53575948921681 185.79199644527608
52.5356177240874 185.80883420526564
53.53547387088098 185.82579550589708
54.53527642795095 185.84566626019455
55.534954139622045 185.87105272879555
56.53436895329462 185.90525843317113
57.53322278831699 185.95312299481208
58.530873101785744 186.02163468750535
59.52600304651722 186.1202064537406
60.51610905600225 186.2605278347972
61.49683438738768 186.4559192992447
62.46129392040686 186.72014989771583
63.39967002575604 187.0657657030687
64.29943437011724 187.50214183052788
65.14646230792945 188.03369020327074
65.92699548775467 188.65880455696288
66.629968998419 189.37002058835154
67.24892610296293 190.1554453796171
67.78285839358269 191.00097261692738
68.23579859086992 191.89251351766126
68.6155148206717 192.8176165307496
68.93188533491585 193.76625223412412
69.19543530617193 194.73089797876355
69.41627465642122 195.706208176281
69.60346613525638 196.6885316211053
69.76474218207473 197.6754409567196
69.90646016268778 198.66534803012144
70.03256749080944 199.6573646337093
70.14704625356373 200.65079032940992
70.253399185777 201.64511877303892
70.35429982080733 202.64001528114943
70.45161975216911 203.63526843033299
70.54930644328837 204.63048564801875
70.64303034718118 205.62608387513603
70.73493301893436 206.6218518696632
70.82599882002137 207.61769674707756
70.90340168865343 208.46413140536126
70.97548249719867 209.2586244696186
70.97601740655146 209.2582164496275
71.77111222046474 208.65173129986027
72.56620703437804 208.04524615009302
73.36130184829133 207.4387610003258
74.15639666220464 206.83227585055857
74.95149147611795 206.22579070079135
75.74658629003125 205.61930555102413
76.54168110394454 205.0128204012569
77.33677591785784 204.40633525148968
78.13187073177114 203.79985010172248
78.92696554568444 203.19336495195526
79.72206035959775 202.58687980218804
80.51715517351104 201.9803946524208
81.31224998742434 201.3739095026536
82.10734480133763 200.76742435288637
82.90243961525094 200.16093920311914
83.69753442916424 199.5544540533519
84.49262924307754 198.94796890358467
85.33267037956242 198.40544619529197
86.1922440083867 197.89443428092025
87.06793269590102 197.4115581865032
87.96011695763552 196.95988657668778
88.86903935579173 196.5429212614277
89.79406705812363 196.16302160373033
90.73377141544952 195.82103370800485
91.68621757252593 195.51632677032472
92.64927154459059 195.2470183098366
93.62084467151632 195.01027866584823
94.59904417287731 194.80261129831757
95.58223464786036 194.6200284680662
96.5690379475831 194.45810488221065
97.55830141942715 194.3119618588566
98.54905248533645 194.17626983477413
99.54043842005164 194.04529682820834
100.53165554004073 193.9130522780729
101.52188013459089 193.77357019195438
102.51022040691285 193.6213088833216
103.4957107727827 193.45157751091892
104.47735976356603 193.2608807388065
105.45424204568094 193.04710280053882
106.42560579886185 192.80950553833597
107.39096077012175 192.54856535464666
108.3501220173364 192.26570549209697
109.30320244544228 191.96298830137022
110.25056375913198 191.64282187382958
111.19274416729044 191.30771580333496
112.13038148702014 190.96010070491417
113.0641452901812 190.60221083371607
113.99468517289941 190.23602027311847
114.92259667961069 189.8632197423882
115.84840288400261 189.48522123457445
116.77254802925229 189.10317967857372
117.69539939243634 188.7180233966967
118.61725306005744 188.33048524955046
119.53834119014064 187.9411310963431
120.4588402693383 187.55038636484147
121.37888038276924 187.1585621827419
122.2985550809596 186.76588107865302
123.21793097408576 186.37250089722735
124.13705614367754 185.9785352608796
125.05596677864001 185.58406948929365
125.97469152412661 185.1891709681131
126.89325378422458 184.79389464157214
127.81167280833459 184.3982856222705
128.72996403954357 184.0023800594342
129.64813920202573 183.60620538709782
130.56614189707466 183.20963124285376
131.48379054363755 182.8122385385155
132.40078443847625 182.4133373015801
133.31676430623662 182.0121130726785
134.2313893108645 181.60780984376555
135.14439867423943 181.19987124251563
136.05564399036234 180.78800721902724
136.96509296511414 180.3721916802088
137.87281281918055 179.95261490948184
138.7789433191901 179.52961666249672
139.68366779256544 179.1036194473935
140.58718758696494 178.67507308919136
141.489702590531 178.24441467659722
142.39139829199559 177.81204346807345
143.29243858401753 177.37830807390668
144.1929629645662 176.94350255411948
145.0930867309158 176.50786829783033
145.99290296150986 176.07159917084624
146.89248537642624 175.6348481218799
147.7918914584026 175.19773406387685
148.69116545702894 174.76034833549215
149.59034107609142 174.32276039452074
150.48944376320907 173.88502262139872
151.38849259391088 173.4471742458008
152.28750178220128 173.00924448046226
153.18648186767868 172.57125497611878
154.08544063394322 172.13322171647275
154.98438381031661 171.6951564637401
155.8833156026716 171.25706785090762
156.78223909177098 170.81896220069825
157.68115653024924 170.38084413578918
158.58006956286704 169.94271703118378
159.47897938916944 169.50458334818623
160.37788688319853 169.0664448801441
161.2767926813558 168.62830293278088
162.17569724674559 168.19015845624216
163.07460091621147 167.7520121416157
163.97350393467212 167.31386449138537
164.8724064801575 166.87571587080112
165.77130868204839 166.43756654530154
166.67021063435425 165.99941670775655
167.56911240537443 165.56126649828866
168.46801404472444 165.12311601868848
169.3669155884442 164.684965342895
170.2658170627109 164.24681452461306
171.1647184865373 163.80866360284887
172.06361987373202 163.37051260593182
172.96252123432376 162.93236155443662
173.86142257559575 162.49421046330548
174.7603239028374 162.05605934338996
175.65922521989003 161.6179082025709
176.55812652954324 161.1797570465714
177.45702783382296 160.74160587954776
178.35592913420038 160.30345470451826
179.25483043174398 159.86530352367487
180.15373172722963 159.4271523386094
181.05263302122074 158.98900115047786
181.95153431412655 158.55084996011973
182.85043560624422 158.1126987681446
183.74933689778948 157.6745475749952
184.6482381889191 157.23639638099309
185.54713947974687 156.79824518637167
186.44604077035547 156.36009399130057
187.34494206080487 155.9219427959029
188.24384335113865 155.48379160026803
189.1427446413885 155.04564040446095
190.04164593157736 154.60748920852882
190.94054722172197 154.16933801250582
191.83944851183443 153.73118681641688
192.73834980192356 153.29303562028002
193.63704082150062 152.85445330037697
194.5350156307576 152.41440643703186
195.43157883618213 151.97149062259425
196.32602927357672 151.52432352290484
197.21781376094697 151.07186310686185
198.10660719997043 150.61355510698746
198.99232230075734 150.14932589610342
199.8750721242543 149.67948257209414
200.7551109720627 149.2045808703199
201.632773305713 148.72530138182543
202.5084223269265 148.24235336014215
203.3824128264373 147.75641035240886
204.25506817598512 147.26807374625935
205.12666889791134 146.77785728229912
205.9974495007404 146.28618549976872
206.86760050917326 145.79340033103563
207.73727327982118 145.2997716527829
208.60658592765674 144.8055090501989
209.4756293190582 144.3107731773724
210.34447255895748 143.81568588761297
211.2131677175834 143.3203388159754
212.08245967660216 142.82603982752272
212.9517516356209 142.33174083907002
213.82104359463963 141.83744185061735
214.69033555365837 141.34314286216465
215.55962751267714 140.84884387371198
216.42891947169588 140.35454488525932
217.29821143071464 139.86024589680662
218.16750338973338 139.36594690835392
219.03679534875215 138.87164791990125
219.90608730777086 138.37734893144858
220.77537926678963 137.88304994299588
221.6446712258084 137.38875095454324
222.51396318482716 136.89445196609051
223.3832551438459 136.40015297763784
224.25254710286464 135.90585398918518
225.12183906188338 135.41155500073248
225.99113102090212 134.91725601227978
226.86042297992088 134.4229570238271
227.72971493893965 133.92865803537444
228.5990068979584 133.43435904692177
229.46829885697713 132.9400600584691
230.3375908159959 132.4457610700164
231.20688277501466 131.9514620815637
232.0761747340334 131.45716309311103
232.9454666930521 130.96286410465834
233.8147586520709 130.46856511620564
234.68405061108962 129.97426612775297
235.55334257010838 129.4799671393003
236.42263452912715 128.98566815084763
237.2919264881459 128.49136916239493
238.16121844716463 127.99707017394226
239.0305104061834 127.50277118548958
239.89980236520213 127.0084721970369
240.76909432422087 126.5141732085842
241.63838628323964 126.01987422013151
242.50767824225835 125.52557523167886
243.37697020127715 125.03127624322617
244.2462621602959 124.53697725477349
245.1155541193146 124.04267826632079
245.98484607833336 123.54837927786811
246.85453342247615 123.05477627601555
247.72422076661894 122.56117327416297
248.59390811076173 122.06757027231042
249.46359545490452 121.57396727045786
250.3332827990473 121.08036426860528
251.2029701431901 120.58676126675272
252.0726574873329 120.09315826490015
252.94234483147568 119.59955526304759
253.81203217561847 119.10595226119503
254.68171951976123 118.61234925934247
255.55223439604035 118.12020715570091
256.4227492723195 117.62806505205936
257.2932641485986 117.1359229484178
258.1637790248777 116.64378084477623
259.0358053369687 116.15432184647187
259.9078316490596 115.66486284816752
260.78171505091404 115.17872727040833
261.65674341126464 114.69465561395432
262.53267858616584 114.21222679084075
263.4093305055265 113.73110163843107
264.28652874965513 113.2509732800751
265.16412514866386 112.77157307101501
266.04199927697346 112.2926816273196
266.9200597014465 111.81413184832668
267.7985204314197 111.33631729654435
268.67763387537104 110.85970471523328
269.5575139937247 110.38450898995157
270.4381273239878 109.91067340394855
271.3193541757047 109.43797980782821
272.2010491700475 108.96615999375628
273.08336900429697 108.49550968823205
273.9665147059716 108.02641090373814
274.85055574979106 107.55900162607824
275.7354218875575 107.09315624589897
276.62096471751624 106.62859850319231
277.5070176732431 106.1650144658833
278.3938155999752 105.70285709318037
279.2816475152719 105.24268919971044
280.1706225133422 104.78473346734555
281.0606599958689 104.32884611316953
281.95192173955 103.8753568583349
282.84456179441537 103.42458670354424
283.7385624500219 102.97652105235555
284.6337504178285 102.53083225701252
285.53030170246734 102.08789231298798
286.4284125694956 101.64812320251546
287.3280823681092 101.21155218485335
288.2295322726962 100.77866874844105
289.13291081353077 100.34982470690653
290.03813281315183 99.92488573316786
290.94539249315847 99.50431484373976
291.8548283074631 99.0884705223164
292.7663313813513 98.6771772616222
293.6801530750141 98.27106162268271
294.59648445064767 97.87064083147735
295.51565966632336 97.47679197355396
296.43777734035314 97.08988242954919
297.36304249760036 96.71056147206828
298.29144276593337 96.33897979631018
299.22312851280583 95.97571450884827
300.1583517352882 95.62165586380529
301.0970501856149 95.27691651392742
302.0392153275857 94.94176752428973
302.9849057212666 94.6166987941731
303.9341465174624 94.3021484630055
304.8866745276703 93.99769749853121
305.84228923038097 93.70307818490213
306.800868283476 93.41825157278984
307.7622822960891 93.14314596333912
308.72635066490363 92.8774917138883
309.6928443045308 92.62080115200453
310.6615076653187 92.37242383124615
311.6320073192756 92.1313213184647
312.6040975392847 91.89671397807945
313.5775978673886 91.6680283616067
314.55234725566214 91.44472670451397
315.52818649564773 91.2262369388398
316.50495989019987 91.01196203201415
317.4825219728052 90.80131451920587
318.4607425540598 90.59374647154428
319.439508758353 90.3887666741656
320.41871981917944 90.18592264946909
321.3982819104768 89.98478063671895
322.3781075500742 89.78492639986747
323.35811841180345 89.5859824105319
324.3382485708878 89.38762699403601
325.31844623173515 89.18960541523862
326.2986735008904 88.99173045268779
327.2789046868015 88.7938748938394
328.25912386969327 88.59595987800923
329.23932236800766 88.3979424446803
330.21949648880206 88.19980437936988
331.19964573061674 88.00154327937767
332.1797714584793 87.80316596822063
333.1598759913326 87.60468396732287
334.13996201302643 87.40611058018236
335.12003221827104 87.20745914476919
336.1000891188206 87.00874208036574
337.08013495284024 86.80997044450984
338.06017165689366 86.61115379855667
339.04019152336866 86.41225417232717
340.02016949271115 86.2131482216292
341.00006506289196 86.01363714038314
341.97983153177233 85.81349302616107
342.9594264411976 85.61251090400052
343.9388188925882 85.4105445054112
344.91799248483017 85.20751968856365
345.896944661355 85.00342991401021
346.8756839598685 84.79832168515223
347.85420928579254 84.59219505774749
348.8324919880477 84.38491998817001
349.810476178676 84.1762409933454
350.78809360509234 83.96585048127996
351.7652818604006 83.75347554469938
352.741966587969 83.53879684772495
353.71803981442076 83.32135477129077
354.6933354392561 83.1004510724149
355.66762856084364 82.87516700012571
356.64063051462267 82.64437012418881
357.6119785372555 82.4067085603478
358.58123791723534 82.16066739647246
359.54792694110506 81.90471362890922
360.51156120979243 81.63748901138418
361.47170605415994 81.35798609935195
362.4280244323555 81.0656589546572
363.38031036726727 80.76045165105964
364.32851490019624 80.44279119753593
365.2727255068607 80.11344892836556
366.21313553721575 79.77340632102405
367.15001733571535 79.42376007745762
368.0836974028306 79.0656518085336
369.0145319197566 78.70021083915675
369.94288397733374 78.32850873102137
370.8691047949517 77.95152730308206
371.7935203374333 77.5701404852469
372.71642341688835 77.18510814123876
373.63807042364573 76.7970787674342
374.55868144093967 76.40659783981158
375.4784425192606 76.01411910305525
376.39750911471475 75.62001684079283
377.3160099788521 75.22459786985321
378.23405104242744 74.8281125541233
379.1517190316897 74.43076451841239
380.0690846914903 74.03271898556649
380.9862055755307 73.63410979844589
381.9031284139763 73.23504525687781
382.8198910944284 72.83561292502391
383.73652430297227 72.43588356533836
384.65305287400815 72.0359143434288
385.56949689491586 71.6357514309262
386.48587260679056 71.23543211502192
387.4021931369755 70.83498650577941
388.31846909367806 70.4344389166358
389.2347090479798 70.0338089799845
390.1509199241787 69.6331125483374
391.06710731567216 69.23236242211343
391.9832757404479 68.83156893733106
392.8994288476515 68.43074044013906
393.8155695845496 68.0298836699633
394.731700331454 67.62900406886544
395.64782301073683 67.22810603132515
396.5639391749019 66.82719310592184
397.4800500777291 66.42626815818076
398.39616133145444 66.02534401224057
399.31227090649645 65.62441603053276
400.2283764603724 65.22347886069468
401.1444774013746 64.82253115101817
402.06057434766353 64.42157431418877
402.9766683188003 64.02061067986904
403.89276027172207 63.61964243450285
404.80885093895563 63.218671251738336
405.7249408229141 62.817698279446034
406.64103024517044 62.416724252319426
407.5571194020332 62.01574961885933
408.4732084093096 61.614774643645994
409.3892973335823 61.213799478797974
410.30538621237827 60.81282421005143
411.2214750665173 60.41184888497238
412.1375639074039 60.01087352961616
413.05365274122005 59.6098981581065
413.9697415712877 59.2089227780329
414.8858303993789 58.807947393443655
415.8019192264329 58.40697200648468
416.7180080529448 58.00599661828721
417.6340968791744 57.60502122944489
418.55018570525755 57.20404584026794
419.46627453126484 56.803070450917794
420.3823633572331 56.402095061478306
421.29845218318115 56.00111967199278
422.2145410091189 55.600144282483626
423.1306298350513 55.19916889296235
424.046718660981 54.79819350343485
424.96280748690936 54.39721811390419
425.878896312837 53.996242724371896
426.7949851387643 53.59526733483875
427.71107396469137 53.19429194530523
428.6271627906184 52.79331655577148
429.5432516165453 52.3923411662376
430.45934044247224 51.9913657767037
431.3754292683991 51.59039038716976
432.29151809432597 51.18941499763581
433.20760692025283 50.788439608101854
434.12369574617975 50.38746421856791
435.0397845721066 49.98648882903394
435.9558733980335 49.58551343949999
436.87196222396034 49.18453804996602
437.78805104988726 48.78356266043207
438.7041398758141 48.3825872708981
439.620228701741 47.98161188136414
440.53631752766796 47.5806364918302
441.4524063535948 47.17966110229623
442.3684951795217 46.77868571276227
443.28458400544855 46.37771032322831
444.2006728313754 45.976734933694345
445.1167616573023 45.57575954416039
446.03285048322914 45.17478415462643
446.948939309156 44.77380876509247
447.86502813508287 44.372833375558514
448.78111696100973 43.971857986024574
449.69720578693665 43.57088259649063
450.61329461286357 43.16990720695666
451.52938343879043 42.76893181742268
452.4454722647173 42.3679564278887
453.36156109064416 41.966981038354746
454.277649916571 41.566005648820784
455.19373874249794 41.16503025928684
456.1098275684248 40.76405486975286
457.02591639435167 40.36307948021891
457.94200522027853 39.96210409068497
458.59074461197406 39.678148514621796
458.45213086218996 40.66849503396277
458.3135171124058 41.658841553303745
458.3135171124058 41.658841553303816
458.17490336262165 42.64918807264479
458.03628961283755 43.63953459198577
457.89767586305345 44.62988111132675
457.75906211326935 45.620227630667735
457.62044836348525 46.610574150008716
457.48183461370115 47.60092066934969
457.34322086391705 48.591267188690665
457.20460711413295 49.58161370803164
457.06599336434886 50.57196022737262
456.92737961456476 51.562306746713595
456.78876586478066 52.55265326605458
456.65015211499656 53.54299978539555
456.51153836521246 54.533346304736526
456.37292461542836 55.5236928240775
456.23431086564426 56.514039343418474
456.0956971158601 57.50438586275945
455.95708336607595 58.49473238210042
455.81846961629185 59.4850789014414
455.67985586650775 60.475425420782386
455.54124211672365 61.46577194012337
455.40262836693955 62.45611845946435
455.26401461715545 63.446464978805324
455.12540086737135 64.4368114981463
454.9867871175872 65.42715801748727
454.84817336780304 66.41750453682826
454.709559618019 67.40785105616925
454.5709458682349 68.39819757551022
454.43233211845086 69.3885440948512
454.2937183686667 70.37889061419217
454.15510461888255 71.36923713353315
454.01649086909845 72.35958365287414
453.87787711931435 73.34993017221512
453.7392633695303 74.34027669155611
453.60064961974615 75.33062321089709
453.46203586996205 76.32096973023806
453.32342212017795 77.31131624957905
453.1848083703938 78.30166276892001
453.0461946206097 79.29200928826099
452.9075808708256 80.28235580760196
452.76896712104156 81.27270232694295
452.6303533712574 82.26304884628392
452.49173962147324 83.2533953656249
452.35312587168914 84.24374188496589
452.21451212190505 85.23408840430686
452.07589837212095 86.22443492364783
451.93728462233685 87.21478144298881
451.79867087255275 88.20512796232978
451.66005712276865 89.19547448167076
451.52144337298455 90.18582100101173
451.3828296232004 91.1761675203527
451.24421587341635 92.16651403969368
451.10560212363225 93.15686055903466
450.9669883738481 94.14720707837563
450.828374624064 95.13755359771662
450.6897608742799 96.1279001170576
450.55114712449574 97.11824663639858
450.41253337471164 98.10859315573956
450.27391962492754 99.09893967508054
450.1353058751434 100.08928619442152
449.99669212535923 101.07963271376249
449.85807837557513 102.06997923310348
449.71946462579103 103.06032575244447
449.58085087600693 104.05067227178546
449.4422371262229 105.04101879112645
449.30362337643885 106.03136531046742
449.1650096266547 107.0217118298084
449.0263958768706 108.01205834914936
448.88778212704005 109.00240486848384
448.7491683771902 109.99275138781562
448.6105546273546 110.98309790714939
448.4719408775471 111.9734444264871
448.33332712776587 112.96379094582848
448.1947133780018 113.95413746517225
448.05609962824565 114.94448398451715
447.91748587849065 115.9348305038622
447.7788721287329 116.92517702320686
447.64025837897066 117.91552354255089
447.50164462920367 118.90587006189426
447.3630308794324 119.89621658123704
447.2244171296576 120.88656310057931
447.0858033798801 121.87690961992121
446.94718963010047 122.86725613926282
446.8085758803194 123.85760265860422
446.66996213053733 124.8479491779455
446.5313483807546 125.83829569728667
446.3927346309714 126.82864221662777
446.2541208811878 127.81898873596882
446.11550713140406 128.80933525530986
445.97689338162013 129.79968177465088
445.83827963183614 130.79002829399187
445.69966588205216 131.78037481333286
445.56105213226806 132.77072133267384
445.42243838248396 133.76106785201483
445.28382463269986 134.7514143713558
445.14521088291576 135.74176089069675
445.0065971331318 136.7321074100377
444.86798338334773 137.7224539293787
444.7293696335637 138.7128004487197
444.5907558837796 139.70314696806065
444.4521421339955 140.6934934874016
444.31352838421134 141.68384000674257
444.1749146344272 142.67418652608353
444.03630088464314 143.66453304542452
443.89768713485904 144.6548795647655
443.75907338507494 145.64522608410647
443.6204596352909 146.63557260344746
443.48184588550674 147.62591912278842
443.3432321357226 148.61626564212938
443.20461838593843 149.60661216147034
443.06600463615433 150.59695868081133
442.92739088637023 151.5873052001523
442.7887771365862 152.57765171949328
442.65016338680203 153.56799823883426
442.5115496370179 154.55834475817522
442.3729358872338 155.54869127751618
442.23432213743325 156.53903779685487
442.09570838759805 157.52938431618867
441.9570946377239 158.51973083551704
441.8184808878225 159.5100773548416
441.67986713791345 160.50042387416508
441.5412533880161 161.4907703934902
441.40263963814425 162.4811169128189
441.5162661673278 163.4746404464434
441.7583547113161 164.44489460740826
442.0616820297563 165.39778103185134
442.39399858177467 166.34094894333612
442.7400821797921 167.27915262227972
443.09272402666056 168.21491099271367
443.4484957951853 169.14948386238237
443.8057627545993 170.08348617485865
444.1637443217113 171.01721482795224
444.52206750624316 171.95081243689677
444.8805540189755 172.88434734261216
445.2391186235742 173.81785225654085
445.5977205670854 174.75134282752163
445.9563403640776 175.68482653986226
446.314968697705 176.61830697260825
446.6736011131329 177.5517858371812
447.0322354802803 178.48526395192243
447.390870780646 179.4187417081285
447.74950652723214 180.35221929289986
448.10814248717946 181.28569679569927
448.466778549146 182.2191742593036
448.82541465989317 183.15265170416671
449.18405079396496 184.08612914006864
449.54268693918937 185.01960657168578
449.9013230897465 185.95308400125418
450.2599592428535 186.8865614298429
450.61859539717966 187.82003885796325
450.9772315520888 188.7535162858596
451.33586770727675 189.68699371364886
451.6945038625979 190.6204711413869
452.0531400179828 191.55394856910047
452.4117761733982 192.4874259968023
452.7704123288282 193.42090342449856
453.1290484842651 194.35438085219215
453.4876846397053 195.28785827988446
453.8463207951472 196.22133570757615
454.2072618117426 197.15392435351768
454.56930412821794 198.08608601389705
454.9318728539763 199.01804305105162
455.29469324173164 199.94990214245388
455.65763395241265 200.88171437704318
456.0206321934024 201.81350420154138
456.383657942039 202.74528330939194
456.74669684335413 203.677057292787
457.1097420336012 204.60882882585636
457.4727902308973 205.54059918728672
457.82458908100705 206.47667480873054
458.1709905740381 207.41476116169912
458.5148073973311 208.35379789794575
458.8392645322025 209.29969829842724
459.15441510417463 210.24873998190887
459.44078756031195 211.20685835474484
459.70073040556986 212.17248235879572
459.9399689412178 213.14344318347457
460.1637590429534 214.11808054699247
460.3759951614784 215.09529896167442
460.57935301791497 216.0744034414035
460.77950027661404 217.05416926793308
460.9764348443954 218.0345859018254
461.1690726656425 219.0158558289225
461.3569803708921 219.9980425190725
461.54038985459033 220.981079121285
461.71985671176583 221.96484314135057
461.89600645571477 222.94920652329176
462.06941388154866 223.93405669700638
462.24056697679646 224.91930114281013
462.40987001611677 225.90486518480685
462.5776597485626 226.89068799124104
462.74422290440924 227.87671877935793
462.9098109393891 228.86291379185369
463.07465132264326 229.84923404818454
463.2389558594175 230.83564370912438
463.40292676322133 231.82210888474174
463.5667610635624 232.80859675695902
463.73065370780307 233.79507493774346
463.8991172635868 234.78078282062393
464.0814143367188 235.7640263190146
464.2718471937038 236.7457265415777
464.46391201548846 237.7271087832312
464.65450671409536 238.70877759747708
464.8431627677616 239.69082082127892
465.03057964556547 240.67310128729372
465.21766124140584 241.6554456650441
465.4050676865311 242.63772812153286
465.59307787350656 243.61989519978044
465.78161603610397 244.60196106378572
465.9703714300862 245.5839851985414
466.15896994347617 246.5660394744076
466.3471514897236 247.54817373490965
466.5349035849257 248.53039018292264
466.7225214990575 249.51263227034144
466.9105982613313 250.49478660215118
467.09927629371094 251.47682560346288
467.2897077662064 252.45852609459206
467.4833054385746 253.43960710106074
467.6814236651543 254.4197852319619
467.8853063986926 255.39878054909315
468.0937110193875 256.37682324451754
468.3096840659088 257.35322257019135
468.53498224874215 258.3275124289151
468.77044782972365 259.29939511739815
469.0165408465375 260.26864133331827
469.27353782699663 261.23505353938504
469.54157061955846 262.1984633286811
469.8206207217072 263.15873987243856
470.11051080202617 264.1157998190107
470.41090345896885 265.06961544671606
470.7213075905444 266.0202201359012
471.04109090147233 266.96771083984083
471.3694974030294 267.91224732390856
471.7056691166304 268.8540480347676
472.0486709810327 269.7933827573327
472.3975174982562 270.7305626266326
472.75119942587105 271.6659283808051
473.1052921542389 272.60113869924527
473.4620543473956 273.5353339344793
473.8219210569463 274.4683376597436
474.1839735319452 275.40049537458975
474.547001790579 276.33227350452916
474.90993144968087 277.26409004363126
475.2719047458688 278.1962785078631
475.63225575544163 279.12909529046294
475.99047144234714 280.06273415086605
476.3461611329863 280.9973382616921
476.72080736650724 281.9245060996312
477.0945021286733 282.85205783658694
477.4588119422721 283.7833356467572
477.8134739522019 284.71833022359317
478.1604538811884 285.6562027783043
478.5015970461642 286.5962141298263
478.83816156416106 287.53787453847985
479.1709262066918 288.48088444971165
479.50037447176646 289.42505807815047
479.8268296192522 290.3702707720348
480.15053427267657 291.31642894979973
480.47166528785533 292.2634637279839
480.7902776736694 293.2113488199681
481.1062072326622 294.1601314682889
481.4189888210377 295.10995654585486
481.72783914138574 296.06106720167827
482.0317199585156 297.01377725672154
482.32242877832425 297.9705888275575
482.6014745972461 298.93086661598244
482.87180832936633 299.89363329242997
483.1349110838636 300.8584011093559
483.3910104420509 301.82505157293417
483.6398440023769 302.7935978337062
483.8811683968077 303.7640423383805
484.11496950955546 304.736326782192
484.3414938111059 305.71033229593775
484.5612020955325 306.6858979112371
484.774702388116 307.6628409111438
484.9826869463069 308.64097302060253
485.18864577921636 309.6195336774586
485.38968784679025 310.59911628605556
485.58355879379417 311.58014332743
485.7727397850879 312.562085562255
485.9600538069381 313.54438564737063
486.1471882373697 314.5267199616176
486.33484451217214 315.508954720994
486.5232065736624 316.4910543767271
486.7021502619149 317.47491369412705
486.85328860202844 318.4634263152643
486.99387280528424 319.4534950410581
487.14092122340446 320.4426243363114
487.30189331452726 321.4295832948702
487.477663088647 322.41401459592976
487.6666229579 323.3959994063071
487.86723186508254 324.3756708136469
488.0793980752288 325.3529044086855
488.30220502559246 326.32776699534566
488.5404015314322 327.2989839765634
488.79957089214463 328.26481586797513
489.07541627416333 329.2260178889983
489.376256730469 330.1796923721684
489.7030156013467 331.12480011221857
490.0530097941973 332.06155198169677
490.4235241026977 332.990378740138
490.8128601043196 333.9114745428866
491.2201531692699 334.82477206245153
491.6449028678416 335.73008288949563
492.08657788436744 336.62725800048395
492.54436348024626 337.5163206238159
493.01704365623596 338.3975546740128
493.50296569967736 339.27155682944357
494.0001236518016 340.1392168842114
494.5063521159917 341.00161629402317
495.01955105768866 341.8598859755576
495.53762362664077 342.7152226421979
496.0586168441342 343.5687834586169
496.5805636635665 344.42176148745733
497.1019874685579 345.2750593343949
497.6224355165241 346.1289526704552
498.14197303903217 346.98340030647876
498.66496760831257 347.83573632032727
499.18997115918603 348.68683635649825
499.7149747100595 349.5379363926693
