0.7296121536223645
155572
1228
0.0 100.0
0.0 101.0
0.0 102.0
0.0 103.0
0.0 104.0
0.0 105.0
0.0 106.0
0.0 107.0
0.0 108.0
0.0 109.0
0.0 110.0
0.0 111.0
0.0 112.0
0.0 113.0
0.0 114.0
0.0 115.0
0.0 116.0
0.0 117.0
0.0 118.0
0.0 119.0
0.0 120.0
0.0 121.0
0.0 122.0
0.0 123.0
0.0 124.0
0.0 125.0
0.0 126.0
0.0 127.0
0.0 128.0
0.0 129.0
0.0 130.0
0.0 131.0
0.0 132.0
0.0 133.0
0.0 134.0
0.0 135.0
0.0 136.0
0.0 137.0
0.0 138.0
0.0 139.0
0.0 140.0
0.0 141.0
0.0 142.0
0.0 143.0
0.0 144.0
0.0 145.0
0.0 146.0
0.0 147.0
0.0 148.0
0.0 149.0
0.0 150.0
0.0 151.0
0.0 152.0
0.0 153.0
0.0 154.0
0.0 155.0
0.0 156.0
0.0 157.0
0.0 158.0
0.0 159.0
0.0 160.0
0.0 161.0
0.0 162.0
0.0 163.0
0.0 164.0
0.0 165.0
0.0 166.0
0.0 167.0
0.0 168.0
0.0 169.0
0.0 170.0
0.0 171.0
0.0 172.0
0.0 173.0
0.0 174.0
0.0 175.0
0.0 176.0
0.0 177.0
0.0 178.0
0.0 179.0
0.0 180.0
0.0 181.0
0.0 182.0
0.0 183.0
0.0 184.0
0.0 185.0
0.0 186.0
0.0 187.0
0.0 188.0
0.0 189.0
0.0 190.0
0.0 191.0
0.0 192.0
0.0 193.0
0.0 194.0
0.0 195.0
0.0 196.0
0.0 197.0
0.0 198.0
0.0 199.0
0.0 200.0
0.0 201.0
0.0 202.0
0.0 203.0
0.0 204.0
0.0 205.0
0.0 206.0
0.0 207.0
0.0 208.0
0.0 209.0
0.0 210.0
0.0 211.0
0.0 212.0
0.0 213.0
0.0 214.0
0.0 215.0
0.0 216.0
0.0 217.0
0.0 218.0
0.0 219.0
0.0 220.0
0.0 221.0
0.0 222.0
0.0 223.0
0.0 224.0
0.0 225.0
0.0 226.0
0.0 227.0
0.0 228.0
0.0 229.0
0.0 230.0
0.0 231.0
0.0 232.0
0.0 233.0
0.0 234.0
0.0 235.0
0.0 236.0
0.0 237.0
0.0 238.0
0.0 239.0
0.0 240.0
0.0 241.0
0.0 242.0
0.0 243.0
0.0 244.0
0.0 245.0
0.0 246.0
0.0 247.0
0.0 248.0
0.0 249.0
0.0 250.0
0.0 251.0
0.0 252.0
0.0 253.0
0.0 254.0
0.0 255.0
0.0 256.0
0.0 257.0
0.0 258.0
0.0 259.0
0.0 260.0
0.0 261.0
0.0 262.0
0.0 263.0
0.0 264.0
0.0 265.0
0.0 266.0
0.0 267.0
0.0 268.0
0.0 269.0
0.0 270.0
0.0 271.0
0.0 272.0
0.0 273.0
0.0 274.0
0.0 275.0
0.0 276.0
0.0 277.0
0.0 278.0
0.0 279.0
0.0 280.0
0.0 281.0
0.0 282.0
0.0 283.0
0.0 284.0
0.0 285.0
0.0 286.0
0.0 287.0
0.0 288.0
0.0 289.0
0.0 290.0
0.0 291.0
0.0 292.0
0.0 293.0
0.0 294.0
0.0 295.0
0.0 296.0
0.0 297.0
0.0 298.0
0.0 299.0
0.0 300.0
0.0 301.0
0.0 302.0
0.0 303.0
0.0 304.0
0.0 305.0
0.0 306.0
0.0 307.0
0.0 308.0
0.0 309.0
0.0 310.0
0.0 311.0
0.0 312.0
0.0 313.0
0.0 314.0
0.0 315.0
0.0 316.0
0.0 317.0
0.0 318.0
0.0 319.0
0.0 320.0
0.0 321.0
0.0 322.0
0.0 323.0
0.0 324.0
0.0 325.0
0.0 326.0
0.0 327.0
0.0 328.0
0.0 329.0
0.0 330.0
0.0 331.0
0.0 332.0
0.0 333.0
0.0 334.0
0.0 335.0
0.0 336.0
0.0 337.0
0.0 338.0
0.0 339.0
0.0 340.0
0.0 341.0
0.0 342.0
0.0 343.0
0.0 344.0
0.0 345.0
0.0 346.0
0.0 347.0
0.0 348.0
0.0 349.0
0.0 350.0
0.0 351.0
0.0 352.0
0.0 353.0
0.0 354.0
0.0 355.0
0.0 356.0
0.0 357.0
0.0 358.0
0.0 359.0
0.0 360.0
0.0 361.0
0.0 362.0
0.0 363.0
0.0 364.0
0.0 365.0
0.0 366.0
0.0 367.0
0.0 368.0
0.0 369.0
0.0 370.0
0.0 371.0
0.0 372.0
0.0 373.0
0.0 374.0
0.0 375.0
0.0 376.0
0.0 377.0
0.0 378.0
0.0 379.0
0.0 380.0
0.0 381.0
0.0 382.0
0.0 383.0
0.0 384.0
0.0 385.0
0.0 386.0
0.0 387.0
0.0 388.0
0.0 389.0
0.0 390.0
0.0 391.0
0.0 392.0
0.0 393.0
0.0 394.0
0.0 395.0
0.0 396.0
0.0 397.0
0.0 398.0
0.0 399.0
0.0 400.0
0.0 401.0
0.0 402.0
0.0 403.0
0.0 404.0
0.0 405.0
0.0 406.0
0.0 407.0
0.0 408.0
0.0 409.0
0.0 410.0
0.0 411.0
0.0 412.0
0.0 413.0
0.0 414.0
0.0 415.0
0.0 416.0
0.0 417.0
0.0 418.0
0.0 419.0
0.0 420.0
0.0 421.0
0.0 422.0
0.0 423.0
0.0 424.0
0.0 425.0
0.0 426.0
0.0 427.0
0.0 428.0
0.0 429.0
0.0 430.0
0.0 431.0
0.0 432.0
0.0 433.0
0.0 434.0
0.0 435.0
0.0 436.0
0.0 437.0
0.0 438.0
0.0 439.0
0.0 440.0
0.0 441.0
0.0 442.0
0.0 443.0
0.0 444.0
0.0 445.0
0.0 446.0
0.0 447.0
0.0 448.0
0.0 449.0
0.0 450.0
0.0 451.0
0.0 452.0
0.0 453.0
0.0 454.0
0.0 455.0
0.0 456.0
0.0 457.0
0.0 458.0
0.0 459.0
0.0 460.0
0.0 461.0
0.0 462.0
0.0 463.0
0.0 464.0
0.0 465.0
0.0 466.0
0.0 467.0
0.0 468.0
0.0 469.0
0.0 470.0
0.0 471.0
0.0 472.0
0.0 473.0
0.0 474.0
0.0 475.0
0.0 476.0
0.0 477.0
0.0 478.0
0.0 479.0
0.0 480.0
0.0 481.0
0.0 482.0
0.0 483.0
0.0 484.0
0.0 485.0
0.0 486.0
0.0 487.0
0.0 488.0
0.0 489.0
0.0 490.0
0.0 491.0
0.0 492.0
0.0 493.0
0.0 494.0
0.7716603938908703 493.36396522382796
1.463858669488426 492.642257840424
2.117339007632559 491.8853143500239
2.7525365751654363 491.1129646557789
3.362760903772495 490.32073598375547
3.956260408856039 489.5159016297014
4.608790519786411 488.75813883414514
5.436323967447622 488.1967224173902
6.395112083976709 487.91260035277253
7.3839280046666795 487.76345922836333
8.373152473653256 487.61705243221564
9.323649047312564 487.30631739482544
10.181940329704315 486.79315457995057
10.981566838952112 486.1926569149192
11.78368088520967 485.59548603753456
12.469236224424934 484.8674655179931
12.990796293877516 484.0142509529787
13.365868007997273 483.08725515510946
13.629265296444938 482.12256770912586
13.918511911690981 481.16531309536384
14.38414283512621 480.2803340881886
15.236332641328739 479.75710131570156
16.201096810162518 480.0202174469715
16.632257970457907 480.92249237949085
17.018136892862543 481.8450418129869
17.320999406451918 482.7980760714804
17.569705536854492 483.76665506190926
18.269694859340248 483.0525017531541
19.030490728246647 482.40351050062833
19.904186480384332 481.9170377545298
20.877232819699238 481.6864280809559
21.877005739707236 481.7077379007271
22.855957745681046 481.9118284933566
23.795842778620766 482.2533195252387
24.672428303629005 482.7345656341539
25.448255199570394 483.36551145396254
26.13726172785124 484.0902665877742
26.759274251812265 484.8732738802279
27.37145972887754 485.66398807743843
27.993073380164823 486.44731206438973
28.62600805866839 487.2215172650617
29.226035708833862 488.02149652669107
29.824185949673414 488.822880510424
30.413069804006486 489.63109818290206
31.023042681528537 490.42352047479415
32.0194701361804 490.50797358377184
33.015897590832274 490.59242669274954
34.01232504548414 490.67687980172724
35.00875250013601 490.76133291070494
36.00517995478788 490.84578601968263
37.00160740943974 490.9302391286603
37.998034864091615 491.014692237638
38.99446231874349 491.0991453466157
39.99088977339535 491.1835984555935
40.98731722804722 491.26805156457107
41.98374468269908 491.3525046735488
42.98017213735096 491.4369577825265
43.97659959200283 491.5214108915043
44.97302704665469 491.6058640004819
45.96945450130657 491.69031710945956
46.96588195595843 491.7747702184373
47.9623094106103 491.859223327415
48.95873686526217 491.94367643639276
49.9584511091177 491.9675810516867
50.95816535297324 491.9914856669807
51.957879596828775 492.01539028227455
52.95759384068431 492.03929489756854
53.957308084539854 492.0631995128625
54.9570223283954 492.0871041281565
55.95673657225093 492.1110087434505
56.95645081610647 492.13491335874437
57.956165059962004 492.15881797403836
58.95587930381754 492.1827225893323
59.955593547673075 492.2066272046262
60.95403282655388 492.2624752698388
61.95247210543467 492.3183233350513
62.950911384315475 492.3741714002639
63.949350663196284 492.4300194654764
64.9477899420771 492.48586753068895
65.94622922095787 492.5417155959015
66.94466849983868 492.59756366111407
67.94022113400065 492.69177062801765
68.93577376816262 492.78597759492123
69.93132640232459 492.8801845618248
70.92687903648655 492.9743915287284
71.9224316706485 493.068598495632
72.92009615290888 493.1369035528102
73.91776063516926 493.20520860998846
74.91542511742965 493.27351366716675
75.91308959969003 493.341818724345
76.90128505751323 493.4950170831403
77.88948051533644 493.6482154419356
78.86230434921166 493.87976195614897
79.83512818308685 494.11130847036225
80.78390577695555 494.4272532082085
81.73268337082425 494.7431979460547
82.59114924002347 495.256068642644
83.34444615418168 495.91374923314345
84.0806580807419 496.5905002946058
84.84576029784311 497.234409137057
85.55925729991475 497.93506741898534
86.37414690668922 498.51468360990043
87.3312325289034 498.80448890962924
88.3151391192591 498.6258053304883
89.17318435233382 498.1122312092577
90.13792474557424 497.8490279158696
91.1141164088277 498.06593765883764
91.9863609429467 498.55500766681143
92.96445345390096 498.34683696758793
93.8437982293388 497.87065132531154
94.5822363031376 497.19633002862554
95.17576055028252 496.39151392040515
95.64646195039622 495.50922134312077
96.02802588833117 494.5848788950705
96.38950633340575 493.65249920426385
96.75973322056018 492.7235578433438
97.19858508262925 491.82499841672893
98.00081849337391 491.22798790201
98.97945420491492 491.0223859951691
99.92041264954698 491.3609080852542
100.7922920971532 491.85062864725046
101.57163222927278 492.477229763167
102.45488467301979 492.94612753519726
103.3048406467361 493.47298125563964
103.96435737032552 494.2246711460239
104.79576495819515 494.78033419395206
105.72317809408919 494.4062955925067
106.51641310395539 493.79737998331063
107.20197743684236 493.06936793294796
107.83406453649683 492.29447058590745
108.44948349370569 491.5062704164658
109.19081343116328 490.83512965341447
110.1195635821908 490.4644233586658
110.99833315749795 490.941669661443
111.78447154331556 491.5597201758381
112.53986109805622 492.21499616394436
113.34177539200572 492.8124352530233
114.1949993758923 493.3339799139304
114.96723915814238 493.9693111021389
115.77012535255837 494.5654434354477
116.48323486423847 495.26649608992625
117.06377661578796 496.0807265700164
117.66751381816138 496.8779099808262
118.44886974511323 497.50199564435104
119.40699459776181 497.21564486866293
120.31487122802285 496.79640743685866
121.28490958268164 496.5534556093478
122.28168912798483 496.473264973578
123.26969476190206 496.3188471399323
124.18620811971478 495.91884305876454
125.00430921745925 495.3437686341295
125.99132982532058 495.18317498650583
126.96039874579625 495.42996523624856
127.59272025505567 496.20467131530563
128.198681473649 497.00016550231203
128.86591288556198 497.74501598593713
129.7469257148595 498.2181083602291
130.5850026239126 497.6725562595898
131.29814169547728 496.97153367464125
132.2476599492491 496.65782188692185
133.24622108954358 496.711446965885
134.16876239945913 497.0973453093633
134.94829919786633 497.72370174138024
135.82585111674382 498.2031833673832
136.81907322584235 498.31941521326826
137.66437451570798 497.7851252832195
138.36991206491777 497.07645274483866
139.01377373938303 496.3113108337171
139.5476026455503 495.4657183201857
139.9237625694946 494.53916356647807
140.2736815566442 493.60238360168796
140.92049878332563 492.8397385497351
141.47670581426527 492.00869478510333
141.95653917202634 491.1313351389036
142.42032748378747 490.24538908982737
142.81249165935816 489.3254938461181
143.25289092053436 488.42769181295296
143.67934734394285 487.52318370412604
144.12397172055282 486.6274665815231
144.49846527218716 485.70023706312736
144.7945894659298 484.74508761833863
145.0378251791171 483.7751204086711
145.21549065091432 482.7910294676849
145.55382935803965 481.8500050688191
146.07292059911234 480.9952862358444
146.56813141219246 480.12651339406784
146.94500072976774 479.2002469542837
147.46484661201634 478.3459868892514
148.01152975308503 477.5086473265462
148.57051539509416 476.6794699920588
149.13016354937253 475.8507396719831
149.71481503147746 475.0394551075592
150.29809354835066 474.2271828799445
150.8020181788949 473.36343525087057
151.1933268401029 472.4431757593881
151.52785391077697 471.5007896182622
151.89210178793098 470.56948758133285
152.42710590091212 469.7246381278246
153.1218418744701 469.00537327601796
153.8361637545035 468.3055559772138
154.7520824298593 467.90419207732435
155.67722079993987 468.28382215543286
156.55129680449807 468.76961134660075
157.34254004215538 469.38111289104813
158.01342119348502 470.1226777774813
158.59815020121457 470.9339064675062
159.15057635863656 471.76746830720134
159.67536430710814 472.618701300652
160.17045603835214 473.4875420096739
160.64864552209818 474.3657987020109
161.16405173986152 475.2227446925441
161.67785825588936 476.0806507853581
162.22382582371011 476.9184570964395
162.80622946290356 477.7313568449043
163.40128549168503 478.5350410631212
164.16371465669613 479.18211275029387
165.06386178560095 479.6176987306977
165.99316033201802 479.9870281387159
166.8508444229593 480.50120515117976
167.61940545207963 481.14098163130194
168.26150051358675 481.90760665827935
168.91165586262318 482.66740796264736
169.72844055425662 483.24435056595655
170.72452267429958 483.33278364874076
171.44702954060486 482.64141990356626
172.08482323334144 481.87121265515486
172.8485807052093 481.22570934442285
173.8471437736501 481.1721201818425
174.7969977656247 481.4848139520552
175.55016496170384 482.142643090016
176.08241842136925 482.9892281446173
176.57232495259095 483.86100311022847
177.1064232203522 484.70642551374897
177.63650522669758 485.55437189563224
178.17090977706357 486.39960072651064
178.77376439821217 487.19745178138226
179.43402954748404 487.9484843590092
180.1779464954031 488.6167564402747
181.07774897001266 489.05305393818924
182.07366953687597 489.1432882138205
183.06039443502073 489.30568887693846
183.99043554234805 488.938233384829
184.84155191597185 488.41325632004475
185.56161570177795 487.7193484411656
186.32091681485954 487.06860900047286
187.00417061758964 486.33842803587925
187.7160881819477 485.6361649928829
188.36625281537403 484.87637163318465
188.96628229362892 484.07639374272446
189.7569114940197 483.4640984973653
190.68074258322417 483.8468988612879
191.37113475203748 484.57033417507984
191.90095500174863 485.4184441343399
192.52280491917907 486.2015805721282
193.22412606519936 486.9144260323401
193.92298944297195 487.62968121701783
194.57923305361936 488.3842303032173
195.19388355242845 489.173029874917
195.73045176812127 490.0168868236401
196.40585583904226 490.75433468009055
197.31120175835775 491.1790095750147
198.25380641822454 490.84509872583874
199.24238417451403 490.6943870150474
200.17544671137026 491.0541012103684
201.09467093404493 491.44783567475804
202.0633006705479 491.6963440922456
203.05074631900519 491.85430323678236
203.99727882583824 492.1769116891023
204.83335188331125 492.72552980999126
205.74639535895355 493.1333920558379
206.73943447661694 493.01560703645794
207.66626739985844 492.6401330261782
208.63441896106787 492.3897681833433
209.5819509007866 492.0701070765241
210.39629562054964 491.48972558354376
211.1114316123198 490.7907402380072
211.67074815388008 489.9617860738117
212.18976682339036 489.1070231706042
213.12160025782188 488.74413689299706
214.03122350116416 489.15957106969836
214.86958766952245 489.7046816284045
215.63482602230283 490.34842867766685
216.37465998033844 491.02121818006515
217.06464023564277 491.74504636913366
217.7212449512524 492.499281244646
218.3212220078788 493.2992984516622
218.8299147965521 494.16024656087194
219.25351457148435 495.0660960134176
219.59321270629312 496.0066305301725
219.97032120888775 496.9327996169331
220.47064115867337 497.79864021880303
221.45013453577533 498.0001165802289
222.43878157006225 497.8498599943643
223.4381537814024 497.8852885591259
224.3939674244934 498.17926182267394
225.28619745112118 498.63084302199894
226.24761525984758 498.9059353647927
227.16727276972952 498.5132140074441
227.92622222188407 497.8620644631194
228.46827218902567 497.02171820524603
229.07151467364 496.22416036737076
229.6979254125702 495.44466720758487
230.3142828191488 494.65720067029224
230.96761129693306 493.9001261032144
231.68025323144496 493.19859814712487
232.56144349662014 492.72583635027524
233.5613611156233 492.7386720507641
234.4701183916077 492.3213469816089
235.23351869795724 491.675421310757
236.19777410968754 491.41044678188894
237.16924627895074 491.6476003699856
238.1023032049065 492.0073291190813
239.1019702476225 491.98152594665135
239.88332221503236 491.35743532580796
240.56234775081063 490.62332067416213
241.1211215233564 489.7940005483272
241.67767382022714 488.96318796967427
242.44642343903143 488.32363810954746
243.4464233291203 488.3241069616415
244.42042266169761 488.55065783923624
245.31370353610203 489.00015675961686
246.025896322108 489.7021406878952
246.605992119544 490.5166889466234
247.59184539831864 490.34907834812407
248.55113309281631 490.0666476146949
249.54120919970808 489.9261154028641
250.52295763676386 489.73593126488595
251.457903912424 489.3811419448251
252.30811650874153 488.85470245061606
253.2338846780596 488.47661079945533
254.22396431557087 488.33610346375497
255.2171700095455 488.21973143336794
256.1602188886685 487.88707724117313
256.8542318150769 487.1671147018851
257.4623666786822 486.37328097391196
258.1327032050374 485.63122373795636
259.0143975984642 485.15940280094776
260.0143948269268 485.1570484290115
261.01191652985756 485.08668897916954
261.9878063975639 484.8684254547131
262.89790942972576 484.4540434198108
263.8353253172294 484.1058316252723
264.7571945851304 483.71833058927405
265.6780180959588 483.3283510232638
266.67157276505156 483.4417049800713
267.60722777488377 483.794620979391
268.4920892017151 484.2604753078093
269.46680458206646 484.48392536331744
270.4408147660689 484.2574211437994
271.3658001482446 483.8774184559651
272.15041197838366 483.2574311367352
272.6798005846081 482.40905167941685
273.0638162391847 481.4857250974102
273.5229546839363 480.5973603702
274.2168840811682 479.87731732172483
275.20032841802094 480.05852779689747
276.071278752325 480.54989885340734
276.79201525493863 481.24310798043916
277.65258882258985 481.75243413788655
278.60901489289876 482.044408746429
279.56298933219966 482.3442966740961
280.50506156649715 482.6797067296486
281.4994276366635 482.57370617067875
282.4971727366193 482.6408233481684
283.4150438963569 483.0377018360232
284.18494237846073 483.6758682149983
285.11002196018364 484.0556415256447
286.1077303570524 484.1233021110514
287.01607121080946 483.70507144097104
288.01563254130815 483.7346881013439
288.9461253390209 484.10099828875985
289.6450716039496 484.8161724764528
290.4241226792912 485.44313293932834
291.35932885768244 485.79723660197374
292.2717480326824 485.3879796544549
293.0759021730554 484.79355882833846
293.75461200058714 484.05915228560355
294.27992677821504 483.20824430914206
294.7258138719545 482.31315509591434
295.14666556248073 481.40602563735774
295.6110557518549 480.52039492875906
296.22260360664956 479.72918748358677
296.8151762313353 478.92367045429876
297.3656143856272 478.08879451243695
297.92222833511914 477.2580232375177
298.43870423756107 476.4017215137095
299.12125228587945 475.6708807911599
300.05563968365374 475.3146221900278
301.0413771510518 475.4829125503213
302.03864773935027 475.4090791316354
302.9783908502275 475.0671977405671
303.81538514649947 474.51998612884074
304.6651874179346 473.9928845262405
305.41898759550855 473.33578081122323
306.05361816780805 472.5629651561652
306.73525492608724 471.8312744224787
307.3280909224795 471.0259512070046
307.8151482237785 470.1525811907736
308.3635330653623 469.31635510560216
309.33780170626915 469.0909651871376
310.1987000960711 469.5997421151094
310.9436453436142 470.26686772409386
311.5705281157874 471.04598131655166
312.0872668713805 471.9021244462141
312.5063607413007 472.8100673564212
312.91388923901354 473.72325984628947
313.5509228401026 474.4940958801407
314.5007149346809 474.8069776103147
315.4508713425071 475.1187512472161
316.39734812405317 475.441523151189
317.2880403094436 475.89613004828186
318.03585318249435 476.5600396105715
318.7184082894511 477.29087374084133
319.35653747574656 478.0608030503223
320.3352773541605 478.26590851198114
321.3298080292493 478.3703534080146
322.3174477132366 478.52709477017993
323.17784871174445 479.03671239327264
323.9412264866928 479.6826646923745
324.5566899627365 480.4708300999231
324.9987579681029 481.3678116374317
325.47428147144933 482.24751465423066
325.91140035492356 483.14691839099754
326.4589968077137 483.9836609588711
327.1021272045152 484.74941763870476
327.62660018231617 485.60084473221104
328.0708005289948 486.49677221365727
328.5766506309501 487.35939361053534
329.11857246857693 488.19982250217527
329.9743608247293 488.71714859805104
330.9736366383346 488.75519920045633
331.8878729482907 488.3500177971839
332.7563432698381 487.854276634286
333.544006906137 487.2381711270452
334.2066220291083 486.48921104879685
334.7634860661502 485.65860738624207
335.2592450421775 484.7901472330465
335.76414425831877 483.926968930759
336.2522355126956 483.0541763280172
336.666892252743 482.14419842282757
337.1398032520631 481.2630882215916
337.69766450375613 480.433153992957
338.38085249871034 479.7029114554734
339.3787284038148 479.63776793690124
340.31404262558215 479.9915861198141
341.29228370297204 480.1990575503945
342.29121689744306 480.1528788433542
343.22706351169944 479.8004712461249
344.0606476690208 479.24807876548925
344.8973758441716 478.70046032085037
345.6616959888165 478.05562335192724
346.4304841007801 477.41611976405346
347.1731825366129 476.7464937240793
347.83749630943373 475.9990399052781
348.365851356604 475.15001638138153
348.7590595935844 474.23056693613137
349.61640440144726 473.71582439812755
350.58670120654494 473.9577419667685
351.56948013807903 474.1425271710807
352.5687840573397 474.10522198444073
353.5310511030055 473.8331151436123
354.5277644057133 473.91412497144387
355.3174592293557 474.52762483738707
355.9968131995525 475.2614355644672
356.5475995074781 476.0960818626089
356.9752610637838 477.00002079487047
357.32624734807297 477.936401394969
357.63876805211373 478.8863123431878
357.9532543128962 479.835574368015
358.26472113178863 480.7858313967862
358.6267172833463 481.7180109858448
359.0215108732957 482.6367808271733
359.39807128919955 483.56317288951755
359.80322840311635 484.4774199639141
360.2612125229968 485.3663803375739
361.1099984519492 485.8951169892375
361.96763555457886 486.40937237345145
362.789648210063 486.97884159494106
363.6970639610144 487.399075642735
364.6274060545222 487.03238287072077
365.4834957034005 486.5155555174551
366.2041273808786 485.8222374191661
366.83157430557833 485.0435780862837
367.3746258740284 484.20387873889564
367.84073401268245 483.3191509824188
368.21543403444764 482.3920048808312
368.6173961569227 481.47634858500004
369.12093296022636 480.612374807783
369.59861810098414 479.7338437005937
370.09648763852266 478.8665917628091
370.5226465373462 477.96194343724073
370.913041980344 477.0412961659764
371.2794042153566 476.110823859695
371.5959114655861 475.16223376879583
371.9117754592684 474.2134292907842
372.3144659844733 473.2980931006823
372.73413327582307 472.39041509358333
373.2999841164463 471.56590746707775
373.7520555562101 470.67392573332427
374.1459313616748 469.75476206461803
374.9972240259898 469.23007091767204
375.9641993144541 468.97520077132424
376.94885121202583 468.80067100134676
377.9466006133957 468.7336177980964
378.8756230575649 469.10364117334433
379.7077293977471 469.6582572915996
380.3855882989797 470.3934493141486
381.3615080578348 470.6115791476796
382.1058373090161 469.94376632522415
382.7133356971699 469.1494454150181
383.3712935501148 468.39639066020396
384.19667203260445 467.83181085128143
385.1529478310599 467.53934444758977
386.01480441175016 467.0321923655463
386.74351095226154 466.3473662724278
387.36379511313476 465.5629890928963
387.9011657732663 464.71964291627023
388.4221776552171 463.86609349247215
388.9059538938184 462.990901770068
389.37106118443245 462.1056474516839
389.8639310423685 461.23554441000545
390.7477412392142 460.76769877739616
391.67167759170434 460.385152549409
392.5159448977783 459.849230245437
393.32702000867386 459.26428822738245
394.20388921449444 459.7450172528048
394.8911728648915 460.4714063936218
395.7620500034087 460.9629071663659
396.7125329218021 460.65213036246575
397.5554889628853 460.1141479159107
398.31064479878466 459.4586025982498
398.985318654211 458.72048662578743
399.97930585616905 458.6109903137779
400.90677699463015 458.9848850681162
401.5463011202654 459.75365609562084
402.1210835334606 460.571962381483
402.6258858820467 461.43519733725225
403.06030016532713 462.33591051606226
403.4296585475672 463.26519754678475
403.7722376427068 464.2046865374458
404.07492826797477 465.1577754028591
404.37293678365086 466.11233861427286
404.6554985842017 467.0715877106339
404.97957653832106 468.01761809051277
405.3634514476897 468.94100319649897
405.8712610512602 469.80247252649366
406.48683055087434 470.5905551307585
407.1303134273818 471.35601563767034
407.80875552248233 472.09066951780403
408.46676827762343 472.84367630002555
409.1755964139763 473.5490575254027
409.88530238636395 474.25355552593726
410.54299120471734 475.0068452565276
411.09328610589597 475.8418156282994
411.64734910996776 476.67429036516467
412.19730537828525 477.5094838175685
412.6961191986225 478.3761929802294
413.1912782557625 479.24499532146257
413.7501576893075 480.07424424594814
414.376033002807 480.8541673780271
415.0693937368845 481.57475803328117
415.7189758463797 482.3350494793884
416.43901797323304 483.0289798329229
417.4387843442 483.0073649426025
418.22254308357344 482.38629953666225
418.87007046164524 481.62425734974113
419.414853489146 480.7856803091854
420.017744265563 479.9878565744474
420.70450171914774 479.2609699258247
421.7021182388066 479.1919678990147
422.62481818612173 479.57748677951815
423.2860142196579 480.32769995271366
423.9251671707814 481.0967796007802
424.5545471113529 481.8738773362075
425.199152719925 482.6383926136202
425.9498847822823 483.2989994335584
426.7156850419543 483.9420779375423
427.3821268970005 484.6876349466587
428.0187686550273 485.4587946395477
428.6682729797121 486.2191525369985
429.23887202706874 487.0403813279915
429.6760897803733 487.9397370063498
430.1901410340137 488.7974964764991
430.83705213429675 489.5600619021057
431.8362062422592 489.51893929832437
432.52160364145027 488.7907700836619
433.27753498333175 488.13611917946855
434.2774432354106 488.1496649324789
435.1176535651818 488.69192557252734
435.7654116939443 489.4537716243135
436.47436979128804 490.15902222956726
437.17854419790257 490.86904927487547
437.9867867124191 491.45789903307195
438.9171370962698 491.8245707708278
439.7545044385593 492.3712113603078
440.4672299675208 493.0726543874787
441.1255522680098 493.8253905621633
441.96302393570886 494.37187130821144
442.9521445819245 494.2247647236204
443.82437010668684 493.735660814463
444.541376240953 493.0385939572501
445.18523486338 492.2734494778696
445.8839967046439 491.558095097724
446.7728282058692 491.09986091913237
447.6541800547536 491.5723214132141
448.317529148423 492.32063149595257
448.9610745508691 493.0860394361978
449.96030818133795 493.1251821461202
450.9092931166114 492.80986073450345
451.5281667674786 492.0243701844251
452.00389314805705 491.1447768631557
452.3384290577786 490.2023938597506
452.7452759785289 489.2888975088679
453.0816218761165 488.34715899039475
454.07429970719375 488.4679510583785
454.5818135793862 489.3295946445162
455.03291960482375 490.22206501030655
455.6884965570902 490.97719338327175
456.65658569307556 491.22779949809586
457.43267751317774 491.8584194206882
458.1344708526932 492.5708000132171
458.6979621181156 491.744677992089
459.22942193127665 490.89759448558283
459.7159176579478 490.0239115293964
460.16214607911786 489.1289924290638
460.53632007199224 488.20163390990496
461.280088186528 487.53319618520663
462.2708710501272 487.3977365336557
463.1087375623291 487.94361170961685
463.9797908348092 488.4348002645545
464.4753153703899 489.30339420572466
464.94145178109954 488.4186813446162
465.7512864176243 487.8320231293965
466.65599402756027 487.4059901018926
467.3834814687295 486.71986910458884
468.0122792387385 485.9423002237611
468.6880339266743 485.2051736391552
469.4846568816147 484.6006971154902
470.2222439213084 483.9254450448708
471.02154226789617 483.3245106448386
471.46716751706015 482.4292910419995
472.08155733007277 481.6402884072343
472.7700783159564 480.9150719898817
473.1577727498189 479.993284039238
473.806541571527 479.232298483541
474.2363856787146 478.32939536386755
474.9973054953112 477.680549440161
475.6454329378533 478.4420813293316
476.22185892705943 479.25923069081193
476.8342632612058 480.0497753963907
477.37402317097747 480.8915944029493
477.82077482937865 481.7862524134291
478.3501774583002 482.63462312042634
478.9219950269495 483.4550039272374
479.5040066622825 484.2681843846618
480.32573348322705 484.83806597915355
481.3137405444911 484.6836572783225
481.8569173797177 483.8440389568971
482.71346971798977 483.327978793931
483.6013356216261 483.788081105553
484.446351734898 484.32282194774746
485.0002897269038 483.4902640212267
485.79750286452236 482.88656607257326
486.79429947716676 482.966544275983
487.49216090648724 483.6827770771495
487.9700577811883 484.5611930248366
488.653005758438 485.29166004008823
488.93085382709927 486.25228507137837
489.15492599154595 487.22685762646097
490.04382607431995 487.68495875377283
490.94746610582706 488.11325151983107
491.6499119693607 488.8249886966066
492.03845719238046 489.74641835190783
492.5670953480512 490.59526562931944
493.09039314430464 489.74311575022756
494.07023063017687 489.54331960091645
494.92232802821184 490.06670284889265
495.48592510364153 490.892752687926
495.94117270477545 491.783117569119
496.358606994477 492.6918246802287
496.63604575898114 493.65256800284425
496.89550419769444 494.61832227727456
497.19203536316274 495.5733454539075
497.5950557694114 496.4885364460764
498.25051790964994 497.2437644796622
499.0637830905885 497.8256577219953
499.44647900222196 496.90178335866494
499.68577863856524 495.9308375908457
499.8264050650921 494.940774861438
499.9059232368446 493.94394144488274
499.94975585292116 492.94490255586595
499.9734774789331 491.9451839532285
499.9861342472063 490.94526405332806
499.9928102201949 489.945286337884
499.9962980644927 488.94529242043143
499.99810556636737 487.9452940539643
499.9990357507636 486.9452944865859
499.9995115449178 485.94529459977593
499.9997536185201 484.94529462907576
499.999876197892 483.94529463658864
499.99993800657614 482.9452946384988
499.99996905434875 481.94529463898084
499.9999845968116 480.94529463910163
499.9999923531235 479.9452946391317
499.9999962128476 478.9452946391392
499.9999981285471 477.945294639141
499.9999990770982 476.9452946391415
499.99999954573656 475.9452946391416
499.99999977679977 474.9452946391416
499.9999998905114 473.9452946391416
499.99999994637363 472.9452946391416
499.99999997377193 471.9452946391416
499.9999999871893 470.9452946391416
499.99999999375063 469.9452946391416
499.99999999695495 468.9452946391416
499.99999999851786 467.9452946391416
499.99999999927934 466.9452946391416
499.99999999964996 465.9452946391416
499.99999999983015 464.9452946391416
499.9999999999176 463.9452946391416
499.99999999996 462.9452946391416
499.99999999998056 461.9452946391416
499.99999999999056 460.9452946391416
499.99999999999534 459.9452946391416
499.99999999999767 458.9452946391416
499.99999999999875 457.9452946391416
499.9999999999993 456.9452946391416
499.9999999999996 455.9452946391416
499.9999999999998 454.9452946391416
499.99999999999983 453.9452946391416
499.9999999999999 452.9452946391416
499.9999999999999 451.9452946391416
499.9999999999999 450.9452946391416
499.9999999999999 449.9452946391416
499.9999999999999 448.9452946391416
499.9999999999999 447.9452946391416
499.9999999999999 446.9452946391416
499.9999999999999 445.9452946391416
499.9999999999999 444.9452946391416
499.9999999999999 443.9452946391416
499.9999999999999 442.9452946391416
499.9999999999999 441.9452946391416
499.9999999999999 440.9452946391416
499.9999999999999 439.9452946391416
499.9999999999999 438.9452946391416
499.9999999999999 437.9452946391416
499.9999999999999 436.9452946391416
499.9999999999999 435.9452946391416
499.9999999999999 434.9452946391416
499.9999999999999 433.9452946391416
499.9999999999999 432.9452946391416
499.9999999999999 431.9452946391416
499.9999999999999 430.9452946391416
499.9999999999999 429.9452946391416
499.9999999999999 428.9452946391416
499.9999999999999 427.9452946391416
499.9999999999999 426.9452946391416
499.9999999999999 425.9452946391416
499.9999999999999 424.9452946391416
499.9999999999999 423.9452946391416
499.9999999999999 422.9452946391416
499.9999999999999 421.9452946391416
499.9999999999999 420.9452946391416
499.9999999999999 419.9452946391416
499.9999999999999 418.9452946391416
499.9999999999999 417.9452946391416
499.9999999999999 416.9452946391416
499.9999999999999 415.9452946391416
499.9999999999999 414.9452946391416
499.9999999999999 413.9452946391416
499.9999999999999 412.9452946391416
499.9999999999999 411.9452946391416
499.9999999999999 410.9452946391416
499.9999999999999 409.9452946391416
499.9999999999999 408.9452946391416
499.9999999999999 407.9452946391416
499.9999999999999 406.9452946391416
499.9999999999999 405.9452946391416
499.9999999999999 404.9452946391416
499.9999999999999 403.9452946391416
499.9999999999999 402.9452946391416
499.9999999999999 401.9452946391416
499.9999999999999 400.9452946391416
499.9999999999999 399.9452946391416
499.9999999999999 398.9452946391416
499.9999999999999 397.9452946391416
499.9999999999999 396.9452946391416
499.9999999999999 395.9452946391416
499.9999999999999 394.9452946391416
499.9999999999999 393.9452946391416
499.9999999999999 392.9452946391416
499.9999999999999 391.9452946391416
499.9999999999999 390.9452946391416
499.9999999999999 389.9452946391416
499.9999999999999 388.9452946391416
499.9999999999999 387.9452946391416
499.9999999999999 386.9452946391416
499.9999999999999 385.9452946391416
499.9999999999999 384.9452946391416
499.9999999999999 383.9452946391416
499.9999999999999 382.9452946391416
499.9999999999999 381.9452946391416
499.9999999999999 380.9452946391416
499.9999999999999 379.9452946391416
499.9999999999999 378.9452946391416
499.9999999999999 377.9452946391416
499.9999999999999 376.9452946391416
499.9999999999999 375.9452946391416
499.9999999999999 374.9452946391416
499.9999999999999 373.9452946391416
499.9999999999999 372.9452946391416
499.9999999999999 371.9452946391416
499.9999999999999 370.9452946391416
499.9999999999999 369.9452946391416
499.9999999999999 368.9452946391416
499.9999999999999 367.9452946391416
499.9999999999999 366.9452946391416
499.9999999999999 365.9452946391416
499.9999999999999 364.9452946391416
499.9999999999999 363.9452946391416
499.9999999999999 362.9452946391416
499.9999999999999 361.9452946391416
499.9999999999999 360.9452946391416
499.9999999999999 359.9452946391416
499.9999999999999 358.9452946391416
499.9999999999999 357.9452946391416
499.9999999999999 356.9452946391416
499.9999999999999 355.9452946391416
499.9999999999999 354.9452946391416
499.9999999999999 353.9452946391416
499.9999999999999 352.9452946391416
499.9999999999999 351.9452946391416
499.99999999999994 350.9452946391416
