0.09324250870623546
147003
851
0.0 100.0
0.0 101.0
0.0 102.0
0.0 103.0
0.0 104.0
0.0 105.0
0.0 106.0
0.0 107.0
0.0 108.0
0.0 109.0
0.0 110.0
0.0 111.0
0.0 112.0
0.0 113.0
0.0 114.0
0.0 115.0
0.0 116.0
0.0 117.0
0.0 118.0
0.0 119.0
0.0 120.0
0.0 121.0
0.0 122.0
0.0 123.0
0.0 124.0
0.0 125.0
0.0 126.0
0.0 127.0
0.0 128.0
0.0 129.0
0.0 130.0
0.0 131.0
0.0 132.0
0.12401744174286489 132.99228003816643
0.24797969625314414 133.9845669722015
0.371930984462205 134.97685527614914
0.49586594374454906 135.96914561968157
0.6197792956656494 136.96143866168865
0.7436658512537557 137.95373504954085
0.8675205243422419 138.94603541735
0.9913383530258302 139.93834038322495
1.1151145265296414 140.930650545862
1.2388444135895589 141.92296648095936
1.3625235883850129 142.91528873795147
1.48614785070533 143.90761783747732
1.6097132380270947 144.8999542698711
1.7332160283089095 145.8922984948216
1.8566527334250629 146.88465094220612
1.9800200841525395 147.87701201398113
2.10331500840851 148.86938208691396
2.2265346049417385 149.86176151587762
2.3496761148775143 150.85415063740743
2.4727368934086673 151.846549773233
2.595714383562236 152.83895923354436
2.7186060934309046 153.8313793198211
2.841409577633801 154.82381032712973
2.9641224231522534 155.81625254587334
3.0867422391418486 156.80870626304443
3.2092666498879603 157.80117176308528
3.3316932897418656 158.79364932850126
3.4540197986003403 159.7861392404049
3.576243816186099 160.77864177920526
3.6983629729374643 161.77115722571193
3.8203748746052275 162.7636858630073
3.9422770765882102 163.7562279795705
4.064067042581847 164.74878387431056
4.1857420803273975 165.7413538643816
4.307299245321758 166.73393829688018
4.4287352016083315 167.72653756572979
4.550046027672643 168.71915213517735
4.671226955545045 169.71178257130146
4.792272032995366 170.70442958269325
4.91317370260872 171.69709407096946
5.033922297751927 172.6897771909886
5.154505463849514 173.682480419579
5.274907523480932 174.67520563031786
5.395108814703724 175.66795517052847
5.515085042508867 176.66073193534606
5.634806692055323 177.65353943261323
5.75423855794233 178.64638183169313
5.873339164519435 179.63926402284824
5.99206011538914 180.63219168175627
6.110345825600593 181.62517128414484
6.228134100439554 182.61821001567068
6.345357657861914 183.6113155677573
6.46194629868786 184.60449585795155
6.577829261223142 185.59775873302243
6.692937373747582 186.59111170273212
6.807204817166826 187.58456172733045
6.920570498702903 188.57811505868708
7.032979143526299 189.57177712225246
7.144382227522668 190.5655524252642
7.254738831640119 191.55944448174097
7.364016435548993 192.55345575194065
7.472191615096463 193.54758759959964
7.5792505785459525 194.54184027289006
7.685189472406453 195.53621291469375
7.790014402866362 196.53070360542648
7.893741144981483 197.52530943839258
7.996394541020173 198.520026624472
8.098007616071724 199.51485062045248
8.198620459891828 200.50977627378464
8.298278937683161 201.5047979759622
8.397033299144464 202.49990981695916
8.494936755513473 203.495105733968
8.592044089686699 204.49037964885264
8.68841035612187 205.48572559006772
8.784089716357233 206.4811377961537
8.879134443728232 207.4766107992025
8.973594118188688 208.47213948784025
9.067515019860725 209.46771915026267
9.160939718708068 210.46334549867117
9.253906848068954 211.45901467709257
9.3464510420715 212.45472325501908
9.43860301141251 213.45046820958655
9.53038972868926 214.4462468991213
9.621834693365756 215.44205703084086
9.712958247327792 216.43789662531043
9.803777914515468 217.43376397995758
9.894308741910574 218.42965763356278
9.984563623741382 219.42557633320934
10.074553595681818 220.4215190047272
10.164288090632608 221.41748472723776
10.253775152015553 222.41347271202727
10.343021604124779 223.40948228566896
10.432033181808265 224.40551287708587
10.520814623560561 225.40156400810295
10.609369733052597 226.39763528696952
10.697701414341857 227.39372640432808
10.785811685674712 228.38983713114797
10.873701676105586 229.38596731821292
10.96137160829345 230.3821168968356
11.048820769939438 231.37828588055646
11.13604747549872 232.37447436765984
11.223049019085341 233.37068254440481
11.309821618898358 234.36691068891878
11.396360353007298 235.36315917574262
11.482659085903002 236.35942848105148
11.568710384801179 237.35571918860524
11.654505424242409 238.35203199651613
11.740033877041657 239.34836772495396
11.825283789099432 240.3447273249449
11.91024143501175 241.34111188845492
11.994891150841333 242.33752265997938
12.079215139886998 243.33396104988185
12.163193246875519 244.33042864972975
12.24680269577686 245.3269272498564
12.330017786501923 246.3234588593278
12.412809546188797 247.32002572839778
12.495145331741014 248.3166303733887
12.576988381878285 249.31327560372108
12.658297319320756 250.30996455053048
12.739025606949518 251.30670069594538
12.819120965915108 252.3034879016579
12.898524768666153 253.30033043491412
12.97717142559856 254.29723298950677
13.054987790210053 255.29420069881266
13.131892613880042 256.2912391374379
13.207796087154316 257.288354307689
13.282599509081138 258.2855526069596
13.356195129065593 259.2828407722955
13.428466206254882 260.28022579895367
13.499287329113933 261.2777148307515
13.568525032248706 262.27531502144143
13.636038738572353 263.2730333681999
13.701682042758783 264.2708765205117
13.765304337057763 265.26885057010827
13.82675276370989 266.26696082998035
13.885874460391499 267.2652116125904
13.942519047498106 268.2636060190008
13.996541289872141 269.2621457514746
14.04780385199592 270.26083096200114
14.096180055764584 271.25966014805294
14.14155654455314 272.25863010469095
14.183835756913656 273.2577359390259
14.222938118042705 274.2569711492513
14.258803866931071 275.2563277663088
14.291394451277693 276.2557965521205
14.320693439941937 277.2553672445996
14.346706922814274 278.255028836694
14.369463389260488 279.2547698747808
14.389013097456125 280.25457876097323
14.405426966758213 281.2544440443462
14.418795042694697 282.25435468762674
14.42922459834545 283.2543002983321
14.436837946267929 284.2542713163789
14.441770041398371 285.2542591535237
14.444165957531897 286.25425628331254
14.444178318300548 287.25425628323615
14.441964758485437 288.25425383330963
14.437685483628465 289.2542446771711
14.43150098595423 290.25422555298246
14.423569963311834 291.2541941019278
14.414047475919375 292.2541487620168
14.403083363799528 293.2540886543331
14.390820936499145 294.2540134679449
14.377395936441694 295.2539233485709
14.362935768399897 296.2538187948752
14.347558980306085 297.25370056507995
14.331374975035857 298.25356959549015
14.314483928903044 299.25342693159394
14.29697689030531 300.25327367164937
14.278936031110977 301.2531109221054
14.260435023785515 302.2529397638218
14.241539518699593 303.25276122782805
14.222307698306855 304.25257627926726
14.202790887696334 305.25238580817944
14.183034204188607 306.2521906258597
14.163077231951444 307.2519914656569
14.142954710875516 308.2517889872309
14.122697232014225 309.2515837834517
14.102331934620729 310.2513763892765
14.08188320210246 311.2511672920849
14.061373355978908 312.25095694306754
14.04082334811929 313.25074576935884
14.02025345212579 314.2505341866646
14.000074837018698 315.2313046129089
13.992092635537034 315.61275466424524
13.9922239188456 315.6128941482721
13.992092644507842 315.61275423555225
13.992223918809339 315.6128941482298
14.676459497059625 316.3421551943968
15.360799421846906 317.07131832247046
16.045279792612455 317.80034961263345
16.72992417419018 318.52922687992475
17.414743858846016 319.257939442948
18.099739101327245 319.98648698276816
18.784900997001543 320.714877795942
19.470213687507105 321.4431267343086
20.155656625872265 322.17125308202947
20.84120669693982 322.8992785623935
21.52684005600222 323.6272256050695
22.212533609991297 324.3551159470976
22.898266116436304 325.0829695928291
23.584018913792917 325.81080412135714
24.2697763228022 326.5386343048401
24.95552577365138 327.26647198637363
25.641257719881146 327.99432615990014
26.32696539939968 328.72220319501616
27.012644497716504 329.4501071544307
27.69829276043562 330.17804015947326
28.383909592660245 330.9060027679706
29.069495673414224 331.63399433789186
29.75505260429523 332.3620133586056
30.440582603852192 333.0900577389201
31.126088252883434 333.81812504703544
31.811572291042346 334.54621270208077
32.497037461735204 335.2743181201124
33.18248640012786 336.0024388194861
33.86792155792921 336.7305724915889
34.553345158255844 337.458717043251
35.23875917408479 338.18687061696005
35.92416532437473 338.91503159445386
36.609565082719044 339.6431985885298
37.29495969426452 340.3713704270847
37.98035019749381 341.0995461325865
38.665737448273006 341.8277248994215
39.35112214426882 342.5559060708993
40.03650484843082 343.2840891171422
40.72188601070878 344.01227361463884
41.40726598754233 344.7404592278966
42.092645058931375 345.4686456933722
42.77802344308678 346.1968328056809
43.46340130878684 346.92502040596565
44.14877878564077 347.6532083722363
44.83415597249852 348.38139661145397
45.51953294425772 349.1095850531242
46.204909757311796 349.837773644169
46.8902864538661 350.56596234486426
47.57566306532462 351.2941511256523
48.26103961492396 352.0223399646627
48.94641611976503 352.75052884579986
49.63179259236769 353.47871775728004
50.31716904185194 354.2069066905194
51.00254547482879 354.9350956392957
51.68792189606786 355.6632845991197
52.37329830899456 356.39147356676733
53.05867471605787 357.11966253993364
53.7440511190012 357.8478515169777
54.4294275190604 358.5760404967363
55.11480391710792 359.3042294783884
55.80018031375728 360.0324184613563
56.485556709438185 360.7606074452358
57.170933104450526 361.4887964297445
57.85630949900282 362.2169854146863
58.541685893239546 362.94517439992507
59.22706228726041 363.673363385367
59.91243868113408 364.40155237094746
60.59781507490763 365.12974135662216
61.283191468613296 365.85793034236076
61.968567862273034 366.58611932814256
62.653944255901735 367.3143083139536
63.33932064950958 368.04249729978426
64.0246970431034 368.77068628562813
64.71007343668785 369.49887527148087
65.39544983026602 370.22706425733946
66.08082622383999 370.95525324320204
66.76620261741115 371.6834422290672
67.45157901098047 372.4116312149341
68.13695540454856 373.1398202008022
68.82233179811581 373.8680091866711
69.50770819168253 374.5961981725405
70.19308458524887 375.3243871584102
70.87846097881499 376.0525761442802
71.56383737238093 376.78076513015026
72.24921376594679 377.5089541160205
72.9345901595126 378.23714310189075
73.61996655307837 378.965332087761
74.30534294664409 379.6935210736313
74.99071934020978 380.4217100595016
75.67609573377547 381.14989904537197
76.36147212734116 381.8780880312423
77.04684852090685 382.6062770171127
77.73222491447254 383.33446600298305
78.41760130803823 384.0626549888534
79.10297770160395 384.79084397472377
79.78835409516965 385.5190329605941
80.47373048873533 386.2472219464644
81.15910688230102 386.97541093233474
81.84448327586671 387.7035999182051
82.5298596694324 388.43178890407546
83.21523606299809 389.1599778899458
83.9006124565638 389.8881668758162
84.58598885012951 390.6163558616865
85.27136524369521 391.3445448475568
85.9567416372609 392.07273383342715
86.6421180308266 392.8009228192975
87.32749442439228 393.5291118051679
88.01287081795797 394.25730079103823
88.69824721152366 394.9854897769086
89.38362360508935 395.71367876277895
90.06899999865504 396.4418677486493
90.75437639222073 397.1700567345197
91.43975278578642 397.89824572039004
92.12512917935211 398.6264347062604
92.8105055729178 399.35462369213076
93.4958819664835 400.0828126780011
94.18125836004918 400.8110016638715
94.86663475361487 401.53919064974184
95.55201114718056 402.2673796356122
96.23738754074625 402.99556862148256
96.92276393431194 403.7237576073529
97.60814032787763 404.4519465932233
98.29351672144332 405.18013557909364
98.978893115009 405.908324564964
99.66426950857468 406.63651355083437
100.34964590214037 407.3647025367047
101.03502229570606 408.0928915225751
101.72039868927175 408.82108050844545
102.40577508283744 409.5492694943158
103.09115147640313 410.27745848018617
103.77652786996882 411.00564746605653
104.4619042635345 411.7338364519269
105.1472806571002 412.46202543779725
105.83265705066589 413.1902144236676
106.51803344423158 413.918403409538
107.20340983779727 414.64659239540833
107.88878623136296 415.3747813812787
108.57416262492865 416.10297036714906
109.25953901849434 416.8311593530194
109.94491541206003 417.5593483388898
110.63029180562572 418.28753732476014
111.3156681991914 419.0157263106305
112.0010445927571 419.74391529650086
112.68642098632279 420.4721042823712
113.37179737988848 421.2002932682416
114.05717377345387 421.92848225411217
114.7425501670132 422.6566712399885
115.42792656051071 423.38486022592303
116.11330295358886 424.11304921225224
116.79867934452972 424.84123820059307
117.48405572670382 425.5694271971853
118.16943207866098 426.29761622221787
118.85480834047198 427.02580533209664
119.54018436447114 427.7539946658053
120.22555982470192 428.48218453013567
120.91093406890954 429.2103755389903
121.59630590326401 429.93856881599413
122.28167331575834 430.6667662548051
122.96703316942873 431.39497080778244
123.65238092714867 432.12318674484254
124.33771049750347 432.8514197981966
125.02301430536062 433.57967709540446
125.70828368116496 434.3079667922866
126.3935096242956 435.03629735381804
127.07868393029291 435.7646764930039
127.76380059021713 436.4931098546055
128.4488572903103 437.2215996058426
129.13385678140207 437.95014315100923
129.81880786710815 438.6787322054082
130.50372578707004 439.40735243770695
131.18863184498645 440.13598382038924
131.8735522390977 440.8646017269291
132.55851617531616 441.59317870026825
133.24355345725903 442.3216867114447
133.9286918318856 443.0500996490111
134.61395440955891 443.77839574239647
135.2993574675536 444.5065596306054
135.98490889033445 445.23458383811715
136.67060741029206 445.9624695020286
137.35644270576438 446.6902262934668
138.04239630688056 447.41787157594706
138.728443169561 448.1454289291546
139.4145537147728 448.8729262279463
140.1006960990887 449.60039349761917
140.7868384834046 450.327860767292
140.79739177378687 450.3390496597376
141.08447673375522 450.6440676145604
141.08489971025648 450.64387358305606
141.08447587934597 450.6440667067797
141.08489971063395 450.6438735828901
141.99488297620078 450.229228606569
142.90467983737082 449.81417478908844
143.81424262372516 449.3986082629109
144.7235630931396 448.982511779023
145.63265991554928 448.5659268927337
146.5415693432405 448.14893330494846
147.45033614153465 447.7316289719753
148.35900611233052 447.3141138415023
149.26762082241564 446.8964784639096
150.1762145619171 446.4787974653728
151.08481318710105 446.06112709496824
151.9934343349622 445.64350572379635
152.902088483902 445.22595616073284
153.81078041401537 444.80848882530785
154.7195107388273 444.3911050729082
155.62827730049023 443.9738002246218
156.53707632156093 443.5565660705777
157.44590328051925 443.13939277484724
158.3547535254997 442.7222702122844
159.26362266595268 442.3051888227065
160.1725067912224 441.8881400883448
161.08140256410616 441.47111673883785
161.99030723102615 441.05411277428715
162.8992185818087 440.63712337823654
163.80813488334954 440.22014477351763
164.71705480377096 439.8031740572064
165.62597733753466 439.38620903755054
166.53490173739712 438.96924808574005
167.44382745592557 438.5522900084738
168.35275409723866 438.135333942789
169.26168137843453 437.71837927199385
170.1706090995521 437.30142556019365
171.07953712068277 436.8844725024
171.9884653448577 436.4675198872286
172.89739370546056 436.05056756946095
173.8063221571049 435.6336154501578
174.71525066910885 435.21666346243467
175.62417922088338 434.7997115614088
176.5331077987078 434.38275971717
177.4420363934991 433.96580790991806
178.3509649992819 433.54885612662684
179.25989361214823 433.1319043587773
180.16882222955724 432.71495260083043
181.07775084986562 432.298000849204
181.98667947201602 431.8810491015931
182.89560809533168 431.4640973565224
183.8045367193812 431.04714561305144
184.71346534389107 430.63019387058404
185.62239396868875 430.2132421287441
186.53132259366552 429.79629038729456
187.4402512187534 429.3793386460872
188.34917984390987 428.96238690502935
189.25810846910858 428.5454351640636
190.16703709433327 428.1284834231545
191.07596571957396 427.7115316822802
191.9848943448242 427.29457994142683
192.89382297008044 426.87762820058646
193.80275159534017 426.46067645975376
194.71168022060218 426.043724718926
195.6206088458654 425.6267729781009
196.52953747112952 425.2098212372777
197.438466096394 424.7928694964553
198.3473947216588 424.3759177556336
199.25632334692375 423.9589660148123
200.1652519721888 423.5420142739912
201.0741805974539 423.1250625331702
201.98310922271904 422.70811079234926
202.8920378479841 422.29115905152815
203.8009664732493 421.87420731070733
204.70989509851452 421.4572555698866
205.61882372377974 421.0403038290659
206.52775234904493 420.62335208824504
207.4366809743101 420.20640034742416
208.34560959957534 419.7894486066034
209.25453822484056 419.37249686578264
210.16346685010572 418.9555451249617
211.0723954753709 418.5385933841409
211.98132410063607 418.12164164331995
212.89025272590138 417.70468990249935
213.7991813511666 417.2877381616786
214.7081099764317 416.8707864208576
215.61703860169686 416.4538346800367
216.52596722696205 416.0368829392159
217.4348958522272 415.619931198395
218.3438244774924 415.2029794575742
219.2527531027576 414.7860277167534
220.16168172802284 414.3690759759327
221.07061035328806 413.9521242351119
221.9795389785532 413.535172494291
222.8884676038184 413.11822075347027
223.79739622908357 412.70126901264933
224.70632485434882 412.2843172718286
225.61525347961398 411.86736553100775
226.52418210487917 411.45041379018693
227.43311073014442 411.0334620493662
228.3420393554097 410.61651030854557
229.2509679806749 410.1995585677247
230.1598966059401 409.78260682690393
231.06882523120527 409.36565508608305
231.9777538564704 408.9487033452621
232.8866824817357 408.5317516044415
233.79561110700078 408.1147998636204
234.70453973226608 407.69784812279977
235.6134683575312 407.2808963819788
236.5223969827965 406.8639446411582
237.43132560806166 406.44699290033725
238.34025423332687 406.03004115951643
239.2491828585921 405.61308941869567
240.15811148385728 405.1961376778748
241.0670401091225 404.779185937054
241.97596978322264 404.3622364826351
242.884909358695 403.9453086134058
243.79389798320707 403.52848769201665
244.7030562059654 403.11203682337674
245.6126737371257 402.6965901396665
246.5233273934942 402.2834195718102
247.4360018430534 401.8747322229458
248.3521662434285 401.4739295389661
249.27375192113587 401.0857545286361
250.2029887174826 400.7162697842755
251.14209303002968 400.37263758241505
252.09285111025235 400.0627036009104
253.05618954857508 399.794414478414
254.03185040744324 399.57512953029243
255.01827569606638 399.41091884256247
256.01275265515716 399.3059637195928
257.0117933997725 399.2621734170316
258.0116502584327 399.2790927015954
259.0088327850133 399.3541060916166
260.0005075927469 399.4828736174397
260.98471569337096 399.6598889124456
261.9604051559047 399.8790465559368
262.92732319379274 400.1341338116097
263.88583019170716 400.41920281193944
264.8366929691773 400.72881543833216
265.78089709237764 401.0581762947365
266.7194987059193 401.40317920929965
267.6535210804914 401.7603937160023
268.5838915518458 402.1270144819605
269.51141006321757 402.50079170312677
270.4367396420491 402.87995548111655
271.3604104004289 403.2631425504626
272.2828308661702 403.64932966104715
273.2043027448647 404.0377747366693
274.1250370245324 404.42796492906905
275.0451704425197 404.81956995087415
275.9647818014346 405.2123993649393
276.8839076748872 405.6063633591697
277.8025568753347 406.00143758829273
278.72072278710107 406.39763369941727
279.63839248299684 406.79497779366625
280.55555170638013 407.19349875793654
281.47218546471765 407.5932268568688
282.38827489398676 407.99420086797346
283.30379169317206 408.3964806094588
284.21869150551277 408.80016158916806
285.1329071743636 409.2053895630638
286.046342079667 409.61237441999754
286.9588630259078 410.0214043977152
287.87029159726194 410.43286273013706
288.7803927604772 410.84724886976306
289.6888600752582 411.2652047741053
290.5952982713608 411.68754325997463
291.4992058406702 412.11527110118345
292.3999619629015 412.5495963344623
293.2968228157211 412.9919091317898
294.18893175817084 413.44372948857017
295.07534612619753 413.9066220983144
295.95508082650883 414.38208698352497
296.8271660015581 414.8714410960645
297.69071320344545 415.37570911023204
298.5449822707196 415.8955401988548
299.3894400444632 416.43116233092553
300.22380267681456 416.9823782575239
301.04805566402507 417.5485999571032
301.8624493984677 418.1289126704748
302.66747205366977 418.72215673880703
303.4638049747405 419.32701529981034
304.2522677150784 419.94209782037075
305.0337602124693 420.566012459181
305.80920858223976 421.19742343930443
306.5795191522878 421.83509233902606
307.3455432546055 422.47790418915673
308.1080533799721 423.1248804705716
308.86772986343163 423.7751816626961
309.62515638019335 424.42810208028635
310.38082214524314 425.0830595228212
311.13512870633417 425.73958188488905
311.88839946207634 426.3972924356206
312.6408904020907 427.0558950359771
313.39280096206596 427.71516016458446
314.14428425314367 428.374912287151
314.8954562307503 429.03501883920035
315.64640360203697 429.69538089561917
316.3971904362469 430.35592546608893
317.14786354852635 431.01659927251745
317.89845678765477 431.67736382163815
318.6489943844951 432.3381915720612
319.39949352166724 432.999063000634
320.14996627478934 433.6599643902689
320.9004210581257 434.32088618455896
321.65086368710354 434.98182177946427
322.40129814981 435.6427666464407
323.15172716088335 436.30371770313053
323.90215255500425 436.96467286640444
324.6525755636813 437.6256307380181
325.40299700813983 438.2865903855737
326.1534174325647 438.947551191224
326.9038371953779 439.6085127480331
327.6542565312761 440.26947478953787
328.4046755930772 440.93043714223705
329.155094479747 441.59139969377026
329.90551325504254 442.2523623717514
330.6559319598305 442.91332512978266
331.4063506201785 443.5742879382685
332.1567692526355 444.23525077842015
332.9071878676604 444.8962136383632
333.6576064718332 445.5571765106271
334.4080250692769 446.2181393905308
335.15844366256334 446.8791022751544
335.9088622532913 447.5400651626828
336.65928084244996 448.2010280519929
337.4096994306495 448.8619909423919
338.16011801826494 449.5229538334541
338.9105366055256 450.1839167249191
339.66095519257135 450.8448796166279
340.4113737794879 451.5058425084835
341.1617923663265 452.1668054004277
341.91221095311835 452.8277682924249
342.6626295398823 453.4887311844538
343.4130481266295 454.1496940765016
344.16346671336674 454.8106569685608
344.91388530009823 455.47161986062656
345.66430388682625 456.13258275269624
346.414722473552 456.79354564476847
347.16514106027677 457.45450853684184
347.91555964700086 458.11547142891595
348.6659782337244 458.77643432099075
349.4163968204478 459.43739721306565
350.16681540717093 460.09836010514084
350.9172339938941 460.75932299721603
351.6676525806173 461.42028588929116
352.4180711673402 462.08124878136664
353.1684897540632 462.742211673442
353.91890834078634 463.4031745655173
354.6693269275092 464.06413745759284
355.41974551423226 464.72510034966814
356.1701641009554 465.3860632417434
356.9205826876783 466.04702613381886
357.6710012744014 466.7079890258941
358.42141986112443 467.36895191796947
359.17183844784734 468.02991481004494
359.92225703457035 468.6908777021203
360.6726756212934 469.3518405941956
361.4230942080165 470.0128034862709
362.1735127947395 470.6737663783463
362.5831079565004 471.03453463154204
363.56116685187607 471.24286321069326
364.53922574739147 471.45119178987323
365.5172846429069 471.65952036905327
366.4953435384223 471.86784894823325
367.4734024339376 472.0761775274132
368.451461329453 472.2845061065933
369.4295202249684 472.49283468577335
370.4075791204838 472.7011632649534
371.3856380159992 472.9094918441335
372.3636969115145 473.1178204233137
373.3417558070299 473.3261490024938
374.31981470254533 473.53447758167397
375.29787359806073 473.7428061608541
376.27593249357614 473.95113474003426
376.6112595480201 474.0225601001361
377.0489351832593 473.12342716325844
377.48661081852725 472.2242942263171
377.92428645379465 471.3251612893755
378.3619620890613 470.4260283524335
378.7996377243271 469.5268954154911
379.23731335959167 468.6277624785481
379.67498899485497 467.7286295416045
380.1126646301169 466.8294966046602
380.5503402653776 465.9303636677153
380.98801590063727 465.0312307307699
381.42569159719983 464.1320978236652
381.86336800106744 463.23296526085954
382.3010486620234 462.33383477031595
382.73874711358576 461.43471294013943
383.1765035478511 460.53561933863887
383.61441695162927 459.63660218040917
384.0526975169985 458.7377639602496
384.49174028833147 457.83929779787053
384.93221474144883 456.9415326525508
385.3751578495086 456.0449829311062
385.82205240149773 455.1503962894652
386.27487003589505 454.25879313223726
386.7360609146353 453.3714921836483
387.2084791611197 452.49011768867547
387.69524377370016 451.61658451132075
388.19954645320985 450.753057553178
388.72442813160677 449.9018823516576
389.27255276158104 449.06548568140147
389.8460086432968 448.24624923706705
390.4461636966909 447.4463655505941
391.0735922322107 446.66769139999224
391.7280787068431 445.91161769027656
392.40869137562527 445.1789742605693
393.1139085813587 444.469982939933
393.84177484812705 443.78426383001937
394.59006365423596 443.1208907354096
395.35642785556354 442.4784843913223
396.13852526719285 441.8553282000486
396.9341137754373 441.24949082455134
397.74111597933023 440.6589423990078
398.55765703310533 440.0816550290612
399.3820811055789 439.51568246017985
400.2129521497814 438.95921744968433
401.0490440701621 438.4106280762235
401.8893243861072 437.86847589220577
402.7329344559326 437.3315196089859
403.5791684215171 436.7987081268544
404.4274523210128 436.2691664138078
405.27732428988406 435.7421771952018
406.12841639519274 435.21716078757134
406.98043838608135 434.6936547923409
407.8331634622947 434.1712948164651
408.6864160385966 433.64979693436555
409.54006140002565 433.128942255102
410.3939970904762 432.6085637038773
411.2481458477331 432.0885349542138
412.10244988632155 431.56876134036685
412.9568663308411 431.04917252280563
413.81136361299593 430.5297166586651
414.6659186628308 430.0103558334176
415.52051474867255 429.491062534728
416.3751398523165 428.9718169933686
417.2297855048844 428.4526052749465
418.0844460469308 427.93341806606236
418.9391183003293 427.4142501363222
419.7938016360697 426.89510045115645
420.64849838673194 426.37597285180595
421.5032144940107 425.85687712271715
422.35796024981613 425.3378302144973
423.2127509462927 424.8188573200056
424.067607198029 424.2999924157507
424.9225547034074 423.7812778863155
425.7776233121443 423.26276301251477
426.632845433242 422.7445013762873
427.4882539810108 422.226547501503
428.34388015583306 421.7089532115817
429.19975136909403 421.19176420714405
430.0558895630316 420.67501727403135
430.9123100792322 420.1587383770864
431.7690211270831 419.64294173063524
432.626023818194 419.12762979847315
433.48331267471247 418.61279408051126
434.34087648906547 418.0984164912713
435.19869940529037 417.584471120245
436.05676210163836 417.0709261766072
436.91504297506185 416.5577459525968
437.7735192558781 416.0448926838387
438.63216801068126 415.5323282333791
439.4909670182714 415.0200155704844
440.3498955218805 414.5079200464971
441.2089348679386 413.99601048229255
442.0680690370219 413.48426007485403
442.927285060231 412.9726471103381
443.78657330048566 412.4611554484705
444.6459275698676 411.9497747295388
445.5053450559112 411.43850025855227
446.36482604276364 410.9273325431797
447.22437343500707 410.41627649880934
448.0839921182794 409.9053403781748
448.94368821698765 409.3945345267344
449.80346833109843 408.883870101324
450.6633388468621 408.3733579113418
451.5233054157317 407.8630075410798
452.38337267786306 407.35282688228347
453.2435442719967 406.84282214833917
454.1038231314602 406.3329983709805
454.96421203395613 405.8233603264215
455.8247143676735 405.3139138290668
456.68533510135035 404.80466737324645
457.546081981716 404.2956341641719
458.4069669886442 403.78683459179956
459.2680080129696 403.2782990921256
460.129230561759 402.7700710710006
460.9906690628945 402.26220917169974
461.85236711232386 401.75478777718666
462.71437590160053 401.24789444796465
463.5767501968714 400.741623201639
464.4395416685407 400.23606323841534
465.3027900396496 399.73128383136924
466.1665132618327 399.2273173687334
467.0306985055392 398.72414357712665
467.89529595177186 398.2216783982655
468.76021708894024 397.7197706114367
469.6253384914607 397.2182080939964
470.49051106030697 396.71673384130145
471.3555736824279 396.21506995002636
472.22036944637523 395.71294617379306
473.0847620940754 395.210128761006
473.94865035692266 394.7064452598718
474.81197819403934 394.20180177615345
475.67473963046274 393.69619055810085
476.53697774792096 393.1896874201026
477.3987782547627 392.68244005795344
478.2602588038548 392.17464948740684
479.1215557203595 391.6665475078599
479.9828099839427 391.15837323316686
480.23223622333103 391.0112018301909
481.1156643922468 390.85113287756445
481.03770368440803 390.53594398807826
480.17644942082484 391.04411826277135
480.2063871812069 391.01588543576827
481.1156643922468 390.85113287756445
480.9767261492642 390.2894167037781
480.3896495186965 390.9826800078116
481.1156643922468 390.85113287756445
480.9767261492634 390.289416703775
481.6229693401118 389.5262851697115
482.23167222141956 388.7328869076214
482.8222652651977 387.9259173563737
483.4012279505321 387.11056331732664
483.9692601629016 386.28755699553403
484.5247525392332 385.456035366328
485.06537462934386 384.6147697984576
485.58882246477833 383.76271207530795
486.093198957785 382.89922822872927
486.57721751175427 382.0241704938263
487.04029592900326 381.13785318073906
487.4825657831417 380.2409711505253
487.90481075792076 379.33448939049157
488.30839004051177 378.419544713113
488.695178261122 377.49737614262426
489.0674717013201 376.5692610665774
489.42794592284645 375.6364918906207
489.7794646418797 374.700311037276
490.1244880810878 373.76171696825736
490.4661889177751 372.8219081907887
490.8083894495091 371.88228124562323
491.15305932482727 370.94355728350865
