2.580912116168256
178409
636
0.0 100.0
0.0 101.0
0.0 102.0
0.0 103.0
0.0 104.0
0.0 105.0
0.0 106.0
0.0 107.0
0.0 108.0
0.0 109.0
0.0 110.0
0.0 111.0
0.0 112.0
0.6409922016267521 111.23245260898516
0.8880810418375734 110.93657943896626
0.8006133923454968 110.41028258139082
1.3320915780353837 110.40490506324558
0.6910993764086302 111.17245245426041
0.9027918685449954 111.02509515778817
0.8006133923454968 110.41028258139082
1.80056220889717 110.40016505813192
2.8005110254525727 110.39004753524091
3.800459842008094 110.37993001236163
4.800408658563615 110.36981248948236
5.800357475119023 110.35969496659195
6.800306291674432 110.34957744370152
7.800255108226408 110.33945992047185
8.800203924776236 110.32934239702983
9.800152741325531 110.31922487353523
10.800101557874711 110.30910735002918
11.800050374423968 110.2989898265307
12.799999190973638 110.28887230307313
13.799948007523309 110.27875477961555
14.79989682407364 110.26863725622331
15.79984564062429 110.25851973286257
16.79979445717494 110.2484022095018
17.799743273726065 110.23828468618782
18.799692090277254 110.2281671628804
19.799640906828444 110.21804963957298
20.79958972337993 110.20793211629496
21.79953853993147 110.19781459302195
22.799487356483006 110.18769706974894
23.7994361730346 110.17757954648192
24.7993849895862 110.16746202321524
25.799333806137803 110.15734449994855
26.799282622689407 110.14722697668219
27.799231439241044 110.13710945341879
28.799180255792688 110.12699193015612
29.799129072344343 110.11687440689454
30.799077888895997 110.10675688363314
31.79902670544766 110.09663936037234
32.798975521999324 110.08652183711199
33.79892433855099 110.07640431385195
34.798873155102655 110.06628679059213
35.79882197165433 110.05616926733232
36.798770788206 110.0460517440728
37.79871960475767 110.03593422081335
38.79866842130935 110.0258166975539
39.79861723786102 110.01569917429457
40.798566054412696 110.00558165103527
41.798514870964375 109.99546412777605
42.798463687516055 109.98534660451686
43.79841250406773 109.97522908125772
44.79836132061941 109.96511155799863
45.798310137171086 109.95499403473957
46.798258953722765 109.94487651148057
47.798207770274445 109.9347589882216
48.798156586826124 109.92464146496263
49.798105403377804 109.91452394170369
50.79805421992948 109.90440641844476
51.79800303648116 109.89428889518584
52.79795185303284 109.88417137192691
53.79790066958452 109.87405384866798
54.7978494861362 109.86393632540906
55.79779830268788 109.85381880215013
56.79774711923956 109.84370127889122
57.79769593579124 109.8335837556323
58.79764475234292 109.82346623237339
59.7975935688946 109.81334870911446
60.79754238544628 109.80323118585554
61.79749120199796 109.79311366259662
62.797440018549636 109.78299613933771
63.797388835101316 109.77287861607878
64.797337651653 109.76276109281986
65.79728646820467 109.75264356956095
66.79723528475635 109.74252604630203
67.79718410130803 109.7324085230431
68.79713291785971 109.72229099978418
69.79708173441139 109.71217347652525
70.79703055096307 109.70205595326632
71.79697936751475 109.69193843000741
72.79692818406643 109.6818209067485
73.79687700061811 109.67170338348957
74.79682581716979 109.66158586023064
75.79677463372147 109.65146833697172
76.79672345027315 109.64135081371279
77.79667226682483 109.63123329045388
78.79662108337651 109.62111576719496
79.79656989992819 109.61099824393605
80.79651871647987 109.60088072067713
81.79646753303155 109.5907631974182
82.79641634958323 109.58064567415927
83.7963651661349 109.57052815090034
84.79631398268658 109.56041062764142
85.79626279923826 109.55029310438249
86.79621161578994 109.54017558112356
87.79616043234162 109.53005805786464
88.7961092488933 109.51994053460572
89.79605806544498 109.50982301134681
90.79600688199666 109.4997054880879
91.79595569854834 109.48958796482897
92.79590451510002 109.47947044157004
93.7958533316517 109.46935291831113
94.79580214820338 109.4592353950522
95.79575096475506 109.44911787179328
96.79569978130674 109.43900034853436
97.79564859785842 109.42888282527544
98.7955974144101 109.41876530201651
99.79554623096178 109.4086477787576
100.79549504751346 109.39853025549868
101.79544386406513 109.38841273223976
102.79539268061681 109.37829520898083
103.7953414971685 109.3681776857219
104.79529031372017 109.35806016246298
105.79523913027185 109.34794263920406
106.79518794682352 109.33782511594515
107.7951367633752 109.32770759268624
108.79508557992688 109.31759006942731
109.79503439647856 109.30747254616838
110.79498321303024 109.29735502290946
111.79493202958193 109.28723749965053
112.7948808461336 109.27711997639162
113.79482966268527 109.2670024531327
114.79477847923695 109.25688492987378
115.79472729578863 109.24676740661485
116.79467611234031 109.23664988335592
117.79462492889199 109.226532360097
118.79457374544367 109.21641483683808
119.79452256199535 109.20629731357917
120.79447137854703 109.19617979032024
121.79442019509871 109.18606226706132
122.79436901165039 109.1759447438024
123.79431782820205 109.16582722054349
124.79426664475372 109.15570969728458
125.7942154613054 109.14559217402567
126.79416427785708 109.13547465076674
127.79411309440876 109.12535712750781
128.79406191096044 109.11523960424887
129.7940107275121 109.10512208098994
130.7939595440638 109.09500455773102
131.79390836061555 109.0848870344721
132.7938571771672 109.07476951121319
133.7938059937189 109.06465198795426
134.79375481027057 109.05453446469534
135.79370362682226 109.04441694143642
136.79365244337393 109.0342994181775
137.79360125992562 109.02418189491858
138.7935500764773 109.01406437165966
139.79349889302898 109.00394684840073
140.79344770958068 108.99382932514183
141.79339652613234 108.98371180188289
142.793345342684 108.97359427862398
143.7932941592357 108.96347675536505
144.79324297578736 108.95335923210614
145.79319179233906 108.94324170884721
146.79314060889072 108.93312418558828
147.79308942544242 108.92300666232936
148.79303824199408 108.91288913907044
149.79298705854575 108.9027716158115
150.79293587509744 108.8926540925526
151.79288469164914 108.88253656929368
152.79283350820083 108.87241904603476
153.7927823247525 108.86230152277585
154.79273114130416 108.85218399951691
155.79267995785585 108.84206647625798
156.79262877440755 108.83194895299907
157.7925775909592 108.82183142974016
158.79252640751088 108.81171390648123
159.79247522406257 108.80159638322232
160.79242404061426 108.79147885996338
161.79237285716593 108.78136133670446
162.7923216737176 108.77124381344555
163.7922704902693 108.76112629018662
164.79221930682098 108.7510087669277
165.79216812337265 108.74089124366878
166.7921169399243 108.73077372040984
167.792065756476 108.72065619715094
168.79201457302767 108.71053867389199
169.79196338957937 108.70042115063309
170.79191220613106 108.69030362737416
171.79186102268272 108.68018610411525
172.79180983923442 108.67006858085632
173.79175865578605 108.6599510575974
174.79170747233775 108.64983353433848
175.79165628888944 108.63971601107956
176.79160510544114 108.62959848782064
177.7915539219928 108.61948096456172
178.7915027385445 108.6093634413028
179.79145155509616 108.59924591804388
180.79140037164782 108.58912839478495
181.79134918819952 108.57901087152605
182.7912980047512 108.56889334826711
183.7912468213029 108.55877582500821
184.79119563785457 108.54865830174927
185.79114445440626 108.53854077849036
186.7910932709579 108.52842325523143
187.7910420875096 108.51830573197252
188.3392770936698 108.51275866762845
187.80895823212805 109.36055693673087
187.2786393705863 110.20835520583329
186.74832050904453 111.0561534749357
186.21800164750277 111.90395174403811
185.68768278596102 112.75175001314054
185.15736392441926 113.59954828224295
184.62704506287753 114.44734655134538
184.09672620133574 115.29514482044777
183.56640733979398 116.14294308955022
183.03608847825222 116.99074135865263
182.50576961671047 117.83853962775501
181.9754507551687 118.68633789685745
181.44513189362695 119.53413616595986
180.9148130320852 120.38193443506228
180.38449417054346 121.22973270416472
179.85417530900168 122.0775309732671
179.32385644745992 122.92532924236954
178.79353758591816 123.77312751147196
178.26321872437643 124.62092578057437
177.73289986283467 125.4687240496768
177.20258100129288 126.3165223187792
176.67226213975115 127.1643205878816
176.14194327820942 128.01211885698405
175.89525703367167 128.40648569229222
176.81453224104226 128.80010110499063
177.73380744841285 129.19371651768907
178.63387970437478 129.62945719062148
179.5339519603367 130.06519786355392
180.43402421629867 130.50093853648633
181.33409647226057 130.93667920941874
182.2341687282225 131.37241988235115
183.12382625210256 131.8290482763474
184.0134837759826 132.28567667034366
184.90314129986268 132.74230506433992
185.78438355335206 133.21496994632818
186.66562580684143 133.68763482831645
187.54686806033075 134.1602997103047
188.41676742235714 134.6535289672898
189.28666678438356 135.14675822427486
190.15656614640997 135.63998748125994
191.00998437464375 136.16121423394853
191.86340260287756 136.68244098663712
192.70196027357542 137.2272538287341
193.54051794427326 137.77206667083107
194.36119604233232 138.34345748224317
195.17044395628957 138.93092476963528
195.97969187024682 139.5183920570274
196.76981211805122 140.13134392627126
197.54870343722175 140.75850284785398
198.31754386442645 141.39794353900186
199.07749970855372 142.04791824233791
199.83745555268098 142.697892945674
200.58309051553553 143.3642475826121
201.32346916442148 144.0364376273716
202.06020425092447 144.71261912099254
202.79475535040334 145.39117249564657
203.52853852234338 146.07055622858223
204.26283015243283 146.7493903776795
204.99886581496042 147.42633314002177
205.737837928465 148.10006915320687
206.48096485233344 148.76921964078187
207.22941473053106 149.43241100066678
207.98433683608988 150.0882254672186
208.74690717859033 150.7351307715242
209.51818618497737 151.37162797835757
210.2990760412179 151.99629671650658
211.0903090734796 152.60781146584458
211.89240072709038 153.20501241963476
212.70558245953058 153.7870222735252
213.529756625853 154.3533586961282
214.36449834945557 154.90400037170048
215.20910356889627 155.4393899712386
216.06266644630705 155.96037981212442
216.92416570514675 156.4681386397371
217.79254378298322 156.9640413660182
218.6667697095731 157.44956070577518
219.54588291171785 157.92617373309895
220.42901931505895 158.39529002261972
221.31542314946648 158.8582028031169
222.20444836542978 159.31606104032727
223.09555320845803 159.76985852680292
223.9882907888329 160.220435504229
224.88229772966517 160.6684886146341
225.77728231934208 161.1145856716081
226.6730130786254 161.55918257541393
227.56930827291296 162.0026404930307
228.46602663365124 162.4452420988964
229.3630593739033 162.88720619575938
230.2603234690098 163.32870041274614
231.15775610595293 163.76985193110386
232.0553101704237 164.2107563440462
232.9529506280948 164.65148484182225
233.85065165832702 165.0920899488285
234.7483943498188 165.5326101638846
235.64616455599258 165.97307430193294
236.54395012718683 166.41350712105003
237.44173640962134 166.8539384903602
238.3394989766694 167.29441819841418
239.23719324193576 167.7350370882815
240.13474175770895 168.17595279659017
241.03202118192013 168.61741585833735
241.92885159422553 169.05979037338548
242.82499075889723 169.50356351085722
243.7201351097807 169.9493399022032
244.61392798567346 170.39781988503785
245.50597437674998 170.84976372686708
246.39586046798786 171.30594652424264
247.2831757249878 171.76710987349662
248.16753514919844 172.2339164810011
249.04859954035857 172.7069128220331
249.92609203565382 173.18650318963915
250.7998097550705 173.67293648082853
251.66962999478457 174.16630525830007
252.53551100683302 174.6665552687688
253.3974878070075 175.17350299384597
254.2556636673225 175.6868588088248
255.1101982144929 176.2062533676067
255.96129349220234 176.731264632496
256.80917653041445 177.2614479531618
257.65406943320284 177.7963834472335
258.49614219954015 178.33574738391536
259.3354764126748 178.879363129329
260.1720673172773 179.42719125779297
261.0058650050601 179.9792613763903
261.8368336397507 180.53558064458127
262.6650036333036 181.0960576394513
263.48878536767654 181.66296473423276
264.308839137105 182.23525121428113
265.12617752877173 182.811409138385
265.94164419558734 183.39021317716896
266.7558415566796 183.97080137648962
267.5691747996105 184.55259948231634
268.38190662896113 185.13523742612054
269.1941984845257 185.71848860818835
270.0061384895319 186.3022294995696
270.81776109705106 186.8864116141228
271.629062480174 187.47103975725548
272.44001395905235 188.05615316413065
273.25057442688467 188.64180812055758
274.0607019191814 189.22806185933035
274.8703639927487 189.81495821016816
275.67558139582167 190.40793791790566
276.47039660121783 191.01478945598652
277.24947054741466 191.6417214988407
278.0094335081366 192.29168788130272
278.7491395888791 192.9646179773102
279.469291739667 193.6584341487241
280.1718179084179 194.37009205967587
280.8592556252451 195.09633539732746
281.5341096450024 195.83428665047185
282.1986350485715 196.5815523247881
282.8548033536202 197.33616689889166
283.5043100695913 198.09652275367836
284.1486208022827 198.86128656018246
284.7888813616468 199.62944436696617
285.4270866603027 200.39931058701194
286.0650241670329 201.169398723206
286.70383079070075 201.93876605911134
287.34403931786267 202.70696723181885
287.987049376956 203.4728249626702
288.6340129268058 204.23534589036052
289.28539298370845 204.994097510767
289.94106336012464 205.74914476590416
290.60234793316255 206.49927989603881
291.2704086296971 207.24338667987143
291.94556416624124 207.9810620837408
292.6293603481681 208.7107351486008
293.3228859304422 209.43116714867529
294.0277737112251 210.1404859884807
294.7447572498127 210.83757608695745
295.4751690796882 211.52058308456287
296.2205590845291 212.187211722324
296.98119106744576 212.83639504509517
297.75762272695846 213.46659650344506
298.55042779974326 214.07607178314615
299.3597917386905 214.66337921059096
300.18536688555747 215.22767140163702
301.0263122848576 215.76879138407702
301.8810235021369 216.28789516469996
302.75196343997237 216.77928464839198
303.63624692470523 217.2462350939735
304.5307339457311 217.69332900940543
305.433027225025 218.1244517739877
306.3405353284131 218.54448634671343
307.25165404650664 218.95663035254097
308.1679445938448 219.35714456309864
309.0902146055357 219.74369084174538
310.018277391169 220.11611461370762
310.95140133105076 220.47566949522042
311.88868779460233 220.824229511922
312.82927660841546 221.16377727487972
313.77242934136336 221.49613690289266
314.7175472593077 221.8228663340441
315.66416041351215 222.14523807022314
316.6119070099247 222.46426218998286
317.5605118337206 222.78072528146623
318.50976715071664 223.09523178879923
319.4595170118177 223.40824169493413
320.4096448425612 223.72010240943123
321.3600638380079 224.03107464789332
322.3107096184378 224.34135291034627
323.26153465173593 224.6510814302692
324.2125040328662 224.96036647056815
325.1635922959176 225.2692857413912
326.1147786039412 225.57790299208932
327.0660509139836 225.88625505085756
328.0174008643532 226.1943674847706
328.9688224064024 226.50225877942617
329.9203112124893 226.8099421424656
330.8718642571694 227.1174267813665
331.82347947347665 227.42471895518895
332.7750190052021 227.73224540862614
333.7264163538397 228.04021145384112
334.6776654821556 228.34863501953976
335.628789081734 228.65744547649527
336.57981863586144 228.96654543957544
337.5320873507692 229.27180646658024
338.4861055390048 229.5715551888721
339.44349284852285 229.8603622863851
340.40139261875777 230.14746510800802
341.35800576834515 230.43882619332413
342.3113058887833 230.74085082869792
343.2592835695185 231.059187626489
344.20001592655126 231.39833749370342
345.1317019943769 231.7616019579985
346.0525815559052 232.15144915006167
346.9608870197553 232.56975667370904
347.8549173160372 233.0177631796107
348.7328434853688 233.4965592125964
349.59236455058635 234.0076595339104
350.43372122411535 234.5481398276383
351.26128070491137 235.10951786937548
352.07923604950565 235.6847995866668
352.890808921445 236.26905079422403
353.6983167950269 236.8589075854058
354.5033727997154 237.45210639635798
355.3070673567143 238.04714846129994
356.1101128161577 238.64306623252963
356.9129548214944 239.2392580762065
357.7158560663289 239.835370138694
358.5189576515083 240.4312122686935
359.3223227741962 241.02669902727726
360.1259669363255 241.62180915210752
360.92987819118014 242.21655842223572
361.7340302391712 242.81098207899225
362.53839053666354 243.40512390702497
363.34292504427947 243.9990298137603
364.1476008135578 244.5927443127716
364.9523872708048 245.1863087643957
365.75725678308146 245.7797605890686
366.5621848688462 246.37313296519267
367.3671502392249 246.966454760251
368.17213473093784 247.55975061233627
368.9771231275963 248.15304116615062
369.7821028598661 248.74634347579962
370.58706360611893 249.33967154440256
371.3919968527167 249.93303691963231
372.1968954913364 250.5264492396495
373.00175351998956 251.11991663868048
373.8065658769024 251.7134459725473
374.61132838424885 252.30704289535737
375.416037734489 252.90071187857615
376.2206914396262 253.49445628049415
377.02528769150894 254.0882785362713
377.82982513492595 254.68218046600384
378.6343026065085 255.27616362882588
379.43871891703844 255.8702296178822
380.24307274454617 256.4643802050011
381.0473626645664 257.0586172995635
381.85158728623117 257.6529427641939
382.6557454143099 258.24735819555895
383.4598361449732 258.8418647950692
384.26385883650806 259.4364634088391
385.06781295878136 260.03115473152656
385.8716978846508 260.62593958839483
386.67551271490055 261.2208191717313
387.47925620112716 261.8157951446482
388.28292674683087 262.41086963911783
389.08652237355864 263.0060453011741
389.8900405101726 263.60132557477
390.6934795100501 264.19671265346403
391.49684929851355 264.792193117446
392.30020393877925 265.3876940174987
393.1037074114612 265.98299408417773
393.9077321200246 266.57758997049
394.7124388717516 267.1712624759381
395.5177087167273 267.7641709653129
396.3232880644788 268.35665886770107
397.128927181126 268.94906549640126
397.9344462626674 269.5416353313344
398.7396144947394 270.1346818034275
399.5441950444243 270.72852533422383
400.35637224817975 271.3119361583435
401.1880085868671 271.8672567866067
402.04719919925793 272.3789124242961
402.9356703409833 272.83784491423484
403.8503184974911 273.24209576432276
404.7858921112854 273.59522748644906
405.73703536540785 273.90397740165133
406.6992841524484 274.17614880323316
407.6692930526385 274.4192182039235
408.6446934868866 274.6396586559023
409.62385254864813 274.84275353956554
410.6056533603904 275.03266711481
411.58932959606864 275.21261450534934
412.57435071338557 275.3850482562211
413.5603451853338 275.55182625623166
414.54704974806407 275.71435042639484
415.53427578229343 275.87367637324525
416.52188683038236 276.03059806611327
417.50978335800005 276.1857123811227
418.4978922725443 276.3394679436179
419.4861447099957 276.4922983066723
420.47452376375844 276.64430766849927
421.4628591732139 276.79660053903694
421.46413657376746 276.8011644325397
422.45287771076585 276.95080053783215
423.4416188477643 277.10043664312457
423.4661973075127 277.1041563477603
423.47723493317403 278.10409543131476
423.4882725588354 279.1040345148692
423.4993101844967 280.1039735984237
423.51034781015807 281.10391268197816
423.5213854358195 282.1038517655327
423.53242306148076 283.10379084908715
423.5434606871421 284.1037299326416
423.5449136544455 284.235359581839
423.7286233931131 285.2183401167016
423.99138228319805 286.1832016433889
424.34949757815536 287.1168790156742
424.8031606798506 288.00805228174556
425.34128478985576 288.8509178951331
425.947608013738 289.6461361973502
426.60799367826166 290.3970628076735
427.31118490110094 291.10806358413004
428.0508339632715 291.7810563514242
428.82277637486663 292.4167488188804
429.62232680377025 293.01734777961883
430.4438693488721 293.5874949944569
431.2814602728941 294.13379293880223
432.1298617923984 294.66314618730723
432.9849416283603 295.18164254614834
433.8435966897697 295.6941964316239
434.70353790348554 296.2045895242035
435.56299755319117 296.71579311430037
436.420733772377 297.2298831631214
437.2759504206131 297.74815383041755
438.128156715533 298.27135974676315
438.9770508968918 298.7999225801663
439.82245120588243 299.33405581968486
440.6642613348879 299.8738295747932
441.5024526044547 300.4192059545734
442.3369936130053 300.9701517822617
443.1679292996686 301.52652026144557
443.9953884073401 302.08804624048076
444.81954114425315 302.65441384746293
445.6405616507177 303.2253125494799
446.4586112843948 303.8004601799547
447.2738367003431 304.3796039627858
448.086373721649 304.9625135518365
448.89634530561034 305.5489826756403
449.7038617150819 306.1388277810994
450.5090243072591 306.73188191029715
451.31192078758085 307.3280003900366
452.1126258451357 307.9270591607812
452.91114818263935 308.52902433959775
453.7074928709935 309.13386740794687
454.5016836328655 309.74153593087465
455.29375039909564 310.3519703973277
456.08371760617433 310.9651194915456
456.8715990315458 311.58094646363645
457.65739938708623 312.19942669875525
458.4411196169174 312.82054069904285
459.2227625822252 313.44426682065784
460.0023337263918 314.07058050499086
460.77983043560766 314.69946751166094
461.5552188425705 315.3309521261589
462.3284053157415 315.96513086886904
463.09921466591857 316.6021967568897
463.8673857371001 317.24244140184965
464.6325891704663 317.8862299584151
465.3944649232555 318.53395315339264
466.152671558283 319.18596749265237
466.90693698068145 319.84253711772953
467.6571011458644 320.50378875309644
468.40314422452417 321.16968643651614
469.14519746216837 321.8400273889439
469.88353743274274 322.51445610115314
470.61856689865454 323.19249126561095
471.3507868066022 323.8735595488287
472.0807641529135 324.55703088975844
472.80909987571334 325.2422513469061
473.5363997981881 325.92857111404686
474.2632503061078 326.6153668181226
474.9901993212609 327.3020582549179
475.71774245693166 327.98812019507955
476.4463107470541 328.67309336727544
477.1762028581249 329.35665573180165
477.90756789139635 330.0386419399524
478.6404382390823 330.71901026188004
479.3747751024299 331.39779547910916
480.1105047861548 332.07507077947537
480.8475456643681 332.7509189457395
481.58577676833255 333.4254668218309
482.32503804104135 334.0988855405142
483.0651538282058 334.77136499863167
483.80595584509274 335.4430884326253
484.54729653059394 336.11421732339113
485.2890536141402 336.78488596661884
486.03112936068203 337.4552020013326
486.7734474060566 338.1252497007625
487.515948933969 338.7950940715291
488.25858904931715 339.46478479049995
489.0013336749967 340.1343595966449
489.74415703520265 340.8038470539825
490.48703967521607 341.4732687321248
491.229966930777 342.1426408953827
491.9729277575266 342.8119757965462
492.71591384158637 343.48128266106613
493.4589189264151 344.150568432556
494.20193830457515 344.81983833601686
494.9449684345755 345.48909630265723
495.6889004563373 346.1573516034198
496.43283247809916 346.82560690418245
497.17676449986106 347.49386220494506
497.9206965216229 348.1621175057076
498.669961504026 348.824387832798
499.4192264864291 349.4866581598884
