9.403186715043145
312598
844
0.0 100.0
0.0 98.99999999999999
0.0 98.0
0.0 97.0
0.0 96.0
0.0 95.0
0.0 94.0
0.0 93.0
0.0 92.0
0.0 91.0
0.0 90.0
0.0 89.0
0.0 88.0
0.0 87.0
0.0 86.0
0.0 85.0
0.0 84.0
0.0 83.0
0.0 82.0
0.0 81.0
0.2582348515153328 80.03391782882466
1.1384563152624958 79.55935468786362
2.137941915696051 79.59142546156765
3.125679789508406 79.74754686508635
4.11280983206785 79.90746646700116
5.103725603944515 80.04195041788778
6.098327719794256 80.14571279617209
7.095504440401825 80.22080332738831
8.094208521537695 80.2716969254391
9.093706201270297 80.30338900976854
10.09355941723997 80.32052220897667
11.093538356419668 80.32701229349409
12.093537797099005 80.32595463522703
13.093518117415336 80.31968096165825
14.09347010944933 80.30988230729916
15.093401061966443 80.29813112871076
16.09333179010594 80.28636087287596
17.09328104399632 80.27628666600549
18.093252626566333 80.26874782972756
19.09323932977394 80.26359095005289
20.093232868261946 80.25999609508497
21.09256435118708 80.29655546098017
22.092485575247323 80.30910718093642
23.092480618950926 80.31225560407105
24.092478882105194 80.31039182070177
25.09246263799745 80.30469200038695
26.092416423197008 80.29507808000685
27.092316804652214 80.28096329464762
28.09213052169521 80.26166222699153
29.091817602822772 80.23664743483454
30.09133815209713 80.20568501279935
31.09066015250431 80.16886736075314
32.08976529497063 80.12657180191594
33.0886510844762 80.0793787990041
34.08732926718752 80.02797950546412
35.08581728625281 79.97300973392485
36.08411938555532 79.91476096974732
37.082192938095865 79.85271917964502
38.079939674442436 79.78562633271054
39.07726878118501 79.71258762486288
40.0741660419464 79.6338738936183
41.07071579233593 79.55087633342183
42.06705635409494 79.46540420349783
43.06118167541412 79.3571690635846
44.04890622026197 79.20096335464572
45.043393633544035 79.09610733515453
46.03911574076885 79.00370882226733
47.03508304454723 78.91399187958407
48.0335091009449 78.85790792549561
49.03330820172707 78.8779518291864
50.025556819094255 79.00222041464912
50.997873309217766 79.23588821952151
51.941769581059496 79.5661302943746
52.85568322980266 79.97203895730378
53.74332445408999 80.43257457693126
54.610605270338645 80.93039380694059
55.463384256064955 81.45266576818645
56.306434182582386 81.99050107885223
57.14323658558396 82.53800609100354
57.97615744046873 83.09139822096024
58.806727788065075 83.6483119464992
59.63590363100708 84.2072998010018
60.46426591705084 84.76749255627482
61.29216020254125 85.32837672618189
62.11978848626496 85.88965332820672
62.947267150081004 86.45115048842146
63.77466242559942 87.01277051837926
64.60201160410027 87.57445845383272
65.42933548626883 88.13618364820584
66.25664557836222 88.69792915243389
67.08394819801293 89.25968566153642
67.91124679074967 89.82144810105673
68.73854322428114 90.38321372039107
69.56583850541725 90.94498103682193
70.39313317413347 91.5067492551413
71.2204275186784 92.06851795085507
72.04772169226112 92.63028689833801
72.87501577599005 93.19205597814494
73.70230981264478 93.75382512727607
74.52960382471116 94.31559431261746
75.35689782397023 94.8773635168196
76.27083736951654 95.28321386742508
77.27065495648725 95.30231341674099
78.15613701038735 94.83763984075367
78.78678028150561 94.06156699327525
79.22534049680519 93.16286518646923
79.56557821321834 92.22252572843827
79.8617547399218 91.26739250996565
80.13904369351849 90.3066059383415
80.40833564762177 89.34354735058308
80.67423580844714 88.37954677772379
80.93868484097135 87.41514711513726
81.20250562021957 86.45057539855168
81.46605092772046 85.48592837974414
81.72947398093844 84.52124796891715
81.99284219609169 83.55655258526126
82.2561855925637 82.59185042628442
82.51951767550597 81.62714517902323
82.78284457214713 80.66243851609126
83.04616908108237 79.69773120141285
83.30949248720388 78.73302358571338
83.57281538275174 77.76831583064956
83.83613804150453 76.8036080109511
84.09946057789124 75.8389001578521
84.36278305390601 74.87419228827423
84.62610554006869 73.9094844214663
84.71972054422696 73.56651674290933
85.54671729614145 74.12872344184032
86.37371404805512 74.69093014077076
87.20071079969733 75.25313684010227
88.02770755174794 75.81534353883303
88.85470430373051 76.37755023766388
89.68170105567901 76.93975693654485
90.50869780761053 77.5019636354508
91.33569455953352 78.0641703343693
92.16269131145228 78.62637703329402
92.98968806336889 79.1885837322219
93.81668481528445 79.75079043115134
94.64368156719948 80.31299713008156
95.47067831911421 80.8752038290122
96.29767507102883 81.43741052794297
97.12467182294338 81.9996172268739
97.9516685748579 82.56182392580484
98.77866532677241 83.12403062473584
99.60566207868692 83.68623732366682
100.43265883060143 84.24844402259781
101.25965558251592 84.8106507215288
102.0866523344304 85.37285742045982
102.91364908634488 85.93506411939084
103.74064583825938 86.49727081832184
104.56764259017388 87.05947751725283
105.39463934208837 87.62168421618382
106.22163609400285 88.18389091511484
107.04863284591734 88.74609761404585
107.87562959783185 89.30830431297683
108.70262634974634 89.87051101190784
109.52962310166082 90.43271771083886
110.35661985357531 90.99492440976987
111.18361660548979 91.55713110870087
112.01061335740428 92.11933780763187
112.83761010931877 92.68154450656286
113.66460686123327 93.24375120549388
114.49160361314776 93.80595790442489
115.31860036506224 94.3681646033559
116.14559711697675 94.93037130228687
116.97259386889122 95.4925780012179
117.79959062080573 96.05478470014889
118.62658737272021 96.61699139907992
119.45358412463472 97.17919809801091
120.28058087654921 97.74140479694191
121.1075776284637 98.30361149587291
121.9345743803782 98.86581819480391
122.76157113229267 99.42802489373493
123.58856788420717 99.99023159266592
124.41556463612164 100.55243829159694
125.24256138803612 101.11464499052795
126.06955813995062 101.67685168945896
126.89655489186511 102.23905838838995
127.7235516437796 102.80126508732096
128.55054839569408 103.36347178625195
129.37754514760857 103.92567848518293
130.20454189952306 104.48788518411392
131.03153865143753 105.05009188304496
131.858535403352 105.61229858197596
132.6855321552665 106.17450528090694
133.51252890718098 106.73671197983793
134.33952565909547 107.29891867876896
135.2228882008861 107.76760900271559
136.1306589773699 108.18707558942069
137.04956152583978 108.58156019801221
137.9737354272094 108.96353218654973
138.90874996687356 109.3181415640577
139.8488438194887 109.65905731358424
140.79138197119795 109.99315585080419
141.73511359630876 110.32386814232919
142.6803417630543 110.65027848651411
143.62630455665155 110.97455366769466
144.57262973961537 111.29776976891567
145.51862058904626 111.62196309517797
146.46444532569052 111.9466407315373
147.41018762366352 112.27155842238344
148.35524866259462 112.59845233895963
149.29997045059736 112.92632539865332
150.24399785611783 113.25619242887352
151.18767947666703 113.58704738053308
152.131189299451 113.91839193580773
153.07387338961158 114.25207847458043
154.0161459867206 114.58692523466247
154.95759015075674 114.92409416265303
155.89862151820546 115.26241348737092
156.83944773215003 115.60130290171531
157.77922401985367 115.94309308453217
158.71847651817492 116.28632004209422
159.6567585202 116.63219123874961
160.59455666742673 116.97937222189537
161.531359280321 117.32923057105191
162.48026465612318 117.64479132237209
163.42645373765893 117.96840563290633
164.3620700683998 118.32142416167076
165.29417434073724 118.68361420224379
166.22495748892646 119.04918598869196
167.15477716092158 119.41720144702342
168.08346551372406 119.78806253067737
169.0128859624054 120.15708506328619
169.94338231586767 120.52338621833951
170.86942266812733 120.90081073527875
171.79136774967787 121.28813136034888
172.7099363629472 121.68339292275597
173.62423350762202 122.08843703299516
174.53297451124965 122.50579753463114
175.4348668100462 122.93775850667777
176.32867074134782 123.38621645608862
177.21501742563711 123.84923865345
178.0920966983304 124.3295843096308
178.9580516535312 124.82970631030989
179.8113864843727 125.3510695871838
180.65106404626567 125.89415484020904
181.47648706149582 126.45866953968849
182.2874285677101 127.04379676816015
183.0839479566535 127.64840975432332
183.86631246246566 128.27123057931658
184.6349330621054 128.91093549082615
185.39031695685344 129.56621800360614
186.13303498091477 130.23582231716335
186.86370053554708 130.9185578789102
187.58295629260232 131.61330326820251
188.2914653901331 132.31900494647468
188.98990469319136 133.0346742415709
189.6789585845301 133.75938434556488
190.3593125026161 134.49226806495363
191.03164600118444 135.23251644671672
191.69662547558798 135.97937807956578
192.35489691507027 136.73215873285193
193.009692507099 137.4879647480832
193.66448809912774 138.24377076331442
194.30509603355478 139.01163889935677
194.94167815592877 139.7828478214225
195.57500051715843 140.55673591847952
196.2056628145712 141.33279330464504
196.8341169997978 142.11063990717744
197.46070097019623 142.88999382423935
198.0856684674881 143.67064459592206
198.70921030490433 144.45243457858464
199.33146746901846 145.23524746919688
199.95253754206792 146.01900251024117
200.5724752307667 146.80365355505714
201.1918333854574 147.58876213112683
201.81104268192865 148.37398811590035
202.4302515456869 149.1592144419002
203.04929092787236 149.94457438695943
203.664165689388 150.7331991568285
204.27059199919827 151.52833884944224
204.86427613125662 152.33303702350636
205.43283045980795 153.15568274037696
206.0144229646749 153.96916301566492
206.59601546954187 154.78264329095288
207.2491304839268 155.53990201687486
207.88243133186893 156.31380771913828
208.44602606840962 157.13985915394343
208.89582411669315 158.03298944441642
209.2995368225825 158.94787525756664
209.94518140680887 159.71151330720738
210.72613867832894 160.3360977611125
211.54668961383976 160.90767117042432
211.93791213748887 161.20606846878675
212.51906648710113 161.61205959076858
212.50435039097056 161.63810812476567
212.51605105836995 161.60995302941424
212.51906648710113 161.61205959076858
212.50435039096425 161.638108124777
212.1205909522399 162.56154122640916
211.6270051656547 163.4312383410882
211.54097689762773 164.4275310375887
211.60548074275258 165.42544849608117
211.64479094909115 166.42467555119808
211.64180829391978 167.42467110307226
211.5911720657856 168.4233882664375
211.49243675684096 169.41850199801175
211.34926808106061 170.40820030066527
211.16749422445025 171.39154066140156
210.94647974606522 172.36681118815002
210.70125483193647 173.33627740287366
210.437043295786 174.30074215814727
210.1560298410267 175.26044598654656
209.85993758726534 176.21560533307598
209.55050432345269 177.16652649450117
209.2294318700165 178.11358112842916
208.89828704277977 179.05716106854783
208.5584514332376 179.9976459214227
208.21111481563182 180.9353864367414
207.85729138920237 181.87069867493233
207.4978437758323 182.8038639407039
207.13350705734226 183.73513122540786
206.74888768847947 184.6582064883716
206.36831015454436 185.58295550332855
205.99767097888991 186.5117324418182
205.6437831398182 187.44702031052876
205.27744830607358 188.37750340526253
204.89446228219114 189.3012575422009
204.4895537969612 190.2156147582761
204.09167559587277 191.133053005298
203.69754047715577 192.0521055109765
203.30511462612736 192.97188915479967
202.91322238638145 193.8919002810514
202.52122632560975 194.81186717629242
202.12880802856466 195.73165404298723
201.73583004561118 196.65120192369483
201.34225336176388 197.57049371302602
200.94808985198142 198.4895340426939
200.55337570934398 199.40833801830672
200.1581570225713 200.32692507984507
199.76248221096182 201.2453157611228
199.36639824554368 202.16353005655643
198.96994891656277 203.0815866613203
198.57317418038207 203.99950267530454
198.176110057311 204.9172935459117
197.77878879616298 205.83497312803158
197.3812391554436 206.75255379650923
196.9834867237393 207.67004657744724
196.58555424075433 208.5874612813764
196.187461900955 209.5048066301917
195.78922763241388 210.42209037438403
195.3908673488217 211.3393193994679
194.99239517523955 212.25649982167542
194.5938236493335 213.17363707352865
194.19516390026905 214.09073598012264
193.79642580751664 215.00780082700544
193.39761814172357 215.92483542052122
192.99874868963886 216.84184314142308
192.59982436488752 217.7588269924923
192.20085130620146 218.6757896408279
191.80183496453608 219.59273345540106
191.40278018034033 220.50966054040316
191.0036912521026 221.42657276485983
190.60457199716546 222.3434717889287
190.20542580568866 223.26035908725362
189.80625568853728 224.17723596970478
189.4070643197842 225.09410359979816
189.0078540744359 226.0109630110543
188.60862706192103 226.9278151215271
188.2093851558207 227.844660746708
187.81013002026367 228.7615006109871
187.4108631333616 229.67833535783274
187.01158580801845 230.59516555883334
186.61229921040825 231.51199172172838
186.21300437638354 232.4288142975418
185.81370222604707 233.3456336869183
185.41439357669208 234.26245024575124
185.01507915429488 235.17926429018206
184.61575960372193 236.09607610104086
184.21647090174136 237.01290134745955
183.81718559052212 237.92972807058914
183.41788665148846 238.84654885857697
183.01857026388416 239.76336204706774
182.6192389052282 240.68016871479762
182.21989665749925 241.59697063952225
181.8205471887802 242.51376941888108
181.4211929285059 243.43056611106576
181.02183628961936 244.34736176712943
180.62247965073283 245.26415742319313
180.51602129462438 245.50855190403627
180.32076598858748 245.9567909649332
181.09627555578638 246.58812677983914
181.871785125695 247.21946259141654
182.6472946969585 247.85079840132968
183.42280426889948 248.4821342104107
184.19831384117913 249.11347001907563
184.97382341362817 249.74480582753256
185.74933298616187 250.37614163588546
186.52484255873793 251.00747744418635
187.30035213133516 251.63881325246123
188.07586170394296 252.2701490607231
188.85137127655605 252.9014848689785
189.62688084917178 253.53282067723063
190.40239042063615 254.16415648689707
191.17789999169787 254.7954922970581
191.95340956277778 255.42682810719674
192.72891913399124 256.0581639171714
193.50442870533067 256.6894997269913
194.27993827675922 257.3208355367017
195.0554478482436 257.95217134634356
195.83095741976064 258.5835071559453
196.60646699129597 259.21484296552455
197.38197656284126 259.8461787750915
198.1574861343919 260.477514584652
198.93299570594533 261.108850394209
199.70850527750022 261.7401862037642
200.48401484905588 262.37152201331855
201.2595244206119 263.0028578228724
202.03503399216817 263.634193632426
202.81054356372454 264.2655294419794
203.58605313528093 264.89686525153286
204.36156270683736 265.5282010610862
205.1370722783938 266.1595368706395
205.91258184995021 266.7908726801928
206.68809142150667 267.42220848974614
207.4636009930631 268.05354429929946
208.23911056461952 268.6848801088528
209.01462013617595 269.3162159184061
209.79012970773238 269.9475517279594
210.5656392792888 270.57888753751274
211.34114885084523 271.21022334706606
212.11665842240168 271.8415591566194
212.89216799395814 272.4728949661727
213.66767756551462 273.104230775726
214.44318713707105 273.73556658527934
215.21869670862748 274.36690239483266
215.99420628018393 274.998238204386
216.7697158517404 275.6295740139393
217.5452254232968 276.2609098234926
218.32073499485327 276.89224563304595
219.09624456640972 277.52358144259927
219.87175413796618 278.1549172521526
220.64726370952263 278.7862530617059
221.4227732810791 279.4175888712592
222.19828285263551 280.04892468081255
222.97379242419194 280.68026049036587
223.74930199574837 281.3115962999192
224.5248115673048 281.9429321094725
225.30032113886125 282.57426791902583
226.07583071041768 283.20560372857915
226.85134028197416 283.83693953813247
227.6268498535306 284.4682753476858
228.40235942508704 285.0996111572391
229.17786899664347 285.73094696679243
229.29191397484465 285.82379002286666
230.12062757174405 285.26411710560694
230.1206275717513 285.26411710560205
230.9493411686508 284.70444418834245
231.77805476555028 284.14477127108285
232.60676836244977 283.58509835382324
233.43548195934926 283.02542543656364
234.26419555624875 282.46575251930403
235.09290915314824 281.90607960204443
235.92162275004776 281.3464066847848
236.75033634694725 280.7867337675252
237.57904994384674 280.2270608502656
238.4077635407462 279.66738793300595
239.2364771376457 279.1077150157463
240.0651907345452 278.5480420984867
240.89390433144473 277.9883691812271
241.72261792834422 277.4286962639675
242.55133152524368 276.86902334670776
243.38004512214317 276.30935042944816
244.2087587190427 275.74967751218855
245.03747231594218 275.19000459492895
245.86618591284167 274.63033167766935
246.69489950974113 274.0706587604097
247.52361310664065 273.5109858431501
248.35232670354014 272.9513129258904
249.18104030043963 272.3916400086308
250.00975389733912 271.8319670913712
250.83846749423864 271.2722941741116
251.66718109113816 270.712621256852
252.49589468803765 270.1529483395924
253.32460828493714 269.5932754223328
254.15332188183663 269.03360250507313
254.9820354787361 268.4739295878135
255.81074907563558 267.91425667055387
256.63946267253505 267.3545837532942
257.4681762694346 266.79491083603455
258.2968898663341 266.23523791877494
259.1256034632336 265.67556500151534
259.9543170601331 265.11589208425573
260.7830306570326 264.55621916699613
261.6117442539321 263.9965462497365
262.4404578508316 263.4368733324769
263.2691714477311 262.8772004152173
264.0978850446305 262.31752749795766
264.92659864153 261.757854580698
265.7553122384295 261.1981816634384
266.58402583532904 260.6385087461788
267.41273943222853 260.0788358289192
268.241453029128 259.5191629116596
269.0701666260275 258.9594899944
269.898880222927 258.3998170771403
270.72759381982644 257.84014415988065
271.556307416726 257.28047124262105
272.3850210136254 256.7207983253614
273.21373461052485 256.1611254081017
274.0424482074244 255.60145249084212
274.87116180432395 255.04177957358252
275.69987540122344 254.4821066563229
276.5285889981229 253.92243373906328
277.3573025950224 253.36276082180365
278.1860161919219 252.80308790454404
279.0147297888214 252.24341498728438
279.8434433857209 251.68374207002478
280.6721569826204 251.12406915276512
281.50087057951987 250.5643962355055
282.32958417641936 250.0047233182459
283.1895066389837 249.49429863391208
284.0876178203136 249.05453016531732
285.0224983292011 248.6995675840468
285.9890844571627 248.44322551330507
286.97853285374885 248.2983397980223
287.9784297019148 248.2839768934511
288.9728196281528 248.3897534248572
289.9504578082887 248.60004747788892
290.9039793593514 248.90137230537417
291.8260384307914 249.2884214867131
292.7156064820715 249.74522415980255
293.5737999632073 250.2585505169439
294.40146787476124 250.81976868146108
295.19889654141326 251.4231819077013
295.96628350694345 252.0643661597961
296.70420727318833 252.73925023518308
297.4111897057351 253.44648134314582
298.09079036642595 254.18006360982668
298.74682474923225 254.93479461394398
299.3822168267161 255.70698429781106
299.9991824718471 256.49397438207393
300.59956681225617 257.29368598245975
301.1850447733102 258.1043743055038
301.7571925760468 258.9245248354821
302.31749218430934 259.75281485050147
302.867336687135 260.5880818872702
303.40803389148965 261.4292991797714
303.9407965014371 262.27556391461627
304.466723759265 263.1260934669974
304.98678623236253 263.98022169160754
305.5018210522177 264.8373909481355
306.012538132593 265.6971397857695
306.51953387067056 266.55908834663103
307.0233080437805 267.422923737494
307.52428062409194 268.28838689313733
308.0228066787231 269.15526160891454
308.5191886909484 270.0233658065424
309.01368634689345 270.89254476870434
309.50652415716564 271.76266596300206
309.9992154019063 272.6328701559108
310.4954211460316 273.50107511990086
311.0004438791648 274.3641811614848
311.5199103120536 275.21867201872186
312.04821281563216 276.0677282387171
312.56166359800636 276.9258472829524
313.0430569847722 277.80235193620763
313.4862627833029 278.6987718267437
313.89531016643457 279.6112849709521
314.2737652388495 280.53690463267253
314.62189529904697 281.4743508770977
314.94474368498237 282.4208015729604
315.2470260674189 283.3740199956047
315.53228550434073 284.3324703352922
315.80326894027644 285.29505434588475
316.06141145808874 286.26116119323524
316.3093540065098 287.2299359310781
316.54926355066374 288.2007311775765
316.78263941687453 289.1731177802559
317.01052236166026 290.1468063154024
317.23369085040184 291.121586201137
317.45277530856976 292.09729209954554
317.6683121656652 293.07378780523675
317.8807668805968 294.0509587186922
318.0905444131762 295.0287078617881
318.29799585979754 296.0069531772866
318.5034243824403 296.9856252991358
318.7070910899024 297.9646655803661
318.90922072434535 298.94402435572886
319.11000689695834 299.92365944742755
319.3096167163767 300.90353490889794
319.50819476828246 301.8836199854609
319.705866480591 302.86388826208366
319.9027409452565 303.84431696686676
320.09891327804564 304.82488640135267
320.2944665938621 305.80557947294704
320.4894736655042 306.7863813092064
320.6839983226089 307.76727893779884
320.8780966371104 308.74826101934144
321.0718179326119 309.7293176230444
321.2652056477548 310.71044003723733
321.4582980778216 311.69162060851403
321.65112901418297 312.672852604518
321.8437282975473 313.65413009638644
322.0361222980885 314.635447857642
322.22833433323945 315.61680127692745
322.42038503210694 316.59818628245
322.61229265399766 317.57959927638285
322.8040733673476 318.56103707776765
322.99574149437825 319.54249687270607
323.1873097260004 320.5239761708235
323.3787893108252 321.50547276714735
323.57019022158954 322.4869847086736
323.7615213018412 323.46851026500406
323.95279039534023 324.45004790252597
324.1440044603014 325.43159626168153
324.3351696703244 326.41315413693746
324.52629150361804 327.3947204591177
324.7173748219185 328.37629427980943
324.9084239403261 329.35787475758787
325.09944268913216 330.33946114584137
325.29043446857656 331.32105278200413
325.48140229735804 332.3026490780294
325.6723488556257 333.28424951195643
325.8632765230884 334.2658536204428
326.05418741280397 335.247460992149
326.24508340114556 336.2290712618768
326.4359661543816 337.21068410537316
326.62683715225626 338.1922992347239
326.81769770891185 339.1739163942689
327.0085489914558 340.1555353569786
327.1993920364382 341.1371559212405
327.39022776447746 342.11877790800713
327.58105699324324 343.1004011582659
327.77188044898156 344.08202553079343
327.9626987767474 345.0636509001623
328.1535125494896 346.0452771549721
328.3443222761174 347.0269041962786
328.53512840866335 348.00853193619986
328.7259313486438 348.9901602966779
328.91673145270784 349.97178920837985
329.10752903765297 350.9534186097219
329.29832438488023 351.93504844600255
329.4891177443508 352.91667866863327
329.6799093380995 353.89830923445464
329.8706993633562 354.8799401051299
330.0614879953175 355.8615712466053
330.2522753896086 356.843202628632
330.4430616844704 357.82483422434035
330.63384700270154 358.80646600986256
330.82463145338386 359.788097963997
331.0154151334148 360.7697300679106
331.20619812886855 361.75136230487396
331.3969805162049 362.7329946600265
331.5877623633438 363.71462712016745
331.77585281551285 364.69677883034404
331.9588657681606 365.6798893323545
332.14507588411 366.6623992777078
332.3329458703625 367.64459318334224
332.5216335753892 368.6266303262099
332.71068181920646 369.608598126858
332.89985126517604 370.59054258593477
333.0890151764705 371.5724881112384
333.2781027422035 372.55444834082266
333.46692413811274 373.536459787012
333.6554909963379 374.51852014156213
333.844357966643 375.5005228235991
333.8820921486327 375.519767122805
334.0684514814808 376.4786667702928
334.98694909761986 376.08324025481005
334.986949097623 376.0832402548087
335.9054467137621 375.6878137393261
336.8239443299012 375.29238722384343
337.74244194604034 374.8969607083608
338.66093956217946 374.5015341928782
339.5794371783186 374.1061076773955
340.4979347944577 373.71068116191293
341.4164324105968 373.3152546464303
342.33493002673595 372.9198281309476
343.25342764287507 372.52440161546497
344.1719252590142 372.1289750999823
345.0904228751533 371.73354858449966
346.00892049129243 371.338122069017
346.92741810743155 370.94269555353435
347.8459157235707 370.54726903805175
348.76441333962475 370.15184252237145
349.68291095574966 369.7564160068557
350.60140857191004 369.3609894914224
351.51990618807554 368.96556297600097
352.4384038042352 368.57013646056595
353.3569014203877 368.17470994511444
354.27539903653485 367.7792834296504
355.19389665267846 367.3838569141781
356.11239426882 366.9884303987011
357.0308918849605 366.5930038832215
357.9493895011003 366.19757736774034
358.8678871172398 365.8021508522585
359.78638473337907 365.4067243367762
360.7048823495183 365.0112978212938
361.6233799656575 364.61587130581125
362.5418775817966 364.2204447903286
363.4603751979357 363.825018274846
364.37887281407484 363.42959175936335
365.29737043021396 363.03416524388064
366.215868046353 362.6387387283979
367.13436566249214 362.24331221291527
368.05286327863126 361.8478856974326
368.9713608947704 361.45245918194996
369.8898585109095 361.0570326664673
370.8083561270486 360.66160615098465
371.72685374318775 360.266179635502
372.6453513593268 359.8707531200193
373.56384897546593 359.47532660453663
374.48234659160505 359.0799000890539
375.40084420774417 358.68447357357127
376.3193418238833 358.2890470580886
377.2378394400224 357.89362054260596
378.15633705616153 357.4981940271233
379.07483467230065 357.10276751164065
379.9933322884398 356.707340996158
380.9118299045789 356.31191448067534
381.830327520718 355.9164879651927
382.74882513685714 355.52106144971
383.66732275299626 355.1256349342273
384.5858203691354 354.7302084187446
385.5043179852745 354.33478190326196
386.4228156014136 353.9393553877793
387.34131321755274 353.5439288722966
388.25981083369186 353.1485023568139
389.178308449831 352.75307584133117
390.0968060659701 352.3576493258485
391.0153036821092 351.9622228103658
391.93380129824834 351.56679629488315
392.85229891438746 351.1713697794005
393.7707965305266 350.77594326391784
394.6892941466657 350.3805167484352
395.6077917628048 349.98509023295253
396.5269301035121 349.5911553263475
397.44704977211086 349.1995179999119
398.39211783450423 348.8726443891017
399.35455764006855 348.6011492313819
400.3263409933014 348.36527402204575
401.3028576692005 348.14983219302667
402.28174981266716 347.9454546711235
403.2618350450706 347.74687738837287
404.2425197998072 347.5512823684282
405.2235054834139 347.3572022598163
406.2046419264097 347.1638857312277
407.1858537415048 346.9709521314639
408.16710317028503 346.77820992405105
409.1483713423472 346.58556316311854
410.1296488439999 346.39296392960443
411.1125915977699 346.20905214963625
412.0968621988807 346.0323847112409
413.0819450850702 345.86030418550814
414.06748053305864 345.6908347760022
415.0555320496728 345.53671079825597
416.04637378104815 345.40168241840536
417.0394544848883 345.28424854058375
418.0340780262397 345.180691739795
419.0296866134512 345.08707795303917
420.0259024216968 345.00016383795105
421.02249167898054 344.9176420089203
422.0193182359054 344.8380378921342
423.01630531705996 344.7604701152488
424.0134088213108 344.68441354544274
425.0106065141182 344.60960203924475
426.00789119547176 344.53595922331937
427.00526262556315 344.46350074943695
428.002720317916 344.3922395961622
429.0002685888234 344.322257832755
429.99791882542183 344.25374502070304
430.9956837983908 344.18692392585945
431.9935812099941 344.1221106871231
432.99163261910473 344.0597136938291
433.98986507871155 344.0002834272356
434.98830432100294 343.9444347078901
435.9869748678767 343.89288726559784
436.9859021168583 343.8465801253051
437.98509945543924 343.8065216858341
438.98456308606103 343.7737733871856
439.9842701884345 343.7495719520183
440.9841660642248 343.7351415127458
441.98416034501724 343.73175944498206
442.98411833577694 343.74092550825026
443.98384326890215 343.7643788254538
444.98305995500107 343.80395172301746
445.9814098032329 343.86137628688607
446.97845943804947 343.9381358186208
447.97371923626713 344.0353877288942
448.9666668796483 344.15394141927857
449.95677302700483 344.2942618275119
450.9435285249509 344.45647646086275
451.9264739240224 344.64037410207743
452.90523309768463 344.84538746742726
453.87955396025154 345.07055153375836
454.84935950044485 345.3144310413237
455.8148095940594 345.57501906242146
456.7763675937765 345.84962098007696
457.7348578287285 346.13474633759853
458.69149433746963 346.42603071779024
459.64785973477285 346.7182040000066
460.6058197689101 347.00510567827916
461.5673663557495 347.2797475566179
462.53438846514956 347.53443999846
463.50838351114885 347.76100930434416
464.49014492564584 347.9511264393029
465.47948629018805 348.0967412201659
466.4750736790163 348.1905801843868
467.4744235090459 348.2266345491671
468.4740833120251 348.2005524037871
469.4699628382205 348.1098663006359
470.45774560601257 347.9540291944862
471.4333018317594 347.73427922200256
472.3930406916885 347.45338543292564
473.3341677874295 347.11533249378436
474.2548371113361 346.72498906036003
475.1542001315469 346.2877864095477
476.0323614740155 345.8094218450221
476.89025676630695 345.29559729572134
477.72947550846607 344.7518033064121
478.5520582252997 344.1831578334093
479.36029962291605 343.59430654218284
480.1565870300574 342.9893880640157
480.94329738968605 342.37206577375485
481.72276848036387 341.74562757345296
482.49735346720183 341.1131577337252
483.26956038453443 340.4777866005883
484.0422866431254 339.84304718217777
484.8191231109147 339.213344790319
485.60463279561395 338.5944954263833
486.40449893102846 337.9943169817378
487.22542168894375 337.4232777313034
488.07593463113164 336.89732361241954
488.9644238608475 336.43842614164976
489.895209436474 336.0728605357652
490.8648133085694 335.8281804768769
491.8599133829779 335.7293076195685
492.8578062635578 335.7941905825714
493.82959957613616 336.03002475657513
494.7455105758555 336.43140617193103
495.58066141400116 336.981427151117
496.31931997192027 337.6555069199966
496.9562391948414 338.4264374638678
497.4951686844013 339.2687883440137
497.9693613665687 340.1492094365477
498.41701431560983 341.043416815859
498.8482833302547 341.94564020117286
499.14165810622274 342.90163771206176
499.3668399148558 343.8759544742396
499.5509117892232 344.8588672603335
499.7086554248731 345.84634735907576
499.827108433994 346.839307018191
499.86184505516314 347.83870351966067
