8.967126225145881
279331
669
0.0 100.0
0.0 101.0
0.0 102.0
0.1961538916884394 102.9805731236249
0.4209871460281007 103.95497037718374
0.6748136771671858 104.92222013401488
0.9286402083062709 105.88946989084603
1.2409813789269595 106.83943988675921
1.580114218614412 107.78017838232826
1.942340567046608 108.71226854561799
2.324155924844606 109.6365071687828
2.7224532181475287 110.55376354850854
3.134528460586054 111.4649133685542
3.5581192322036888 112.37076703123952
3.991237137980804 113.2721043042374
4.4321177603855775 114.16967005491418
4.87923198849699 115.06414692270917
5.331295099955185 115.95613287734004
5.787259866178194 116.84613070428301
6.2463014843061435 117.73454546824546
6.707799321996532 118.62168680185984
7.17132214385302 119.50777178289619
7.636653036640069 120.39290858600518
8.10378623257208 121.27709554432245
8.572800234871618 122.16028627437287
9.043636350877271 123.04250696777373
9.515909725667363 123.9239590988985
9.98885851321486 124.80504901732756
10.461446970061905 125.6863322580935
10.9325625960124 126.5684037217433
11.427938477330896 127.4370824518892
11.921238979706859 128.30694141422484
12.42234108792712 129.17232957981136
12.871916589792193 130.06557191430005
13.308297022802035 130.9653341705023
13.72176051231255 131.8758548692466
14.14402206018105 132.7823289092454
14.571710734013491 133.68625501146585
15.003186396748028 134.58837958848824
15.437370280950404 135.48920385253695
15.873790085728633 136.3889470125539
16.31201024720855 137.2878146836115
16.7518726086934 138.18587988333195
17.193138145469884 139.08325646317644
17.63440368224637 139.9806330430209
18.078581456312627 140.87657171560153
18.524016241412976 141.77188610296645
18.971458392589888 142.66619897962102
19.421624052506093 143.55914403875525
19.875279016014417 144.45032144762752
20.333092170559503 145.33936988023706
20.795426005776807 146.226075820678
21.262199848336405 147.1104525389956
21.732879377591914 147.99275678399263
22.206576230455042 148.87344474893118
22.719039856238773 149.7321536823007
23.234323442925948 150.58917341678222
23.777350732431408 151.4288884653864
24.273133437517263 152.29733507246007
24.758939462213878 153.17140172115938
25.237542906622178 154.0494328954354
25.710676531821523 154.93042357229058
26.17961316138058 155.81365538640156
26.645275006325097 156.69861812356223
27.108344375333747 157.5849401640678
27.569344860616617 158.47234004719206
28.02869222969107 159.36059676375794
28.486724137752045 160.24953251576594
28.94371737975256 161.13900268208175
29.3998986108373 162.0288895762464
29.85545186964956 162.91909810708933
30.31052441781885 163.80955247195186
30.765231340042778 164.70019359770433
31.21965889709597 165.59097729501286
31.673866630039186 166.4818730999949
32.12788848418307 167.37286364762141
32.58173353984638 168.26394426431665
33.03538711801555 169.15512237839616
33.488812973822334 170.04641637775097
33.94195700924108 170.93785369083835
34.39475252474159 171.82946808122392
34.84712658875056 172.7212963753546
35.29900669832271 173.6133750526993
35.75032660774285 174.50573727700117
36.20103013529621 175.39841097452506
36.651072040573744 176.29141841206084
37.100415704221106 177.1847773947436
37.54902813082133 178.07850380181674
37.996868956564775 178.97261710268938
38.443885334893615 179.86714287509943
38.89002007425477 180.76210868133737
39.335215869593874 181.65754193055943
39.77940578470474 182.55347458389548
40.22249505361887 183.44995207930356
40.66434350562042 184.34704178800823
41.10475305385414 185.244838774985
41.54345789851286 186.143469989262
41.980110944890896 187.04309997825126
42.414260034107585 187.943941012137
42.845311341248944 188.84626843087798
43.272482675783934 189.75043912878385
43.69475434270162 190.6569084549712
44.110828652627546 191.5662390706549
44.51911096133843 192.47909478564696
44.91772517393288 193.39621348544418
45.304574465041185 194.3183564385534
45.677452963057384 195.24623661708787
46.034206309447356 196.18043523078816
46.37292930195281 197.12132137392567
47.286206158883594 197.52866076877302
48.20504420471855 197.9232955943095
49.123954578843886 198.31776197351667
50.04286590875609 198.71222612620863
50.961777251301314 199.10669024947174
51.88068859401351 199.50115437234587
51.26108238809755 200.28606720163995
50.44417536125441 200.86283657452162
49.570971609730016 201.3501918949232
49.11117527503612 201.6068149220495
48.76317205512947 201.77620534937634
48.7633866026182 201.80092386807962
48.77206590132896 202.80088620225723
48.78074520003973 203.80084853643484
48.78942449875053 204.80081087061245
48.79810379746133 205.80077320479006
48.80678309617213 206.80073553896767
48.807599482914156 206.8947933677567
49.7672521860422 207.17598136425977
50.72690488917107 207.45716936076295
51.68655759229991 207.73835735726618
52.64621029542877 208.0195453537694
53.60586299855762 208.30073335027262
54.56551570168647 208.58192134677583
55.52516840481531 208.86310934327906
56.48482110794416 209.1442973397823
57.444473811073 209.42548533628553
58.404126514201856 209.70667333278874
59.363779217330695 209.987861329292
60.323431920459555 210.26904932579518
61.283084623588394 210.55023732229841
62.24273732671724 210.83142531880165
63.202390029846086 211.11261331530488
64.16204273297494 211.3938013118081
65.12169543610378 211.67498930831135
66.08134813923263 211.95617730481456
67.04100084236147 212.2373653013178
68.00065354549031 212.51855329782103
68.96030624861916 212.79974129432424
69.919958951748 213.08092929082747
70.87961165487684 213.3621172873307
71.83926435800569 213.6433052838339
72.79891706113455 213.92449328033712
73.75856976426338 214.20568127684038
74.71822246739224 214.4868692733436
75.67787517052109 214.76805726984682
76.63752787364993 215.04924526635006
77.59718057677878 215.3304332628533
78.55683327990764 215.61162125935647
79.51648598303647 215.8928092558597
80.47613868616533 216.17399725236294
81.43579138929418 216.45518524886617
82.39544409242302 216.7363732453694
83.35509679555187 217.0175612418726
84.31474949868073 217.29874923837585
85.27440220180958 217.57993723487908
86.23405490493842 217.86112523138232
87.19370760806726 218.14231322788555
88.15336031119611 218.42350122438876
89.11301301432495 218.704689220892
90.07266571745379 218.98587721739523
91.03231842058264 219.26706521389843
91.99197112371148 219.5482532104017
92.95162382684032 219.8294412069049
93.91127652996917 220.1106292034081
94.87092923309802 220.39181719991134
95.83058193622688 220.67300519641455
96.79023463935572 220.95419319291778
97.74988734248456 221.23538118942102
98.7095400456134 221.51656918592425
99.66919274874225 221.79775718242746
100.62884545187109 222.07894517893072
101.58849815499994 222.3601331754339
102.54815085812878 222.64132117193714
103.50780356125763 222.92250916844037
104.46745626438647 223.2036971649436
105.42710896751531 223.48488516144684
106.38676167064416 223.76607315795007
107.34641437377302 224.04726115445325
108.30606707690187 224.32844915095652
109.26571978003072 224.60963714745975
110.22537248315957 224.89082514396296
111.18502518628841 225.1720131404662
112.14467788941725 225.45320113696943
113.1043305925864 225.73438913333507
114.06398329572151 226.0155771298169
115.02363599884018 226.2967651263549
115.98328870195662 226.57795312290042
116.94294140507586 226.8591411194364
117.90259410819843 227.14032911596098
118.86224681132353 227.421517112477
119.82189951445025 227.70270510898746
120.78155221757795 227.9838931054946
121.7412049207062 228.2650811019999
122.70085762383474 228.54626909850424
123.66051032696342 228.82745709500801
124.62016303009219 229.10864509151156
125.57981573322098 229.38983308801494
126.53946843634981 229.6710210845182
127.49912113947863 229.95220908102146
128.45877384260748 230.23339707752473
129.41842654573634 230.51458507402793
130.3780792488652 230.79577307053114
131.33773195199404 231.07696106703435
132.2973846551229 231.35814906353755
133.25703735825175 231.63933706004076
134.2166900613806 231.92052505654397
135.17634276450946 232.20171305304717
136.13599546763828 232.48290104955043
137.09564817076713 232.7640890460537
138.055300873896 233.0452770425569
139.01495357702484 233.32646503906014
139.9746062801537 233.60765303556337
140.93425898328258 233.88884103206658
141.89391168641143 234.1700290285698
142.85356438954028 234.451217025073
143.81321709266913 234.7324050215762
144.772869795798 235.0135930180794
145.73252249892684 235.2947810145826
146.6921752020557 235.57596901108585
147.65182790518452 235.85715700758908
148.61148060831337 236.1383450040923
149.57113331144222 236.4195330005955
150.53078601457108 236.70072099709873
151.49043871769993 236.98190899360193
152.45009142082878 237.2630969901051
153.40974412395764 237.54428498660826
154.3693968270865 237.82547298311147
155.32904953021534 238.10666097961467
156.2887022333442 238.38784897611788
157.24835493647305 238.6690369726211
158.2080076396019 238.95022496912432
159.16766034273073 239.23141296562753
159.18299148698617 239.23590514672932
160.17863068121446 239.32919283805404
161.1585637222638 239.5285197932301
162.13341791976782 239.75136344606491
163.10422396841693 239.99122927503248
164.07212341406014 240.2425670221449
165.03820404289323 240.50080764364634
166.0032374242112 240.7629346604569
166.96769741042752 241.02716360472232
167.9318531892525 241.29250043623725
168.89585083113602 241.5584112228613
169.859767373604 241.82461584182306
170.82364270527063 242.09096963850064
171.78749722813566 242.357398726163
172.75134129051656 242.62386565359128
173.71518011098715 242.8903515409359
174.67901631054602 243.15684690753707
175.64285120177948 243.4233470059253
176.60668544067087 243.6898494635887
177.57051935457145 243.95635309661296
178.5343531066627 244.22285731483413
179.4981867782264 244.4893618242895
180.46202040972673 244.75586647863705
181.4258540212997 245.0223712050533
182.38968762296255 245.28887596731022
183.35352121969757 245.55538074738897
184.31735481398246 245.82188553632878
185.28118840704923 246.0883903296741
186.24502199951036 246.35489512520977
187.20885559167044 246.62139992183413
188.17268918368086 246.88790471899975
189.13652277561687 247.15440951643447
190.10035636751584 247.42091431400306
191.06417802716035 247.6874622616599
192.02798552364146 247.95406141718522
192.99178190130067 248.22070076613994
193.95557097605263 248.4873665108256
194.919355696721 248.75404799163405
195.8831379691125 249.0207383203373
196.8469189158302 249.28743343979764
197.8106991626525 249.55413108852213
198.77447904632857 249.820830049565
199.73825874386017 250.08752968328406
200.70203834679387 250.35422965885388
201.66581790194766 250.62092980708695
202.62952071797736 250.88790711394358
203.59313237649758 251.15521325222687
204.55667240870991 251.42277746194904
205.52016536557238 251.6905111394653
206.48346264657403 251.9589480005981
207.446468844928 252.22842724271482
208.40917648070118 252.49897115416732
209.37163322835013 252.77040624568096
210.33390438805975 253.04249853735996
211.29604992678875 253.31503470432472
212.25811576613938 253.58785208052092
213.22011191159274 253.8609151064561
214.18201981409655 254.13428881971453
215.14381606375852 254.40805509619167
216.10548933828576 254.68225304122421
217.06704429090397 254.95686562850935
218.02849713667632 255.23183549114202
218.9898690791568 255.5070880809778
219.9511811032836 255.78254986102942
220.91245109066648 256.0581582995013
221.87369285947193 256.33386514001086
222.83491636357834 256.6096356517654
223.79612840061037 256.88544612992877
224.7573334214637 257.1612810586205
225.71853424285266 257.4371306208119
226.67968381788563 257.71315868897506
227.64069554223977 257.9896663121139
228.60148915496185 258.26693086764243
229.56202284093192 258.54509455707137
230.52229782335732 258.82415003207217
231.4823457125735 259.103985788207
232.44212055331644 259.3847566112583
233.40150370101162 259.6668629314967
234.3603818721937 259.950680923933
235.31857519726992 260.2368024921158
236.2757960603586 260.52616078086487
237.23175923577207 260.8196474198339
238.1862001158522 261.11804749763536
239.13890269188906 261.421951761529
240.08975601341393 261.7315934269184
241.03879096723378 262.04676426381195
241.98617139350122 262.36687413233426
242.93214987343958 262.69110355032944
243.87701300180964 263.01856907316613
244.82103607915664 263.3484484896751
245.7644556166562 263.6800500220361
246.707458769224 264.01283381708504
247.650184504768 264.34640268185365
248.59273089416985 264.68047797849425
249.53520499735984 265.0147571504691
250.4777458787434 265.3488479868006
251.4204983542496 265.68234126998186
252.3635720350592 266.01492514295853
253.30701850424086 266.34645004366536
254.25092293289643 266.6766688038296
255.19549954054918 267.0049598824096
256.141052541691 267.330428040655
257.08791240818977 267.6520744197951
258.03637230612287 267.9689715987234
258.98662189281106 268.28046112182
259.9387034587514 268.5863053498131
260.892511916371 268.8867207724753
261.8478330392892 269.1822906493342
262.8043954767617 269.4738181835683
263.76191782031117 269.76217726805095
264.7201424946788 270.04819382951734
265.6788548250305 270.3325715143515
266.63788923283505 270.6158611270219
267.5971263443194 270.8984636110011
268.55648515706804 271.1806526759938
269.5159136781179 271.4626046453007
270.47538022989727 271.74442717104455
271.4348664581766 272.02618269937045
272.39436225025526 272.3079056572268
273.3538623228915 272.58961403589376
274.31336407846516 272.87131668240426
275.2728663347689 273.1530176233826
276.23236861253747 273.4347184912494
277.19187075698676 273.7164198132151
278.15023008583216 274.0019848615229
279.10707173758544 274.2925946574176
280.06294621819103 274.5863700432602
281.0063052970394 274.9181435327894
281.95669425284194 275.2292075658895
282.9112258994361 275.52731716930805
283.8686805801158 275.81590083905485
284.82813042377677 276.0977802414576
285.7887092193105 276.37578811467534
286.7588057335755 276.6185076091765
287.72409179568194 276.879702590566
288.6866686600136 277.1507114100783
289.64767760091814 277.4272287070084
290.6077548680635 277.7069636549693
291.5672753916042 277.9886023684023
292.52647251128184 278.27134056108605
293.4854946820659 278.5546715970572
294.4444408850966 278.83825964280845
295.4033791467301 279.12187454082203
296.3623562754948 279.40535799096745
297.3213334042594 279.6888414411128
298.2804508201225 279.97184989078903
299.23968000327613 280.2544792844947
300.19902566096806 280.53671306891397
301.15848866572327 280.8185476702426
302.1180665577091 281.0999908602688
303.0777539905552 281.38106030228846
304.0375431417735 281.66178220240266
304.99742416346896 281.94218980606007
305.9573856904847 282.22232167973664
306.9174153867895 282.5022198437409
307.87750049376046 282.78192788326163
308.83762834104675 283.0614891768368
309.7977804103955 283.34096726851
310.75792621720353 283.6204668743576
311.7187162149613 283.89774395636863
312.6818112491899 284.16690553431823
313.6512931151108 284.4120685650765
314.63118033278676 284.6116206651284
315.6188473803647 284.7681895098223
316.61751708689184 284.8197532302552
317.61697228393973 284.7867485473468
318.61071077285175 284.6750175505067
319.5935472094533 284.4905384490117
320.56359788948805 284.2476358385603
321.5221958900047 283.9628730014388
322.4554540348868 283.60366660532213
323.39874376024943 283.27169598308967
324.3382927824151 282.9292815632014
325.2750671798116 282.57934767175533
326.21003354500573 282.2246112964628
327.1435426058764 281.86605748840554
328.0762649175924 281.5054620236155
329.00863264769583 281.14395072937725
329.94085407549613 280.78206233560104
330.8730179818431 280.42002580194173
331.8051599108017 280.0579326864627
332.73729359238104 279.6958183403436
333.66942421507935 279.3336961203292
334.60155371213796 278.97157100284454
335.53368279718114 278.6094448248119
336.46581173197 278.2473182600181
337.3979316747497 277.8851685502676
338.33004531505225 277.5230026192886
339.26215584544804 277.16082868438264
340.19426503574545 276.79865130054554
341.1263574554129 276.4364307583362
342.0584382555496 276.07418031731993
342.990495931008 275.7118703814652
343.92253229825724 275.3495056341113
344.8545541173617 274.9871034697784
345.7865675170958 274.6246796533478
346.7185765474266 274.26224460070813
347.65058348031255 273.8998041544931
348.5825894632837 273.53736126560443
349.51459503478276 273.17491731863504
350.4466004341194 272.81247292895927
351.37860576336567 272.4500283590504
352.31061106469207 272.08758371734706
353.24261635508947 271.7251390475402
354.1746216412686 271.36269436688644
355.106626925838 271.0002496820934
356.03863220979866 270.6378049957351
356.9706374935308 270.2753603087891
357.9026427771776 269.9129156216238
358.8346480607928 269.5504709343772
359.7666533443963 269.18802624710025
360.69865862799537 268.8255815598122
361.6306639115928 268.46313687251995
362.5626691951897 268.10069218522625
363.49467447878635 267.738247497932
364.42667976238295 267.37580281063754
365.3586850459795 267.01335812334287
366.2906903295761 266.65091343604826
367.2226956131726 266.28846874875364
368.1547008967692 265.92602406145903
369.08670618036575 265.56357937416436
370.01871146396235 265.20113468686975
370.9507167475589 264.8386899995752
371.8827220311554 264.4762453122806
372.81472731475196 264.11380062498597
373.7467325983485 263.7513559376913
374.678737881945 263.38891125039663
375.6107431655415 263.026466563102
376.54274844913806 262.66402187580735
377.47475373273465 262.3015771885128
378.40675901633114 261.93913250121807
379.3387642999277 261.5766878139235
380.27076958352416 261.21424312662884
381.18659910610074 260.812675840141
382.1180674614547 260.44885348929625
383.04964806531024 260.0853186511855
383.98123083807724 259.72178937109425
384.9128169617339 259.35826867813387
385.84440875315664 258.9947625101617
386.77600870595455 258.6312772588146
387.7076194540484 258.2678196766458
388.63924373625747 257.90439678689
389.57088435353916 257.54101577440997
390.5025441197632 257.17768386004053
391.43422580756106 256.8144081622268
392.3659320913234 256.45119555121533
393.2976654898422 256.0880525021499
394.2294283113518 255.7249849540925
395.1612226037634 255.36199818211702
396.09305011268174 254.99909668911502
397.0249122493507 254.63628412284584
397.95681007002474 254.27356322212063
398.8887442674811 253.91093579401934
398.92721197425874 253.95899624407244
399.4958853371194 253.73784659738854
399.5494564352201 254.73641063511442
399.60302753332127 255.73497467284471
399.6565986314223 256.733538710575
399.7101697295234 257.7321027483053
399.76374082762453 258.73066678603556
399.8173119257256 259.7292308237658
399.87088302382665 260.72779486149614
399.92445412192774 261.7263588992264
399.9780252200288 262.72492293695666
400.03159631812997 263.723486974687
400.085167416231 264.7220510124173
400.1387385143321 265.7206150501476
400.19230961243323 266.7191790878779
400.24588071053427 267.7177431256082
400.29945180863535 268.7163071633385
400.3530229067365 269.71487120106883
400.40659400483753 270.71343523879915
400.4601651029386 271.71199927652947
400.5137362010396 272.7105633142598
400.56730729914074 273.70912735199005
400.62087839724177 274.70769138972037
400.6744494953429 275.7062554274506
400.72802059344394 276.7048194651809
400.7815916915451 277.7033835029112
400.8440623942542 278.70143030106397
400.9328002645924 279.6974853147895
401.06660197016356 280.6884934396736
401.11178777771903 281.6874720394421
401.3684414400399 282.6539754784517
401.68906006694885 283.6011838483888
402.0631944169479 284.5285583618141
402.48105836627525 285.43706797643165
402.93365735971287 286.3287821409145
403.41335861621445 287.2062140211825
403.91388987538494 288.07193248499925
404.430171158059 288.92835156299805
404.9581426996574 289.77761362576916
405.49461682533024 290.62153039446355
406.0371448024542 291.46156812816236
406.5838908509829 292.29886661640785
407.13351294553524 293.1342800189697
407.68664528794193 293.96737341816555
408.24575349184755 294.7964681150039
408.8137560251607 295.6194949202477
409.3952300242611 296.43305990743085
409.99752201299293 297.2313357747282
410.6274171683254 298.00801594911707
411.288178085981 298.75861238509236
411.9790104607229 299.48162734344965
412.69785754670033 300.17679557271634
413.44211191627977 300.8446918471197
414.2101124499376 301.48514104908764
415.0015749135139 302.0963588243116
415.81603313738236 302.6765810244841
416.65342366408413 303.22318609744826
417.5140746346263 303.73238144984725
418.39803839412673 304.19993687104335
419.30448638765444 304.62225432868576
420.2315471192899 304.99716551798195
421.176552811296 305.3242194005091
422.13647696344435 305.60447931937415
423.11530934369034 305.8091428759296
424.09757052826785 305.9966607824674
425.09169506774793 306.10490310322734
426.0854952278195 306.21608422501356
427.08215273050286 306.297777690755
428.0808317779102 306.3491601806681
429.08055690316695 306.3726053066089
430.0805555052875 306.3709332549014
431.0802730438229 306.3471668259566
432.0793602902568 306.30445062278864
433.0776460070338 306.24592176085696
434.0710525617061 306.13127701769747
435.0673143010127 306.0448909841398
436.0633225260618 305.95562948272715
437.0589023831054 305.8617106441
438.0541673751055 305.76451190080036
439.04925920421243 305.6655560942768
440.0443141971378 305.56623056354914
441.0394565297644 305.4677839393588
442.03478415683617 305.37122869720326
443.03034739506205 305.2771338583804
444.02613372311725 305.1854300478908
445.0220684576673 305.0953522786195
446.018029273552 305.00556334153794
447.0138663068079 304.91441180180374
448.0094216756203 304.8202337383865
449.0078034848983 304.7633675542101
450.0028211266469 304.6636685441392
450.9967262359806 304.5534295599258
451.989869084448 304.4365224064317
452.9822992899332 304.3137124425011
453.9740588662514 304.18559943464817
454.96521303614986 304.0528839061938
455.95584806388774 303.9163473110305
456.9460679561386 303.77683184597157
457.93598311774014 303.6351703733285
458.92567781708055 303.4919767907297
459.9151742129459 303.3474192500425
460.9044272275803 303.2012054578179
461.8933637146117 303.05286589931126
462.88194858352637 302.9022008504345
463.8702454038874 302.749657758607
464.8584457202355 302.59649074267514
465.8468581618838 302.4446986309076
466.835866663221 302.29683996770933
467.8258748923793 302.15583037158586
468.8114971668235 301.9868666709885
469.80399541752996 301.864607837588
470.7988595689894 301.7633886687476
471.79563826936777 301.6831875311493
472.7940997786517 301.6277383248568
473.79376481956433 301.60185771479604
474.7937225352289 301.6110537401839
475.7924695017585 301.6610986884586
476.7878254647601 301.7573613858923
477.77699955108073 301.90410819829964
478.7568125615241 302.1040243421346
479.72399912809425 302.3580915486888
480.67547891410305 302.66580280427854
481.60851480813005 303.02558610080183
482.52073828192283 303.43527907592045
483.3926428044174 303.9249549928835
484.251447193063 304.43725863530955
485.07851531310945 304.9993603385651
485.8635448096999 305.618818722545
486.5969794192798 306.2985787342185
487.2302880519476 307.07247806603664
487.76254309461547 307.91906212539203
488.21858803540846 308.80901887264275
488.62553179187734 309.72247208932714
488.98801698595736 310.65446161935034
489.3176361687242 311.59857559252947
489.62611727771696 312.549806061656
489.92009656315116 313.5056178526147
490.204941384087 314.46419149505743
490.4844211822677 315.4243430676797
490.7602261247409 316.38555669310716
491.03369751016703 317.3474368318735
491.3057891477223 318.3097081765432
491.5766503046187 319.2723266023406
491.8466116353329 320.23519776709685
492.1159981531281 321.1982299078015
492.3846092084367 322.1614786300773
492.6525710076377 323.1249081678064
492.9545410727258 324.07822557548894
493.2260290484249 325.04066740700443
493.49270233245477 326.004454395703
493.7327310792963 326.97522017625454
494.00290288081635 327.93803230624843
494.27878675154875 328.89922328096145
494.5560242133288 329.860024711948
494.83366420914206 330.8207099011358
495.1114325312855 331.7813579944632
495.38922865146503 332.74199804964155
495.6665714301852 333.7027690853685
495.94360920220765 334.6636281139845
496.24560964732814 335.6169358980432
496.4938902298353 336.58562405857265
496.7633820647072 337.54862673299124
497.03428303759335 338.51123395449406
497.3018451465607 339.4747745700598
497.5673263532734 340.43889060502784
497.82819258289936 341.4042655633941
498.0842944903033 342.37091535159254
498.3361471649038 343.33868093803204
498.58576207386034 344.3070261229876
498.8318015760535 345.27628592477475
499.07473815698063 346.246328097903
499.31604706459655 347.2167764536156
499.5549167678065 348.1878280819487
499.79345537908074 349.15896109597475
