11.836732928262649
321785
765
0.0 100.0
0.46953630353494014 100.88291316654738
0.8586601404694237 101.80409861993306
1.179387061542807 102.75127032669945
1.4432714897588275 103.71582463234799
1.660735013441692 104.69189308069954
1.8408080088805034 105.67554633073927
1.9911101977477466 106.66418643311309
2.1179507844650445 107.65610954785596
2.226475515323246 108.65020329735455
2.320820660676274 109.64574284631698
2.404254327368905 110.64225617952542
2.479297550880804 111.6394364614228
2.547824692947731 112.63708571381571
2.6111474688235736 113.63507881301798
2.670089818645094 114.63334020133144
2.7250610899759797 115.63182813782754
2.776132873153644 116.63052312277692
2.823121872510658 117.62941852968368
2.86567910571093 118.62851256024453
2.903385306255906 119.62780142861067
2.935853330779816 120.62727420331916
2.9628395623739596 121.62691000865246
2.984366465291535 122.6266782780283
3.001485840092016 123.62653173079346
3.0160712408961543 124.62642535817758
3.0306566417002925 125.62631898556171
3.033458437364799 126.62631506052452
2.994570163251695 127.62555862549578
2.9109965291436386 128.62206022995107
2.7982458163510606 129.6156835372284
2.6637928244207765 130.60660351026405
2.5131520973926937 131.59519208563827
2.3517282721381045 132.582077260641
2.18491442593038 133.56806566864253
2.0177688014437023 134.5539978875171
1.8546624175548871 135.54060637498046
1.6990298544627334 136.52842139071234
1.5532682335164072 137.51774113167534
1.4187789424426291 138.50865617878407
1.2961137482716416 139.50110428832883
1.1851736667525588 140.4949313851181
1.0854137272343216 141.48994291995945
0.9960220410823033 142.4859394693746
0.9160586235462503 143.48273726825659
0.8445525275707261 144.48017743099234
0.7805632940810047 145.47812801994823
0.7232154202186794 146.47648227639402
0.6717143056635084 147.4751552134458
0.6253505610161209 148.47407983681947
0.5834976787124061 149.47320362106387
0.5456063844588809 150.47248548811632
0.511197681792246 151.4718933333831
0.4798556821994234 152.47140205223528
0.45122071992631274 153.4709919876266
0.42498290880460377 154.47064771699925
0.4008761354071289 155.47035710651022
0.3786724350645247 156.47011057396662
0.35817671272393214 157.469900514587
0.3392218099842987 158.4697208542792
0.3078532105069128 159.4692287386737
0.2675610860999618 160.4684166813105
0.08255791083404275 161.45115460422866
0.02615868300774284 162.4495629010194
0.011420840776957215 163.44945429312475
0.006631123113265283 164.4494428223613
0.004421875599489514 165.44944038197104
0.0031848988450667915 166.44943961691501
0.0023827144561757393 167.44943929516506
0.0018099171143965893 168.44943913111666
0.00138263885184849 169.44943903983332
0.001057991020161429 170.44943898713524
8.090765684191476E-4 171.44943895615603
6.173320180424121E-4 172.44943893777304
4.693822528032568E-4 173.4494389268285
3.553109111884878E-4 174.44943892032236
2.6759304021522297E-4 175.44943891647515
2.0041419538698884E-4 176.44943891421866
1.492260514243764E-4 177.44943891290853
1.1044677199613944E-4 178.4494389121566
8.125007591275852E-5 179.44943891173037
5.940957417068911E-5 180.44943891149185
4.317889600167015E-5 181.44943891136015
3.1196382212650836E-5 182.44943891128835
2.2407825055080866E-5 183.44943891124973
1.600330590010145E-5 184.4494389112292
1.1365540679947287E-5 185.44943891121846
8.027846764612456E-6 186.4494389112129
5.640217622287887E-6 187.44943891121005
3.942210755224912E-6 188.44943891120863
2.741510350724784E-6 189.44943891120792
1.8971600371165458E-6 190.44943891120755
1.306588393719527E-6 191.44943891120735
8.956733982873349E-7 192.44943891120727
6.112098786212983E-7 193.44943891120724
4.152532221189115E-7 194.4494389112072
2.8091059655978135E-7 195.4494389112072
1.8923635045690062E-7 196.4494389112072
1.269607784828324E-7 197.4494389112072
8.48415912790897E-8 198.4494389112072
5.6476313197390956E-8 199.4494389112072
3.745283951611071E-8 200.4494389112072
2.4746008151516553E-8 201.4494389112072
1.629173139107436E-8 202.4494389112072
1.0688317639763482E-8 203.4494389112072
6.988251168199448E-9 204.4494389112072
4.553868260900209E-9 205.4494389112072
2.9578746821446655E-9 206.4494389112072
1.9151368402949685E-9 207.4494389112072
1.2361547704224228E-9 208.4494389112072
7.95481488063567E-10 209.4494389112072
5.103894131179607E-10 210.4494389112072
3.265252437138501E-10 211.4494389112072
2.083068815102325E-10 212.4494389112072
1.325224746592694E-10 213.4494389112072
8.408159907166966E-11 214.4494389112072
5.320635352301125E-11 215.4494389112072
3.358164244541434E-11 216.4494389112072
2.515364852922716E-8 217.4494389112072
3.6272658108920687E-7 218.44943891120715
3.184546821140742E-6 219.44943891120315
2.0723231210893792E-5 220.44943891104936
1.0528636702413044E-4 221.4494389074739
4.3157918995524725E-4 222.44943885424038
0.0014707528979401134 223.44943831429924
0.004280094594171461 224.44943436809106
0.010882744370958871 225.44941257036146
0.024641841558903806 226.4493179095034
0.05047754033119058 227.44898411212753
0.09476887701161589 228.44800276935825
0.1648403035040266 229.44554474601352
0.26804245269807686 230.44020514856393
0.4105679846579011 231.42999627437766
0.5962564944173044 232.41260493368375
0.8256899853204264 233.38592927492462
1.076335891325131 234.35400810942264
1.1346596349379232 235.35230583101225
1.2786616962251338 236.34188321876172
1.430269178045546 237.33032399668224
1.584002841636904 238.31843631857626
1.7356701969516437 239.30686791121778
1.8819955765714425 240.29610442655633
2.020763580368639 241.28642934350134
2.1593477924003937 242.2767799966417
2.281106674174021 243.26933970502662
2.4025068748891565 244.26194334760825
2.508063792379879 245.2563566103767
2.6132368102721752 246.25081054913278
2.7121737329191493 247.2459042559449
2.8110219414209485 248.2410067791434
2.9102254960556055 249.23607394006663
3.013710882037927 250.2307049142918
3.125741170093097 251.22440970675194
3.2500714178860655 252.21665059962206
3.3950858045106176 253.20608014621538
3.5434956208167296 254.19500609209
4.425490066518393 254.6662658906634
5.357677905781922 255.02824079632563
6.286870695775007 255.39783619541075
7.208644082186794 255.78556525558415
8.13237667406466 256.16860324156283
9.085308139180654 256.4717890307943
10.051631576413314 256.72911958602407
11.02993981945718 256.9362740732852
12.01755526114735 257.0931681118435
13.003994575495083 257.25729452382274
13.990610374591956 257.4203566744661
14.976505852509979 257.58771887635413
15.962057471113562 257.7570942200966
16.94765753243111 257.9261874462496
17.93349648062817 258.093882312652
18.919428127485848 258.26103131122665
19.904450988017253 258.43345510375696
20.88900372289802 258.6085434021632
21.873952386126064 258.78139053348247
22.859602072673653 258.95019425206897
23.845828282067806 259.1155963799393
24.831640712572383 259.2834470631749
25.81602907079725 259.4594571770643
26.79953174101212 259.6403507857966
27.782963625132595 259.8216288299588
28.766506488283145 260.002303776605
29.750373186422383 260.1812068796876
30.73480744821882 260.35696007084294
31.719483856669854 260.53135150021944
32.70416373621725 260.70572332940793
33.68886546111228 260.87997175261097
34.67365140048659 261.05374359616064
35.65850909080477 261.22710832677546
36.643371191105174 261.40044800311034
37.62846758730348 261.5724511722588
38.61377287490831 261.7432536611692
39.59903712598023 261.9142927080552
40.584329320508346 262.08517070957083
41.56961479836902 262.2560874352499
42.554718730697324 262.42804743789964
43.53977408765084 262.60028548171454
44.524812190992286 262.77262217242634
45.50994950964551 262.9443908057583
46.49513407429547 263.1158882505657
47.4804111191964 263.2868535826986
48.46571905424787 263.4576407986271
49.45095214942699 263.62885922101145
50.43624856971847 263.79971285474744
51.421059624806766 263.97334230436894
52.40596495774349 264.14643616663096
53.39354618241219 264.30354544287485
54.38018153106263 264.46648926384825
55.365619486720135 264.6365246588387
56.35035616025864 264.81057546690437
57.334761912548586 264.9864882716073
58.31906306830998 265.1629853955691
59.30339468825657 265.33931254031233
60.287829126134014 265.5150647451944
61.27239519596331 265.69007804223463
62.257093934901505 265.86434333864656
63.241911068742894 266.0379383065818
64.22682588115583 266.2109782218892
65.21181680451203 266.38358436577147
66.19686444502766 266.5558665352336
67.18195283905645 266.72791552811
68.16706963358953 266.89980183102233
69.15220570762268 267.07157760241796
70.13735457433889 267.2432799914747
71.12251176110435 267.4149346370989
72.10767426384142 267.58655877060244
73.09284010982097 267.7581637120097
74.07800802877279 267.92975675227694
75.06317721675397 268.10134250650054
76.04834717268507 268.2729238514386
77.03351758849115 268.4445025558878
78.01868827706811 268.61607969413427
79.00385912603046 268.7876559114687
79.98903006854556 268.9592315916332
80.97420106523002 269.1308069607623
81.95937209306804 269.30238215101014
82.944543138711 269.47395723902343
83.92971419447099 269.64553226894543
84.91488525594885 269.81710726603586
85.9000563206421 269.9886822446638
86.88522738713506 270.16025721295784
87.87039845463102 270.3318321754928
88.85556952268367 270.5034071348314
89.8407405910441 270.6749820924026
90.82591165957407 270.8465570490003
91.81108272819718 271.01813200506325
92.79625379687126 271.1897069608336
93.78142486557311 271.36128191644434
94.76659593429011 271.5328568719682
95.75176700301533 271.70443182744475
96.73693807174499 271.87600678289596
97.72210914047704 272.0475817383333
98.70728020921041 272.2191566937632
99.69245127794449 272.390731649189
100.67762234667892 272.56230660461273
101.66279341541353 272.73388156003546
102.6479644841483 272.90545651545733
103.63313555288309 273.07703147087904
104.61830662161792 273.24860642630046
105.60347769035276 273.4201813817219
106.58864875908763 273.59175633714307
107.5738198278225 273.7633312925644
108.55899089655735 273.93490624798574
109.5441619652922 274.10648120340704
110.52933303402705 274.27805615882835
111.5145041027619 274.44963111424966
112.49967517149675 274.6212060696711
113.48484624023162 274.7927810250923
114.4700173089665 274.9643559805135
115.45518837770135 275.1359309359348
116.44035944643618 275.30750589135624
117.42553051517106 275.47908084677744
118.4107015839059 275.65065580219874
119.39587265264076 275.82223075762005
120.38104372137562 275.99380571304135
121.36621479011048 276.1653806684626
122.35138585884533 276.3369556238839
123.33655692758019 276.5085305793052
124.32172799631505 276.68010553472647
125.30689906504988 276.8516804901479
126.29207013378475 277.0232554455691
127.2772412025196 277.1948304009903
128.26241227125445 277.36640535641175
129.24758333998932 277.53798031183294
130.23275440872416 277.7095552672543
131.217925477459 277.88113022267567
132.20309654619388 278.0527051780968
133.18826761492872 278.2242801335181
134.17343868366356 278.3958550889394
135.15860975239843 278.56743004436066
136.1437808211333 278.7390049997819
137.12895188986815 278.9105799552032
138.114122958603 279.08215491062447
139.09929402733783 279.25372986604583
140.0844650960727 279.4253048214671
141.06963616480758 279.59687977688833
142.05480723354242 279.7684547323098
143.0399783022773 279.94002968773106
144.02514937101216 280.1116046431522
145.010320439747 280.2831795985736
145.9954915084819 280.45475455399486
146.98066257721675 280.62632950941617
147.9658336459516 280.79790446483753
148.95100471468646 280.96947942025884
149.9361757834213 281.14105437568014
150.92134685215618 281.3126293311013
151.90651792089102 281.48420428652264
152.89168898962586 281.65577924194395
153.87686005836073 281.8273541973652
154.8620311270956 281.9989291527864
155.84720219583045 282.17050410820787
156.83237326456532 282.34207906362906
157.8175443333002 282.51365401905036
158.49917776384495 282.63236561054026
158.54634379366252 282.75658981657966
157.80770667309818 282.5119407164939
158.49917776384495 282.63236561054026
158.54634379366215 282.75658981657864
159.49562809652565 283.07100882417365
160.44724253914632 283.3783033939202
161.40217954707788 283.6751119363894
162.36080441496853 283.959784314153
163.3230339105953 284.2320239103653
164.28851396721103 284.49250089644534
165.2567606492489 284.74249762186923
166.2272554159199 284.9836198063821
167.19950026521138 285.21758551546395
168.17304329961675 285.4460892575795
169.14748486338362 285.6707303909535
170.1224720051723 285.89299166366357
171.097686500519 286.1142532465599
172.07282975838783 286.33582857603716
173.047606722728 286.5590098247829
174.0217101953599 286.7851125107609
174.9948066508091 287.0155106192433
175.9665244462022 287.25165575706404
176.93644527513516 287.4950763511024
177.90409972771022 287.74735568123396
178.868967839346 288.01009038992015
179.8304854432095 288.28483372006764
180.7880568735789 288.57302975706386
181.74107402284838 288.8759461039293
182.6889409458854 289.1946125380142
183.6311022613633 289.5297722844292
184.56707274217933 289.88185076863556
185.49646495658396 290.25094440418627
186.4190117825728 290.6368295604931
187.33458109225302 291.03898977629234
188.24318076609632 291.4566578654395
189.14495322783318 291.8888689565201
190.04015964059312 292.33452070234136
190.92915457605542 292.79243773054884
191.81235229588944 293.2614385702923
192.6901858873788 293.7404043160956
193.56306063796774 294.2283486467157
194.43130348383605 294.72448810352046
195.29511121186974 295.22830970785003
196.15450113947497 295.7396304998492
197.00926884210182 296.25864126519616
197.858957750091 296.7859255904327
198.70284441093884 297.3224470752244
199.539941867854 297.86950086382853
200.3690230068002 298.42862917204025
201.1886654631906 299.0015045892841
201.99731856040447 299.58979037728716
202.79339014073474 300.1949928549675
203.57534745097288 300.81832484112346
204.34182257903635 301.46059883099076
205.09171058971688 302.12216362104357
205.82424843710734 302.8028899259125
206.53906520828613 303.50220171877857
207.2361987205764 304.2191430455563
207.9160787677099 304.9524663859115
208.579482040613 305.7007284372688
209.22746692102356 306.4623816357518
209.86129755981733 307.23585349776505
210.48236610344424 308.0196097507654
211.09212018826474 308.81220041185395
211.692000543599 309.6122901313755
212.28339127804014 310.4186752746025
212.8675835173072 311.23029059455405
213.44575166641164 312.0462082321628
214.0189406909964 312.865631408608
214.58806237694844 313.68788471907817
215.153898425924 314.5124024967396
215.71710836877276 315.33871633559033
216.278240536076 316.1664425528975
216.83774464344782 316.9952701307652
217.3959848781975 317.8249494907029
217.95325268078085 318.655282313253
218.50977868078087 319.4861125072903
219.06574346504004 320.3173183534341
219.62128702431588 321.1488057879435
220.1765168482753 321.98050275354217
220.7315147230815 322.81235451855844
221.28634233853273 323.6443198526516
221.84104583992524 324.47636794353514
222.3956594701075 325.3084759420642
222.95020844516978 326.1406270306637
223.50471119737932 326.97280892051236
224.0591811047726 327.8050126947139
224.6136278107624 328.63723192677776
225.1680582209184 329.46946201533154
225.7224772488236 330.301699686611
226.27688836921072 331.13394262565646
226.83129402471266 331.9661892051913
227.38569592256505 332.79843828789296
227.94009524937738 333.63068908328466
228.49449282545964 334.4629410449129
229.04888921493898 335.2951937969854
229.60328480380406 336.1274470823781
230.15767985486198 336.9597007260244
230.712074546198 337.79195460929463
231.26646899793022 338.6242086521737
231.82086329071439 339.45646280093376
232.37525747847255 340.2887170196554
232.9296515971012 341.1209712844267
233.48404567039861 341.9532255793947
234.03843971407906 342.7854798940916
234.5928337384783 343.6177342216324
235.14722775036893 344.44998855750566
235.7016217541721 345.28224289876624
236.25601575276363 346.1144972434985
236.81040974800757 346.9467515904606
237.36480374110806 347.7790059388507
237.91919773284036 348.6112602881521
238.4735917237019 349.44351463803355
239.02798571401092 350.27576898828306
239.58237970397036 351.1080233387654
240.13677369370924 351.94027768939475
240.69116768330935 352.77253204011646
241.24556167282236 353.6047863908962
241.79995566228092 354.4370407417123
242.35434965170543 355.26929509255103
242.90874364110877 356.1015494434039
243.46313763049895 356.9338037942655
244.01753161988097 357.76605814513255
244.57192560925796 358.5983124960029
245.12631959863182 359.43056684687537
245.68071358800375 360.26282119774913
246.23510757737452 361.09507554862364
246.78950156674455 361.92732989949866
247.34389555611418 362.7595842503739
247.89828954548352 363.5918386012494
248.4526835348527 364.42409295212497
249.00707752422176 365.2563473030006
249.5614715135908 366.08860165387625
250.11586550295976 366.92085600475195
250.6702594923287 367.75311035562765
251.22465348169766 368.58536470650336
251.77904747106658 369.4176190573791
252.3334414604355 370.24987340825487
252.88783544980444 371.0821277591306
253.44222943917336 371.9143821100064
253.9966234285423 372.74663646088214
254.55101741791128 373.5788908117579
255.1054114072802 374.4111451626336
255.65980539664915 375.2433995135093
256.2141993860181 376.0756538643851
256.768593375387 376.9079082152608
257.32298736475593 377.7401625661365
257.87738135412485 378.57241691701233
258.43177534349377 379.40467126788803
258.9861693328627 380.23692561876373
259.5405633222316 381.0691799696395
260.0949573116005 381.90143432051525
260.64935130096944 382.733688671391
261.20374529033836 383.56594302226677
261.7581392797073 384.3981973731425
262.3125332690762 385.2304517240183
262.8669272584451 386.06270607489404
263.42132124781403 386.8949604257698
263.97571523718295 387.7272147766455
264.5301092265519 388.5594691275213
265.0845032159208 389.391723478397
265.6388972052897 390.2239778292727
266.1932911946586 391.0562321801484
266.74768518402755 391.88848653102417
267.30207917339646 392.7207408818999
267.85647316276544 393.55299523277563
268.4108671521344 394.3852495836514
268.4689043321488 394.4723747987615
269.21842522432433 393.8103941100761
269.96794611644236 393.1484134214415
270.717467008618 392.4864327327562
271.4669879007937 391.824452044071
272.2165087929693 391.1624713553856
272.9660296851449 390.50049066670033
273.7155505773205 389.83850997801505
274.46507146949614 389.1765292893298
275.21459236167186 388.5145486006445
275.9641132538475 387.8525679119592
276.7136341460231 387.19058722327395
277.4631550381987 386.5286065345887
278.2126759303743 385.8666258459034
278.9621968225499 385.2046451572181
279.7117177147256 384.54266446853285
280.46123860690125 383.8806837798476
281.21075949907686 383.2187030911623
281.96028039125247 382.556722402477
282.7098012834281 381.89474171379163
283.4593221756037 381.23276102510636
284.2088430677793 380.5707803364211
284.9583639599549 379.9087996477358
285.7078848521306 379.2468189590506
286.45740574430613 378.58483827036525
287.2069266364818 377.92285758168
287.95644752865746 377.2608768929947
288.7059684208331 376.5988962043094
289.4554893130087 375.93691551562415
290.20501126834927 375.2749360306985
290.9545700184449 374.61299820872796
291.7042847533878 373.95123706132694
292.4542364552092 373.28974447260407
293.20440517130123 372.6284980001018
293.9552330250595 371.9680000561075
294.70721059386995 371.30881136081155
295.46056629978636 370.65119811553495
296.2132529212346 369.9928191593913
296.97499537697973 369.34493920823104
297.72134321899523 368.6793831259068
298.5853774575943 368.1759500772016
299.5452670898777 367.8955719506747
300.53673364228285 367.76521062411695
301.53584492914456 367.72306045845176
302.53567838954314 367.7413101561889
303.5334149663187 367.80855391697173
304.527207052506 367.91980718403136
305.51555545025406 368.0720157405218
306.4968740437603 368.26440549606735
307.4702111171508 368.49378496673444
308.4352000371063 368.7560756153729
309.3917690446465 369.0475815909781
310.3399233271216 369.36539200085167
311.27965189199045 369.7073133724702
312.2109367836297 370.0716050833345
313.1338868658589 370.45652474470944
314.04900283679683 370.8597154684797
314.95755662056956 371.27748337293417
315.8618596446822 371.7043745072771
316.76508228349144 372.1335468092055
317.67021820840114 372.55866909448093
318.5894571265251 372.9523692486673
319.5193402704292 373.3202242998533
320.4549137763646 373.6733563077367
321.3905007185981 374.0264527159912
322.3204420521963 374.3941606382142
323.2397956717297 374.7875928715795
324.14513783622624 375.21227577114655
325.0352688135716 375.6679805474769
325.91139920000603 376.15005475957105
326.7766115033918 376.65146045366504
327.63480894560183 377.1647801885128
328.4896342526762 377.68369607224093
329.3437807462245 378.2037285400341
330.1988174241101 378.7222960664667
331.0553644684308 379.238365016187
331.91335052545634 379.7520379918726
332.772226220234 380.2642220807705
333.63099882412655 380.7765790020701
334.48815139135536 381.29164159680306
335.3415357518639 381.81292379795667
336.1886671097704 382.34430733406924
337.0264723831081 382.8902764943407
337.8819315605387 383.4081467442584
338.7472204055948 383.90942033684166
339.609989064975 384.4150192296325
340.4598585184582 384.94201250476624
341.29659234976737 385.4896223070366
342.09285612397025 386.09457189327685
342.9384684022408 386.6283694905345
343.8076547606432 387.122854145875
344.6659559293442 387.63600042502594
345.512574029133 388.1682013204687
346.3526563692141 388.7106602238742
347.1901693440986 389.25707766219415
348.0280270840902 389.8029663024279
348.86920858937924 390.3437191805151
349.7174292561435 390.8733621739305
350.5762200090989 391.3856886739656
351.4512809207905 391.86970148457044
352.38563178398283 392.22605589306266
353.3134358822735 392.59912365526554
354.2285304226366 393.0023630161886
355.1315534924662 393.4319550730933
356.0234813846546 393.8841327319137
356.9042541172905 394.3576719525122
357.77252358420276 394.85376481965295
358.62639797560075 395.3742439486433
359.464507799261 395.9197454825405
360.2619782984566 396.5231034218375
360.9999829849795 397.1978990076783
361.7674109779425 397.8390341538189
362.5661287113173 398.44074004741867
363.39266987233793 399.00361632968554
364.24432594175573 399.5277174071733
365.12511776425333 400.0012211193249
366.0656129682717 400.3410280810229
366.9925016988826 400.7163643050493
367.9010198907191 401.13420960549206
368.79423877215106 401.583831702206
369.67544555706934 402.0565627062813
370.5470430937005 402.5467848336262
371.4107416682267 403.0507935362905
372.26778144208976 403.5660437920078
373.11903941095693 404.0907912269135
373.96506876508903 404.62392754339066
374.8061173039325 405.16488720483426
375.6421475817136 405.71357051479845
376.47286339277264 406.2702672376706
377.2977518603732 406.83556274978764
378.1161601177166 407.41019996082787
378.92736707925576 407.9949591125736
379.73058331793766 408.5906466765849
380.52503509772225 409.1979739109463
381.3102833267782 409.8171549981612
382.0867862713759 410.4472686204794
382.84676629616797 411.0972150505158
383.59434572886244 411.7613874617256
384.34517912331853 412.42187910722123
385.1066406202874 413.0700892495624
385.8235176371931 413.76728889287295
386.5278890779192 414.47712047394657
387.2107537583721 415.20766535839243
387.8958180778815 415.93614794441294
388.58300082337803 416.66263254458823
389.27107735490165 417.3882706684258
389.9594865821091 418.113593173175
390.64801203199613 418.83880535237347
391.33657469237244 419.5639822016561
392.0251530291225 420.2891441657431
392.7137313658726 421.01430612983
392.78722217176437 421.0917014446381
393.28928741989444 421.62515520485385
393.2923886452211 421.623707016889
392.6038103084714 420.8985450528016
392.6273827489537 420.92186905443265
393.28928741989444 421.62515520485385
393.3224901334882 421.6096504397496
393.28928741989444 421.62515520485385
392.6273774964303 420.92186347352776
393.28928741989444 421.62515520485385
393.3553464099499 421.59430745137297
393.2869421285809 421.62266328876353
393.28928741989444 421.62515520485385
393.3553464099919 421.59430745135353
394.27912155270184 421.21137209687294
395.1809481710468 420.7792740172145
396.0848810142447 420.35159959082426
396.98843499053214 419.9231253069575
397.8921036544235 419.4948929565906
398.79614542232196 419.06744882937045
399.700631473989 418.64094562617055
400.6055296118661 418.21531743153747
401.51076621618756 417.79040957070583
402.416261253484 417.36605271918637
403.3219442127662 416.9420970879397
404.2277591300791 416.5184234687782
405.13366431271055 416.094942890615
406.03962999871703 415.67159176474104
406.94563558703015 415.2483260397579
407.85166714527895 414.82511590819524
408.7577154205939 414.40194156729206
409.66377435679385 413.97879005290014
410.5698400371662 413.55565297954047
411.4759099539587 413.1325249777684
412.3819825152461 412.7094026388614
413.28805671797824 412.2862838149557
414.19413193429796 411.86316716157137
415.10020777351525 411.4400518420819
416.00628399382373 411.016937338677
416.9123604463036 410.5938233324547
417.818437039663 410.1707096279186
418.7245137181799 409.7475961057429
419.6305904479826 409.3244826933935
420.5366672085626 408.9013693469521
421.44274398754897 408.47825603992703
422.3488207775066 408.0551427563964
423.2548975739826 407.6320294868245
424.16097437431904 407.20891622551954
425.0670511769348 406.78580296909576
425.97312798089234 406.36268971554523
426.8792047856374 405.9395764636812
427.78528159084334 405.5164632128041
428.69135839631826 405.0933499625031
429.5974352019498 404.6702367125374
430.50351200767216 404.24712346276624
431.4095888134472 403.82401021310784
432.3156656192526 403.40089696351447
433.2217424250755 402.97778371395844
434.1278192309085 402.5546704644242
435.03389603674725 402.1315572149023
435.9399728425893 401.7084439653874
436.8460496484333 401.28533071587657
437.7521264542783 400.86221746636807
438.6582032601239 400.4391042168608
439.56428006596985 400.01599096735436
440.470356871816 399.5928777178483
441.3764720907073 399.16984673778467
442.282840761653 398.7473590665703
443.18948210992943 398.3254568674821
444.096189864309 397.9036974003115
445.00269819522083 397.48150947297654
445.9088387991537 397.0585328709001
446.8145990695113 396.6347424360839
447.72008977562786 396.2103763427911
448.6254747053937 395.78578462248447
449.1910277230584 395.520561377873
449.205181664037 395.513951871991
449.5954044559978 394.5932314080964
449.9845774143876 393.6720667059621
450.37093451670387 392.74971742857866
450.75729161901785 391.82736815119426
451.21093013488166 390.93618236981933
451.8338363870565 390.1538858780712
452.4394030505281 389.3580912964788
453.10858704098365 388.61499454173014
453.8405325969786 387.93363142043637
454.62913794612 387.3187317511361
455.46559405636987 386.77069783281934
456.3401791668348 386.2858258037714
457.2437334163723 385.8573520961269
458.1684575108459 385.4767140146111
459.1080934164398 385.1345380877566
460.05777257750213 384.8213137415702
461.0138642751961 384.52824606064866
461.9737059644682 384.2477038507492
462.93497553003186 383.972093941056
463.8963579841906 383.69687806790245
464.85710579060196 383.4194548308155
465.81644803292653 383.13720943742237
466.773305929629 382.84665313389723
467.733393504028 382.5669535638501
468.6918370326332 382.28167124320134
469.6516919457899 382.00117428120535
470.6139790699083 381.7291384549693
471.57883287901006 381.4663512272323
472.5516167925069 381.23463705493833
473.52840605785207 381.0204345080198
474.50718096553163 380.8154962731859
475.4869581847985 380.61540479259344
476.4719096039879 380.44257336652515
477.460080697731 380.2892179313735
478.4514640374396 380.1582252836863
479.43496944189826 379.9773465414288
480.38551932165217 379.66677460757154
481.286894877835 379.23373637979466
482.1379016496143 378.7085816650813
482.9477647512525 378.1219627456754
483.7310754247308 377.5003323178367
484.5054632011538 376.8676210316037
485.2628859803107 376.21469627819465
486.0105863781533 375.5506600479587
486.7487096800776 374.87599421129846
487.47715576587774 374.1908910803157
488.1954430730347 373.49514447099784
488.9026323518749 372.788120197091
489.59728331985167 372.06877324833204
490.2774417800025 371.33570812906544
490.94066916321816 370.58729017220384
491.58413179673494 369.8218126485183
492.20476501927305 369.0377116326524
492.79951832106025 368.23380336051355
493.3656726535525 367.4095040994437
493.9365212973547 366.5884487871357
