8.147456629990383
239034
966
0.0 100.0
0.0 99.0
0.0 98.0
0.0 97.0
0.0 96.0
0.0 95.0
0.0 94.0
0.0 93.0
0.0 92.0
0.0 91.0
0.0 90.0
0.0 89.0
0.0 88.0
0.0 87.0
0.0 86.0
0.0 85.0
0.0 84.0
0.0 83.0
0.0 82.0
0.0 81.0
0.0 80.0
0.0 79.0
0.0 78.0
0.0 77.0
0.0 76.0
0.0 75.0
0.0 74.0
0.36256260474568025 74.93195941845126
0.7251252094913612 75.86391883690251
1.0995712288158586 76.79116755144034
1.497652495948495 77.70851770528459
1.9249511916166397 78.61262822102937
2.381038187361623 79.5025634165983
2.861908797749854 80.37935498593782
3.3622957789466894 81.24515685071331
3.8786427957224188 82.10153629831048
4.404591573890109 82.9520525431547
4.936725390437773 83.79871280635737
5.472982077652452 84.64276776038439
6.012945102434868 85.48445649849833
6.553990628298357 86.32544980343192
7.095978527616941 87.1658360937724
7.638694542623166 88.00575235570318
8.181937003475989 88.8453282181043
8.725544175772121 89.68466798377025
9.269396537887024 90.52384889884283
9.813410090008777 91.36292532867975
10.357527783628072 92.20193422940156
10.9017118288175 93.04090009578783
11.445937665454881 93.87983885322865
11.990189570688184 94.71876069920116
12.53445760474416 95.55767208135354
13.078758979368978 96.39656183190574
13.623171658236924 97.2353793538304
14.1678506449893 98.07402397546127
14.713012354792475 98.9123548827792
15.258894537112914 99.7502168302533
15.805710131578383 100.58746990170145
16.353611453922763 101.42401287189084
16.90267273058636 102.25979496937113
17.45289071754633 103.09481602708507
18.00419817122949 103.92911818548657
18.556483555232887 104.76277330279602
19.109611374312085 105.59586970523735
19.66343952308192 106.42850070491859
20.217848797049705 107.26074487398108
20.772775845808695 108.09264388861907
21.328229303689827 108.9241915157144
21.884279860403346 109.75533998523028
22.441030769894574 110.58601948105324
22.998582863682724 111.41616143440365
23.557006451815038 112.24571739768606
24.116348910130014 113.0746540745958
24.676666443215083 113.9029319640251
25.238048125992663 114.73048897489613
25.800613728902256 115.5572416237718
26.36450954431914 116.3830875593768
26.929906665417683 117.20790638521281
27.49699091099871 118.03156618052505
28.065938871986575 118.85393970738967
28.636856667167418 119.67494693704471
29.209661816019434 120.49463850187175
29.78391528363232 121.31331606656653
30.35863955583351 122.13166318786826
30.932171770715097 122.9508461945847
31.50209359438805 123.77254511444605
32.065258657525085 124.5988895412209
32.61791556298897 125.43229841136991
33.1559082976442 126.27524788640278
33.674928356146424 127.13000994620208
34.170791090076605 127.99841086115974
34.63970896273173 128.8816526336686
35.07853499534779 129.78022467479744
35.484951806994474 130.69391246349278
35.85758716227552 131.62189031451862
36.19604644755124 132.56287135163396
36.500864423355694 133.51528197821602
36.77338990146823 134.4774305445921
37.01562472751833 135.447648194941
37.230041113105344 136.42439054253927
37.41939927771359 137.40629862657573
37.58658213816107 138.3922245320943
37.734457398007 139.38123055205853
37.86577144216342 140.37257137226482
37.983074838530044 141.36566749711923
38.0886762460546 142.36007603626643
38.18461996085307 143.35546279707387
38.27268184541517 144.35157780272704
38.35437860577276 145.34823503535372
38.4309859957589 146.34529637138053
38.503562310990205 147.3426592333658
38.57297434243544 148.34024730962307
38.63992370595567 149.33800368405736
38.70497210784201 150.33588579403428
38.768564632182276 151.3338617410631
38.83105054538481 152.33190758702972
38.892701417149425 153.33000536280656
38.95372657086942 154.32814159129117
39.01428601658259 155.3263061836981
39.07450110238757 156.32449160907834
39.13446316033408 157.3226922660641
39.194240432645216 158.32090400598457
39.253891219634994 159.31912331235543
39.31346438815405 160.31734725396
39.37299698174985 161.31557361621446
39.43251388188101 162.31380091427775
39.492029698102954 163.31202827696595
39.55155161460101 164.3102552759278
39.611082124895574 165.30848176242478
39.67062114843799 166.3067077411869
39.730167443326714 167.30493328622418
39.789719435047395 168.30315849141692
39.84927563689473 169.30138344543354
39.9088348192212 170.29960822162406
39.96839604216022 171.29783287605912
40.027958625035524 172.29605744934975
40.08752209416821 173.2942819697583
40.14708613003013 174.29250645635028
40.20665052243774 175.29073092166715
40.26621513599581 176.28895537378784
40.32577988501927 177.28717981782523
40.38534471610451 178.28540425696593
40.44490959640838 179.2836286931697
40.50447450596857 180.28185312762776
40.56403943277819 181.28007756105652
40.62360436968285 182.2783019938829
40.68316931245555 183.27652642635914
40.74273425861796 184.2747508586331
40.80229920672722 185.2729752907909
40.86186415594868 186.27119972288233
40.92142910580238 187.26942415493602
40.98099405601384 188.26764858696836
41.040559006426854 189.26587301898866
41.10012395695298 190.26409745100221
41.15968890754233 191.26232188301202
41.219253858166894 192.26054631501972
41.27881880881102 193.25877074702623
41.33838375946597 194.25699517903212
41.39794871012689 195.25521961103766
41.45751366079109 196.253444043043
41.5170786114571 197.25166847504823
41.57664356212409 198.2498929070534
41.636208512791626 199.24811733905855
41.695773463459446 200.24634177106367
41.75533841412743 201.24456620306876
41.814903364795505 202.24279063507385
41.874468315463616 203.24101506707893
41.93403326613176 204.23923949908402
41.993598216799924 205.2374639310891
42.053163167468085 206.2356883630942
42.112728118136246 207.2339127950993
42.17229306880442 208.23213722710437
42.2318580194726 209.23036165910946
42.29142297014077 210.22858609111455
42.35098792080893 211.22681052311964
42.41055287147711 212.22503495512473
42.47011782214528 213.22325938712981
42.52968277281346 214.2214838191349
42.58924772348163 215.21970825114
42.648812674149795 216.21793268314508
42.70837762481797 217.21615711515017
42.767942575486146 218.21438154715526
42.82750752615431 219.21260597916034
42.88707247682248 220.21083041116543
42.94663742749066 221.20905484317052
43.00620237815883 222.2072792751756
43.065767328827 223.2055037071807
43.12533227949517 224.20372813918578
43.184897230163344 225.20195257119087
43.24443989378325 226.20017833283453
43.303927326976904 227.19840738735658
43.363332638762074 228.1966413323473
43.422642979647264 229.19488092456157
43.481859179662834 230.1931261056948
43.54099139339804 231.1913762653736
43.60005423028966 232.18963053223064
43.6590630332755 233.18788799459702
43.718031665084965 234.18614783074315
43.77697153800404 235.18440936530226
43.83589145569195 236.1826720778683
43.89479788648809 237.18093558637236
43.953695404628505 238.17919962076252
44.01258714620938 239.17746399595256
44.07147520675191 240.17572858829544
44.13036095635066 241.17399331695924
44.18924527423563 242.1722581300761
44.2481287155569 243.17052299489814
44.30701162588285 244.16878789104123
44.36589421762618 245.16705280597594
44.42477661989071 246.16531773208703
44.483658910356034 247.16358266479256
44.5425411353356 248.1618476013607
44.60142332221379 249.16011254017627
44.66030548706044 250.15837748029136
44.71918763924046 251.1566424211536
44.778069784176665 252.15490736244308
44.83695192499073 253.15317230397574
44.89583406346986 254.1514372456461
44.954716200632106 255.14970218739415
45.0135539308853 256.14796974746946
45.07228161577008 257.1462437875146
45.13084567535128 258.14452744005297
45.18922050644661 259.14282217563687
45.24740776193242 260.1411278619369
45.30542767400832 261.13944328794355
45.36330935153127 262.1377667382377
45.42108336521181 263.13609642493606
45.47877733666919 264.13443074051247
45.53641400510982 265.13276836599346
45.59401091206101 266.13110828621586
45.651580945892405 267.1294497564577
45.709133220926574 268.12779225061405
45.7666739859487 269.12613540823105
45.824130444753365 270.12448342137156
45.88139155138409 271.12284265815333
45.93836618247617 272.1212182845645
45.995011061882366 273.119612674391
46.05132974071964 274.11802551806545
46.10735771060203 275.11645471765394
46.16306075491223 276.11490209776696
46.21836647670763 277.11337156507017
46.27322036487908 278.11186595711877
46.32761291531259 279.110385586599
46.38148987899733 280.1089331682315
46.434782456341125 281.107512109127
46.48747044902303 282.10612313221213
46.53968424473818 283.1047590616364
46.591788908323934 284.1034006910674
46.64441123256658 285.10201517673806
46.69840574898578 286.1005564088345
46.754781347773445 287.09896604012886
46.814618854239555 288.0971741711416
46.87900487675351 289.0950992385213
46.948995653333654 290.09264687707986
47.02561286989173 291.0897074580512
47.109865143825886 292.08615191427384
47.202785076005156 293.0818254984388
47.30547179915678 294.0765392446434
47.419131358580884 295.07005900013473
47.54511050653571 296.0620918898519
47.68493376967585 297.0522683665897
47.840343816869606 298.0401184145379
48.013341788877014 299.02504059505844
48.20624420249702 300.00625854170414
48.42178237244134 300.98275395761607
48.66323903219235 301.9531655617624
48.9345522621337 302.9156566688687
49.24028747899669 303.8677732463789
49.585403917631396 304.80633312394883
49.97480425086492 305.727401731859
50.41273043391997 306.62641266516005
50.90213259228312 307.4984708784632
51.44416764629031 308.33882675559346
52.03759085881444 309.1437173635878
52.678197884016384 309.9115862581668
53.358857697639664 310.6441858883321
54.07036310643315 311.3468665080005
54.802749307380495 312.0277559650065
55.54653754488193 312.6961712982795
56.293591230329 313.36093500897675
57.037560575825225 314.02914875693614
57.77401218905077 314.70563897961307
58.50033228072945 315.3929956006068
59.215466543817776 316.0919827147635
59.91955867664129 316.802091346239
60.61355671026952 317.5220682412295
61.29885044862708 318.2503350138945
61.97695400897362 318.9853013814552
62.64925062376741 319.7255832613745
63.316832947529235 320.4701192517744
63.98045628933896 321.2181861339483
64.6405865004671 321.96933732003265
65.29749903130636 322.7233041142792
65.95138371386354 323.4798983396848
66.6024246694897 324.23894094329637
67.25088284888113 325.0001912238089
67.89718130890478 325.7632759508026
68.54195030663375 326.5276534357978
69.18599680029286 327.2926397846992
69.83020481199964 328.05749012146634
70.47547278456003 328.8214464314657
71.12272678368541 329.58372083128256
71.77294707897946 330.3434665568959
72.42721741203317 331.0997273130414
73.08677415083204 331.8513820930468
73.75307205491842 332.5970677526985
74.42781432149138 333.33512118823006
75.1129748702906 334.0635132683416
75.81084478398165 334.77973780266365
76.5240589701097 335.4806839665776
77.25551840533852 336.16256892360093
78.00815965442271 336.8209997477404
78.7845998663318 337.4511906690734
79.58674912997262 338.0483142399031
80.41550211200503 338.607928834756
81.27059472073466 339.1264041287633
82.15065626739889 339.6012637649537
83.0534284761853 340.0313827473794
83.97608208320669 340.41701251989497
84.91555070605247 340.75964746657763
85.86881717543812 341.06177829642627
86.83311694137043 341.32659136525575
87.80605238889274 341.55766844104346
88.78563192023887 341.75872550201797
89.77025633603517 341.933410246108
90.75867495635086 342.0851621192867
91.74992916818198 342.2171283556014
92.74329509543233 342.3321245928357
93.73823184651604 342.4326276342971
94.73433803287512 342.5207892217216
95.73131694228287 342.59846195951366
96.72894955298901 342.667230950023
97.72707410253302 342.7284468270284
98.72557086520202 342.7832575462313
99.72435093115331 342.8326375002442
100.72334799036979 342.87741333833605
101.72251233850201 342.9182863786132
102.72180650935559 342.9558517895398
103.72120209112774 342.9906148609564
104.72067740145957 343.0230047364906
105.72021578500397 343.05338597776597
106.71980436252494 343.0820683014101
107.71943310808363 343.1093147883902
108.71909416521694 343.1353488209454
109.71878133773875 343.16035996037107
110.71848970856915 343.1845089415423
111.71821535278227 343.20793192817206
112.7179551202729 343.2307441463404
113.71770647009325 343.2530429923278
114.71746734332389 343.27491069355824
115.717236064836 343.29641658777473
116.71701126684192 343.3176190747523
117.7167918289823 343.3385672862819
118.71657683038019 343.35930254561976
119.71636551033421 343.3798596717754
120.71615723637032 343.40026811487485
121.7159514797087 343.42055286252923
122.71574779793445 343.44073508396866
123.71554582342242 343.4608325522263
124.71534525508828 343.4808599444839
125.71514585103415 343.5008291294024
126.71494742052906 343.52074951181635
127.71474981494545 343.54062844838876
128.71455291820905 343.5604717017637
129.71435663773931 343.5802838801765
130.71416089678434 343.60006881372215
131.71396562868333 343.6198298377943
132.7137707731458 343.639569977267
133.71357627428114 343.6592920435755
134.71338207991488 343.67899866736207
135.71318814168484 343.6986922919153
136.71299441547833 343.71837514951244
137.71280086189245 343.73804923675436
138.7126074465305 343.75771629841597
139.71241414005817 343.77737782372066
140.71222091802088 343.7970350549558
141.71202776046965 343.8166890060247
142.71183465146026 343.83634048758927
143.71164157849088 343.85599013546346
144.71144853193235 343.87563843946384
145.71125550449045 343.89528577068756
146.71106249072471 343.91493240595173
147.71086948663543 343.9345785487784
148.71067648932157 343.95422434679597
149.71048349670522 343.9738699057483
150.71029050731548 343.99351530049114
151.7100975201225 344.01316058343355
152.70990453441271 344.0328057908913
153.70971154969646 344.0524509477857
154.70951856564074 344.07209607106336
155.70932558202105 344.09174117214945
156.7091325986873 344.11138625868466
157.7089396155398 344.13103133573975
158.70874663251294 344.15067640665575
159.70855364956373 344.1703214736193
160.70836066666425 344.1899665380521
161.70816768379643 344.2096116008728
162.70797470094868 344.2292566626717
163.7077817181136 344.24890172382607
164.7075887352865 344.2685467845757
165.70739575246435 344.2881918450721
166.70720276964528 344.30783690541097
167.70700978682817 344.32748196565205
168.70681680401222 344.34712702583266
169.706623821197 344.36677208597604
170.7064308383823 344.3864171460966
171.7062378555678 344.40606220620316
172.70604487275347 344.4257072663012
173.70585188993925 344.44535232639396
174.7056589071251 344.4649973864836
175.705465924311 344.48464244657146
176.7052729414969 344.50428750665805
177.7050799586828 344.52393256674407
178.70488697586876 344.5435776268296
179.70469399305472 344.56322268691486
180.70450101024068 344.5828677470001
181.70430802742663 344.60251280708513
182.7041150446126 344.62215786717013
183.70392206179855 344.6418029272551
184.7037290789845 344.66144798734
185.70353609617047 344.68109304742495
186.7033431133564 344.7007381075099
187.70315013054235 344.72038316759483
188.7029571477283 344.7400282276798
189.70276416491427 344.7596732877647
190.7025711821002 344.77931834784965
191.70237819928616 344.7989634079346
192.70218521647212 344.81860846801953
193.70199223365807 344.8382535281045
194.70179925084403 344.85789858818936
195.70160626803 344.8775436482743
196.70141328521595 344.8971887083592
197.7012203024019 344.9168337684441
198.70102731958787 344.936478828529
199.70083433677382 344.9561238886139
200.70064135395978 344.9757689486989
201.70044837114574 344.99541400878377
202.7002553883317 345.0150590688687
203.70006240551766 345.0347041289536
204.6998694227036 345.0543491890386
205.69967643988957 345.07399424912353
206.69948345707553 345.09363930920847
207.6992904742615 345.1132843692934
208.69909749144745 345.1329294293783
209.6989045086334 345.15257448946323
210.69871152581936 345.1722195495481
211.69851854300532 345.19186460963306
212.69832556019128 345.211509669718
213.69813257737724 345.23115472980294
214.6979395945632 345.2507997898879
215.69774661174915 345.2704448499728
216.6975536289351 345.2900899100577
217.69736064612107 345.30973497014264
218.69716766330703 345.3293800302275
219.69697468049299 345.34902509031247
220.69678169767894 345.3686701503974
221.6965887148649 345.38831521048235
222.69639573205086 345.4079602705673
223.69620274923682 345.4276053306522
224.69600976642278 345.4472503907371
225.69581678360873 345.466895450822
226.6956238007947 345.48654051090693
227.69543081798065 345.5061855709919
228.69523783516658 345.52583063107676
229.6950448523525 345.54547569116164
230.69485186953847 345.5651207512466
231.6946588867244 345.58476581133147
232.69446590391033 345.60441087141646
233.69427292109629 345.6240559315014
234.22361867882677 345.634456967939
234.86575718891112 346.4010456019968
234.86575718891203 346.4010456019979
235.5078956989962 347.16763423605585
236.1500342090804 347.93422287011384
236.79217271916457 348.70081150417184
237.43431122924875 349.4674001382298
238.076449739333 350.2339887722877
238.71858824941722 351.00057740634566
239.36072675950146 351.7671660404036
240.0028652695857 352.53375467446153
240.64500377966993 353.3003433085195
241.28714228975417 354.0669319425774
241.9292807998384 354.83352057663535
242.57141930992265 355.6001092106933
243.21355782000686 356.36669784475123
243.85569633009106 357.13328647880917
244.49783484017527 357.8998751128671
245.1399733502595 358.66646374692505
245.78211186034372 359.433052380983
246.42425037042796 360.1996410150409
247.06638888051216 360.96622964909886
247.70852739059637 361.7328182831568
248.35066590068058 362.49940691721474
248.9928044107648 363.2659955512727
249.63494292084903 364.0325841853306
250.27708143093326 364.79917281938856
250.9192199410175 365.5657614534465
251.56135845110174 366.33235008750444
252.20349696118595 367.0989387215624
252.84563547127016 367.8655273556203
253.23134140908047 368.32598531503356
252.6915433169734 369.1677798385097
252.15174522486555 370.00957436198723
251.6119471327577 370.85136888546475
251.07214904064978 371.6931634089422
250.53235094854193 372.53495793241973
249.99255285643403 373.3767524558972
249.4527547643262 374.2185469793747
248.9129566722183 375.06034150285217
248.37315858011047 375.9021360263297
247.8333604880025 376.74393054980715
247.2935623958947 377.58572507328466
246.7537643037868 378.4275195967621
246.21396621167892 379.26931412023964
245.67416811957105 380.1111086437171
245.13437002746318 380.9529031671946
244.5945719353553 381.7946976906721
244.05477384324746 382.6364922141496
243.51497575113956 383.47828673762706
242.97517765903171 384.3200812611045
242.43537956692379 385.161875784582
241.89558147481594 386.0036703080595
241.35578338270807 386.845464831537
240.8159852906002 387.6872593550145
240.2761871984923 388.529053878492
239.73638910638445 389.3708484019695
239.19659101427655 390.21264292544697
238.65679292216868 391.0544374489245
238.1169948300608 391.896231972402
237.57719673795293 392.73802649587947
237.03739864584503 393.5798210193569
236.49760055373713 394.42161554283445
235.9578024616293 395.26341006631196
235.4180043695214 396.1052045897895
234.8782062774135 396.94699911326694
234.33840818530564 397.7887936367444
233.7986100931978 398.6305881602219
233.2588120010899 399.4723826836994
232.71901390898202 400.31417720717684
232.17921581687418 401.15597173065436
231.6394177247663 401.9977662541318
231.09961963265846 402.83956077760934
230.55982154055053 403.6813553010868
230.02002344844266 404.52314982456426
229.48022535633487 405.36494434804183
228.94042726422688 406.20673887151924
228.40062917211904 407.04853339499675
227.86083108001117 407.89032791847427
228.44624287529214 408.701064022238
229.19304496418675 409.36611036650487
230.0072004036936 409.9467573507573
230.85866935268123 410.47116237448404
231.72913251318684 410.9633959432323
232.6091937762938 411.43825610494156
233.4943613020907 411.90352855337864
234.38243075346202 412.363237863205
235.27223707694392 412.8195762318434
236.16311711366527 413.27381489176946
237.0546732357454 413.72672512700535
237.94665951369768 414.1787876005031
238.83892113171913 414.63030637642026
239.73135963310196 415.0814754370279
240.62391202209457 415.5324191507036
241.51653784168016 415.98321749387844
242.40921104901025 416.43392199231954
243.3019148550841 416.8845658812399
244.1946384263402 417.33517061415307
245.08737476788932 417.78575004608206
245.9801193615899 418.23631312759045
246.8728692883485 418.68686564203523
247.76608699932393 419.1364900639696
248.65969565506208 419.58533699822425
249.55357138447366 420.0336518210541
250.44762194909998 420.4816178776827
251.3417858305562 420.9293577051485
252.23602298742043 421.3769511672135
253.1303075046316 421.82444999657105
254.02462263065075 422.27188765186327
254.918957539514 422.71928576405037
255.81330523467156 423.16665831591996
256.70766119422586 423.61401434595615
257.6020224955455 424.06135969655435
258.4963872495999 424.5086981441589
259.39075423540004 424.9560321298014
260.28512266374133 425.40336323132044
261.1794920245058 425.8506924686007
262.0738619879668 426.2980205008754
262.9682323409972 426.7453477542595
263.8626029458367 427.19267450418505
264.75697371344023 427.6400009286855
265.65134458625084 428.08732714283786
266.5457155270651 428.5346532210258
267.4400865118355 428.98197921132913
268.33445752501814 429.4293051448258
269.22882855656593 429.87663104160373
270.12319959998456 430.3239569146474
271.0175706510762 430.77128277234976
271.91194170712754 431.2186086201359
272.80631276638474 431.66593446151234
273.70068382771404 432.11326029874584
274.5950548903829 432.5605861333011
275.4894259539175 433.0079119661255
276.38379701801165 433.45523779783105
277.2781680824675 433.9025636288134
278.17253914715724 434.3498894593282
279.0669102119981 434.7972152895409
279.9612812769366 435.2445411195582
280.8556523419382 435.6918669494493
281.75002340698074 436.1391927792588
282.64439447204956 436.58651860901557
283.53876553713553 437.0338444387382
284.4331366022325 437.4811702684388
285.32750766733653 437.92849609812515
286.2218787324452 438.37582192780235
287.11624979755686 438.8231477574735
288.01062086267046 439.2704735871409
288.90499192778526 439.7177994168058
289.7993629929009 440.16512524646913
290.69370902822675 440.61250111651236
291.5880340691971 441.0599189537667
292.4823447413545 441.5073655110955
293.37664599665504 441.95483088938505
294.2709411442329 442.4023084743194
295.165232340507 442.84979395594615
296.05952098217335 443.2972845428711
296.9538079724946 443.7447784299157
297.84809389540095 444.19227445011194
298.7423791283479 444.63977184913557
299.63666391531825 445.0872701394044
300.5309484140181 445.5347690057551
301.4252327263858 445.9822682444729
302.3195169183122 446.42976772388096
303.2138010323879 446.8772673588661
304.10808509614253 447.3247670944129
305.0023691273707 447.77226689496075
305.8966531375744 448.2197667375239
306.7909371341883 448.6672666072448
307.6852211220181 449.1147664945199
308.57950510417 449.5622663931418
309.4737890826519 450.00976629909775
310.3680730587615 450.45726620979445
311.26235703333776 450.90476612355553
312.1566410069229 451.3522660392972
313.0509249798673 451.7997659563193
313.94520895239765 452.2472658741689
314.8394929246603 452.6947657925533
315.73377689675 453.1422657112835
316.6280608687278 453.5897656302372
317.5223448406333 454.03726554933536
318.4165871467421 454.4848487236899
319.31079450225957 454.93250172026023
320.20497793588174 455.3802024987224
321.099145691313 455.827934589539
321.9933032777206 456.27568698838206
322.8874542853258 456.7234525247944
323.7816010395451 457.17122655476845
324.6757450442806 457.6190060750634
325.5698872717671 458.0667891442224
326.46402835046615 458.514574507296
327.3581686866096 458.96236135310704
328.2523085427792 459.41014915732796
329.1464480887033 459.8579375810446
330.04058743409104 460.3057264051901
330.9347266498562 460.7535154881642
331.828865781836 461.2013047384399
332.7230048596587 461.64909409685555
333.6171439024754 462.0968835251708
334.5112829226649 462.5446729986676
335.4054219282287 462.99246250136866
336.29948931950753 463.44039497379265
337.1934966329035 463.8884473408153
338.0874628224217 464.3365817536853
338.98140205805987 464.78476993178305
339.87532381044053 465.2329929796294
340.7692342518085 465.6812385850885
341.66313738015344 466.12949877419203
342.5570357811443 466.5777683902781
343.4509311263812 467.0260440998183
344.3448244964147 467.4743237480404
345.23871658970813 467.9226059421406
346.13260785773974 468.3708897818413
347.0264985923378 468.8191746852227
347.9202648350801 469.26770774234825
348.81392668119827 469.7164487643116
349.70751706313195 470.1653320780087
350.6010606012401 470.61430863141123
351.4945737527564 471.0633456544587
352.38806724439814 471.51242179543476
353.281548024764 471.96152322620156
354.17502058802586 472.4106410044048
355.06829246139887 472.8601578119223
355.9613969042053 473.3100071803107
356.85438682373075 473.7600838444757
357.74730168094896 474.21030940767594
358.6401678447467 474.66063152965654
359.53300250269086 475.1110161137329
360.42547162064176 475.5621246078936
361.31763764013743 476.01383224968987
362.2095965017117 476.4659488156982
363.10141958091185 476.9183331604825
363.9926385523608 477.3719064675999
364.8833666169362 477.82644306126184
365.7737602956713 478.28163433629743
366.66317238317606 478.73874060249864
367.5518000441347 479.197369951951
368.4389827930042 479.65878816800705
369.3250464678959 480.1223517170889
370.2090062101217 480.58991473329553
371.09014005888866 481.0627816707707
371.96915452141565 481.53957677840964
372.8443570996168 482.02333337744477
373.714782906565 482.51563299617163
374.5797483787558 483.0174643741441
375.438730696845 483.5294696252989
376.2913763485934 484.05195923529556
377.1375022802593 484.5849422629453
377.977045573411 485.12823505594366
378.80997308047023 485.6816171734574
379.6361989492254 486.24495616003645
380.4555656831763 486.81822586558053
381.26792431420307 487.4013840384602
382.07331611578786 487.99412685447743
382.87222753295777 488.59557556177975
383.66586953075097 489.20396062022456
384.45642356148215 489.81635291646506
385.2471968703601 490.4284620357944
386.0426366846189 491.0344946272381
386.84815582613476 491.6270643806441
387.6697208906435 492.1971791452124
388.5132179434973 492.73431294774855
389.38353853878516 493.22679854288594
390.2835054373837 493.6627567764667
391.21301309721264 494.03155958328824
392.168820719255 494.3255524227348
393.14521666742735 494.5415407381426
394.13537162472005 494.6815163093994
395.13285865878237 494.7523655640014
396.1327820585524 494.7647427443098
397.13223311314925 494.73161285651753
398.1301405788147 494.6669546012895
399.1267635511005 494.5848409537503
400.123058421191 494.498837861763
401.120066483715 494.42154023397245
402.11841506132504 494.364093584079
403.11801053342504 494.33565255461116
404.1179847204065 494.342837634343
405.11690355951714 494.3893258357479
406.11316458907413 494.47572005422353
407.1054399528768 494.59977489044667
408.0930121368847 494.75694098530784
409.07591131377484 494.9410855156872
410.0548565969992 495.1452083523636
411.03107147470433 495.36201359341436
412.006056863423 495.5842825561265
412.9813766694818 495.8050794671316
413.9584742017707 496.01787141339577
414.9385186267028 496.21664999664745
415.92228339069953 496.396112775848
416.9100715425479 496.5519157510057
417.90171012200005 496.68096197428287
418.896627134402 496.7816602286531
419.8940013649869 496.8540801441821
420.89294893407134 496.89994684474084
421.89269567916625 496.92245119259064
422.8926897755882 496.92588734176496
423.89263218931234 496.915155648717
424.8924326923192 496.89518181114846
425.8921231571032 496.8703026105992
426.891768375325 496.8436673391284
427.89140502286307 496.8167123229196
428.89101475698794 496.78877705054197
429.8905074358389 496.7569276404497
430.8896707051524 496.7160282363609
431.8880468471505 496.65906264070037
432.8847299519211 496.57768212297657
433.8781272721563 496.4629573909022
434.8657849220003 496.3063292749568
435.8444263623381 496.1007546382586
436.8103637850045 495.8419788753042
437.76035993284665 495.52971725568835
438.6850705834267 495.1490465151475
439.5991114589132 494.74342442755886
440.5047573235749 494.3193895612786
441.4062736628782 493.88664449779543
442.30881823345396 493.45604805316975
443.21686018913897 493.03716882628476
444.13306312028453 492.6364542283971
445.0578839509028 492.2560512430585
445.98981107236347 491.8934056305301
446.92592606292806 491.5417115526155
447.8624452588805 491.19109524436294
448.7950730535478 490.83025539538005
449.7192382038153 490.4482622344057
450.63043260641706 490.0362855837723
451.52488172838383 489.58911585289496
452.40055034607224 489.1062033639327
453.2581361137242 488.59186237672594
454.10149501886525 488.0545116931688
454.9371119949734 487.50519915076706
455.77270621511934 486.9558519934441
456.6154897546645 486.4175993525108
457.47070432373204 485.8993252543208
458.3408599427558 485.40654822697337
459.2257688179358 484.9407840348893
460.12317287728763 484.4995743860162
461.02961901633097 484.07725294799366
461.94128281958973 483.6663160795725
462.8546115497054 483.2590930071105
463.7668118925095 482.8493485323607
464.67624518976885 482.4334987062985
465.5827207283502 482.0112403754706
466.4875923638384 481.5855558405285
467.3935623056847 481.1622138222135
468.3041918992728 480.74899022259495
469.2232370585759 480.3548379738869
470.1539782455167 479.9891593678242
471.098679269165 479.66122648457235
472.05823250660893 479.37969924874795
473.03199457190044 479.1521307091841
474.01781708449585 478.98433925034317
475.0123154824777 478.8795874655778
476.01143546304684 478.8376438793288
477.0113022411462 478.8539664420325
478.00916422414355 478.9193228716222
479.0040773172009 479.020059842309
479.9969795945708 479.13899288058514
480.9900295826155 479.2566862161844
481.9853934141859 479.3528675179091
482.9838812844029 479.4078399931079
483.9838733621897 479.40385949518696
484.9808713319612 479.326431798131
485.96781748992845 479.1653812431062
486.93608480136345 478.91546442973316
487.8768318543288 478.5763553287981
488.782329638128 478.152004337831
489.64693758278185 477.64955722415493
490.467377909042 477.07782505692444
491.24214680381766 476.445580515874
491.97044704867784 475.7603223504089
492.64670105722206 475.02365382527165
493.2712946532796 474.2427038654382
493.84570227141995 473.4241344497975
494.3713620168056 472.5734395385156
494.85003315384677 471.6954452660037
495.2842776984517 470.79465024188283
495.67762803932845 469.8752615812327
496.03443307063765 468.941082706695
496.35952073561265 467.9953988218365
496.6578009692623 467.04092048147777
496.933896728465 466.07979034889934
497.1918702651636 465.1136383658432
497.4350841091262 464.143665672359
497.6661612772221 463.1707302467604
497.88699539473345 462.19541886440965
498.0987638729385 461.218099002932
498.3019256327831 460.2389538148537
498.4962329964689 459.25801311918576
498.6808114084078 458.2751953284198
498.8543385851537 457.290366247345
499.01530696913153 456.3034066841614
499.1623145376265 455.3142713168809
499.2943186016505 454.3230221418088
499.4108034714542 453.32982967551294
499.51184228323103 452.33494719073656
499.5980617557267 451.3386710229184
499.6705373822551 450.3413008391053
499.7306531339982 449.34310942640315
499.77995640704404 448.34432557227507
499.82003006209334 447.3451288438121
499.8523932283388 446.34565266827286
499.8784339450075 445.34599178523536
499.89937095710104 444.3462109884981
499.9162390729416 443.3463532652854
499.92989173682645 442.3464464672443
499.94101498448464 441.3465083324772
499.9501479921799 440.3465500392617
499.95770654515644 439.34657860553125
499.9640067408391 438.346598451961
499.9692870708046 437.3466123930004
499.97372771740805 436.3466222527201
499.9774664794928 435.3466292419155
499.9806112106396 434.3466341865947
499.9832490046387 433.34663766557935
499.98545259043067 432.3466400934775
499.98728450879895 431.34664177144134
499.98879965512685 430.3466429192762
499.9900467147904 429.3466436968554
499.99106892043784 428.3466442193077
499.99190444984174 427.3466445683624
499.99258667844714 426.34664480108034
499.9931444135051 425.34664495661457
499.99360217128924 424.3466450613857
499.9939805149167 423.34664513295763
499.9942964443427 422.34664518286337
499.99456381766885 421.3466452186076
499.99479377977696 420.3466452450489
499.9949951769632 419.3466452653293
499.9951749418723 418.346645281487
499.995338439351 417.34664529485264
499.9954897693019 416.34664530630306
499.99563202650506 415.34664531642164
499.99576751965134 414.34664532560083
499.9958979504502 413.34664533410694
499.9960245501837 412.34664534212067
499.9961481715245 411.3466453497618
499.9962693409039 410.3466453571028
499.99638828695043 409.3466453641768
499.99650496607893 408.3466453709838
499.99661910308333 407.34664537749745
499.9967302543732 406.34664538367474
499.9968378896986 405.3466453894674
499.996941459079 404.3466453948308
499.99711582115896 403.34664541003184
499.9972901832389 402.34664542523296
499.9974645453188 401.3466454404339
499.99763890739877 400.34664545563504
499.99781326947874 399.34664547083605
499.9979875632258 398.3466454860252
499.99816185697296 397.3466455012144
499.9983361507201 396.3466455164035
499.9985104444672 395.3466455315927
499.998667340534 394.3466455439009
499.99882423660085 393.34664555620907
499.99898113266767 392.3466455685172
499.9991155221453 391.3466455775475
499.9992499116229 390.3466455865778
499.99936448827356 389.3466455931417
499.99947906492423 388.3466455997056
499.9995710048489 387.3466456039321
499.99964855276403 386.34664560693886
499.99972610067925 385.34664560994577
499.99978190059335 384.3466456115026
499.9998256718917 383.3466456124605
499.99985977096446 382.3466456130419
499.99988599318215 381.3466456133857
499.9999059096134 380.346645613584
499.9999208820036 379.34664561369607
499.9999320550069 378.3466456137585
499.9999432280103 377.3466456138209
499.9999487578159 376.3466456138362
499.99995281499776 375.34664561384443
499.99995586324064 374.34664561384903
499.9999582077591 373.3466456138518
499.99996006349534 372.3466456138535
499.9999615809551 371.34664561385466
499.9999628648638 370.3466456138555
499.99996398776824 369.34664561385614
499.99996499977505 368.3466456138567
499.9999659354272 367.34664561385716
499.9999668185127 366.3466456138575
499.99996766540414 365.34664561385785
499.99996848736873 364.3466456138582
499.9999692921609 363.34664561385847
499.99997008511895 362.34664561385875
499.9999708699188 361.3466456138591
499.99997164909263 360.3466456138594
499.99997246980496 359.3466456138598
499.9999734395522 358.3466456138603
499.99997465561376 357.34664561386097
499.99997638319684 356.34664561386245
499.99997866224993 355.34664561386506
499.9999817142694 354.3466456138697
499.9999855330683 353.346645613877
499.99998935186727 352.34664561388433
499.9999931706661 351.34664561389155
499.9999982420329 350.34664561390434
