0.09324254494807505
141893
974
0.0 100.0
0.0 101.0
0.0 102.0
0.0 103.0
0.0 104.0
0.0 105.0
0.0 106.0
0.0 107.0
0.0 108.0
0.0 109.0
0.0 110.0
0.0 111.0
0.0 112.0
0.0 113.0
0.0 114.0
0.0 115.0
0.0 116.0
0.0 117.0
0.0 118.0
0.0 119.0
0.0 120.0
0.0 121.0
0.0 122.0
0.0 123.0
0.0 124.0
0.0 125.0
0.0 126.0
0.0 127.0
0.0 128.0
0.0 129.0
0.0 130.0
0.0 131.0
0.0 132.0
0.0 133.0
0.0 134.0
0.0 135.0
0.0 136.0
0.0 137.0
0.0 138.0
0.0 139.0
0.0 140.0
0.0 141.0
0.0 142.0
0.0 143.0
0.0 144.0
0.0 145.0
0.0 146.0
0.0 147.0
0.0 148.0
0.0 149.0
0.0 150.0
0.0 151.0
0.0 152.0
0.0 153.0
0.0 154.0
0.0 155.0
0.0 156.0
0.0 157.0
0.0 158.0
0.0 159.0
0.0 160.0
0.0 161.0
0.0 162.0
0.0 163.0
0.0 164.0
0.0 165.0
0.0 166.0
0.0 167.0
0.0 168.0
0.0 169.0
0.0 170.0
0.0 171.0
0.0 172.0
0.0 173.0
0.0 174.0
0.0 175.0
0.0 176.0
0.0 177.0
0.0 178.0
0.0 179.0
0.0 180.0
0.0 181.0
0.0 182.0
0.0 183.0
0.0 184.0
0.0 185.0
0.0 186.0
0.0 187.0
0.0 188.0
0.0 189.0
0.0 190.0
0.0 191.0
0.0 192.0
0.0 193.0
0.0 194.0
0.0 195.0
0.0 196.0
0.0 197.0
0.0 198.0
0.0 199.0
0.0 200.0
0.0 201.0
0.0 202.0
0.0 203.0
0.0 204.0
0.0 205.0
0.0 206.0
0.0 207.0
0.0 208.0
0.0 209.0
0.0 210.0
0.0 211.0
0.0 212.0
0.0 213.0
0.0 214.0
0.0 215.0
0.0 216.0
0.0 217.0
0.0 218.0
0.0 219.0
0.0 220.0
0.0 221.0
0.0 222.0
0.0 223.0
0.0 224.0
0.0 225.0
0.0 226.0
0.0 227.0
0.0 228.0
0.0 229.0
0.0 230.0
0.0 231.0
0.0 232.0
0.0 233.0
0.0 234.0
0.0 235.0
0.0 236.0
0.0 237.0
0.0 238.0
0.0 239.0
0.0 240.0
0.0 241.0
0.0 242.0
0.0 243.0
0.0 244.0
0.0 245.0
0.0 246.0
0.0 247.0
0.0 248.0
0.0 249.0
0.0 250.0
0.0 251.0
0.0 252.0
0.0 253.0
0.0 254.0
0.0 255.0
0.0 256.0
0.0 257.0
0.0 258.0
0.0 259.0
0.0 260.0
0.0 261.0
0.0 262.0
0.0 263.0
0.0 264.0
0.0 265.0
0.0 266.0
0.0 267.0
0.0 268.0
0.3712592101112461 267.07147073341355
0.7425184202224924 266.1429414668271
1.113777630333739 265.21441220024064
1.4824512848834903 264.2848533067643
1.8503123047942596 263.3549725240668
2.217691039730558 262.4249010939515
2.584480795964261 261.49459723245144
2.950566118063835 260.5640159426421
3.3158360448033686 259.6331142933688
3.680186321924969 258.70185231327866
4.043517601158533 257.77019229936235
4.405732494309526 256.83809768443336
4.766732599113472 255.90553190963163
5.126415862324458 254.97245744841973
5.484674316871066 254.0388349980974
5.841392094585558 253.10462280214702
6.1964435796002855 252.16977605374979
6.548714714994392 251.23387806402647
6.8994376114992795 250.29739877975626
7.248234788481274 249.3602005460141
7.594815940171149 248.42218055406653
7.93892356855361 247.4832503436201
8.280304820175811 246.54332543117187
8.618696519308987 245.60232008689493
8.953816946673951 244.66014478517943
9.285361193646578 243.71670511445353
9.61299856747967 242.77190156277322
9.936340916687447 241.82561950904466
10.25494024097572 240.87773002679313
10.568317846429899 239.928101427603
10.87599688862916 238.97661122429486
11.176591471194648 238.0228592141097
11.470072586431009 237.06689434289336
11.756446259783829 236.10877633387236
12.035513132493437 235.14850466368932
12.306910505996555 234.1860372794858
12.570192435484818 233.22131834341945
12.824890176934574 232.25429762983555
13.070549684487393 231.2849414484714
13.306753842538324 230.31323799796837
13.533136225205944 229.33919948906959
13.749390414489337 228.36286239276657
13.95527680689191 227.38428649207032
14.150627642100293 226.40355306693206
14.335350423860062 225.42076240056463
14.50942969622401 224.43603075847463
14.672927107380643 223.4494869953576
14.825979738990313 222.4612689566853
14.968796751654136 221.47151984661053
15.101654473014396 220.48038472672275
15.224890122538424 219.48800729112358
15.338894420462921 218.49452703462387
15.44410336477341 217.50007689608645
15.99223147919773 218.3364712828309
16.0050126275459 219.33638960061836
15.985757834865286 220.3362042099129
15.964918527751454 221.33598704797274
15.9440011938698 222.33576825660955
15.923080029923035 223.33554938510673
15.90215867832818 224.33533050967722
15.881237317495604 225.33511163405439
15.860315956177605 226.33489275842143
15.839394594818554 227.3346738827876
15.818473233448804 228.33445500715354
15.797551872074175 229.33423613151936
15.776630510697139 230.33401725588513
15.755709149318907 231.33379838025093
15.734787787940059 232.33357950461667
15.713866426560918 233.3333606289824
15.692945065181622 234.33314175334817
15.672023703802253 235.3329228777139
15.651102342422837 236.33270400207965
15.630180981043416 237.3324851264454
15.60925961966398 238.33226625081116
15.588338258284534 239.3320473751769
15.567416896905089 240.33182849954267
15.546495535525636 241.3316096239084
15.525574174146199 242.33139074827415
15.504652812766752 243.33117187263989
15.4837314513873 244.33095299700565
15.462810090007855 245.3307341213714
15.441888728628404 246.33051524573713
15.420967367248956 247.33029637010287
15.400046005869513 248.33007749446864
15.37912464449006 249.32985861883438
15.358203283110614 250.32963974320012
15.337281921731174 251.3294208675659
15.316360560351729 252.32920199193165
15.29543919897228 253.3289831162974
15.27451783759283 254.32876424066313
15.25359647621339 255.32854536502887
15.232675114833937 256.3283264893946
15.21175375345449 257.3281076137603
15.190832392075043 258.3278887381261
15.169911030695605 259.32766986249186
15.148989669316153 260.32745098685757
15.12806830793672 261.32723211122334
15.107146946557261 262.32701323558905
15.086225585177825 263.3267943599548
15.06530422379837 264.3265754843206
15.044382862418928 265.3263566086863
15.023461501039483 266.32613773305206
15.002540139660038 267.32591885741783
14.981618778280582 268.3256999817836
14.960697416901139 269.3254811061493
14.939776055521692 270.325262230515
14.918854694142247 271.3250433548808
14.897933332762795 272.32482447924656
14.877011971383352 273.3246056036123
14.8560906100039 274.3243867279781
14.835169248624451 275.32416785234386
14.814247887245008 276.32394897670963
14.793326525865556 277.3237301010754
14.772405164486111 278.32351122544117
14.751483803106668 279.32329234980693
14.730562441727212 280.3230734741727
14.709641080347772 281.32285459853847
14.688719718968324 282.32263572290424
14.667798357588888 283.32241684727
14.646876996209432 284.3221979716357
14.62595563482999 285.3219790960015
14.605034273450531 286.32176022036725
14.584112912071086 287.321541344733
14.563191550691645 288.32132246909873
14.5422701893122 289.3211035934645
14.52134882793275 290.32088471783027
14.500427466553306 291.320665842196
14.479506105173865 292.32044696656175
14.458584743794408 293.32022809092746
14.43766338241496 294.32000921529317
14.41674202103552 295.31979033965894
14.395820659656065 296.31957146402465
14.374899298276617 297.31935258839036
14.353977936897174 298.3191337127561
14.333056575517729 299.3189148371219
14.312135214138282 300.31869596148766
14.291213852758828 301.3184770858534
14.270292491379386 302.31825821021914
14.249371129999941 303.3180393345849
14.228449768620496 304.3178204589506
14.207528407241053 305.31760158331633
14.186607045861605 306.3173827076821
14.16568568448215 307.31716383204787
14.144764323102708 308.3169449564136
14.123842961723264 309.31672608077935
14.102921600343825 310.3165072051451
14.082000238964369 311.3162883295108
14.061078877584915 312.31606945387654
14.040157516205477 313.31585057824225
14.013699927104604 314.3155005149595
13.996728102572467 315.31535648317293
13.998267442497365 315.31767561400693
13.992092635537034 315.61275466424524
14.67746902909058 316.34094365010264
15.361842035838938 317.0700757284219
16.046414774703432 317.7990202840663
16.731224937758526 318.5277417950541
17.416273556502528 319.2562391457404
18.101535018427956 319.9845362889449
18.786968118889686 320.71267189773727
19.472525856802918 321.4406901584885
20.158162795827426 322.1686338292798
20.843839709340443 322.8965398467541
21.529525807783248 323.6244372120483
22.21519912960826 324.35234661282385
22.90084573716774 325.08028117687627
23.586458283418995 325.808247822007
24.272034378255622 326.53624879603694
24.957575036274182 327.2642831401468
25.64308336042465 327.9923479295168
26.328563520548936 328.7204392356564
27.014020023240867 329.448552813965
27.699457234659725 330.1766845528711
28.384879103583103 330.9048307343495
29.07028903090218 331.6329881565684
29.7556898380608 332.36115416342835
30.441083796368275 333.08932661684554
31.12647268897334 333.81750383833327
31.811857886078585 334.54568453815233
32.49724042106609 335.2738677436261
33.18262106049902 336.00205273323417
33.86800036464187 336.7302389796386
34.55337873752044 337.45842610256125
35.238756466945894 338.18661383110907
35.92413375565035 338.9148019744677
36.60951074496114 339.64299039961827
37.29488753245405 340.37117901472146
37.98026418489492 341.09936775693666
38.665640747585414 341.82755658362555
39.35101725102157 342.55574546608506
40.03639371558072 343.28393438513586
40.72177015478349 344.01212332805227
41.40714657754177 344.74031228644634
42.092522989692746 345.4685012548241
42.777899395036904 346.1966902296085
43.463275796034615 346.9248792084838
44.148652194270085 347.6530681899589
44.83402859075806 348.3812571730788
45.51940498614538 349.1094461572346
46.20478138084224 349.83763514204026
46.890157775107866 350.56582412725186
47.575534169105126 351.294013112716
48.26091056293598 352.0222020983368
48.94628695666411 352.75039108405423
49.631663350328985 353.47858006983125
50.31703974395504 354.20676905564477
51.002416137557326 354.9349580414807
51.687792531145156 355.6631470273302
52.37316892472419 356.391336013188
53.0585453182979 357.1195249990508
53.7439217118684 357.8477139849166
54.42929810543697 358.5759029707842
55.11467449900439 359.30409195665294
55.80005089257113 360.03228094252233
56.485427286137444 360.76046992839207
57.170803679703475 361.4886589142621
57.85618007326937 362.2168479001323
58.541556466835175 362.9450368860025
59.22693286040096 363.6732258718728
59.91230925396665 364.40141485774313
60.59768564753234 365.1296038436135
61.28306204109803 365.85779282948386
61.96843843466373 366.58598181535416
62.653814828229415 367.3141708012245
63.339191221795126 368.0423597870948
64.02456761536081 368.7705487729652
64.70994400892651 369.4987377588355
65.39532040249219 370.22692674470585
66.08069679605786 370.9551157305762
66.76607318962355 371.68330471644657
67.45144958318923 372.4114937023169
68.13682597675492 373.13968268818724
68.8222023703206 373.8678716740576
69.50757876388631 374.5960606599279
70.19295515745199 375.3242496457983
70.87833155101774 376.0524386316686
71.56370794458341 376.780627617539
72.24908433814909 377.50881660340934
72.93446073171478 378.2370055892797
73.61983712528045 378.96519457515006
74.30521351884612 379.6933835610204
74.9905899124118 380.4215725468908
75.67596630597748 381.14976153276115
76.36134269954316 381.8779505186315
77.04671909310885 382.60613950450187
77.73209548667454 383.33432849037223
78.41747188024023 384.0625174762426
79.10284827380592 384.79070646211295
79.78822466737161 385.51889544798325
80.47360106093726 386.2470844338536
81.15897745450295 386.975273419724
81.84435384806862 387.70346240559434
82.52973024163431 388.43165139146464
83.21510663519997 389.159840377335
83.90048302876569 389.8880293632053
84.58585942233141 390.6162183490756
85.27123581589709 391.34440733494597
85.95661220946276 392.0725963208163
86.64198860302842 392.80078530668663
87.3273649965941 393.528974292557
88.01274139015979 394.25716327842736
88.6981177837255 394.9853522642977
89.3834941772912 395.713541250168
90.06887057085686 396.44173023603844
90.75424696442256 397.1699192219088
91.43962335798825 397.89810820777916
92.12499975155397 398.62629719364946
92.81037614511962 399.3544861795199
93.49575253868532 400.08267516539024
94.18112893225103 400.8108641512606
94.86650532581673 401.5390531371309
95.55188171938241 402.26724212300127
96.23725811294807 402.9954311088716
96.92263450651376 403.723620094742
97.60801090007945 404.45180908061235
98.29338729364514 405.1799980664827
98.97876368721082 405.90818705235307
99.66414008077655 406.6363760382234
100.34951647434224 407.36456502409374
101.03489286790793 408.0927540099641
101.72026926147362 408.82094299583446
102.40564565503931 409.5491319817048
103.091022048605 410.2773209675752
103.77639844217069 411.0055099534455
104.46177483573635 411.73369893931584
105.14715122930204 412.4618879251862
105.83252762286773 413.19007691105656
106.51790401643339 413.9182658969269
107.20328040999908 414.6464548827973
107.88865680356477 415.3746438686676
108.57403319713043 416.10283285453795
109.25940959069612 416.8310218404083
109.94478598426184 417.5592108262786
110.63016237782752 418.287399812149
111.31553877139321 419.01558879801934
112.00091516495888 419.7437777838897
112.6862915585246 420.47196676976006
113.3716679520903 421.20015575563036
114.05704434565598 421.9283447415007
114.74242073922166 422.6565337273711
115.42779713278735 423.38472271324144
116.11317352635304 424.1129116991118
116.79854991991876 424.8411006849821
117.48392631348447 425.56928967085247
118.16930270705016 426.29747865672283
118.85467910061587 427.02566764259313
119.54005549418153 427.7538566284635
120.2254318877472 428.48204561433386
120.9108082813129 429.21023460020416
121.59618467487856 429.9384235860745
122.28156106844425 430.6666125719449
122.96693746200992 431.39480155781524
123.65231385557561 432.1229905436856
124.3376902491413 432.8511795295559
125.02306664270697 433.57936851542627
125.70844303627264 434.3075575012966
126.39381942983833 435.03574648716693
127.07919582340399 435.76393547303735
127.7645722169697 436.49212445890765
128.44994861053536 437.220313444778
129.13532500410102 437.9485024306484
129.82070139766674 438.67669141651874
130.5060777912324 439.4048804023891
131.1914541847981 440.13306938825946
131.87683057836378 440.8612583741298
132.56220697192944 441.5894473600002
133.24758336549516 442.3176363458705
133.93275756347433 443.0460155866672
134.6167446994738 443.77550965640813
135.2986849505888 444.5069175411819
135.97881499767433 445.2400090218659
136.65852755668288 445.97348760855135
137.33964058532425 446.7056658943636
138.02352779273846 447.4352536461352
138.71063095320054 448.16181351764135
139.40047338793136 448.88577305742564
140.0920000223035 449.6081240205689
140.78399891341581 450.3300225831795
141.05413839832335 450.61183417039996
141.08447673375522 450.6440676145604
141.0848657378383 450.6438891671828
141.08447579802916 450.64406662038346
141.08486573803307 450.6438891670899
141.995049376942 450.2296842136399
142.90465047781143 449.814201557808
143.81376505162774 449.39765541189524
144.72256011487946 448.9804126372313
145.63119207153358 448.5628147836127
146.5397743489643 448.14510885219823
147.44837468893422 447.72744221215316
148.35702516653134 447.3098846597577
149.2657347300383 446.8924557086882
150.17449967452916 446.4751473386972
151.08331083314295 446.05793962306973
151.99215782877582 445.6408099807173
152.90103121036594 445.22373783319733
153.80992327181025 444.80670639476193
154.71882815299367 444.38970289722147
155.6277416114486 443.97271809529286
156.53666068784284 443.5557455391616
157.44558337768507 443.1387808597342
158.35450835546442 442.72182116771495
159.2634347621099 442.3048645904764
160.1723620503213 441.8879099349746
161.08128987656158 441.47095645233395
161.9902180279817 441.0540036785622
162.89914637421407 440.63705132946785
163.80807483622618 440.22009923276573
164.71700336654675 439.8031472849716
165.62593193689915 439.38619542444434
166.53486053056764 438.96924361474464
167.4437891377391 438.55229183448057
168.35271775268922 438.1353400711736
169.2616463720985 437.71838831758726
170.17057499405234 437.30143656954783
171.07950361745193 436.8844848246601
171.98843224166973 436.467533081556
172.8973608663488 436.05058133945744
173.80628949128703 435.63362959792386
174.71521811637038 435.2166778567066
175.6241467415347 434.79972611566586
176.53307536674413 434.38277437472345
177.44200399197854 433.9658226338355
178.35093261722682 433.54887089297773
179.25986124248269 433.13191915213656
180.16878986774276 432.7149674113046
181.0777184930052 432.2980156704777
181.98664711826888 431.8810639296535
182.89557574353324 431.4641121888309
183.804504368798 431.0471604480091
184.71343299406294 430.6302087071877
185.622361619328 430.21325696636654
186.53129024459315 429.79630522554555
187.4402188698583 429.3793534847247
188.34914749512347 428.9624017439038
189.2580761203887 428.545450003083
190.16700474565388 428.12849826226216
191.07593337091907 427.7115465214413
191.9848619961843 427.2945947806205
192.8937906214495 426.8776430397997
193.8027192467147 426.4606912989789
194.7116478719799 426.043739558158
195.6205764972451 425.62678781733723
196.52950512251033 425.20983607651647
197.43843374777555 424.7928843356957
198.3473623730407 424.3759325948748
199.2562909983059 423.95898085405395
200.16521962357112 423.5420291132332
201.0741482488363 423.12507737241236
201.98307687410153 422.70812563159154
202.89200549936675 422.2911738907708
203.80093412463194 421.87422214994996
204.70986274989716 421.45727040912914
205.61879137516235 421.04031866830826
206.52772000042756 420.6233669274875
207.43664862569275 420.2064151866667
208.34557725095797 419.78946344584585
209.25450587622316 419.372511705025
210.16343450148838 418.95555996420416
211.0723631267536 418.53860822338333
211.9812917520188 418.12165648256246
212.89022037728398 417.70470474174164
213.79914900254917 417.2877530009208
214.7080776278144 416.87080126010005
215.61700625307958 416.45384951927923
216.5259348783448 416.0368977784584
217.43486350361002 415.61994603763765
218.3437921288752 415.20299429681677
219.25272075414046 414.786042555996
220.16164937940567 414.36909081517524
221.07057800467086 413.9521390743544
221.97950662993605 413.5351873335336
222.88843525520124 413.1182355927127
223.79736388046646 412.70128385189196
224.70629250573165 412.2843321110711
225.61522113099687 411.86738037025026
226.5241497562621 411.45042862942944
227.4330783815273 411.0334768886086
228.3420070067925 410.6165251477878
229.2509356320577 410.199573406967
230.1598642573229 409.78262166614616
231.06879288258813 409.3656699253253
231.97772150785332 408.94871818450446
232.88665013311854 408.53176644368364
233.79557875838375 408.1148147028628
234.704507383649 407.6978629620421
235.61343600891416 407.28091122122123
236.52236463417938 406.86395948040047
237.43129325944454 406.4470077395796
238.34022188470976 406.03005599875877
239.24915050997498 405.61310425793795
240.1580791352402 405.1961525171172
241.06700776050542 404.7792007762964
241.97593638577058 404.36224903547554
242.88543325841562 403.94653827226523
243.7977449907949 403.5370418706167
244.71750314130247 403.14455627269626
245.6509625847906 402.78587331050977
246.60359640830183 402.48175360002983
247.57711420528454 402.25314236024064
248.5677489212377 402.11660350295665
249.56709748091222 402.08051394385086
250.5651150117631 402.14345048422507
251.55350970104345 402.29535814763426
252.5278184346663 402.52057469140107
253.48766229370273 402.80110947760426
254.43572132308338 403.1192039239717
255.37627508970337 403.4588487562553
256.31391768642334 403.8064496204893
257.25267590715686 404.1510261765769
258.19553250976935 404.48422495645184
259.14428586040765 404.8002424870615
260.0996585876738 405.0956455202146
261.0615540442135 405.3690630227418
262.0293588173299 405.62076507107076
263.0022126938754 405.852185327078
263.9792053743843 406.0654581622727
264.95949424664025 406.26302771187795
265.9423585453935 406.44735831225756
266.9272116815433 406.6207489123946
267.9135908516449 406.78523639760135
268.90113707915884 406.9425655065514
269.8895731921691 407.09420339923395
270.8786832353177 407.24138125946627
271.86829445515474 407.3851506358044
272.85826182880663 407.5264467755419
273.8484546472613 407.66615426381975
274.838744563889 407.8051718203567
275.82899455505355 407.9444734894015
276.8190482950762 408.08516319004525
277.80871948442893 408.2285191699174
278.79778071280805 408.37602471732896
279.78595152362664 408.5293819755402
280.77288553965104 408.69050692089013
281.7581569132933 408.86150493339653
282.7412470374303 409.0446273182225
283.7215333152371 409.2422097403753
284.69828260425857 409.4565945028843
285.67065238455666 409.690040450296
286.63770243258807 409.9446267904685
287.5984186513366 410.2221593958206
288.55174883227664 410.5240891328603
289.49664792243277 410.85145087378635
290.4321284318896 411.20482916461145
291.3573104906178 411.58435275835427
292.27146604095424 411.9897163356392
293.1740526775575 412.4202245973778
294.06473437308125 412.87485204624
294.9433882778286 413.35231127556983
295.8100985221058 413.8511232165506
296.6651392055238 414.3696841384297
297.50894943799653 414.9063258173685
298.3421034585207 415.45936684485605
299.16527863493343 416.0271543305739
299.9792236935151 416.60809618791467
300.7847289732181 417.2006847841352
301.58259994028936 417.80351305147565
302.3736346932635 418.41528426654475
303.15860576506833 419.03481668412235
303.9382461979971 419.66104411512697
304.713239626324 420.2930134071421
305.4842139415141 420.92987964530937
306.2517380242018 421.57089975614394
307.0163209920549 422.2154250739313
307.7784134200393 422.8628933211905
308.53841002709106 423.51282036114947
309.2966533798857 424.1647920000593
310.05343823117613 424.81845604898444
310.8090161798965 425.4735147970426
311.5636004076542 426.12971799973167
312.31737030784177 426.7868564460055
313.07047587736076 427.444756135289
313.82304178598343 428.10327306990723
314.575171074679 428.762288648696
315.3269484623753 429.4217056331214
316.0784432615285 430.0814446473124
316.82971191762795 430.7414411672749
317.58080019748104 431.40164295147974
318.33174505686713 432.06200786435875
319.0825762208699 432.72250204537943
319.83331751070386 433.3830983788074
320.5839879498165 434.04377522253844
321.33460268000636 434.7045153581605
322.0851737156593 435.3653051283892
322.83571056128335 436.02613373200796
323.58622071453095 436.6869926502895
324.33671007399187 437.34787518246594
325.0871832683148 438.00877607110414
325.83764392073067 438.6696912011893
326.58809486082663 439.33061735932586
327.3385382934682 439.99155204173036
328.08897593307523 440.6524933016477
328.83940911001 441.3134396284819
329.5898388546106 441.97438985234044
330.3402659633739 442.6353430688643
331.0906910509358 443.2962985801944
331.8411145907914 443.95725584873037
332.5915369471136 444.61821446099884
333.34195839955913 445.2791740994863
334.0923791625637 445.9401345207308
334.8427994003182 446.60109553831694
335.59321923837047 447.26205700970365
336.34363877259455 447.9230188260402
337.0940580761122 448.5839809043079
337.8444772046258 449.2449431812655
338.59489620051846 449.9059056087932
339.3453150960036 450.5668681503179
340.09573391553914 451.2278307780715
340.8461526776754 451.88879347099294
341.59657139646833 452.5497562131237
342.3469900825586 453.21071899238336
343.0974087438949 453.8716817997471
343.8478273855949 454.5326446294048
344.59824600747527 455.1936074815645
345.34866459697855 455.85457037048326
346.0990831158199 456.5155333396276
346.8495014815652 457.17649648258805
347.5999195498978 457.8374599632132
348.3503371072894 458.49842402392926
349.1007538843112 459.1593889706278
349.85116959609854 459.82035512672246
350.601584008401 460.48132275816045
351.3519970166851 461.1422919836149
352.102408716726 461.8032626943439
352.8528194435438 462.4642345099887
353.6032297631566 463.12520678793885
354.3536404150581 463.78617868863716
355.1040522167365 464.4471492839754
355.85446594856944 465.10811768796805
356.6048822412894 465.76908318451115
357.35530148912983 466.4300453259916
358.105723791423 467.0910039996022
358.85614896080784 467.7519594180335
359.6065765719676 468.4129120641505
360.3570060257658 469.0738626181801
361.1074366174779 469.7348118802438
361.85786720919003 470.3957611423076
362.25958172174506 470.74957522393737
362.5831079565004 471.03453463154204
361.83269299141074 470.37358869793513
362.5831079565004 471.03453463154204
363.5611668520112 471.242863210722
364.53922574752664 471.45119178990194
365.5172846430421 471.65952036908186
366.4953435385575 471.8678489482619
367.4734024340729 472.0761775274419
368.4514613295883 472.28450610662196
369.4295202251037 472.4928346858021
370.4075791206191 472.70116326498226
371.3856380161345 472.9094918441624
372.36369691164987 473.11782042334255
373.34175580716527 473.3261490025227
374.3198147026807 473.53447758170284
375.297873598196 473.742806160883
376.2759324937114 473.9511347400631
376.6112595480201 474.0225601001361
377.0489351832796 473.12342716321643
377.486878507479 472.2244245799114
377.92473846710925 471.325381390875
378.3625124385585 470.4262963282021
378.80021350306095 469.5271757700268
379.23786167826006 468.62802946672304
379.675477451349 467.72886739282103
380.1130780720091 466.8296979444978
380.55067612247 465.93052724533504
380.98827957696506 465.03135917616555
381.42589262313794 464.132195775098
381.86351672285934 463.2330377537564
382.30115160627713 462.3338849809664
382.7387960615439 461.4347368670417
383.1764484908359 460.5355926343767
383.6141072610259 459.6364514881289
384.05177090209685 458.7373127128086
384.4894382151846 457.83817572488374
384.9271083593464 456.9390401150288
385.36478100358227 456.0399057221333
385.802456672374 455.1407728015105
386.24013749637925 454.24164239033644
386.67782871383673 453.34251703858587
387.1155414375968 452.44340215634975
387.5532973661628 451.54430830863123
387.9911362231859 450.6452548423231
388.42912671887564 449.74627523983736
388.867381722736 448.8474245561355
389.30607812316276 447.9487892194985
389.74548153485637 447.05049937663483
390.1859756041988 446.1527438559756
390.6280951554655 445.2557877241677
391.07256182168 444.35999233311895
391.5203201355014 443.46583770868097
391.97257136630117 442.5739471188438
392.4308017537486 441.6851136631167
392.8968012965232 440.8003287027258
393.37266900103725 439.9208118309146
393.8608005639078 439.04804177108815
394.3638549227984 438.1837869984654
394.8846970184155 437.3301339592081
395.4263155110724 436.48950954342416
395.99171612098183 435.66469310911043
396.5837937120958 434.85881214637425
397.2051891362149 434.07531503286083
397.8581399747598 433.3179147407804
398.54433723336257 432.5904992320881
399.2648054703038 431.89701129451555
400.0198215728669 431.2413050455972
400.80887868331297 430.6269851969398
401.6306961128567 430.05723427548537
402.4832762436892 429.53463775759644
403.36400986135243 429.0610257911959
404.26982660963887 428.63735608668094
405.1973778187506 428.2636600143503
406.14323011220426 427.93906266536476
407.10404514089544 427.66187233248655
408.0767250116032 427.4297218013221
409.0585120876325 427.2397372299962
410.0470418286019 427.08871090375146
411.04035497685385 426.97325966075323
412.03687937073653 426.8899582058033
413.0353923295647 426.83544333579243
414.034973093346 426.8064899823015
415.03495243824364 426.80006271398537
416.03486419349974 426.813347355516
417.03440140005796 426.8437672947964
418.0333784016435 426.88898842153014
419.0316991982485 426.9469158508364
420.0293318085982 427.015684846516
421.0262880688898 427.093647754783
422.02260814909664 427.1793583012559
423.01834903092765 427.27155426781906
424.0135762200075 427.3691393184987
425.00835803078235 427.47116455533524
426.00276186739745 427.57681023544137
426.9968520147748 427.68536795689545
427.9906885427858 427.79622351873627
428.98432700712283 427.90884057867834
429.9778186997739 428.0227451731131
430.9712112582441 428.13751112963314
431.96454948561507 428.2527463935224
432.9578762641251 428.3680803048185
433.95123346504647 428.48315189721905
434.9446627697913 428.59759933700786
435.9382063244768 428.7110506699349
436.9319071559551 428.8231160861852
437.925809284877 428.9333819382182
438.9199574836256 429.0414067452076
439.9143966460049 429.14671938607455
440.90917076222775 429.2488196196349
441.9043215262363 429.3471809783748
442.8998866402077 429.4412559689048
443.89589791916654 429.5304833872624
444.8923793318299 429.6142974327231
445.88934513678544 429.6921381916443
446.8867982812583 429.7634629740216
447.8847292201707 429.8277579284227
448.8831152854967 429.8845493411792
449.88192069233463 429.9334140449157
450.88109721341004 429.9739884177603
451.88058549440257 430.00597554264857
452.88031692577954 430.0291502080611
453.880215939453 430.0433615575681
454.8802025657734 430.048533325198
455.880195071069 430.04466171667343
456.8801124985366 430.03181110398066
457.8798769537791 430.0101077854836
458.8794155068207 429.97973212115437
459.8786616200387 429.9409093801552
460.8775560508715 429.8938996359385
461.8760472145569 429.83898701405406
462.8740910216172 429.77646854327475
463.8716502246787 429.7066427859408
464.86869331813347 429.6297983339992
465.86519303193825 429.54620215952275
466.86112444824516 429.45608770999945
467.8564627478746 429.35964254790895
468.85118056430906 429.2569952602297
469.84524488699014 429.148201315671
470.83861341349177 429.03322753363307
471.8312302006651 428.9119348552819
472.8230204058416 428.7840591777044
473.8138838373481 428.649190129724
474.80368694554664 428.5067478361436
475.7922527794275 428.3559579423061
476.7793483113792 428.1958254633987
477.76466840307654 428.0251083965967
478.7478155684355 427.842292502193
479.72827462088264 427.64556922834254
480.7053813274215 427.43281941274506
481.6782844094411 427.20160610647423
482.6459007286336 426.9491805554053
483.6068643836261 426.67250592016825
484.5594718105739 426.36830353667335
485.5016268607922 426.03312617862514
486.43079213104903 425.66346160019134
487.34395526642425 425.2558673311054
488.2376210139878 424.80713407890346
489.10784070486034 424.31447020807707
489.95028967494363 423.7756940645762
490.76039912074236 423.1894153886654
491.5335417723994 422.5551832228233
492.26526124015516 421.8735773099182
492.9515247880895 421.1462243400497
493.5889713259585 420.37572975125704
494.175123351032 419.56552866294487
494.7085350769599 418.7196729242739
495.18885870055624 417.842581585464
495.6168242237376 416.9387865251942
495.994141810944 416.01270259898405
496.323345914055 415.06844381110074
496.60760539581855 414.10969642673535
496.8505235702994 413.13964964409706
497.0559478515496 412.16097663196643
497.227802552885 411.1758543240123
497.3699521074971 410.1860091320133
497.4860967583859 409.19277682279755
497.5796990792549 408.19716715755317
497.6539375134861 407.19992663747644
497.7116821552464 406.2015952514387
497.75548786423485 405.20255518224224
497.7876001604232 404.20307091501564
497.80996993120937 403.20332114964685
497.824273635719 402.2034234528612
497.83193631894085 401.2034528116493
497.8341553178411 400.2034552736304
497.83192306450644 399.203457765111
497.82604791256733 398.2034750239651
497.8171724488088 397.20351441166923
497.805789226481 396.2035792026434
497.7922541535031 395.2036708059393
497.7767977695281 394.20379026297707
497.75953426274316 393.20393928841463
497.7404673074742 392.2041210793302
497.71949125391325 391.20434110094646
497.6963879148099 390.20460801870786
497.6708230109331 389.20493485427374
497.64234602523595 388.205340405867
497.6103954678946 387.2058509552545
497.57422821045907 386.2065052045308
497.53291687623783 385.20735888208105
497.48516163627056 384.20849981441654
497.4296196789213 383.210043460351
497.36542336575826 382.2121061710506
497.29250087087564 381.21476856033894
497.21159984770156 380.2180464202972
497.124107339316 379.22188124274055
497.0606864682204 378.2238943725316
