0.0
13219
765
0.0 100.0
0.0 99.0
0.0 98.0
0.0 97.0
0.0 96.0
0.9013153963787148 95.56683657096809
1.8026307927574297 95.13367314193619
2.7039461891361447 94.70050971290428
3.6052615855148593 94.26734628387237
4.506576981893574 93.83418285484046
5.407892378272296 93.40101942580857
6.309207774651018 92.96785599677668
7.210523171029739 92.53469256774478
8.111838567408462 92.10152913871289
9.013153963787184 91.668365709681
9.914469360165906 91.2352022806491
10.815784756544621 90.8020388516172
11.717100152923345 90.3688754225853
12.618415549302068 89.93571199355343
13.519730945680791 89.50254856452153
14.421046342059515 89.06938513548964
15.322361738438238 88.63622170645775
16.22367713481697 88.20305827742587
17.124992531195698 87.76989484839399
18.02630792757443 87.33673141936211
18.92762332395315 86.90356799033022
19.82893872033187 86.47040456129832
20.730254116710594 86.03724113226643
21.631569513089318 85.60407770323454
22.53288490946804 85.17091427420264
23.434200305846765 84.73775084517075
24.335515702225486 84.30458741613886
25.23683109860421 83.87142398710697
26.13814649498294 83.43826055807509
27.039461891361665 83.0050971290432
27.94077728774038 82.57193370001129
28.842092684119102 82.13877027097939
29.743408080497822 81.70560684194749
30.64472347687654 81.27244341291559
31.546038874109602 80.83927998566139
32.44735427274435 80.40611656132377
33.348669754814395 79.97295331059624
34.24998634428912 79.53979236413679
35.15130689560003 79.10663966151958
36.0526347721249 78.67350220181518
36.95397485015138 78.24039013347351
37.85533473422075 77.80731928547003
38.75672548794773 77.37431269303119
39.658161840322684 76.9414010362039
40.55970182804958 76.50870524176008
41.46134298207226 76.07622029477042
42.36309908718863 75.64397507861949
43.26499037014487 75.21201198560397
44.16703940203959 74.78037840945655
45.06926900648136 74.34912240559242
45.971700888997866 73.91828984250355
46.87435460627849 73.48792224767388
47.77724701013084 73.05805563223868
48.6803919023163 72.6287197454096
49.58380364117265 72.1999456439336
50.48749228521373 71.77175545881582
51.391460239731664 71.34415525160742
52.2957025276779 70.91713548076567
53.20020895615784 70.49067549338295
54.104966457816026 70.06474843015118
55.00996085282882 69.63932494114825
55.91517797473068 69.21437557685209
56.82060437848776 68.78987230551071
57.72622786732452 68.36578965263851
58.632037996417154 67.94210579640466
59.53802662398034 67.51880376862053
60.44418851488659 67.09587277251217
61.35052196260721 66.67330954464816
62.257029376759284 66.25111964888167
63.16371778001 65.82931858272529
64.07059916531392 65.40793259222579
64.97769067964902 64.98699912406097
65.88501462134141 64.56656688834184
66.79259826238808 64.14669555745049
67.70047353224184 63.727455179638476
68.60867662251833 63.30892543540009
69.51724851957509 62.891196925625295
70.42623572157106 62.474372902076325
71.33569009819674 62.0585691781435
72.2456678995344 61.64391221018963
73.15622876424126 61.230537184741465
74.06743562860046 60.81858809766315
74.97935599272228 60.40822088466977
75.8920645190791 59.99960964410541
76.80564666535756 59.592955415059095
77.72020299851948 59.188496871480865
78.63585389830575 58.78652245721969
79.55274442872988 58.38738369034962
80.47104917013621 57.99150946548691
81.39097674350384 57.59942113391104
82.31277363784773 57.21174796540697
83.23672680471097 56.82924235048952
84.16316435111088 56.45279385119579
85.09245358040492 56.08344100049867
86.02499562685867 55.7223796046172
86.9612160239075 55.370966218204934
87.90155075496551 55.03071543780018
88.84642767461166 54.70328971077188
89.79624366410216 54.390480525951176
90.7513384818688 54.09418019001596
91.71196693125091 53.81634393925355
92.67827159360169 53.558942891238694
93.65025883119478 53.32390925544124
94.62778091288658 53.11307619398046
95.61052685325879 52.92811561255314
96.59802385238163 52.770477810223355
97.58965014218374 52.64133718387638
98.58465874212627 52.5415479758405
99.58221031912993 52.471613354818246
100.58141226502993 52.43167000356112
101.58136043732634 52.42148900552284
102.58117985686724 52.440492381772145
103.58006101361687 52.48778333958158
104.57728919550311 52.562187326382315
105.57226525822941 52.66230043542251
106.56451730982471 52.78654159649616
107.55370372987383 52.9332052470384
108.53960866842857 53.10051170875875
109.52213162318833 53.28665316940133
110.5012728800368 53.48983387502375
111.47711656451239 53.70830378935772
112.44981285320348 53.94038552057878
113.41956060071195 54.18449473015973
114.38659130808455 54.43915452478473
115.3511550370144 54.70300450646548
116.31350858999748 54.97480524057201
117.27390604561384 55.25343891988165
118.23259156504544 55.537906975789795
119.18979426820728 55.82732533225612
120.14572490831578 56.12091792634145
121.10057404307346 56.41800904006332
122.05451139921186 56.71801490761207
123.00768614588532 57.020434983506526
123.96022782362039 57.324843183425116
124.91224771302518 57.63087934170988
125.86384046663511 57.938241068795506
126.81508586491861 58.24667613853377
127.76605059158231 58.555975489715486
128.71678995283463 58.865966887927726
129.66734948981843 59.176509262893106
130.6177664531146 59.487487712112426
131.5680711234518 59.79880914332989
132.51828797410047 60.110398515329884
133.46843667850237 60.42219562808651
134.4185329721082 60.734152408548916
135.36858938073067 61.04623063661906
136.3186158294676 61.358400056486346
137.2686201468253 61.670636820820334
138.21860847842012 61.98292221886783
139.16858562382893 62.29524164381756
140.11855530900525 62.60758375952729
141.0685204053409 62.919939831573245
142.01848310504863 63.23230319236319
142.96844506115457 63.54466881459361
143.91840749908008 63.857032971517285
144.86837130559564 64.16939296625164
145.81833709986762 64.48174691566348
146.7683052903999 64.7940935772062
147.7182761208959 65.10643220947378
148.6682497074255 65.41876245920326
149.6182260687611 65.7310842690463
150.56820515133467 66.04339780169045
151.518186849945 66.35570337689754
152.46817102509115 66.66800141879327
153.41815751761317 66.98029241133978
154.36814616116368 67.2925768604003
155.3181367929051 67.60485526119601
156.2681292627173 67.91712807029106
157.21812344110288 68.2293956815374
158.16811922589056 68.5416584056747
159.11811654776176 68.85391645350938
160.0681153745644 69.1661699227833
161.01811571433421 69.47841878897384
161.96811761692226 69.79066290033403
162.91812117412985 70.10290197747358
163.86812651827785 70.41513561770188
164.81813381918766 70.72736330420324
165.76814327961688 71.03958441991287
166.71815512927162 71.35179826572303
167.66816961759844 71.6640040824035
168.61818700563418 71.97620107538981
169.56820755725454 72.28838844140417
170.51823153020362 72.60056539574583
171.46825916730566 72.91273119903369
172.41829068825024 73.22488518220825
173.36832628231073 73.53702676870091
174.31836610230005 73.84915549284324
175.2684102599981 74.16127101380275
176.21845882320565 74.47337312457306
177.1685118144971 74.78546175579532
178.11856921166725 75.09753697442432
179.06863094979792 75.40959897746235
180.0186969248141 75.72164808115684
180.96876699835525 76.03368470618904
181.9188410037575 76.3457093594761
182.86891875292127 76.65772261327149
183.81900004382572 76.96972508228947
184.76908466844282 77.28171739960871
185.71917242079485 77.59370019213203
186.6692631048943 77.9056740564018
187.61935654229782 78.21763953558616
188.5694525790048 78.52959709845925
189.51955109143458 78.8415471211852
190.46965199123153 79.15348987267177
191.41975522867406 79.46542550417482
192.36986079450793 79.77735404370195
193.31996872008295 80.08927539558337
194.27007907574637 80.40118934535342
195.22019196752922 80.71309556983131
196.17030753225114 81.02499365202027
197.12042593125503 81.33688310018144
198.07054734306007 81.64876337020445
199.02067195528312 81.96063389020918
199.9707999562197 82.27249408618852
200.92093152649258 82.5843434074493
201.87106683116968 82.89618135062835
202.8212060127232 83.20800748115113
203.7713491851531 83.51982145114738
204.7214964295353 83.83162301303079
205.67164779118167 84.14341202817019
206.62180327852246 84.45518847031448
207.57196286374437 84.76695242366847
208.52212648514194 85.07870407574534
209.47229405107075 85.39044370533539
210.42246544532503 85.70217166612947
211.37264053370362 86.01388836671629
212.32281917147495 86.32559424783344
213.2730012114075 86.63728975789027
214.2231865119964 86.94897532788791
215.17337494549437 87.26065134693117
216.1235664053486 87.57231813954802
217.0737608126578 87.88397594599337
218.0239581212976 88.19562490661038
218.9741583214196 88.50726505114909
219.9243614411068 88.81889629370457
220.87456754606518 89.13051843364315
221.82477673733865 89.44213116255418
222.77498914715034 89.75373407691768
223.72520493308207 90.06532669583885
224.6754242709062 90.37690848289495
225.6256473464651 90.68847887089004
226.57587434705164 91.00003728813516
227.52610545277534 91.31158318477817
228.47634082839977 91.62311605770162
229.42658061611064 91.93463547258811
230.37682492962148 92.24614108191204
231.32707384994833 92.55763263784516
232.277327423092 92.86910999934618
233.2275856597609 93.18057313302803
234.17784853715415 93.49202210773866
235.1281160027167 93.80345708312407
236.07838797969262 94.11487829270081
237.02866437428744 94.42628602201384
237.97894508439472 94.73768058201446
238.92923001031997 95.04906227633717
239.87951906902822 95.36043135781347
240.82981221557145 95.67178796306374
241.78010947903834 95.98313200274863
242.73041102616173 96.29446296737456
243.68071727400476 96.60577958323455
244.63102908392102 96.91707922013399
245.5813480815621 97.22835691403844
246.53167716050922 97.53960382841278
247.48202123755914 97.85080494540331
248.43238833236853 98.16193576210841
249.38279103914618 98.47295777893312
250.33324843962714 98.7838126162301
251.28378847185948 99.0944146882189
252.23445071736782 99.40464249961728
253.18528950157804 99.7143288029012
254.1363771236729 100.02325004706869
255.08780695035392 100.33111574002868
256.0396960344947 100.63755851036873
256.99218686785014 100.94212576463912
257.9454478609724 101.24427387234721
258.8996721757521 101.54336575970513
259.8550746245411 101.83867265235746
260.8118864952705 102.12938048512306
261.7703483555873 102.41460121073416
262.7307011119958 102.69338891358105
263.6931758249169 102.96476029561583
264.657982975099 103.22771877704886
265.62530200886545 103.48128116959384
266.59527203351445 103.72450565701733
267.56798447581104 103.95651967513128
268.54347835732887 104.17654623516727
269.52173859801616 104.38392728900413
270.50269746526544 104.57814289281856
271.486238980128 104.7588251790059
272.47220581694404 104.92576647617048
273.4604080236007 105.07892129574525
274.45063277097915 105.2184022968859
275.4426543204946 105.34447071203006
276.4362434707174 105.45752203028704
277.43117588764176 105.55806796880819
278.4272389100079 105.64671589870397
279.4242366208914 105.72414692925975
280.4219931625536 105.79109380051094
281.4203544233955 105.84831960631671
282.41918833272234 105.89659818934045
283.4183840584602 105.93669683853433
284.4178504194863 105.96936170004099
285.41751380684354 105.99530610169877
286.4173158677868 106.01520180308707
287.41721115415305 106.02967302634478
288.4171648811091 106.0392930027859
289.4171508906261 106.04458268806229
290.4171498702268 106.04601125288443
291.41714784351745 106.04399794353337
292.4171349248772 106.03891492143745
293.4171043154056 106.03109072778923
294.4170515091728 106.02081407088703
295.41697367615296 106.00833769394191
296.41686918922176 105.99388214328135
297.41673726579836 105.97763931584814
298.4165776989761 105.95977571646505
299.4163906575004 105.9404353967458
300.4161765381929 105.91974257750893
301.41593585809494 105.89780397525436
302.41566917659725 105.87471086207304
303.41537704013933 105.85054088954243
304.4150599437975 105.82535970343802
305.4147183053444 105.7992223701935
306.414352448302 105.77217463029763
307.41396259122587 105.7442539898372
308.4135488410575 105.71549065992554
309.41311118889587 105.68590835467751
310.41264950701236 105.65552496090955
311.41216354634213 105.62435309566717
312.41165293402463 105.59240056978851
313.4111171708041 105.55967077604129
314.4105556282306 105.52616301847749
315.4099675456198 105.4918727956658
316.4093520266565 105.45679204506106
317.4087080353906 105.42090934996854
318.40803439121964 105.384210105488
319.4073297623198 105.346676636453
320.4065926569089 105.30828825933921
321.4058214117274 105.26902128155942
322.40501417720657 105.22884893517448
323.4041688989502 105.18774124711726
324.4032832953577 105.14566485360046
325.40235483143385 105.1025827714501
326.40138068902286 105.05845414277677
327.40035773383767 105.0132339710265
328.3992824797093 104.966872865721
329.3981510504319 104.91931681013799
330.3969591394257 104.87050696112505
331.3957019671906 104.8203794837489
332.39437423618017 104.76886541624175
333.39297008231176 104.71589055344143
334.39148302186067 104.6613753303066
335.38990589197743 104.60523468168421
336.38823078253705 104.54737785072103
337.3864489564861 104.48770811636695
338.38455075530806 104.42612241032779
339.3825254856721 104.36251079539103
340.38036128275144 104.29675577986305
341.3780449450668 104.22873144635635
342.3755617349734 104.15830237668776
343.3728951380075 104.08532235755604
344.37002657316015 104.00963285345918
345.36693504467496 103.93106123376089
346.36359672409344 103.84941874005396
347.35998444894346 103.7644981785379
348.356067121645 103.67607132094525
349.35180898889985 103.58388599784055
350.3471687780773 103.48766287126128
351.3420986630118 103.38709188108996
352.3365430273528 103.28182837254798
353.3304369894188 103.17148893187206
354.3237046488109 103.05564698434962
355.3162570123935 102.9338282438103
356.30798955648737 102.80550614522562
357.29877938430866 102.67009744134762
358.2884819442461 102.52695819846394
359.2769272871743 102.37538048228026
360.26391586155023 102.21459007817796
361.24921387541804 102.04374563469761
362.2325482962287 101.86193964786284
363.213601613338 101.66820170891248
364.1920065535985 101.46150441121867
365.1673410149996 101.24077224681253
366.1391235616736 101.00489371455564
367.1068098976972 100.75273670974846
368.06979079616735 100.48316707276831
369.02739199123255 100.19506995162743
369.97887653092454 99.88737339537903
370.9234500264781 99.559073362638
371.86026911269346 99.20925912664597
372.7884532545555 98.83713791145419
373.7070998080309 98.4420575274969
374.6153019881715 98.0235258082835
375.51216914478186 97.58122579314252
376.396848529895 97.11502585153396
377.2685475972694 96.62498428601259
378.12655583078174 96.11134835344454
378.9702651718436 95.57454806674103
379.7991883038381 95.01518553560007
380.61297433211064 94.4340209288075
381.41142173090566 93.83195635473136
382.19448876060454 93.2100190371514
382.9623018324071 92.56934510544426
383.7151624624399 91.91116513632741
384.45355347925096 91.23679231192486
385.1781450185236 90.54761374202116
385.8898005755008 89.84508518870572
386.58958303391796 89.13072917739791
387.278760213135 88.40613631540816
387.95880914119414 87.67296958440785
388.63141803003754 86.93297142045819
389.2984848361737 86.18797351700393
389.962111338614 85.43990943869323
390.6245918227636 84.69083026522696
391.28839566047725 83.94292354307728
391.95614324224596 83.19853576305798
392.63057477033624 82.46019836462975
393.3145113110861 81.73065685914351
394.0108072295651 81.01290203059162
394.7222927587292 80.31020128220007
395.4517051380129 79.62612703115147
396.2016067252632 78.96457763054744
396.9742890370646 78.32978471547254
397.77166311761596 77.72629935884419
398.59513921409837 77.15894839293139
399.4455024774162 76.63275230742762
400.3227959667031 76.15279800371235
401.22622674795986 75.72406402619511
402.1541139291843 75.35120295432071
403.1038973339857 75.03829484646187
404.07222069216436 74.78859527897004
405.05509328315793 74.60430889891518
406.0481202511105 74.48642149111029
407.046777564076 74.43461829371395
408.0466970993755 74.44730383377109
409.04392424587684 74.52172169641656
410.0351160328198 74.65415598765824
411.0176604092869 74.84018434106954
411.9897129404554 75.0749477893511
412.950161404139 75.35340559334973
413.8985383503263 75.67055093533114
414.8349054801966 76.0215731541413
415.7597324072088 76.4019613178283
416.67378769098434 76.80755093579455
417.57805383677214 77.23452018244122
418.4736716707477 77.67934452469888
419.36191398802623 78.13871973712949
420.2441839734618 78.60946348143159
421.1220306461996 79.088405251549
421.9971713834241 79.57227371513207
422.87151035465126 80.05758945090972
423.74714144289203 80.54056998603124
424.626325027744 81.01705316949827
425.5114299994986 81.48244460579167
426.4048357178901 81.9316953401766
427.30879344529865 82.35931716733042
428.2252530867951 82.75944430401101
429.15566862867996 83.12595067424087
430.10080378113514 83.45263024751347
431.06056656269436 83.73344228987209
432.03390563399626 83.9628132825396
433.0187993104493 84.1359734571838
434.01235808658555 84.24929140970099
435.0110429857673 84.30056003701239
436.01097830355167 84.28918637236882
437.0083148805175 84.21624974065266
437.9995866386814 84.08441536931228
438.9820040584428 83.89771771707909
439.9536435666604 83.66125066637078
440.91351597888564 83.38081359277163
441.8615220203434 83.06256126307142
442.79832152285326 82.71269458546797
443.7251518259162 82.33721410751444
444.64363072378524 81.94174411602414
445.55557285468456 81.53142527671649
446.4628390756953 81.11086849789474
447.3672287574192 80.68416098262077
448.270416645825 80.25491555371428
449.1739296407951 79.82635486032288
450.07915460471 79.40142220129891
450.9873658970103 78.98291025578456
451.89976036522427 78.5735982300969
452.8174876542435 78.17638717412115
453.74166468383476 77.79442275434371
454.67336493123724 77.4311946593536
455.6135758719676 77.09060195988559
456.5631218312343 76.77697404142117
457.5225548164775 76.49503726335331
458.4920226489469 76.24981874487025
459.4711314155278 76.04648152937752
460.45882670580403 75.89009094920688
461.453323200235 75.7853210939784
462.4521122187766 75.7361225529362
463.45206931339345 75.74538586365328
464.44966800246823 75.81464519916972
465.4412834887298 75.94386875509537
466.4235473681315 76.13137254498429
467.3936985619086 76.37387339284439
468.34987321392475 76.66667031024936
469.2912885406772 77.00391974695088
470.2182982312852 77.37895712311341
471.1323219773563 77.78461780843813
472.03567146522107 78.21352304596088
472.93130567820333 78.6583144088892
473.822549953412 79.11183799362072
474.71280908360774 79.56729236137141
475.6052986221465 80.01836045334731
476.5028130972795 80.45934544960772
477.4075459155964 80.88532494143841
478.32097253773645 81.29232838855623
479.24380434232785 81.67753153033274
480.17601387496416 82.0394505644579
481.1169224814781 82.37811115293542
482.06533003513755 82.6951649530415
483.01965663953047 82.9939302993383
483.9780614580196 83.27934263946531
484.9385068103734 83.55781117474733
485.8987467779567 83.8369871132798
486.85623679239177 84.12545352771521
487.8079806102649 84.43234716587057
488.7503499703228 84.76692150622566
489.6789266583823 85.13806209197789
490.58842335902085 85.5537732315058
491.4727351123707 86.0206701397065
492.3251545751392 86.5435286860586
493.13875155915923 87.12495791442056
493.90687597368986 87.76525853428748
494.6237051838351 88.46250733025815
495.2847366750094 89.21286548985654
495.8871350496238 90.01106107883334
496.4298776618082 90.8509601542699
496.91369238418304 91.72613060304732
497.34082564077596 92.63031928972299
497.7147049888374 93.55779663882277
498.03956448974895 94.50355892643393
498.32008831944165 95.46340598767574
498.56110779992486 96.43392626568524
498.7673672938714 97.4124235938149
498.9433596017666 98.39681513561206
499.09322266658353 99.38552189790494
499.22068554932815 100.37736523912493
499.3290511401018 101.37147634897951
499.4212043937846 102.36722118468577
499.49963694157236 103.36414060743144
499.5664810833372 104.36190403666289
499.6235480924132 105.36027438702146
499.672367348187 106.35908201628033
499.7142240445382 107.35820564074857
499.75019414244593 108.35755850738603
499.7811758957871 109.3570784576421
499.8079177324462 110.35672083077966
499.83104256416414 111.35645341610338
499.8510687672832 112.35625287158865
499.86842815607395 113.35610218604597
499.8834812891105 114.35598888121987
499.8965304310114 115.35590373754297
499.90783045584817 116.35583989022408
499.9175979387061 117.3557921872256
499.92601864727226 118.3557567324307
499.93325362026746 119.35573055967109
499.9394440045418 120.3557113990588
499.94471481554945 121.35569750823798
499.94917778315346 122.35568754914847
499.95293344251513 123.35568049663497
499.956072625106 124.35567556938916
499.95867749573875 125.35567217670788
499.9608222673935 126.35566987668251
499.962573707118 127.35566834291077
499.9639915248528 128.35566733780672
499.965128714505 129.35566669120635
499.966031894813 130.35566628333893
499.9667416780552 131.35566603144278
499.967293078524 132.3556658794215
499.96771596045613 133.35566579000692
499.9680355168081 134.3556657389488
499.9682727655579 135.3556657108053
499.96844504848104 136.3556656959646
499.9685665178624 137.35566568858718
499.9686485986282 138.35566568521855
499.96870041623316 139.35566568387603
499.968729183779 140.35566568346226
499.9687405448626 141.35566568339772
499.9687388712913 142.35566568339632
499.96872751692047 143.35566568333186
499.96870903042293 144.355665683161
499.96868533081226 145.35566568288016
499.96865785008754 146.35566568250258
499.96862764753354 147.3556656820465
499.9685955000957 148.35566568152976
499.96856197293954 149.35566568096772
499.96852747388164 150.35566568037262
499.9684922949015 151.35566567975386
499.96845664345676 152.35566567911832
499.9684206658606 153.35566567847113
499.96838446455985 154.35566567781586
499.96834811078384 155.35566567715506
499.9683116537187 156.3556656764905
499.96827512710274 157.35566567582342
499.96823855392836 158.35566567515463
499.96820194976544 159.35566567448473
499.9681653250924 160.35566567381403
499.9681286869189 161.35566567314285
499.96809203990637 162.35566567247133
499.96805538713716 163.3556656717996
499.96801873063794 164.35566567112778
499.96798207173396 165.35566567045583
499.96794541128725 166.35566566978383
499.9679087498555 167.3556656691118
499.96787208779796 168.35566566843974
499.9678354253445 169.35566566776768
499.96779876264173 170.3556656670956
499.9677620997827 171.3556656664235
499.9677254368261 172.35566566575142
499.9676887738089 173.35566566507933
499.9676521107542 174.35566566440724
499.9676154476764 175.35566566373515
499.96757878458436 176.35566566306306
499.96754212148363 177.35566566239098
499.96750545837756 178.3556656617189
499.96746879526836 179.3556656610468
499.9674321321571 180.3556656603747
499.96739546904473 181.3556656597026
499.96735880593167 182.3556656590305
499.96732214281826 183.35566565835842
499.9672854797045 184.35566565768633
499.96724881659065 185.35566565701424
499.9672121534767 186.35566565634215
499.96717549036265 187.35566565567007
499.96713882724856 188.35566565499798
499.9671021641345 189.3556656543259
499.96706550102044 190.35566565365377
499.9670288379064 191.35566565298168
499.96699217479227 192.3556656523096
499.9669555116782 193.3556656516375
499.96691884856403 194.35566565096542
499.9668821854499 195.35566565029333
499.9668455223359 196.35566564962124
499.9668088592218 197.35566564894913
499.96677219610774 198.355665648277
499.96673553299365 199.35566564760492
499.96669886987956 200.35566564693283
499.9666622067654 201.35566564626072
499.9666255436513 202.3556656455886
499.9665888805371 203.35566564491648
499.966552217423 204.3556656442444
499.9665155543089 205.3556656435723
499.9664788911948 206.3556656429002
499.9664422280808 207.3556656422281
499.9664055649667 208.35566564155602
499.96636890185266 209.35566564088393
499.9663322387386 210.35566564021184
499.96629557562443 211.35566563953972
499.96625891251034 212.3556656388676
499.9662222493963 213.3556656381955
499.96618558628217 214.3556656375234
499.9661489231681 215.3556656368513
499.96611226005405 216.35566563617925
499.96607559693996 217.35566563550717
499.9660389338258 218.35566563483508
499.9660022707117 219.355665634163
499.9659656075977 220.3556656334909
499.96592894448355 221.3556656328188
499.96589228136946 222.35566563214672
499.9658556182554 223.35566563147464
499.96581895514134 224.35566563080255
499.9657822920272 225.35566563013046
499.9657456289131 226.35566562945837
499.965708965799 227.35566562878626
499.965672302685 228.35566562811417
499.9656356395709 229.35566562744208
499.9655989764568 230.35566562676996
499.96556231334273 231.35566562609785
499.9655256502286 232.3556656254258
499.9654889871145 233.35566562475367
499.9654523240004 234.35566562408158
499.96541566088626 235.3556656234095
499.9653789977722 236.35566562273743
499.9653423346581 237.35566562206535
499.96530567154406 238.35566562139326
499.9652690084299 239.35566562072114
499.9652323453158 240.35566562004905
499.96519568220174 241.35566561937696
499.96515901908765 242.35566561870488
499.96512235597356 243.3556656180328
499.9650856928595 244.3556656173607
499.96504902974533 245.3556656166886
499.9650123666312 246.3556656160165
499.9649757035171 247.35566561534438
499.9649390404029 248.35566561467232
499.9649023772888 249.35566561400023
499.9648657141748 250.35566561332814
499.96482905106075 251.35566561265608
499.96479238794666 252.355665611984
499.96475572483257 253.3556656113119
499.9647190617185 254.35566561063982
499.9646823986043 255.35566560996773
499.9646457354902 256.35566560929567
499.9646090723761 257.35566560862355
499.96457240926196 258.3556656079515
499.9645357461478 259.35566560727943
499.9644990830337 260.3556656066073
499.9644624199195 261.3556656059352
499.9644257568054 262.35566560526314
499.96438909369124 263.355665604591
499.96435243057715 264.35566560391896
499.96431576746306 265.35566560324685
499.96427910434886 266.35566560257473
499.9642424412348 267.3556656019026
499.9642057781207 268.3556656012305
499.9641691150067 269.3556656005584
499.96413245189257 270.35566559988627
499.9640957887784 271.35566559921415
499.96405912566433 272.35566559854203
499.96402246255025 273.3556655978699
499.96398579943616 274.3556655971978
499.96394913632207 275.3556655965257
499.963912473208 276.35566559585357
499.963875810094 277.35566559518145
499.9638391469799 278.3556655945094
499.96380248386583 279.35566559383733
499.96376582075175 280.3556655931652
499.96372915763766 281.3556655924931
499.96369249452357 282.35566559182104
499.9636558314095 283.355665591149
499.9636191682953 284.35566559047686
499.9635825051812 285.35566558980474
499.9635458420671 286.3556655891326
499.9635091789529 287.3556655884605
499.96347251583876 288.3556655877884
499.9634358527277 289.35566558711633
499.96339918967203 290.3556655864443
499.9633625271339 291.35566558577216
499.9633258678603 292.3556655851002
499.9632892242591 293.35566558442883
499.96325264178245 294.3556655837597
499.96321626106965 295.3556655830979
499.9631804599469 296.35566558245705
499.96314613707057 297.35566558186804
499.9631152124998 298.35566558138987
499.9630914139661 299.3556655811067
499.96308137946227 300.3556655810563
499.96309603462157 301.3556655809489
499.9631521019138 302.3556655793771
499.9632734700823 303.35566557201196
499.96349204735884 304.35566554812397
499.96384767265386 305.3556654848893
499.9643868572075 306.3556653395293
499.9651602513892 307.35566504046
499.96621850889886 308.35566448050537
499.9676078199161 309.35566351541235
499.96936478877996 310.35566197194134
499.97151851174397 311.35565965267733
499.9740846856321 312.3556563600477
499.977045169646 313.3556519778053
499.980327256456 314.35564659174383
499.983940572876 315.35564006369475
499.9877651135177 316.3556327501125
499.9915372847029 317.3556256354494
499.9963905423202 318.35561385832534
499.9976289128114 319.35561309154434
