5.215363067730358
216049
755
0.0 100.0
0.0 101.0
0.0 102.0
0.0 103.0
0.0 104.0
0.0 105.0
0.0 106.0
0.0 107.0
0.0 108.0
0.0 109.0
0.0 110.0
0.0 111.0
0.0 112.0
0.0 113.0
0.0 114.0
0.0 115.0
0.0 116.0
0.0 117.0
0.0 118.0
0.0 119.0
0.0 120.0
0.0 121.0
0.0 122.0
0.0 123.0
0.0 124.0
0.0 125.0
0.0 126.0
0.0 127.0
0.0 128.0
0.0 129.0
0.0 130.0
0.0 131.0
0.0 132.0
0.0 133.0
0.0 134.0
0.0 135.0
0.0 136.0
0.0 137.0
0.0 138.0
0.0 139.0
0.0 140.0
0.0 141.0
0.0 142.0
0.0 143.0
0.0 144.0
0.0 145.0
0.0 146.0
0.0 147.0
0.0 148.0
0.0 149.0
0.0 150.0
0.0 151.0
0.0 152.0
0.0 153.0
0.0 154.0
0.0 155.0
0.0 156.0
0.0 157.0
0.0 158.0
0.0 159.0
0.0 160.0
0.0 161.0
0.0 162.0
0.0 163.0
0.0 164.0
0.0 165.0
0.0 166.0
0.08622925037158238 166.9962753215755
0.2903605924531754 167.97521883127357
0.8032529153365828 168.83367177997098
1.467142450532374 169.5815024326307
2.2673086041995494 170.181280830479
3.16327397725021 170.6254047436994
4.115036615460328 170.93224000977438
5.095099630613774 171.13092691505085
6.08790172706388 171.25069334308589
7.085795708262049 171.31555937648142
8.085413912170637 171.34318991057995
9.085410576876708 171.34577265654764
10.085307792939192 171.3314353865671
11.08497213343512 171.30552773632934
12.084395687028175 171.27157835454662
13.083609961127227 171.23194460079168
14.08265407305347 171.1882311883705
15.081564062771733 171.14155322310785
16.080370061506756 171.09270061938057
17.079096212277175 171.04224196534284
18.077761440839605 170.99059159012302
19.076380393092855 170.93805409683847
20.074964307491065 170.88485479322327
21.07352175645806 170.831161021587
22.072059250223386 170.7770974151141
23.07058171681387 170.72275697240286
24.069092877588393 170.66820917860042
25.067595537752347 170.61350600094585
26.066091809237015 170.55868633448196
27.064583280631837 170.5037793080482
28.063071146152453 170.4488067475467
29.061556303190347 170.39378501388614
30.060039425919918 170.33872637583357
31.05852102074519 170.2836400363728
32.057001468018186 170.22853290059606
33.05548105340381 170.17341015059083
34.05395999144898 170.11827567607452
35.05243844328826 170.06313239713114
36.050916529942434 170.00798250618448
37.04939434230595 169.952827649483
38.04787194864754 169.89766906325767
39.04634940024299 169.84250767589788
40.04482673560544 169.7873441846424
41.04330398366237 169.73217911315095
42.041781166141604 169.67701285472856
43.040258299363344 169.62184570478138
44.0387353955861 169.56667788518897
45.03721246401758 169.51150956260724
46.03568951157399 169.4563408622144
47.034166543450326 169.40117187803475
48.032643563548746 169.34600268069255
49.0311205748003 169.29083332323597
50.0295975794066 169.23566384551128
51.02807457902139 169.18049427744842
52.02655157488685 169.12532464152898
53.02502856793603 169.0701549546397
54.02350555886979 169.01498522946483
55.02198254821457 168.95981547553203
56.020459536365784 168.904645699998
57.01893652362048 168.84947590823845
58.01741351020175 168.79430610429114
59.01589049627718 168.7391362911891
60.01436748197266 168.68396647121062
61.01284446738275 168.62879664606692
62.011321452578464 168.57362681704342
63.00979843761315 168.5184569851056
64.00827542252688 168.46328715097872
65.00675240734975 168.4081173152076
66.00522939210438 168.35294747820137
67.00370637680776 168.2977776402674
68.00218336147262 168.24260780163658
69.00066034610857 168.1874379624823
69.99913733072279 168.13226812293487
70.9976143153207 168.07709828309208
71.99609129990635 168.0219284430275
72.9945682844828 167.96675860279623
73.99304526905232 167.9115887624398
74.99152225361664 167.85641892198936
75.98999923817706 167.8012490814683
76.98847622273456 167.74607924089423
77.98695320728984 167.6909094002803
78.98543019184348 167.63573955963648
79.98390717639587 167.58056971897014
80.98238416094733 167.52539987828692
81.9808611454981 167.47023003759102
82.97933813004835 167.4150601968856
83.97781511459819 167.35989035617303
84.97629209914773 167.30472051545507
85.97476908369705 167.2495506747331
86.97324606824621 167.19438083400806
87.97172305279523 167.13921099328076
88.97020003734416 167.08404115255172
89.96867702189303 167.02887131182143
90.96715400644183 166.97370147109012
91.9656309909906 166.91853163035813
92.96410797553935 166.86336178962554
93.96258496008807 166.80819194889258
94.96106194463677 166.7530221081593
95.95953892918544 166.69785226742584
96.95801591373413 166.6426824266922
97.9564928982828 166.5875125859584
98.95496988283148 166.5323427452245
99.95344686738014 166.47717290449052
100.9519238519288 166.42200306375648
101.95040083647746 166.36683322302238
102.94887782102612 166.31166338228826
103.94735479955578 166.25649343262126
104.94583157145837 166.2013197435022
105.94430759654298 166.1461325408983
106.94278197670884 166.09091558560004
107.94125351319458 166.03564723274047
108.93972078776083 165.98030193826798
109.93818225185804 165.9248519183143
110.93663632306627 165.869268938116
111.93508143744926 165.8135252966424
112.93351614986196 165.75759565289815
113.93193925957972 165.70145926557657
114.93034990225222 165.6451015811113
115.92874758161562 165.58851471124038
116.92713214934949 165.53169697711755
117.92550375532912 165.47465193900166
118.9238627882673 165.41738727842696
119.92220981878339 165.35991374834822
120.92054554807956 165.30224424504968
121.91887076502907 165.2443930462488
122.91717466942202 165.18617522703698
123.91540536644175 165.12671536219077
124.91342852330314 165.06386809997173
125.91097674306033 164.99388560745214
126.90795337546604 164.91618364842276
127.90475969534288 164.83632652191818
128.90220436184995 164.764883276915
129.90091222019262 164.71406385459815
130.90072021996235 164.69446886553288
131.90054619790823 164.71312399417275
132.89875545490605 164.7729427140173
133.8937127583586 164.8732420874272
134.88420808523682 165.01078847026713
135.86962888739572 165.18092324823004
136.8499174555686 165.3784943066105
137.82541736135144 165.59849415619607
138.79670019316967 165.83642200369434
139.76442332725563 166.08843774874776
140.7292343215674 166.35138212548014
141.69171762941124 166.62272302199585
142.6523721306508 166.90046918173203
143.61160788825782 167.18307626113398
144.56975319924345 167.46935857465724
145.52706603813976 167.75841242514934
146.48374643895949 168.04955261592937
147.43994804075535 168.34226151009392
148.3957880519378 168.6361490277307
149.35135546068605 168.93092169834011
150.30671760175017 169.22635896650615
151.26192530532592 169.52229518096723
152.21701687988266 169.81860597086649
153.17202116446063 170.11519797419385
154.1269598528618 170.41200110994993
155.08184925559968 170.7089627716823
156.0367016315638 171.00604346798497
156.99152619239237 171.30321355066246
157.94632985892937 171.60045075958402
158.90111783042275 171.8977383804019
159.85589401254958 172.19506386206007
160.8106613391492 172.49241777923254
161.76542201399428 172.78979305353988
162.72017769244223 173.0871843689332
163.67492961790134 173.3845877327879
164.62967872434442 173.68200014635894
165.58442571331412 173.97941935732774
166.53917111176582 174.27684367397876
167.49391531551586 174.5742718256485
168.4486586218773 174.87170285791993
169.40340125417362 175.16913605390846
170.35814338015192 175.46657087514237
171.31288512581386 175.76400691715875
172.26762658580444 176.06144387615188
173.2223678312153 176.35888152392243
174.1771089154464 176.65631968906138
175.13184987860865 176.95375824281666
176.08659075083096 177.25119708847774
177.0413315547445 177.54863615340122
177.9960723073484 177.8460753830219
178.9508130214115 178.1435147363535
179.9090278901706 178.42956414692623
180.8780658047611 178.67647611521878
181.86399513677284 178.84363876738382
182.86305848155772 178.88691038749778
183.85573549189724 178.76611157482387
184.81178147447326 178.47289479631314
185.70770302360765 178.02868248469105
186.53542097503095 177.46753812457362
187.29920317027566 176.82206406759911
188.00914003611217 176.11779874364353
188.6764438524666 175.37301312571122
189.31119711104995 174.60029823604117
189.92163288654294 173.80823247867107
190.51413417523818 173.00266297645882
191.09350132365793 172.1875962875726
191.66327877224032 171.36579724943314
192.22605596543974 170.539188617241
192.78371475449586 169.7091183340791
193.337620814498 168.8765391626528
193.88876643648638 168.04213008829956
194.43787469521624 167.2063788572537
194.98547447704277 166.36963846803877
195.5319542027424 165.53216613452605
196.07760025915144 164.69415039414565
196.62262455922894 163.85573014610475
197.16718439541518 163.0170081511548
197.71139682089387 162.17806069394751
198.25534912756308 161.33894455891658
198.7991065223851 160.49970210552402
199.34218610414356 159.66002087560577
199.87884927232372 158.81622431012397
200.40102485356846 157.9633863053706
200.87557187414666 157.08315615066084
201.3069054538891 156.18096363074807
201.7003667085166 155.26162243124327
202.06184592049536 154.32924226237049
202.39719168432546 153.3871471404846
202.71174193072792 152.43790631620018
203.00956238087184 151.4832844122633
203.29359876798807 150.52447091069274
203.56613832145067 149.5623263312254
203.82913126305692 148.59752857383512
204.0843151712557 147.63063603947757
204.33322957193525 146.6621105513595
204.57799016075816 145.69252700459361
204.82093324819738 144.72248646097415
205.06400104967028 143.752477160046
205.3084485697209 142.78281463630842
205.55487659797996 141.8136535419137
205.8044718584528 140.84530329228835
206.05872793168993 139.87816635822884
206.31875875211998 138.91256604110663
206.5774823463488 137.94661464388764
206.81028283685885 136.97409012922577
207.067350798499 136.00769680190083
207.3444338192844 135.04685082069864
207.63837386707706 134.09102696228976
207.947639406395 133.14005123905054
208.27118484881407 132.19383860613453
208.6174447562367 131.25569998284283
208.9934769570219 130.32909338672306
209.40320902068737 129.41688746917788
209.8150317309628 128.50562348146553
210.23951165320278 127.6001861310016
210.68417700857918 126.7044893509873
211.15349729599643 125.82146134020928
211.6505422374716 124.95373654158132
212.1778955645174 124.10409045734758
212.73762519355125 123.2754151636519
213.33012578566974 122.46984514910366
213.9550685440645 121.68917457278482
214.6117266228589 120.93498615630386
215.2987601516724 120.2083604409001
216.00870783173053 119.50410601842192
216.73524120699582 118.81697484126167
217.47467916609673 118.1437501353568
218.24652670854536 117.50794248266926
219.03973699532892 116.89899466804083
219.84714335033195 116.30899892407251
220.66383002819236 115.73191758647329
221.4862341001482 115.16301377876022
222.31167766006115 114.59852912051144
223.13812531686625 114.03551555889736
223.964050607475 113.4717359793338
224.78835149897924 112.90558402069965
225.6102870437733 112.3360035082134
226.4294341511008 111.76242002121518
227.24546900863896 111.18441732980043
228.0617241454853 110.60672575848231
228.88256636708388 110.03557074691271
229.70158213621082 109.46179973865121
230.50872006718186 108.87143683298403
231.2954091555043 108.25408743571018
232.08900243743835 107.6456388324008
232.84454278641093 106.99053671740316
233.61769391161312 106.35631488113559
233.75514425339347 106.46935660467273
233.89415116772898 106.25448300492641
234.47961932393818 107.06517840892333
235.0650874801483 107.8758738129216
235.65529841832827 108.68312287514016
236.2526408281 109.48510918767182
236.85495924933286 110.28336511119734
237.4980868155122 111.04912416835583
238.1591458462073 111.79945806598839
238.82999861756886 112.54104862630894
239.50626613475197 113.2777047504286
240.18522536914844 114.01188072254139
240.86510627490986 114.74520326684303
241.54472190151 115.47877166861679
242.22325417495466 116.213342260115
242.90014295152722 116.94942757049019
243.5750537755261 117.68732687232557
244.2479067221511 118.4271031305402
244.9189410117835 119.16852944659432
245.5887778205746 119.91103779643865
246.25843994631407 120.65370369531247
246.9292988672354 121.39528869261237
247.60294548186675 122.1343423027082
248.2810130418193 122.86934188375568
248.96501267872407 123.59882423221529
249.65626979952228 124.32143311186303
250.3560560528605 125.03578540565009
251.06591376974828 125.7401305069853
251.7878534081376 126.43208654498356
252.51966579467643 127.11359269382478
253.25609437603944 127.79010798895983
254.01852684133635 128.4371757874642
254.79493350858087 129.06740803597125
255.57837734578618 129.68887062852616
256.36446552552786 130.30698499793556
257.1505603791814 130.92509087969003
257.93515330197596 131.54510212595957
258.71738114767084 132.16809457970163
259.4967362906092 132.79467702533475
260.27291982459496 133.42518406063994
261.0457724077688 134.05976966139167
261.81523951319673 134.6984561053251
262.5813496093993 135.3411654645976
263.3441967771072 135.98774430644139
264.1039255112197 136.6379844548203
264.86072494470056 137.29163162071566
265.6148341857584 137.94838062341853
266.36654607788336 138.60787226948995
267.1161949223627 139.26970805725816
267.86412566150824 139.93348483407487
268.6106546207362 140.59883775774324
269.35603595457394 141.26547609084918
270.10044363801137 141.93320148413545
270.8439713206614 142.60190663974072
271.58664626436996 143.27155873447907
272.32845083015786 143.94217485878283
273.06934519228787 144.61379643687872
273.8092868036804 145.2864675390749
274.5482443581363 145.96021952067682
275.2937983521732 146.62666474871554
276.03219834632586 147.30102774342637
276.76812833843616 147.97808538256248
277.5028215076104 148.6564849308883
278.23662349683696 149.33584833923993
278.9696703643633 150.01602647032752
279.70204919408957 150.69692385596562
280.4338341600527 151.37845944827933
281.1650934168911 152.06055907391192
281.895889681577 152.74315472253653
282.62627986515133 153.42618486809252
283.35631487703813 154.10959461445222
284.0860397089133 154.79333555204832
284.815493691655 155.4773654395988
285.5447108168936 156.16164782594143
286.2737200667971 156.8461516707481
287.00254574874646 157.53085096630133
287.73120786344134 158.21572432876212
288.45972254008177 158.9007545221985
289.1881025540818 159.58592789821753
289.9163579098062 160.2712337692406
290.64449643647106 160.956663770033
291.37252432572427 161.64221128295205
292.1004465459658 162.32787099540323
292.82826622066705 163.0136395577607
293.55597932964275 163.69952120281684
294.2835574919438 164.38554599664184
295.010910396331 165.07180961397813
295.73782352943675 165.75853903443306
296.4638757877125 166.44617856082223
297.1883513991023 167.1354789949591
297.91016642241254 167.82756502438292
298.627829223757 168.52395579368311
299.3394475828617 169.2265220261375
300.042785748901 169.93737744335846
300.7353662671783 170.65871801874766
301.4146054258569 171.3926350204021
302.0779675599645 172.1409335430735
302.72312143736065 172.90498620780332
303.3480814008272 173.68564301079925
303.9513174914812 174.48320568478323
304.53182304861673 175.29746197007353
305.0891349552238 176.127765191044
305.6233092931265 176.97313953222442
306.13486164031065 177.8323916466183
306.62468495756957 178.70421337029205
307.09395846505294 179.58726624253373
307.5440635373576 180.48024184348014
307.9765323473041 181.38189073768643
308.39306478831975 182.29101159080858
308.79568649635246 183.20637805306336
309.18695061457396 184.12665648364424
309.5699961038332 185.05038596415145
309.9483384000395 185.97605172829168
310.32540510063154 186.90223783448454
310.7039518926648 187.82781998980155
311.0855473361883 188.75214943187405
311.4702870805021 189.67517452857805
311.85681338771843 190.59745291053747
312.2426176460408 191.5200335705669
312.6245309513416 192.44423172422998
312.99927852466766 193.3713586067473
313.36398179232765 194.30248240440156
313.71652067765433 195.2382795695675
314.05570518363965 196.17899943801908
314.38124572142453 197.1245275223501
314.6935559374882 198.0745076952707
314.9934321470635 199.02848581814922
315.2816309959614 199.9860564022285
315.5583615824398 200.94700394632616
315.8227586806488 201.91141784837168
316.07247286938065 202.8797374360833
316.30377118548995 203.85262031133857
316.5125359614099 204.83058619435036
316.69609908644725 205.81359411859438
316.85528664508814 206.80084247699966
316.995748333857 207.79092859143023
317.1278523925772 208.78216444513492
317.26505516378774 209.7727074273281
317.42138818555054 210.76041182961984
317.60896942236786 211.7426609220572
317.83621251708496 212.71649898657483
318.10702923136654 213.67912991650888
318.42100411597477 214.62856120514186
318.77429078268017 215.56407632053455
319.1608546759208 216.4863389493137
319.57370174940246 217.39713930829342
320.00585928146387 218.29893743841046
320.45102997079846 219.1943831695172
320.9039519109948 220.08593334538435
321.36054540466404 220.97560878145018
321.81792968248766 221.86487793215753
322.27437240224583 222.75463073129882
322.729208960021 223.64520566116786
323.1934573283777 224.5309107206985
323.68269780148376 225.4030596526333
324.2083972778835 226.25373001212222
324.774879700609 227.07780383450893
325.38054624371654 227.87352240194355
326.0204530658822 228.64197491117613
326.6885219853007 229.3860743124035
327.3788836070592 230.10953877677136
328.08648163369025 230.81615397099512
328.8072242280372 231.50935676433483
329.5379160496135 232.19206421403896
330.2761116320237 232.86665096317518
331.01995960701026 233.53499981677513
331.76806571355473 234.19857894043025
332.5193819821881 234.8585212594906
333.27312080481147 235.5156953515472
334.0286897457499 236.17076448949308
334.78564261660034 236.82423396185675
335.54364291930585 237.47648816161205
336.3029340272941 238.12723927634795
337.0639781136756 238.7759394371185
337.8270859911438 239.42221056237943
338.5923097467315 240.06597496329357
339.35949836991466 240.70739652237802
340.12839303152396 241.3467719984081
340.89870358302534 241.98444092053433
341.67015420418204 242.62073011509676
342.4425044566617 243.25592700386002
343.21572292866557 243.89006673180018
343.98987055860397 244.5230718242447
344.76497613087326 245.15490356754117
345.54099775723296 245.78560986640144
346.31783840172113 246.4153071056134
347.0956045953666 247.04386080103035
347.8744726932579 247.67104856086553
348.6545391649132 248.29674521244615
349.43608050643553 248.9205986659843
350.2193778398516 249.54224590313996
351.0048530838056 250.16113898044446
351.79299486571244 250.77663271039847
352.5842036929163 251.3881787771463
353.3786895141423 251.99546147891766
354.1764490190004 252.59843724328016
354.9772992820613 253.19730188253948
355.78093604822914 253.792421994839
356.5869931673935 254.38425974341922
357.3950907058313 254.97330844121146
358.2048678357396 255.56004603151695
359.01600163775845 256.1449066604042
359.8282150843842 256.72826702683335
360.6412777908856 257.3104431473473
361.4550025606632 257.8916935228745
362.2692399249746 258.4722256189374
363.08387210095077 259.0522035649528
363.8988071885475 259.6317558085027
364.7139740110185 260.2109820609659
365.5293177432848 260.7899592610817
366.3447963253078 261.3687465123768
367.1603775845891 261.9473890700142
367.9760369638746 262.52592150383583
368.79175574697865 263.10437017648644
369.6075196847322 263.68275516752686
370.4233179369815 264.26109175778123
371.23914226130836 264.8393915691564
372.0549863927615 265.41766343702955
372.87084557060336 265.99591407639906
373.68671617775016 266.5741485897186
374.502595466342 267.15237085359894
375.31848134901406 267.73058381303207
376.13437224021266 268.308789705132
376.9502669355963 268.88699022921065
377.7661645204 269.4651866760273
378.5820642998179 270.04338002599417
379.397965746117 270.6215710237855
380.21386845846547 271.1997602350152
381.0297721324179 271.77794808929
381.8456765367383 272.3561349129124
382.66158149579564 272.9343209537207
383.47747250557995 273.5125266784875
384.29331153604465 274.0908057429282
385.10904343953314 274.6692359129842
385.85732902628104 275.3326126390346
386.5873943559739 276.01598999773216
387.31311154720265 276.7039831360374
388.0378083183011 277.3930510499323
388.7622664052997 278.08236990226567
389.48666870368936 278.7717473823793
390.2110579646261 279.461138562073
390.9354441789133 280.15053294307035
391.6598296812526 280.8399280721514
392.3842150172227 281.5293233760457
393.1086003143154 282.21871872079055
393.8329856023232 282.90811407508147
394.55737088820797 283.59750943160316
395.28175617359665 284.28690478864615
396.00614145886937 284.97630014581085
396.730526744115 285.6656955030041
397.4549120293543 286.355090860204
398.17929731459225 287.04448621740534
398.9036825998297 287.73388157460715
399.6280678850671 288.423276931809
400.3524531703045 289.1126722890109
401.07683845554186 289.80206764621283
401.8012237407792 290.4914630034147
402.52560902601664 291.1808583606166
403.24999431125406 291.87025371781846
403.9743795964914 292.5596490750204
404.6987648817288 293.24904443222226
405.42315016696625 293.93843978942414
406.14753545220356 294.6278351466261
406.871920737441 295.31723050382806
407.5963060226784 296.00662586103
408.3206913079158 296.69602121823186
409.0450765931532 297.38541657543374
409.7694618783906 298.07481193263567
410.493847163628 298.7642072898376
411.2182324488654 299.4536026470395
411.9426177341027 300.14299800424146
412.66700301934014 300.83239336144334
413.39138830457756 301.5217887186452
414.1157735898149 302.21118407584714
414.84015887505234 302.90057943304896
415.56454416028976 303.5899747902509
416.2889294455271 304.2793701474528
417.01331473076453 304.96876550465475
417.73770001600195 305.6581608618567
418.46208530123937 306.34755621905856
419.1864705864768 307.03695157626044
419.9108558717142 307.72634693346237
420.63524115695157 308.4157422906643
421.35962644218887 309.1051376478662
422.0840117274263 309.7945330050681
422.8083970126637 310.48392836227
423.5327822979011 311.1733237194719
424.25716758313854 311.86271907667384
424.98155286837596 312.5521144338757
425.7059381536134 313.2415097910776
426.4245550005687 313.9369160229104
427.1459214102009 314.6294696331489
427.86847331247793 315.3207863105956
428.5916016950618 316.01149995770396
429.31501634172366 316.70191378215645
430.03856395226455 317.39218826037546
430.76215984318765 318.0824121274209
431.485755839968 318.7726358834909
432.2093233607945 319.4628894910911
432.9328441422263 320.153192090562
433.65630510064716 320.84355738635895
434.37969546682865 321.5339966509694
435.10234609561616 322.2252101264696
435.82412778402306 322.9173309210427
436.5451770713527 323.61021469574194
437.26567554654616 324.30367121726584
437.9857673082371 324.9975500645764
438.70554475565723 325.6917549523331
439.42505706722875 326.38623463777895
440.144322216206 327.08097030367406
440.8633365114215 327.77596558659025
441.5820807168946 328.4712401849316
442.30052331490634 329.16682643649364
443.01862167893375 329.86276805730756
443.73632174332926 330.5591204232594
444.453556529551 331.25595201082797
445.1702437165512 331.9533467885469
445.88628235778197 332.65140743366624
446.6015488856436 333.3502592020126
447.31589279868047 334.0500540104437
448.0291331153851 334.7509735854501
448.7410582613943 335.4532289424818
449.45071682560695 336.1577746984406
450.15777709023536 336.86492799312543
450.86227812692744 337.57463095162274
451.5645410250003 338.2865486589389
452.26532077060807 338.9999263626456
452.96603413809964 339.7133692661906
453.66877821345594 340.424812000746
454.3749716041032 341.13283099413957
455.0838233641098 341.8381884796288
455.79534241464967 342.5408552859594
456.51203802523855 343.2382414069588
457.22547963318425 343.93895609358367
457.93817699979206 344.64042773494225
458.6395574921261 345.3532148034089
459.33087563860863 346.07576530015217
460.01429573676614 346.80579062124343
460.6915722089402 347.5415192262598
461.3640256379383 348.2816586630072
462.03264995799975 349.02525903862727
462.6982038439445 349.77160883925967
463.3613154616431 350.5201293683523
464.02256069611497 351.27029917572145
464.68248042573316 352.0216352859016
465.3415534758264 352.7737142143664
466.0001623459575 353.5261996668401
466.6585762495233 354.27885571816194
467.3170393464111 355.0314687329558
467.97586042039626 355.78376840228515
468.6354108492298 356.53542871906757
469.2960498184468 357.2861324904394
469.9581411791588 358.03555562196823
470.62223164608827 358.7832078484301
471.28915877114287 359.5283307979266
471.95969491722667 360.2702076588645
472.63428618027666 361.00839911629043
473.31305493362277 361.7427511977071
473.99591134458626 362.47330381183286
474.68275861830114 363.2001055885164
475.39816524442085 363.8988139391921
476.0982515411707 364.6128721840874
476.7985803647439 365.3266925668677
477.5033719074939 366.03610703054045
478.2141038284527 366.7395699908519
478.9316440441629 367.4360870680573
479.65676597803645 368.1247075593408
480.3903345417507 368.80432301114445
481.13329998435745 369.4736527886772
481.88671882372364 370.1311937018439
482.6516862125345 370.77526271527023
483.4293986205643 371.4038829586577
484.2213440276996 372.01447486174624
485.02946248584243 372.603494859377
485.8561866890678 373.16610226405766
486.7043700095926 373.6958050625999
487.57712817677907 374.18395788867934
488.47756742090144 374.6189396901887
489.40793446120597 374.98556916297434
490.36812361217704 375.26491982855
491.3537317697355 375.43396585705773
492.35316909304396 375.46750742496965
493.3453351814614 375.3425816350203
494.27201492070805 374.96672972153596
495.1125537403405 374.42497840156443
495.86812998791123 373.7699176913193
496.53414708773465 373.023981217655
497.1096172145015 372.20615841704415
497.59880996213735 371.33398271475676
498.0098834538937 370.42238050744527
498.35294051334677 369.48306594141354
498.63841309905814 368.5246790660823
498.87632505327736 367.55339234114484
499.0760827243538 366.57354701006136
499.2456849095124 365.5880344029429
499.3908201622744 364.59862257847055
499.51503282962835 363.6063669595554
499.6205954174867 362.6119542987125
499.7093310059122 361.61589908169543
499.7919398125424 360.6193170303484
499.8802093182941 359.62322040132364
499.9779009679508 358.6280036703613
499.9959372658426 357.6281663376124
499.9992522912987 356.6281718323244
499.9998621539107 355.6281720182906
499.99997453392155 354.6281720246053
499.999995283911 353.62817202482057
499.9987720049945 352.62817277302645
