7.574496068031997
202487
701
0.0 100.0
0.0 101.0
0.0 102.0
0.0 103.0
0.0 104.0
0.0 105.0
0.0 106.0
0.0 107.0
0.0 108.0
0.0 109.0
0.0 110.0
0.0 111.0
0.0 112.0
0.0 113.0
0.0 114.0
0.0 115.0
0.0 116.0
0.0 117.0
0.0 118.0
0.0 119.0
0.0 120.0
0.5267192357730073 120.85003932065916
1.131579637831296 121.64637084334422
1.8091388336881624 122.38183908610512
2.547272827445019 123.05649322509824
3.3330827677233392 123.67496128228453
4.155210571206012 124.24426425499831
5.004500858316902 124.77219039397903
5.8739219012461605 125.26626230181412
6.758234275290252 125.73315803440602
7.653646037918961 126.1783970436428
8.557520156565278 126.60619556823276
9.468113333219293 127.01949941122379
10.384316260223429 127.42021401858051
11.305395775677082 127.80958855063373
12.231000738966245 128.1880795702557
13.16083619904273 128.55605513627108
14.094331381201064 128.91464507601728
15.041399006966952 129.23567920539634
15.995522042120038 129.53509402431862
16.949853854943782 129.83384273315693
17.900551560316504 130.14396186026624
18.846098787484966 130.46944679262722
19.786363562606738 130.8098908448079
20.721885139116267 131.16316040178265
21.653427370036553 131.52679355760327
22.581749180566575 131.89857120095246
23.50751342945304 132.2766724512594
24.431267007259663 132.6596598237529
25.3534501483672 133.04641330370754
26.29784776795092 133.3752189242869
27.26058396645686 133.6456611770625
28.234399070427543 133.87300264551595
29.2143151190688 134.07241312070545
30.197510155544713 134.25497138605965
31.182461641545828 134.42780243137327
32.168353781134 134.5951842974707
33.15474850395678 134.75957849076042
34.141410488852806 134.92236094546928
35.128213733170675 135.08428486897571
36.11509115224024 135.24575610397005
37.10200727205418 135.4069906302087
38.088943464424716 135.5681022442815
39.07589001179092 135.72915041298245
40.06284187544574 135.89016599865124
41.0497964568484 136.0511649248846
42.03675242231955 136.21215536628063
42.91240011461671 135.72920493510298
43.788047806913866 135.24625450392534
44.66369549921102 134.7633040727477
45.53934319150818 134.2803536415701
46.41499088380534 133.79740321039245
47.29063857610249 133.3144527792148
48.16628626839965 132.8315023480372
49.0419339606968 132.34855191685955
49.91758165299396 131.8656014856819
50.79322934529112 131.38265105450427
51.668877037588274 130.89970062332662
52.54452472988543 130.416750192149
53.42017242218259 129.93379976097137
54.29582011447975 129.45084932979375
55.1714678067769 128.96789889861608
56.04711549907406 128.48494846743847
56.92276319137122 128.00199803626083
57.798410883668375 127.5190476050832
58.67405857596553 127.03609717390557
59.54970626826268 126.55314674272792
60.42535396055984 126.07019631155029
61.301001652857 125.58724588037265
62.17664934515416 125.10429544919502
63.05229703745131 124.6213450180174
63.92794472974847 124.13839458683974
64.80359242204563 123.65544415566211
65.67924011434278 123.17249372448447
66.55488780663995 122.68954329330685
67.4305354989371 122.20659286212921
68.30618319123425 121.72364243095157
69.18183088353142 121.24069199977394
70.05747857582857 120.75774156859629
70.93312626812572 120.27479113741867
71.80877396042288 119.79184070624103
72.68442165272003 119.30889027506339
73.5600693450172 118.82593984388576
74.43571703731435 118.3429894127081
75.31136472961153 117.8600389815305
76.18701242190866 117.37708855035285
77.06266011420581 116.89413811917521
77.93830780650298 116.41118768799758
78.81395549880013 115.92823725681995
79.68960319109729 115.44528682564231
80.56525088339446 114.96233639446469
81.44089857569162 114.47938596328706
82.31654626798877 113.9964355321094
83.19219396028592 113.51348510093177
84.06784165258307 113.03053466975413
84.94348934488022 112.5475842385765
85.74814499891278 112.10378840780686
85.98904824201341 111.13323927073878
86.22995148511404 110.1626901336707
86.47085472821466 109.19214099660262
86.71175797131528 108.22159185953454
86.9526612144159 107.25104272246644
87.19356445751654 106.28049358539836
87.43446770061716 105.30994444833028
87.67537094371778 104.3393953112622
87.9162741868184 103.3688461741941
88.15717742991905 102.39829703712603
88.39808067301968 101.42774790005795
88.63898391612028 100.45719876298988
88.87988715922091 99.48664962592179
89.12079040232155 98.5161004888537
89.36169364542218 97.54555135178562
89.6025968885228 96.57500221471753
89.84350013162341 95.60445307764945
90.08440337472405 94.63390394058136
90.32530661782468 93.6633548035133
90.56620986092531 92.69280566644521
90.80711310402592 91.72225652937712
91.04801634712655 90.75170739230903
91.28891959022718 89.78115825524095
91.5298228333278 88.81060911817286
91.77072607642843 87.84005998110477
92.01162931952905 86.86951084403671
92.25253256262968 85.89896170696863
92.49343580573031 84.92841256990054
92.73433904883093 83.95786343283245
92.97524229193158 82.98731429576438
93.2161455350322 82.01676515869629
93.45704877813282 81.0462160216282
93.69795202123345 80.07566688456012
93.93885526433408 79.10511774749205
94.1797585074347 78.13456861042397
94.42066175053532 77.16401947335586
94.66156499363595 76.19347033628779
94.90246823673657 75.22292119921971
95.14337147983719 74.25237206215164
95.38427472293782 73.28182292508353
95.62517796603845 72.31127378801546
95.86608120913907 71.34072465094738
96.10698445223971 70.3701755138793
96.34788769534033 69.3996263768112
96.58879093844095 68.42907723974312
96.82969418154157 67.45852810267503
97.07059742464222 66.48797896560697
97.31150066774282 65.51742982853888
97.55240391084345 64.54688069147079
97.79330715394408 63.576331554402714
98.0342103970447 62.60578241733462
98.27511364014534 61.63523328026655
98.51601688324597 60.664684143198464
98.75692012634659 59.694135006130374
98.99782336944722 58.72358586906229
99.23872661254785 57.75303673199423
99.47962985564847 56.78248759492613
99.72053309874909 55.81193845785806
99.96143634184972 54.841389320789965
100.20233958495035 53.870840183721896
100.44324282805097 52.9002910466538
100.68414607115162 51.92974190958572
100.92504931425222 50.95919277251763
101.16595255735285 49.98864363544956
101.40685580045349 49.018094498381465
101.6477590435541 48.0475453613134
101.88866228665474 47.0769962242453
102.12956552975535 46.10644708717723
102.37046877285597 45.13589795010913
102.51851176395448 44.539463483680606
103.38218891551371 45.04350889619275
104.24586606707294 45.54755430870489
105.10954321863217 46.05159972121703
105.9732203701914 46.55564513372917
106.83689752175064 47.05969054624131
107.70057467330986 47.563735958753455
108.56425182486909 48.067781371265596
109.4279289764283 48.57182678377774
110.29160612798756 49.07587219628988
111.15528327954678 49.57991760880202
112.01896043110602 50.08396302131417
112.88263758266524 50.5880084338263
113.74631473422447 51.092053846338445
114.6099918857837 51.596099258850586
115.47366903734292 52.10014467136273
116.33734618890216 52.60419008387487
117.2010233404614 53.10823549638701
118.06470049202062 53.61228090889915
118.92837764357985 54.11632632141129
119.79205479513908 54.620371733923434
120.6557319466983 55.124417146435576
121.51940909825754 55.62846255894772
122.38308624981677 56.13250797145986
123.246763401376 56.63655338397201
124.11044055293523 57.14059879648414
124.97411770449446 57.64464420899628
125.83779485605368 58.148689621508424
126.70147200761292 58.652735034020566
127.56514915917215 59.15678044653271
128.42882631073138 59.66082585904485
129.2925034622906 60.16487127155699
130.15618061384984 60.66891668406913
131.01985776540909 61.17296209658127
131.8835349169683 61.677007509093414
132.74721206852752 62.18105292160556
133.61088922008676 62.6850983341177
134.474566371646 63.18914374662984
135.33824352320522 63.69318915914198
136.20192067476444 64.19723457165412
137.06559782632368 64.70127998416626
137.9292749778829 65.2053253966784
138.79295212944214 65.70937080919056
139.65662928100136 66.21341622170269
140.5203064325606 66.71746163421484
141.38398358411982 67.22150704672697
142.24766073567906 67.72555245923911
143.1113378872383 68.22959787175125
143.9750150387975 68.7336432842634
144.83869219035674 69.23768869677554
145.70236934191598 69.74173410928768
146.56604649347523 70.24577952179983
147.42972364503441 70.74982493431196
148.29340079659366 71.25387034682412
149.1570779481529 71.75791575933624
150.02075509971212 72.26196117184838
150.88443225127136 72.76600658436053
151.74810940283058 73.27005199687268
152.61178655438982 73.77409740938481
153.47546370594904 74.27814282189696
153.89096573410345 74.52063145413948
154.75464288560255 75.02467686675467
155.61832003717132 75.5287222792505
156.48199718874884 76.0327676917313
157.3456743403218 76.53681310421985
158.2093514918895 77.04085851671749
159.07302864345348 77.54490392922145
159.93670579501529 78.04894934172918
160.80038294657584 78.55299475423902
161.6640600981358 79.05704016674997
162.52773724969538 79.5610855792615
163.3914144012548 80.06513099177332
164.2550915528141 80.5691764042853
165.11876870437337 81.07322181679737
165.9824458559326 81.57726722930946
166.84612300749183 82.08131264182157
167.70980015905104 82.5853580543337
168.57347731061026 83.08940346684582
169.43715446216947 83.59344887935796
170.3008316137287 84.0974942918701
171.16450876528793 84.60153970438223
172.02818591684718 85.10558511689436
172.8918630684064 85.6096305294065
173.7555402199656 86.11367594191864
174.61921737152483 86.61772135443078
175.48289452308404 87.12176676694293
176.34657167464326 87.62581217945507
177.21024882620247 88.12985759196721
178.07392597776172 88.63390300447935
178.93760312932096 89.13794841699149
179.8012802808802 89.64199382950363
180.66495743243945 90.14603924201577
181.52863458399867 90.65008465452792
182.39231173555788 91.15413006704006
183.2559888871171 91.65817547955218
184.1196660386763 92.16222089206431
184.98334319023553 92.66626630457644
185.84702034179475 93.17031171708857
186.71069749335396 93.67435712960071
187.57437464491318 94.17840254211285
188.4380517964724 94.68244795462498
189.3017289480316 95.1864933671371
190.16540609959083 95.69053877964924
191.02908325115004 96.19458419216139
191.89276040270926 96.6986296046735
192.75643755426847 97.20267501718564
193.6201147058277 97.70672042969778
194.4837918573869 98.21076584220992
195.34746900894612 98.71481125472206
196.21114616050534 99.21885666723418
197.07482331206455 99.72290207974632
197.93850046362377 100.22694749225845
198.80217761518298 100.73099290477057
199.6658547667422 101.23503831728272
200.52953191830142 101.73908372979486
201.39320906986063 102.24312914230698
202.25688622141985 102.74717455481911
203.12056337297906 103.25121996733124
203.98424052453828 103.75526537984337
204.8479176760975 104.2593107923555
205.71159482765674 104.76335620486763
206.57527197921598 105.26740161737979
207.4389491307752 105.77144702989193
208.30262628233442 106.27549244240407
209.16630343389363 106.7795378549162
210.02998058545285 107.28358326742834
210.89365773701206 107.78762867994048
211.75733488857128 108.29167409245261
212.6210120401305 108.79571950496475
213.4846891916897 109.29976491747689
214.34836634324893 109.80381032998903
215.21204349480814 110.30785574250118
216.07572064636736 110.8119011550133
216.93939779792657 111.31594656752542
217.80307494948582 111.81999198003754
218.66675210104506 112.3240373925497
219.53042925260428 112.82808280506184
220.39410640416352 113.33212821757397
221.25778355572274 113.83617363008611
222.12146070728195 114.34021904259825
222.98513785884117 114.84426445511039
223.84881501040041 115.34830986762253
224.71249216195963 115.85235528013465
225.57616931351885 116.35640069264677
226.43984646507806 116.86044610515891
227.30352361663728 117.36449151767106
228.1672007681965 117.86853693018321
229.03087791975574 118.37258234269532
229.89455507131495 118.87662775520747
230.75823222287417 119.3806731677196
231.62190937443341 119.88471858023175
232.48558652599263 120.38876399274389
233.34926367755185 120.89280940525602
234.21294082911106 121.39685481776814
235.0766179806703 121.90090023028029
235.94029513222955 122.40494564279243
236.80397228378877 122.90899105530457
237.667649435348 123.41303646781671
238.53132658690723 123.91708188032885
239.39500373846647 124.42112729284099
240.2586808900257 124.92517270535313
241.1223580415849 125.42921811786528
241.98603519314412 125.93326353037742
242.84971234470336 126.43730894288956
243.7133894962626 126.9413543554017
244.57706664782182 127.44539976791384
245.44074379938107 127.94944518042598
246.3044209509403 128.45349059293812
247.16809810249953 128.95753600545027
248.03177525405877 129.4615814179624
248.89545240561802 129.96562683047455
249.75912955711644 130.46967224309088
250.62280670862455 130.97371765569056
251.48648386016714 131.47776306823124
252.3501610117363 131.9818084807264
253.2138381633178 132.48585389320036
254.07751531490138 132.9898993056708
254.94119246648182 133.49394471814657
255.80486961805752 133.9979901306305
256.6685467696286 134.50203554312236
257.53222392119596 135.0060809556206
258.3959010727606 135.51012636812357
259.25957822432326 136.01417178062982
260.1232553758847 136.51821719313827
260.9869325274453 137.0222626056481
261.8506096790053 137.5263080181589
262.714286830565 138.03035343067017
263.5779639821245 138.5343988431818
264.4416411336839 139.03844425569366
265.30531828524323 139.54248966820563
266.1689954368025 140.04653508071766
267.0326725883618 140.55058049322972
267.89634973992105 141.05462590574177
268.76002689148027 141.55867131825386
269.6237040430395 142.062716730766
270.48738119459875 142.56676214327814
271.35105834615797 143.07080755579028
272.2147354977172 143.57485296830242
273.0784126492764 144.0788983808146
273.9420898008356 144.5829437933267
274.80576695239483 145.08698920583885
275.66944410395405 145.591034618351
276.5331212555133 146.0950800308631
277.39679840707254 146.59912544337521
278.2604755586318 147.10317085588733
279.124152710191 147.6072162683995
279.98782986175024 148.11126168091164
280.85150701330946 148.6153070934238
281.7151841648687 149.11935250593595
282.5788613164279 149.6233979184481
283.4425384679871 150.1274433309602
284.3062156195464 150.63148874347235
285.1698927711056 151.1355341559845
286.0335699226648 151.63957956849663
286.897247074224 152.14362498100877
287.76092422578324 152.6476703935209
288.62460137734246 153.15171580603305
289.48827852890173 153.65576121854517
290.35195568046095 154.15980663105728
291.21563283202016 154.66385204356942
292.0793099835794 155.1678974560816
292.9429871351386 155.6719428685937
293.8066642866978 156.17598828110584
294.670341438257 156.680033693618
295.53401858981624 157.18407910613013
296.3976957413755 157.68812451864227
297.26137289293473 158.19216993115444
298.12505004449395 158.69621534366658
298.98872719605316 159.20026075617872
299.8524043476124 159.70430616869086
300.7160814991716 160.20835158120298
301.5797586507308 160.71239699371512
302.44343580229 161.21644240622726
303.30711295384924 161.7204878187394
304.1707901054085 162.22453323125154
305.0344672569678 162.72857864376368
305.898144408527 163.23262405627582
306.7618215600862 163.73666946878797
307.6254987116455 164.2407148813001
308.4891758632047 164.74476029381225
309.3528530147639 165.2488057063244
310.21653016632314 165.75285111883653
311.08020731788235 166.25689653134867
311.9438844694416 166.76094194386081
312.80756162100084 167.26498735637296
313.67123877256006 167.7690327688851
314.5349159241193 168.27307818139724
315.3985930756785 168.77712359390938
316.2622702272377 169.28116900642152
317.1259473787969 169.7852144189336
317.9896245303562 170.2892598314457
318.8533016819154 170.79330524395783
319.7169788334746 171.29735065646997
320.58065598503384 171.80139606898211
321.44433313659306 172.30544148149426
322.3080102881523 172.8094868940064
323.1716874397115 173.31353230651854
324.0353645912707 173.81757771903068
324.8990417428299 174.32162313154282
325.76271889438914 174.82566854405496
326.62639604594835 175.3297139565671
327.4900731975076 175.83375936907925
328.35375034906684 176.3378047815914
329.21742750062606 176.8418501941035
330.08110465218533 177.3458956066156
330.9447818037446 177.84994101912775
331.8084589553038 178.3539864316399
332.67213610686304 178.8580318441521
333.53581325842225 179.36207725666424
334.39949040998147 179.86612266917635
335.26316756154074 180.37016808168846
336.1268447131 180.8742134942006
336.99052186465923 181.37825890671274
337.85419901621844 181.8823043192249
338.71787616777766 182.38634973173703
339.5815533193369 182.8903951442492
340.44523047089615 183.3944405567613
341.3089076224554 183.89848596927348
342.17258477401464 184.40253138178568
343.03626192557385 184.90657679429785
343.89993907713307 185.41062220681
344.7636162286923 185.91466761932213
345.62729338025144 186.41871303183427
346.4909705318107 186.9227584443464
347.35464768337 187.42680385685856
348.2183248349292 187.93084926937075
349.0820019864884 188.4348946818829
349.9456791380477 188.938940094395
350.80935628960697 189.44298550690715
351.6730334411661 189.94703091941932
352.5367105927254 190.45107633193146
353.40038774428467 190.9551217444436
354.26406489584383 191.45916715695574
355.12774204740305 191.96321256946788
355.99141919896226 192.46725798197997
356.85509635052153 192.9713033944921
357.71877350208075 193.47534880700425
358.58245065363997 193.97939421951645
359.44612780519924 194.4834396320286
360.30980495675846 194.98748504454073
361.17348210831767 195.4915304570529
362.0371592598769 195.99557586956507
362.9008364114361 196.49962128207721
363.7645135629954 197.0036666945893
364.62819071455465 197.50771210710144
365.4918678661139 198.01175751961358
366.35554501767314 198.51580293212572
367.21922216923235 199.01984834463786
368.082899320793 199.5238937571508
368.3770350350781 199.69555252706704
367.6928448782301 200.15878793080316
368.0822377790344 201.07985968088738
368.5022870471691 201.98736098245092
368.9486681879909 202.88220391677996
369.41449906721516 203.76707768854695
369.89388928103426 204.64467954753223
370.38255526961075 205.51715049352904
370.8775297547436 206.38605800245475
371.37676274930527 207.2525257843953
371.87881742102735 208.1173616685965
372.382671323034 208.98115055798596
372.8875925389603 209.84431599155448
373.39306219928636 210.70716037062286
373.89872415219304 211.5698920724761
374.4043503436138 212.43264473375817
374.90981552727465 213.29549173532143
375.41507787904914 214.15845752599873
375.9201636193309 215.0215266975974
376.4251544971319 215.88465137766264
376.93017745816957 216.74775728589452
377.4353962550535 217.6107485762765
377.9410051091848 218.4735113980439
378.44722468483366 219.3359160253679
378.954300595514 220.19781742390936
379.46250443956876 221.05905423970853
379.97213700666697 221.91944638666996
380.4835329669851 222.77879158609232
380.99706618870414 223.6368612978237
381.5131548182475 224.4933964847577
382.0324452330266 225.34799432299423
382.5555762554256 226.20024659398194
383.08310686385954 227.0497826186244
383.61556045518245 227.89624181615687
384.15347722735174 228.73923976764846
384.6974345677124 229.5783526395958
385.24803716439754 230.41312014047466
385.8058898762856 231.24306010929118
386.371564716378 232.0676884954667
386.94556900328405 232.88654078899316
387.5283177605939 233.69919316599936
388.12011092467054 234.5052830189017
388.72111540867894 235.30452866962608
389.331352873557 236.09674722309424
389.95069483448094 236.8818685738668
390.5788665815102 237.659943285083
391.2154602838323 238.43114264851883
391.85995613685213 239.19575045350135
392.51174914491185 239.95414736452122
393.1701784998541 240.70678989889618
393.8345565744061 241.454186563362
394.5041951222067 242.19687372179382
395.17842709958313 242.93539334961898
395.8566233624744 243.67027417601216
396.5382041920139 244.40201700843642
397.222646097649 245.1310844112262
397.9094846353365 245.85789444359173
398.6209224599514 246.56064348962974
399.35450426794216 247.24024464544465
400.10348717480485 247.90283396412366
400.8622101955751 248.55424733346246
401.6268248872662 249.19873501623854
402.3949200081561 249.839070776028
403.1650432183484 250.4769659407088
403.93633838765123 251.11344356153305
404.70830721664555 251.7491039481084
405.4806619524538 252.38429538545196
406.2532372603205 253.01921852542617
407.02593845371666 253.65398845675884
407.79871142245025 254.2886710063809
408.57152528822667 254.92330375755574
409.34436244674725 255.55790814330317
410.1172128677402 256.19249637733446
410.89007083870445 256.8270754163178
411.6629331071195 257.4616492213715
412.4357978214414 258.0962200474864
413.20866392778015 258.73078917821425
413.98153082631563 259.3653573440941
414.75439817567883 259.99992496089175
415.5272657815976 260.63449226521914
416.30013353351444 261.269059391729
417.0730013685139 261.90362641704877
417.8458692507927 262.5381933847849
418.61897684686573 263.1724682817296
419.3923110620142 263.8064668556087
420.1658081872125 264.4402666641524
420.939410800567 265.0739377117876
421.7130782575272 265.70752958834595
422.4867844282024 266.3410741893482
423.2605133127281 266.9745910504108
424.034255380318 267.60809181034864
424.8080050468983 268.241583288955
425.581759074323 268.87506944116683
426.3555155971052 269.5085525454814
427.1292735450852 270.1420339090098
427.90303230604286 270.77551427953546
428.6767915303696 271.40899408408274
429.45055101865825 272.0424735662155
430.22431065726136 272.67595286474767
430.99807038144155 273.3094320587521
431.77183015433496 273.94291119325607
432.54558995495455 274.576390293894
433.31934977135415 275.2098693752576
434.0932088244091 275.8432272251378
434.8671617184825 276.4764703994045
435.64118208714564 277.1096310969329
436.4152461538706 277.74273837110155
437.1893370844051 278.3758127990042
437.9634440544401 279.0088676141215
438.7375604353919 279.6419109212831
439.51168227852907 280.274947548958
440.28580727022006 280.9079803263395
441.05993406878883 281.5410108941146
441.8340619012914 282.1740401975002
442.60819032431584 282.80706877873934
443.38231908419306 283.4400969480422
444.15644803606483 284.0731248825553
444.9305770973079 284.7061526833184
445.704706220833 285.33918040791684
446.4788353798165 285.97220808915324
447.2529367579437 286.6052697420604
448.02701185088705 287.23836353486263
448.80106803826743 287.871480442533
449.57511197971974 288.50461232192384
450.3491483920204 289.1377534060692
451.12318030860604 289.7708999863386
451.89720958729674 290.4040497914633
452.6712373348913 291.0372014683573
453.4452641999073 291.67035422420184
454.2192905584288 292.3035075992335
454.9933166271219 292.93666132857857
455.76734253028167 293.5698152602869
456.54113806384026 294.20325071259816
457.31471564614577 294.83695231757827
458.0881364400608 295.47084527032325
458.8614556600256 296.10486213447825
459.6347124229421 296.73895517071503
460.40793188990483 297.37309368548125
461.1811294723714 298.00725888357067
461.9543143522953 298.6414395687521
462.7274919099337 299.275629181064
463.50066526543003 299.90982391641785
464.2733080692176 300.5446649183666
465.04544946164754 301.1801156797135
465.81723017096255 301.81600445672495
466.5887771962755 302.4521767507859
467.36018052064856 303.0885232846385
468.13149803064226 303.7249738316388
468.9027651852331 304.36148539967934
469.6740031113805 304.99803238244795
470.4442818819326 305.63573969433696
471.2136581257559 306.2745355893148
471.9823857937791 306.91411183372634
472.7506933878213 307.5541926418569
473.51874269721407 308.19458334942635
474.286637777201 308.83515898596886
475.0544423606927 309.4758430903207
475.82054934603315 310.1185561577253
476.58506525342017 310.7631610191345
477.3484384882163 311.4091186836891
478.11107167745934 312.0559498971173
478.87324983555555 312.70331722354103
479.6329344290165 313.3536089415093
480.3903486190982 314.0065436585086
481.1461467713674 314.66134832634964
481.90090248384496 315.317354282483
482.65204564002136 315.9774936305978
483.3999774470274 316.6412692041681
484.1456405377161 317.307592365393
484.88984507176747 317.97554416866734
485.62846569312484 318.6496655061917
486.3620762288978 319.32923565106483
487.09213183946713 320.0126233927432
487.8141567629242 320.70449043915227
488.5292773351153 321.4034915602022
489.2338007984533 322.113172255731
489.92968473698176 322.83132651777925
490.61245828008833 323.5619565806932
491.2845502372345 324.3024242715073
491.9401798356757 325.0575069356228
492.58233876983184 325.8240784608463
493.2033737565731 326.6078613040135
493.7981576470251 327.411746944922
494.3723164899499 328.23049087503153
494.91776915258873 329.0686325055572
495.42984553844235 329.92757241908504
495.8883684495742 330.8162550058206
496.3244831774049 331.7161460793229
496.7318695208759 332.6294019947997
497.1067061743074 333.5564928658821
497.4478689476632 334.4964971010195
497.7561085308439 335.4478058623376
498.0332693334326 336.40862940987813
498.28175253171383 337.3772656161867
498.5042029876354 338.35220961183995
498.7032412779841 339.3322013255677
498.88142899566367 340.3161978384011
499.04129733676064 341.3033361840826
499.18462954245456 342.29301081688413
499.3144579008306 343.28454730000584
499.4341864881835 344.2773539606253
499.54630169360684 345.2710491758261
499.6546273883049 346.265164633843
499.75186480364385 347.26042584832805
499.84206991846065 348.2563490568441
499.9322750332775 349.25227226536015
