9.176412293569879
208644
733
0.0 100.0
0.0 101.0
0.0 102.0
0.0 103.0
0.0 104.0
0.7736232296973955 104.6336458778155
1.5472464593948028 105.26729175563098
2.3208696890922105 105.90093763344646
3.0944929187896157 106.53458351126194
3.868116148487016 107.16822938907744
4.641739378184422 107.80187526689292
5.415362607881827 108.4355211447084
6.188985837579228 109.06916702252389
6.962609067276631 109.70281290033938
7.736232296974033 110.33645877815486
8.52411385408794 110.95228558169606
9.342610994335896 111.52679618334405
10.147016000755983 112.12087747883002
10.941415587938298 112.72827298085862
11.728937251390704 113.34455995102199
12.511844384980488 113.96669853700926
13.291725715096458 114.59262593770086
14.070075143556537 115.22045725837216
14.848424572016611 115.84828857904346
15.623781934300416 116.4798113108214
16.398170312237614 117.11252186084866
17.172376752691466 117.74545502284903
17.946400170987772 118.37861199227203
18.72023703664433 119.01199695053266
19.49388489189566 119.64561276162407
20.267342375425645 120.27946094626408
21.040609209544662 120.91354170078321
21.81368617207269 121.5478539346306
22.586575055152768 122.18239532367565
23.359278613366385 122.81716237632097
24.13180050365591 123.45215050929944
24.904145219545704 124.08735413006771
25.67631802200935 124.7227667229044
26.44832486907694 125.35838093615074
27.22017234594378 125.99418866845217
27.991867596957434 126.63018115234091
28.763418260456106 127.2663490340001
29.5348324070348 127.90268244853863
30.306118481449623 128.53917109055337
31.077285248054128 129.17580428014116
31.848341739408944 129.8125710248284
32.47399169791325 130.5926749470231
33.24492388835231 131.22959217692417
34.01850711990021 131.8632868856506
34.792129838869634 132.49693338701738
35.56575306262288 133.13057927209013
36.33937629225519 133.7642251499851
37.11299952195194 134.39787102780136
37.886622751649284 135.0315169056169
38.66024598134668 135.6651627834324
39.4338692110441 136.29880866124788
40.20749244074149 136.93245453906337
40.98111567043891 137.56610041687887
41.7547389001363 138.1997462946944
42.10091311451784 139.13791654219605
42.37010980458859 140.10100176275287
42.57998376626924 141.07873021186768
42.76300555923053 142.06183906815025
42.91140389215705 143.05076673728718
43.01183695882833 144.04571055435372
43.09500796083089 145.04224584445936
43.163221604481095 146.03991658113551
43.219521213180776 147.0383305003395
43.26698907554175 148.03720326603235
43.30821148445534 149.03635326127997
43.34516323646888 150.03567031208175
43.379268394584564 151.03508856196007
43.411514533545045 152.0345685199993
43.44256701274553 153.03408627548717
43.47286406326504 154.03362721448357
43.5026890225538 155.0331823514337
43.53222223937007 156.03274615085047
43.56157696713369 157.03231520797357
43.59082348428868 158.03188743709674
43.62000494096731 159.03146156770742
43.64914757840222 160.0310368308484
43.67826721656888 161.03061276426868
43.70737331712814 162.0301890919747
43.736471497610495 163.02976565026958
43.765565070711716 164.02934234267704
43.794655977715124 165.0289191126801
43.82374534960686 166.02849592735865
43.852833841711806 167.0280727676401
43.88192183181121 168.02764962253022
43.91079307677025 169.02723276125081
43.9391199473331 170.02683147493752
43.96662824540149 171.02645305010353
43.99318072591697 172.0261004708367
44.01877758269906 173.0257728176198
44.04351517167218 174.02546679664127
44.067537729805956 175.02517821335147
44.090999492304505 176.02490294831628
44.11404153540423 177.02463744519522
44.136781145493416 178.02437886683032
44.159309575476954 179.02412506954505
44.181694394099 180.02387449809964
44.203983731607394 181.0236260599556
44.226210814103275 182.02337900784008
44.24839799060647 183.0231328421407
44.27055996754075 184.02288723536856
44.29273285411627 185.0226413866982
44.3149629775576 186.02239426697003
44.33728783247544 187.02214503633851
44.35972662904758 188.02189325484576
44.38228077089699 189.02163887783468
44.404939276013536 190.02138214095072
44.427684931066636 191.0211234250719
44.45049908444259 192.02086314840278
44.4733645763985 193.02060169886366
44.49626709657438 194.02033940174857
44.51924500666359 195.0200753747174
44.54236500997522 196.0198080717154
44.56568394486468 197.0195361483821
44.58922913473074 198.01925892197195
44.61299779245971 199.01897640751963
44.636966071619426 200.01868912705166
44.66117033356945 201.01839616098883
44.68568133267844 202.0180957213182
44.710555679722326 203.01778630687912
44.73581097362541 204.01746734107445
44.761522523631626 205.01713674452554
44.78778936846538 206.01679171143286
44.81475688155543 207.01642802191668
44.842551371372835 208.01604168045472
44.87132057716442 209.0156277611892
44.901176800510186 210.01518196478574
44.93226051966177 211.01469874923896
44.96473434097097 212.01417133562117
44.998736240203876 213.01359310386948
45.0343383465924 214.01295914792976
45.0715297675162 215.01226730771316
45.110222063004 216.011518480477
45.150268536192755 217.0107162987218
45.19148832992938 218.00986640186161
45.23368899748617 219.00897555688812
45.276684361749325 220.00805082865293
45.32030700997978 221.00709890785697
45.364416271420616 222.00612562074062
45.40890297598893 223.00513559722563
45.453691980213286 224.00413206623872
45.49874282494595 225.0031167615113
45.54404838702632 226.00208993734967
45.58963124890014 227.00105049848477
45.63553774657858 227.9999962394892
45.681830103523 228.99892417367093
45.728577493938964 229.9978309168103
45.775847128224896 230.99671308287117
45.82369644226995 231.99556764843385
45.87216722873511 232.99439224908178
45.921282165432984 233.9931853823147
45.971043785091815 234.9919465055113
46.02143558487304 235.99067603171687
46.07242474726679 236.98937523834437
46.1239658500099 237.9880461124205
46.17600504729932 238.98669115543905
46.22848381167333 239.98531319569742
46.28133965075236 240.98391534884715
46.33450153010612 241.9825012563101
46.387881890434265 242.9810755084973
46.44137189169836 243.9796438936191
46.49484722192851 244.97821306451155
46.548187308018356 245.97678946880717
46.60130396125134 246.97537778295336
46.65417050394983 247.97397936950483
46.70684167830032 248.9725912798046
46.75945801516218 249.9712060809643
46.81223470310947 250.9698124204241
46.86544247495921 251.96839588364327
46.91939075386978 252.9669396148852
46.974472253605214 253.9654214767069
46.96966463383328 254.96540992003617
46.98655651780727 255.96526724198557
47.019576814080594 256.96472192331635
47.06457968205335 257.9637087810248
47.11859444087765 258.96224891833987
47.17955326096549 259.96038920019083
47.246049739193396 260.95817585994496
47.320930526876786 261.95536835271446
47.39581131456018 262.952560845484
47.49924258260085 263.9471974488681
47.63265419128034 264.93825816480313
47.805349829543204 265.92323340130656
47.91313268355862 266.91740786103696
48.005995100094594 267.91308681109825
48.10148061734545 268.9085176303897
48.20049570932675 269.9036035621363
48.303435246451315 270.8982911772681
48.41080148581014 271.89251071572323
48.523271325966505 272.8861658546196
48.64175337467145 273.8791220490888
48.76743004259511 274.8711933041605
48.901769842104784 275.86212862912765
49.046501058658365 276.851599636765
49.20354567387831 277.8391911458569
49.37491961051579 278.82439720239597
49.56261076773055 279.806625296834
49.76844936569625 280.78521125196903
49.91533311168989 281.7743650141126
50.110987204668724 282.75503798503644
50.346418955124086 283.726928869281
50.614917562016046 284.6902089417921
50.911501506980485 285.6452157289875
51.23240402149539 286.5923279589677
51.57466766046044 287.53193191885845
51.93585899102068 288.4644236468261
52.31388809897951 289.39021735685867
52.70690971351675 290.30974658994836
53.113283337200755 291.22345358782786
53.53157318692965 292.1317671909484
53.960572231295146 293.03507213388485
54.399337208799615 293.93367398927774
54.84722333300044 294.82776459975764
55.30390899205027 295.7173927292692
55.76940271120756 296.602443912775
56.244027299926955 297.4826322447716
56.728379421759485 298.35750539104845
57.22235289320183 299.22698236573564
57.72355961951621 300.09230994388
58.22476634583059 300.9576375220244
58.73331628702878 301.81867001694394
59.25545450753113 302.67153089580444
59.81123486763406 303.5028600672665
60.383846581314735 304.32268677173255
60.97306645573074 305.13065950616925
61.578740143998054 305.9263726349667
62.20035902309483 306.70969247331533
62.83710233642327 307.4807683145472
63.48790524819062 308.24001502677925
64.15153204747784 308.9880788417494
64.82664685408764 309.72579152152133
65.51187683540768 310.4541182838335
66.20586514866245 311.17410454833146
66.90731257007046 311.8868257525902
67.61500798560694 312.593343409007
68.32784880683006 313.2946692702141
69.044853273646 313.99173784256976
69.76516704722832 314.68538621717147
70.48806580192944 315.3763401884688
71.21295393208739 316.0652067929403
71.93935813937428 316.7524745192565
72.66691460885238 317.4385223191367
73.39534984748983 318.12363698334354
74.12445725233312 318.8080362763025
74.85407299551555 319.491893620564
75.58405512531797 320.17535985247974
76.31426882768625 320.8585786672628
77.04457906769456 321.541694289496
77.7748500335643 322.2248518967929
78.50494949830123 322.9081927865331
79.23475564909656 323.5918469258911
80.04190148227283 324.182199027595
80.7775990537662 324.85950921008066
81.50307586942928 325.54775581554657
82.22721953007179 326.2374049718219
82.95091328920952 326.92752622420085
83.67423859105041 327.61803365190656
84.39722187504557 328.3088991750466
85.11989451933538 329.00008963302116
85.84229493296449 329.6915646089881
86.56447150258919 330.3832733643794
87.28649718877467 331.07513961481254
88.00850472444463 331.76702480647066
88.73075004608717 332.4586617743703
89.4537057568376 333.14955615145936
90.1781761922 333.8388620257168
90.90541362249967 334.5252480104012
91.63720537080812 335.206776320237
92.37589834469735 335.8808183740635
93.12433344841556 336.54402640743035
93.88567771568891 337.1923742359067
94.66316393203414 337.82127421475326
95.45977079030091 338.42577195119435
96.2778950606658 339.00081340903887
97.11907524451796 339.54156834271436
97.98382013555782 340.0437797259191
98.87157551108578 340.5040952625037
99.78083224343527 340.9203310066165
100.70934800374516 341.29162399450627
101.65443228543187 341.61845070777906
102.61323751026654 341.9025150329411
103.58300800730227 342.14653385000054
104.56125807943164 342.3539628652777
105.54587191221346 342.5287072508662
106.53513489514668 342.6748535836908
107.5277149395263 342.79644657485136
108.52261410930151 342.89732096199015
109.51910782049255 342.980988659202
110.51668376918542 343.0505747683726
111.51498765192474 343.10879295889424
112.51377871056032 343.15795006610796
113.51289545929387 343.19997056586834
114.51223048018869 343.23643309475966
115.51171257599769 343.2686129045358
116.51129451142477 343.2975257800045
117.510944792048 343.3239703720772
118.51064224796242 343.34856705149144
119.51037250611047 343.3717922736266
120.51012570447237 343.3940080870292
121.50989500911068 343.4154868556868
122.50967564517134 343.43643153897773
123.50946425607648 343.45699202302734
124.50925847330024 343.47727805777885
125.50905662282749 343.49736935444855
126.5088575218183 343.5173233609929
127.50866033597187 343.53718117584293
128.50846447854013 343.55697199450566
129.50826953841622 343.5767164176718
130.5080752287939 343.5964288880501
131.50788135051414 343.6161194688115
132.50768776595004 343.63579513025485
133.50749438046415 343.65546067305985
134.50730112930086 343.6751193856483
135.50710796836694 343.6947735087964
136.5069148677822 343.7144245617358
137.50672180739258 343.7340735695206
138.50652877366588 343.75372122056035
139.50633575755614 343.773367975109
140.50614275304204 343.7930141395551
141.5059497561322 343.8126599170115
142.50575676419135 343.8323054415873
143.5055637754862 343.8519508014884
144.5053707888811 343.871596054512
145.50517780363458 343.8912412383947
146.50498481926417 343.9108863776886
147.50479183545704 343.93053148831444
148.50459885201104 343.95017658056213
149.50440586879586 343.9698216610619
150.50421288572784 343.98946673407244
151.50401990275338 344.0091118023215
152.50382691983825 344.0287568675508
153.50363393696063 344.0484019308701
154.5034409541067 344.0680469929839
155.50324797126768 344.08769205433896
156.50305498843804 344.1073371152173
157.50286200561428 344.126982175797
158.50266902279418 344.1466272361896
159.50247603997636 344.1662722964657
160.50228305715996 344.185917356669
161.50209007434447 344.20556241682726
162.50189729915616 344.2251969072544
163.50170577137987 344.244767775136
164.50151826438454 344.2641321452996
165.50133992867123 344.2830170499336
166.50117804407952 344.3010099089826
167.50104058884614 344.3175897634093
168.50093397744863 344.332191524572
169.5008608625764 344.3442838526649
170.500818949057 344.3534394674471
171.50080128824607 344.3593826408412
172.5007978426115 344.3620077612757
173.5007976399621 344.36137113050063
174.50079076614267 344.3576633560286
175.5007696937052 344.35117148180603
176.5007297996939 344.34223915673937
177.5006692066904 344.3312308718837
178.5005882125694 344.3185036694449
179.5004885736767 344.30438744270134
180.50037285255704 344.28917465702824
181.5002439590795 344.2731194291717
182.50010490543164 344.2564434596395
183.49995870378092 344.23934428052286
184.4998083047923 344.22200140425156
185.49965650637006 344.20457803483714
186.49950581973187 344.1872185829464
187.49949152239745 344.18187120373295
188.499452642952 344.19068921820764
189.49925050810856 344.2107946609629
190.49886426981166 344.23858544025717
191.49833232127662 344.2711985373328
192.4976388617814 344.30843344171484
193.49679980364107 344.3493896654434
194.49294032868468 344.4371624081707
195.49082230473013 344.50221286461516
196.489020422906 344.5622171717116
197.48741093083416 344.61893043011713
198.48596102806798 344.6727607497737
199.48455771179317 344.72571982126317
200.4831973384853 344.77786285531556
201.48187443400866 344.82928326835395
202.48058384994312 344.8800720714885
203.47932113760706 344.9303098085958
204.47808252547617 344.98006611575147
205.4768646242901 345.02940493504053
206.4760999604282 345.06850407842
207.4759906413326 345.0832900934515
208.47588132223703 345.098076108483
209.47570031659475 345.1171018416226
210.47552098574207 345.1360393585094
211.47545907581218 345.14716662353425
212.4754081218436 345.1572614410601
213.4739841304746 345.2106089338461
214.47294722666618 345.16508166237844
215.47286358220362 345.17801541391157
216.47261712476453 345.20021573230775
217.47236244424172 345.22278332374947
218.4721187016636 345.24486104432384
219.47188565052227 345.26644918851997
220.4716623889493 345.2875791033373
221.47144895391955 345.3082388348202
222.4712462719594 345.3283714660525
223.4710559071331 345.3478828323244
224.47087974438188 345.3666523413526
225.47071965812702 345.384544990181
226.47057721409308 345.401423016654
227.47045344656266 345.4171557768203
228.47034873780743 345.4316266629912
229.47026280247638 345.44473632649584
230.47019475325834 345.4564022514661
231.4701432058772 345.4665556797094
232.4701063813486 345.47513750359394
233.47008218249726 345.48209430724626
233.90576584508932 345.62821152465887
234.22361867882677 345.634456967939
234.34052299803628 345.77401801430324
235.28862410988356 346.0919870091972
236.28647178586212 346.1575615129634
237.2864370325033 346.16589850941443
238.28639278791812 346.1564917452094
239.28624101413052 346.1390697895243
240.2859670905362 346.1156652567467
241.28552117626873 346.085805087702
242.2847971782781 346.0477594334406
243.283594725934 345.9987343500999
244.281548173463 345.93478971338186
245.27800933622808 345.8507352601932
246.27187202381828 345.7401144745515
247.22764111393866 345.44599639219257
248.18341020405902 345.15187830983365
249.14653683087076 344.88282979984666
250.09314180990233 344.56043405906735
251.0143009937569 344.17124803927686
251.90116030483304 343.7092084713202
252.74499540541726 343.1726058967625
253.53785217075563 342.56319786460574
254.2733491803212 341.8856698955003
254.94730061729751 341.146894245795
255.55804812752697 340.3550688365358
256.1064379135071 339.5188459938481
256.5955001900297 338.64659712472735
257.0298679984238 337.7458615325412
257.4150975085208 336.8230407349047
257.75709054393604 335.88333824808905
258.06171736844146 334.9308664648893
258.33461847927464 333.9688243744868
258.58113244872015 332.9996851363645
258.80666198169166 332.0254488047911
259.0165929877668 331.0477326022618
259.17267899424604 330.0599891342594
259.2486389410741 329.0628782645574
259.38487745454665 328.07220219870806
259.4510762442114 327.5908290918136
259.48153739204514 327.31010840257716
259.48942422436744 327.31197676771063
259.4813444275031 327.3118867052043
259.48153739204514 327.31010840257716
259.48942422437113 327.3119767677115
260.4893621064779 327.32312270543576
261.4893489071431 327.3179847588225
262.4893455823681 327.31540608883563
263.4893381637896 327.3192579847226
264.489289448732 327.3291285339531
265.48899542377615 327.35337649182696
266.48840924430385 327.3876112013809
267.4878048503922 327.4223735737292
268.48656234367235 327.472207995735
269.4843742815993 327.538324079485
270.48112015605227 327.618932154521
271.47687227577535 327.71100666818796
272.4718147823412 327.8114527165345
273.4661585409102 327.91766236673084
274.4600896941928 328.02766628727136
275.4537510330381 328.14008133823904
276.44724278106384 328.2539854496869
277.44063113570166 328.368787787947
278.43395795014544 328.4841213897588
279.4272488358078 328.5997640136486
280.4205190751061 328.71558383805007
281.413777606341 328.8315040266672
282.407029572709 328.9474804523156
283.4002778937349 329.06348809335395
284.393524207704 329.179512917365
285.38676942487024 329.2955471303214
286.38001404663606 329.41158643975274
287.37325834710384 329.5276284993185
288.3665024751122 329.6436720350147
289.35974651099696 329.7597163592159
290.3529904978863 329.8757611027767
291.34623445882124 329.9918060684854
292.3394784060571 330.10785115144597
293.3327223460864 330.2238962960878
294.3259662823363 330.3399414730785
295.3192102166096 330.4559866669872
296.3124541498519 330.5720318697206
297.30569808255757 330.6880770770462
298.29894201498473 330.8041222867561
299.29218594726757 330.9201674977016
300.28542987947577 331.03621270928585
301.2786738116454 331.15225792120003
302.27191774379514 331.26830313328406
303.26516167593473 331.38434834545563
304.25840560806904 331.50039355767206
305.2516495402006 331.61643876991155
306.24489347233083 331.7324839821629
307.23813740446036 331.8485291944203
308.23138133658955 331.96457440668075
309.2246252687185 332.08061961894293
310.2178692008474 332.19666483120574
311.21111313297627 332.31271004346905
312.20435706510506 332.42875525573254
313.1976009972339 332.5448004679961
314.1908449293627 332.66084568025974
315.1840888614915 332.77689089252345
316.1773327936203 332.8929361047872
317.170576725749 333.0089813170509
318.1638206578778 333.12502652931454
319.1570645900066 333.24107174157825
320.1503085221354 333.3571169538421
321.1435524542642 333.47316216610574
322.136796386393 333.58920737836945
323.13004031852176 333.70525259063317
324.12328425065056 333.82129780289694
325.11652818277935 333.9373430151607
326.10977211490814 334.05338822742436
327.10301604703693 334.1694334396881
328.0962599791657 334.2854786519518
329.0895039112945 334.40152386421545
330.0827478434233 334.5175690764792
331.0759917755521 334.6336142887429
332.0692357076809 334.74965950100665
333.0624796398097 334.8657047132703
334.05572357193853 334.98174992553396
335.0489675040673 335.0977951377977
336.04221143619617 335.2138403500614
337.03545536832496 335.3298855623251
338.02869930045375 335.4459307745888
339.02194323258254 335.5619759868526
340.01518716471134 335.67802119911624
341.0084310968401 335.79406641138
342.0016750289689 335.9101116236437
342.9949189610977 336.02615683590756
343.98816289322644 336.1422020481712
344.98140682535524 336.2582472604349
345.974650757484 336.37429247269864
346.9678946896128 336.4903376849623
347.9611386217416 336.606382897226
348.9543825538704 336.7224281094897
349.9476264859992 336.8384733217534
350.940870418128 336.95451853401715
351.9341143502568 337.0705637462808
352.92735828238557 337.1866089585446
353.92060221451436 337.3026541708083
354.91384614664315 337.418699383072
355.90709007877194 337.53474459533567
356.9003340109008 337.6507898075995
357.89357794302964 337.76683501986315
358.88682187515843 337.88288023212687
359.8800658072872 337.99892544439047
360.873309739416 338.11497065665435
361.8665536715448 338.23101586891806
362.85979760367354 338.3470610811817
363.8530415358024 338.4631062934455
364.8462854679312 338.5791515057092
365.83952940006 338.6951967179729
366.83277333218876 338.8112419302365
367.82601726431756 338.92728714250023
368.81926119644635 339.04333235476406
369.81250512857514 339.1593775670278
370.80574906070393 339.27542277929155
371.7989929928327 339.39146799155526
372.7922369249615 339.5075132038189
373.7854808570903 339.6235584160826
374.77872478921915 339.7396036283463
375.77196872134795 339.85564884061006
376.76521265347674 339.9716940528737
377.75845658560553 340.08773926513754
378.7517005177344 340.2037844774012
379.74494444986317 340.31982968966486
380.73818838199196 340.43587490192857
381.73143231412075 340.5519201141923
382.72467624624954 340.667965326456
383.71792017837834 340.7840105387197
384.7111641105071 340.9000557509834
385.7044080426359 341.0161009632472
386.69765197476477 341.13214617551085
387.6908959068935 341.24819138777457
388.6841398390223 341.3642366000383
389.6773837711511 341.480281812302
390.6706277032799 341.59632702456577
391.66387163540867 341.7123722368295
392.65711556753746 341.8284174490932
393.65035949966625 341.9444626613569
394.64360343179504 342.06050787362057
395.63684736392383 342.1765530858843
396.6300912960526 342.292598298148
397.6233352281814 342.40864351041176
398.6165791603102 342.5246887226755
399.609823092439 342.6407339349392
400.6030670245678 342.75677914720296
401.5963109566966 342.8728243594666
402.5895548888254 342.98886957173045
403.58279882095417 343.10491478399405
404.57604275308296 343.2209599962577
405.56928668521175 343.3370052085215
406.5625306173406 343.4530504207852
407.5557745494694 343.5690956330489
408.5490184815982 343.6851408453126
409.542262413727 343.80118605757633
410.53550634585577 343.91723126984004
411.52875027798456 344.03327648210376
412.52199421011335 344.1493216943675
413.51523814224214 344.2653669066312
414.50848207437093 344.38141211889496
415.5017260064997 344.4974573311586
416.4949699386285 344.6135025434224
417.4882138707573 344.729547755686
418.4814578028861 344.8455929679497
419.4747017350149 344.9616381802134
420.4679456671437 345.0776833924771
421.46118959927253 345.1937286047409
422.4544335314013 345.3097738170047
423.44767746353017 345.4258190292684
424.4409213956589 345.541864241532
425.43416532778775 345.65790945379575
426.42740925991654 345.7739546660594
427.4206531920454 345.8899998783232
428.41389712417424 346.0060450905869
429.40714105630303 346.12209030285067
430.4003849884318 346.23813551511444
431.3936289205606 346.3541807273781
432.09240361544124 346.43582175751067
431.94203089089564 345.4471923811958
431.94203089089524 345.44719238119336
431.7916581663496 344.4585630048785
431.641285441804 343.46993362856364
431.4909127172583 342.4813042522487
431.3405399927127 341.49267487593386
431.1901672681671 340.504045499619
431.0397945436216 339.51541612330413
430.8894218190759 338.52678674698933
430.7390490945303 337.53815737067447
430.58867636998474 336.5495279943596
430.4383036454391 335.5608986180447
430.28793092089353 334.5722692417298
430.1375581963478 333.58363986541497
429.98718547180226 332.5950104891001
429.83681274725666 331.6063811127852
429.686440022711 330.6177517364703
430.3446882117839 329.8649507524233
431.11011833274983 329.22143173178904
431.9520111165525 328.68178690360946
432.83978693444135 328.2215107938972
433.75227891973987 327.8124162122099
434.67650840823813 327.43057874339604
435.60460301979265 327.05823428996155
436.5316201699936 326.68321535279523
437.4545431489633 326.29823071038777
438.371971380235 325.90032941550965
439.2841462127721 325.4905281528397
440.1929069008273 325.07321051381007
441.1015161798683 324.655563320547
442.014367378497 324.24727091410017
442.93644738116893 323.8602716005703
443.8724271557837 323.50821782412123
444.82547902571196 323.20541073499294
445.7962050075082 322.96522108437136
446.7821701853193 322.7982699893048
447.7783406992853 322.7108382610555
448.7783174530448 322.7040197611683
449.7758713913065 322.77392069291125
450.76618146844487 322.91279456056884
451.7464113488097 323.11065658734486
452.7156307870581 323.3568550449384
453.6743451119118 323.64122600569254
454.6239310953804 323.9547327201342
455.5661598390841 324.2897028599057
456.5028592553755 324.63983741049924
457.43767727085094 324.99496453976775
458.3742281253202 325.3454962744122
459.31422668724156 325.686674678749
460.25885390512434 326.01482010266204
461.19874423488795 326.3562965557548
462.1364227734897 326.7038004524894
463.0738550482055 327.05196812807293
464.012481308295 327.3969039827915
464.9533299914722 327.7357310114711
465.89712915970284 328.0662504965959
466.844394690468 328.38670020282785
467.7927315118087 328.7039655070912
468.7408360740037 329.0219242137578
469.68891604922555 329.33995622564237
470.6369015492022 329.6582697375044
471.59599387598394 329.94136320035443
472.5637836636771 330.19312286121533
473.5390358514112 330.41421824859344
474.52102379792314 330.60316181928397
475.50883040980705 330.7588477130521
476.5010924740536 330.88300888192987
477.4963043071498 330.9807504148897
478.49318602862877 331.05966070180494
479.49098380109433 331.125990222101
480.4891747627154 331.18611346334717
481.4873577367342 331.2463691716156
482.4851309786088 331.31306668130674
483.48195296777055 331.39272797632213
484.47698128541595 331.4923203810718
485.4688930340018 331.61924982216976
486.455719644297 331.7810312834478
487.43474971202505 331.98474708176593
488.40253490969906 332.23652438646786
489.3549796922317 332.54123562063285
490.2874512043458 332.902479138354
491.1978387940291 333.3162356326241
492.08249421827304 333.78248104048987
492.92508835432125 334.3210301300789
493.72081856973455 334.9266813698847
494.4653619515298 335.59425545013715
495.1550589108027 336.31835358186356
495.78732406690267 337.0931056534206
496.361026325883 337.91216958135345
496.87668102948606 338.7689660721563
497.3350313995393 339.6577376616392
497.73499416594063 340.5742690498047
498.0761052386826 341.51429204742374
498.36176430329215 342.4726233569438
498.6046542584586 343.4426772057992
498.8193292756803 344.4193627421828
499.02361508458984 345.39827402941887
499.21384969215995 346.38001268816805
