0.8758195563436144
145736
953
0.0 100.0
0.0 101.0
0.0 102.0
0.0 103.0
0.0 104.0
0.0 105.0
0.0 106.0
0.0 107.0
0.0 108.0
0.0 109.0
0.0 110.0
0.0 111.0
0.0 112.0
0.0 113.0
0.0 114.0
0.0 115.0
0.0 116.0
0.0 117.0
0.0 118.0
0.0 119.0
0.0 120.0
0.0 121.0
0.0 122.0
0.0 123.0
0.0 124.0
0.0 125.0
0.0 126.0
0.0 127.0
0.0 128.0
0.0 129.0
0.0 130.0
0.0 131.0
0.0 132.0
0.0 133.0
0.0 134.0
0.0 135.0
0.0 136.0
0.0 137.0
0.0 138.0
0.0 139.0
0.0 140.0
0.0 141.0
0.0 142.0
0.0 143.0
0.0 144.0
0.0 145.0
0.0 146.0
0.0 147.0
0.0 148.0
0.0 149.0
0.0 150.0
0.0 151.0
0.0 152.0
0.0 153.0
0.0 154.0
0.0 155.0
0.0 156.0
0.0 157.0
0.0 158.0
0.0 159.0
0.0 160.0
0.0 161.0
0.0 162.0
0.0 163.0
0.0 164.0
0.0 165.0
0.0 166.0
0.0 167.0
0.0 168.0
0.0 169.0
0.0 170.0
0.0 171.0
0.0 172.0
0.0 173.0
0.0 174.0
0.0 175.0
0.0 176.0
0.0 177.0
0.0 178.0
0.0 179.0
0.0 180.0
0.0 181.0
0.0 182.0
0.0 183.0
0.0 184.0
0.0 185.0
0.0 186.0
0.0 187.0
0.0 188.0
0.0 189.0
0.0 190.0
0.0 191.0
0.0 192.0
0.0 193.0
0.0 194.0
0.0 195.0
0.0 196.0
0.0 197.0
0.0 198.0
0.0 199.0
0.0 200.0
0.0 201.0
0.0 202.0
0.0 203.0
0.0 204.0
0.0 205.0
0.0 206.0
0.0 207.0
0.0 208.0
0.0 209.0
0.0 210.0
0.0 211.0
0.0 212.0
0.0 213.0
0.0 214.0
0.0 215.0
0.0 216.00000000000003
0.0 217.00000000000003
0.0 218.00000000000003
0.0 219.00000000000003
0.0 220.0
0.0 220.99999999999997
0.0 221.99999999999997
0.0 222.99999999999997
0.0 223.99999999999997
0.0 225.0
0.0 226.0
0.0 226.99999999999997
0.0 227.99999999999994
0.0 228.99999999999994
0.0 229.99999999999994
0.0 230.99999999999994
0.0 231.99999999999994
0.0 232.99999999999994
0.0 233.99999999999994
0.0 234.99999999999994
0.0 235.99999999999994
0.0 236.99999999999994
0.0 237.99999999999994
0.0 238.99999999999994
0.0 239.99999999999994
0.0 240.99999999999994
0.0 241.99999999999994
0.0 242.99999999999994
0.0 243.99999999999994
0.0 244.99999999999994
0.0 245.99999999999994
0.0 246.99999999999994
0.0 247.99999999999994
0.0 248.99999999999994
0.0 249.99999999999994
0.0 250.99999999999994
0.0 251.99999999999994
0.0 252.99999999999994
0.0 253.99999999999994
0.0 254.99999999999994
0.0 255.99999999999994
0.0 256.99999999999994
0.0 257.99999999999994
0.0 258.99999999999994
0.0 259.99999999999994
0.0 260.99999999999994
0.0 261.99999999999994
0.0 262.99999999999994
0.0 263.99999999999994
0.0 264.99999999999994
0.0 265.99999999999994
0.0 266.99999999999994
0.0 267.99999999999994
0.0 268.99999999999994
0.0 269.99999999999994
0.0 270.99999999999994
0.0 271.99999999999994
0.0 272.99999999999994
0.0 273.99999999999994
0.0 274.99999999999994
0.0 275.99999999999994
0.0 276.99999999999994
0.0 277.99999999999994
0.0 278.99999999999994
0.0 279.99999999999994
0.0 280.99999999999994
0.0 281.99999999999994
0.0 282.99999999999994
0.0 283.99999999999994
0.0 284.99999999999994
0.0 285.99999999999994
0.0 286.99999999999994
0.0 287.99999999999994
0.0 288.99999999999994
0.0 289.99999999999994
0.0 290.99999999999994
0.0 291.99999999999994
0.0 292.99999999999994
0.0 293.99999999999994
0.0 294.99999999999994
0.0 295.99999999999994
0.0 296.99999999999994
0.0 297.99999999999994
0.0 298.99999999999994
0.0 299.99999999999994
0.0 300.99999999999994
0.0 301.99999999999994
0.0 302.99999999999994
0.0 303.99999999999994
0.0 304.99999999999994
0.0 305.99999999999994
0.0 306.99999999999994
0.0 307.99999999999994
0.0 308.99999999999994
0.0 309.99999999999994
0.0 310.99999999999994
0.0 311.99999999999994
0.0 312.99999999999994
0.0 313.99999999999994
0.0 314.99999999999994
0.0 315.99999999999994
0.0 316.99999999999994
0.0 317.99999999999994
0.0 318.99999999999994
0.0 319.99999999999994
0.0 320.99999999999994
0.0 321.99999999999994
0.0 322.99999999999994
0.0 323.99999999999994
0.0 324.99999999999994
0.0 325.99999999999994
0.0 326.99999999999994
0.0 327.99999999999994
0.0 328.99999999999994
0.0 329.99999999999994
0.0 330.99999999999994
0.0 331.99999999999994
0.0 332.99999999999994
0.0 333.99999999999994
0.0 334.99999999999994
0.0 335.99999999999994
0.0 336.99999999999994
0.0 337.99999999999994
0.0 338.99999999999994
0.0 339.99999999999994
0.0 340.99999999999994
0.0 341.99999999999994
0.0 342.99999999999994
0.0 343.99999999999994
0.0 344.99999999999994
0.0 345.99999999999994
0.0 346.99999999999994
0.0 347.99999999999994
0.0 348.99999999999994
0.0 349.99999999999994
0.0 350.99999999999994
0.0 351.99999999999994
0.0 352.99999999999994
0.0 353.99999999999994
0.0 354.99999999999994
0.0 355.99999999999994
0.0 356.99999999999994
0.0 357.99999999999994
0.0 358.99999999999994
0.0 359.99999999999994
0.0 360.99999999999994
0.0 361.99999999999994
0.0 362.99999999999994
0.0 363.99999999999994
0.0 364.99999999999994
0.0 365.99999999999994
0.0 366.99999999999994
0.0 367.99999999999994
0.0 368.99999999999994
0.0 369.99999999999994
0.0 370.99999999999994
0.0 371.99999999999994
0.0 372.99999999999994
0.0 373.99999999999994
0.0 374.99999999999994
0.0 375.99999999999994
0.0 376.99999999999994
0.0 377.99999999999994
0.0 378.99999999999994
0.0 379.99999999999994
0.0 380.99999999999994
0.0 381.99999999999994
0.0 382.99999999999994
0.0 383.99999999999994
0.0 384.99999999999994
0.0 385.99999999999994
0.0 386.99999999999994
0.0 387.99999999999994
0.0 388.99999999999994
0.0 389.99999999999994
0.0 390.99999999999994
0.0 391.99999999999994
0.0 392.99999999999994
0.0 393.99999999999994
0.0 394.99999999999994
0.0 395.99999999999994
0.0 396.99999999999994
0.0 397.99999999999994
0.0 398.99999999999994
0.0 399.99999999999994
0.0 400.99999999999994
0.0 401.99999999999994
0.0 402.99999999999994
0.0 403.99999999999994
0.0 404.99999999999994
0.0 405.99999999999994
0.0 406.99999999999994
0.0 407.99999999999994
0.0 408.99999999999994
0.0 409.99999999999994
0.0 410.99999999999994
0.0 411.99999999999994
0.0 412.99999999999994
0.0 413.99999999999994
0.0 414.99999999999994
0.0 415.99999999999994
0.0 416.99999999999994
0.0 417.99999999999994
0.0 418.99999999999994
0.0 419.99999999999994
0.0 420.99999999999994
0.0 421.99999999999994
0.0 422.99999999999994
0.0 423.99999999999994
0.0 424.99999999999994
0.0 425.99999999999994
0.0 426.99999999999994
0.0 427.99999999999994
0.0 428.99999999999994
0.0 429.99999999999994
0.40490415348900355 430.91435913430513
1.2672601613278875 431.4206615298596
2.253546675810697 431.5857036800799
3.253472301880901 431.5978996764767
4.2522289930778046 431.54804918210186
5.24935760381918 431.472322478483
6.245568474171043 431.38535178346
7.241324020813389 431.29331433819453
8.236859580860695 431.1989271108738
9.23228895092876 431.1034264867612
10.22766677617423 431.00739011339357
11.223019425907067 430.9110931629236
12.21835971553215 430.81466854029503
13.213693913144091 430.7181810537271
14.209025099755008 430.6216625116758
15.204354795282976 430.5251285943193
16.199683751434314 430.4285870537957
17.19501234062843 430.3320417300723
18.190340747591282 430.2354945276644
19.185669064022242 430.1389463919459
20.18099733546554 430.04239779244443
21.176325584549442 429.94584896243816
22.171653822519204 429.8493000178556
23.16698205496406 429.7527510163165
24.162310284662325 429.6562019864627
25.157638512995142 429.55965294253235
26.15296674064912 429.46310389160385
27.148294967965608 429.36655483719613
28.143623195114294 429.27000578105856
29.138951422179566 429.17345672406105
30.13427964920336 429.07690766663603
31.12960787620653 428.98035860899836
32.12493610319945 428.883809551255
33.120264330187275 428.78726049345903
34.11559255717257 428.690711435637
35.11092078415659 428.5941623778019
36.10624901114 428.49761331996046
37.1015772381231 428.4010642621159
38.09690546510603 428.3045152042696
39.0922336920889 428.20796614642256
40.08756191907172 428.11141708857514
41.08289014605452 428.0148680307275
42.0782183730373 427.91831897287966
43.073546600020094 427.8217699150319
44.06887482700288 427.725220857184
45.06420305398567 427.6286717993363
46.05953128096845 427.53212274148837
47.05379722390477 427.4251870845869
48.04686225718949 427.3076207642939
49.03901303316402 427.18257342232636
50.0305840224882 427.0530088703429
51.02182218416051 426.9209221304919
52.012879888346475 426.78748815066047
53.00384298322101 426.65335335056494
53.99475746730075 426.5188599111674
54.98564728029767 426.38418482624473
55.97652466709005 426.2494183454585
56.96739582486196 426.1146060734067
57.95826386953485 425.97977092203246
58.94913036134726 425.8449243595869
59.93999607952261 425.7100721124983
60.93086141257674 425.5752170356509
61.921726554013624 425.44036055087815
62.91259160014302 425.3055033658305
63.903456598878165 425.17064583255336
64.89432157404858 425.0357881261345
65.88518653750353 424.90093033363655
66.87605149513436 424.766072498346
67.86691644986995 424.6312146417826
68.8577814031663 424.4963567746446
69.84864635574722 424.36149890225005
70.83951130797253 424.2266410272426
71.83037626002105 424.0917831509362
72.82124121198171 423.95692527398427
73.8121061638987 423.8220673967114
74.8030814527579 423.68802271434595
75.79416906911051 423.55481109055705
76.78533538168729 423.42218627835
77.77654907630543 423.28991605645
78.76778918278852 423.1578439121524
79.75904338452932 423.025877600045
80.7503049149703 422.8939663485621
81.74157019488693 422.76208327598715
82.73283737361625 422.63021447613664
83.72410550768059 422.49835285780665
84.71537412037199 422.36649483759976
85.70664297220225 422.2346386151789
86.69791194330197 422.1027832894053
87.68918097381777 421.97092841031366
88.6804500339102 421.83907375357575
89.67171910871821 421.70721920746803
90.66298819084545 421.57536471638565
91.65444272069767 421.4449119845802
92.64608514974314 421.31589534644064
93.63785867425993 421.1878903618989
94.62971090975577 421.0604967084388
95.62160694812273 420.93344455744597
96.61352634144988 420.8065748717781
97.60545787205749 420.6798001164581
98.5973956107054 420.5530739445518
99.58933649282072 420.42637238028243
100.58127895637647 420.29968319765436
101.57322221221217 420.1730002185211
102.56542456426624 420.04836277399346
103.55788773632608 419.92581950773655
104.55053192083835 419.8047512503196
105.54328440464127 419.68457427289417
106.53609703138466 419.564895167872
107.5289416880855 419.4454820711841
108.52202591981764 419.3280780308576
109.51534309016645 419.21266139821637
110.50882032923661 419.0986308082436
111.50239293388287 418.98543416829153
112.49615613073642 418.8739231438167
113.49008635705101 418.76391084805744
114.48412785104219 418.6549085167806
115.4782217317295 418.5463849876267
116.47233833494799 418.4380698030709
117.46628955602249 418.3282473548897
118.46006310975471 418.21682866748756
119.45342793391126 418.1018229018563
120.4463885111989 417.9833775897812
121.4393855320414 417.86523819500565
122.43253911277363 417.7484222496952
123.42722387250359 417.6454551250343
124.42466957217366 417.5740263058526
125.42440432846021 417.5509955205283
126.42367627762489 417.58914747477223
127.41792784017673 417.6962167531075
128.40181474069416 417.87500871878314
129.37031455482153 418.1240229955531
130.31961628629935 418.4383893783188
131.2476093351345 418.81098688409895
132.15393605399512 419.2335645440378
133.03970849270462 419.69768434195925
133.90705772652305 420.1953843586305
134.7573338249512 420.7217212815628
135.59476924408327 421.26825757384637
136.4226662817194 421.8291376814214
137.24375024161074 422.3999451190123
138.06036597470487 422.9771268446959
138.8746433691531 423.5576027915624
139.68892076360137 424.13807873842893
139.73026541065227 424.1675521995717
140.07755173302877 424.4299546000044
140.10257641291597 424.4329624676723
139.2882990184679 423.85248652080554
139.3400712191154 423.87272949595143
140.07755173302877 424.4299546000044
141.07040552670418 424.5492917039761
141.07040552670819 424.54929170397656
142.06324332597433 424.6687618021114
143.05606749029303 424.7883451569098
144.04886478851438 424.908151353095
145.04164861408972 425.0280691402493
146.03444442743438 425.14788764051224
147.02727223306664 425.26744075993383
148.02013744536706 425.38668282551333
149.01303556050613 425.5056506066695
150.0059561358215 425.62443078647806
150.998886241785 425.7431312695069
151.72983609369015 425.8305131506382
151.93870203761202 425.85561801202505
151.9387475187029 425.85548760444067
152.26805559533005 424.91126507205325
152.59736367195723 423.96704253966584
152.9266717485844 423.02282000727837
153.25597982521163 422.07859747489096
153.5852879018387 421.13437494250354
153.91459597846588 420.19015241011607
154.24390405509305 419.24592987772866
154.57321213172023 418.30170734534124
154.90252020834734 417.35748481295377
155.2318282849745 416.41326228056636
155.5611363616016 415.4690397481789
155.8904444382288 414.5248172157915
156.21975251485597 413.580594683404
156.5490605914832 412.6363721510166
156.87836866811037 411.6921496186292
157.20767674473763 410.74792708624176
157.5369848213648 409.80370455385435
157.86629289799197 408.85948202146693
158.19560097461914 407.9152594890795
158.52490905124625 406.97103695669205
158.85421712787337 406.0268144243046
159.18352520450054 405.08259189191716
159.51283328112768 404.1383693595297
159.84214135775497 403.19414682714233
160.17144943438208 402.24992429475486
160.50075751100925 401.3057017623674
160.83006558763648 400.36147922998
161.15937366426363 399.41725669759256
161.4886817399118 398.47303416486375
161.81798981558003 397.52881163214187
162.1472978917441 396.58458909959296
162.47660596838767 395.64036656721123
162.80591404532257 394.6961440349311
163.1352221223691 393.75192150268987
163.46453019941077 392.807698970447
163.82583091680905 391.8752496197542
164.25429329161452 390.9716899961675
164.76733962941864 390.113329084158
165.36237701830964 389.30963106510995
166.02492833631314 388.56061454258736
166.73751538181384 387.8590308322687
167.4847852915067 387.19451019145487
168.255101276012 386.5568478325096
169.0403115046721 385.93761855606385
169.834958606218 385.330546909547
170.63549274250394 384.7312597524671
171.43965204156984 384.1368459052816
172.24601876648507 383.5454300575488
173.05371653127116 382.9558333133587
173.86221006301471 382.36732825039934
174.6711758317502 381.779472498523
175.48042005378002 381.1920001254608
176.2898275629714 380.604752746527
177.0993303736406 380.01763674477047
177.90888858183203 379.430597131499
178.71847888064815 378.8436017754161
179.52808771395573 378.2566319831522
180.33770722510937 377.6696769191487
181.1473328745276 377.0827303220854
181.95696204604508 376.49578858338566
182.76608651387212 375.9081512840559
183.57419915393743 375.3191233042734
184.38045260063532 374.72755303821214
185.18587704836094 374.1348545828355
185.99047868674342 373.5410396255363
186.79436945071637 372.9462626592717
187.5976956031605 372.35072332992456
188.40059862715208 371.7546136637849
189.2031979774507 371.1580951955878
190.0055866146776 370.56129332323053
190.80783295632196 369.9643001848125
191.6099853255972 369.3671807859766
192.41207678252002 368.7699795680178
193.2141293755747 368.1727261561612
194.0161575055608 367.5754398942139
194.81817041593487 366.97813319611544
195.6201739531335 366.38081391271595
196.42217176877782 365.78348694722575
197.22416611902653 365.1861553289691
198.02615838477735 364.58882091201673
198.82814940428702 363.9914848218415
199.6301396827415 363.3941477367174
200.43212952266083 362.7968100628125
201.23411910418218 362.19947204198075
202.0361085340328 361.602133817515
202.83809787516378 361.0047954739338
203.64008716455876 360.40745706089166
204.44207642386795 359.81011860745616
205.2440656657247 359.21278013058895
206.04605489748045 358.6154416401601
206.8480441234019 358.0181031418981
207.65003334595912 357.4207646391193
208.45202256657998 356.82342613374067
209.25401178608786 356.22608762686775
210.0560010049568 355.628749119137
210.85799022345947 355.0314106109145
211.65997944175223 354.4340721024102
212.46196865992516 353.836733593745
213.26395787802934 353.23939508498745
214.06594709609428 352.64205657617725
214.8679363141368 352.044718067337
215.6699255321667 351.4473795584797
216.47191475018934 350.85004104961274
217.27390396820775 350.2527025407401
218.07589318622374 349.65536403186417
218.87803340515262 349.0582283109625
219.68055022097002 348.46159881091216
220.4836250170892 347.8657205751642
221.28733940316965 347.27070529333747
222.09168053858153 346.67653752419784
222.8965738858977 346.08311802717554
223.70191776084314 345.4903100961491
224.50760844661258 344.89797360490076
225.31355425408196 344.3059842845388
226.11968103355875 343.7142414219622
226.9259324295863 343.1226683610444
227.73226754640245 342.5312094196215
228.53865775523275 341.9398255923971
229.34508358405594 341.34849033841095
230.15153209793866 340.75718602212675
230.9579948718449 340.1659011548221
231.76446650864048 339.5746283759423
232.57094359956733 338.9833630363441
233.37742401782367 338.3921022352004
234.18390645042268 337.8008441816322
234.99039009424013 337.2095877801828
235.79687446198497 336.6183323661837
236.60335926009787 336.0270775392159
237.4098443128406 335.4358230595689
238.21632951559442 334.8445687845407
239.02281480638823 334.25331462960116
239.82930014867492 333.66206054489925
240.6360313444995 333.0711419568658
241.44337539800753 332.48106096304787
242.2516268240873 331.89222343686595
243.06091737445882 331.30481488646905
243.8712251880934 330.71881040938484
244.6824284586087 330.1340461373014
245.4943617179429 329.55029586330835
246.30685655627232 328.9673274784983
247.11976430362617 328.3849350040517
247.93296484568197 327.8029514317749
248.74636695354653 327.22124960874055
249.5599044547061 326.6397371546976
250.37353103976247 326.058349349451
251.18721521756743 325.47704215115573
252.00093607193833 324.8957862942718
252.8146799805763 324.3145627132338
253.62843821748174 323.7333591930547
254.44260094280185 323.1527224247569
255.2577547724637 322.5734778874606
256.0743695291289 321.99629478029556
256.8926529523826 321.42147981943583
257.7125664450934 320.84899238335464
258.5339122087574 320.2785617245439
259.3564238199373 319.70981340632727
260.17983124519753 319.1423627811393
261.00389673252295 318.575868233417
261.8284285408334 318.01005262998746
262.6538379107287 317.44551797906786
263.48084735200763 316.8833299464351
264.3100419154145 316.32436986197774
265.1416591423203 315.76902061338404
265.9756075540977 315.21717820246045
266.8115858495871 314.6684156951127
267.64991411112754 314.12324991674564
268.49124977183953 313.58273691411364
269.3360764745055 313.0476968759272
270.18447266667414 312.5183350893259
271.03614981283215 311.99426826275493
271.891751897232 311.47663415146525
272.75237784492884 310.96739650738266
273.61961183028257 310.469495699342
274.4946932370299 309.9855199442002
275.37794484433533 309.51662059658673
276.2702374351535 309.06516303227863
277.1731179290142 308.6352714019742
278.0875473254914 308.2305259525146
279.01417172234903 307.85453761872174
279.9532157035158 307.51074058348945
280.9042247054896 307.2015773933054
281.8660290679014 306.92783962016193
282.8369613186909 306.68848514584215
283.81517624246595 306.48089043756715
284.79892677967393 306.30134968859085
285.786727872947 306.1456287839936
286.7774111563666 306.00944276432625
287.7701067655554 305.88879688790547
288.7641910658472 305.78018563658554
289.7592274687152 305.6806740444588
290.75491428772085 305.58789603812943
291.75104418387457 305.5000027506225
292.7474747815169 305.41558673269896
293.74410819686835 305.33359993251156
294.74087703006427 305.2532762549979
295.7377348178438 305.1740641918799
296.73464950422715 305.09557146563634
297.73159894928733 305.0175214560644
298.72856782483575 304.93972003456247
299.725545466178 304.8620310220598
300.72252439269175 304.78435850383397
301.71949929533156 304.7066343537495
302.71646634413315 304.62880952735145
303.71342271323607 304.55084801052993
304.71036625292487 304.4727226070252
305.70729526145635 304.39441199504614
306.7042083284108 304.31589870358886
307.7011042299381 304.2371677597479
308.69798186032114 304.158205806619
309.69484019016664 304.0790005655192
310.69167824268175 303.9995405311753
311.68849508005457 303.91981479674706
312.68528979654633 303.83981296442965
313.6820615152448 303.75952510231525
314.6788093851409 303.6789417054047
315.67553257894355 303.5980536658949
316.67223029131605 303.51685224871824
317.6689017359253 303.43532905262947
318.6655461428317 303.35347597582614
319.6621627568943 303.2712851942605
320.6587508363497 303.18874914221425
321.6553096492336 303.1058604670923
322.6518384674837 303.02261195721354
323.6483365638256 302.9389965041743
324.64480321443557 302.8550071344768
325.6412377059851 302.7706370921006
326.6376393460395 302.68587995849646
327.6342566707354 302.60369779427594
328.63179790710666 302.5336158298428
329.630945481848 302.4923347943849
330.6309109894327 302.5006404334818
331.6278918569171 302.5782880340257
332.61487586671524 302.7391064546211
333.58336691360734 302.98815482761285
334.5260759636472 303.32177084487375
335.4389677335039 303.72997253096526
336.3217611865798 304.19973387378343
337.1771236056224 304.71776392319134
338.00935210080803 305.2721967250718
338.82319430703484 305.8532826596494
339.6230771983388 306.45343877283926
340.41273372622516 307.06698792976687
341.19510735491104 307.68979729477104
341.9724106683459 308.3189233226249
342.74624867420374 308.9523068878442
343.51775418184945 309.58852953100643
344.2877096131772 310.22662719889826
345.05664602602775 310.8659524627449
345.8249187289581 311.50607514936996
346.59276260662426 312.14671216011055
347.3603313612232 312.78767877933774
348.12772469521093 313.4288554094103
348.895006793437 314.07016514872646
349.6622187016609 314.7115588561164
350.4293865145154 315.35300530510494
351.1965267350799 315.99448475293804
351.96364975180853 316.6359847741423
352.7307620767294 317.2774975806821
353.49786777652855 317.9190183093695
354.2649693821417 318.56054393369465
355.03206846384404 319.20207257596354
355.7991659931444 319.8436030744913
356.5662625695613 320.48513471240915
357.33335856219094 321.12666704837636
358.1004541977823 321.76819981126283
358.8675496153617 322.40973283483106
359.63464490001667 323.0512660173401
360.4017401037359 323.69279929662565
361.1688352582367 324.33433263476275
361.93593038284166 324.97586600864696
362.70302548930715 325.617399404221
363.4701205847773 326.2589328129423
364.2372156735888 326.90046622962547
365.0043107583714 327.5419996511262
365.77140584071805 328.18353307553963
366.5385009215934 328.8250665017122
367.3055960015801 329.46659992894746
368.07270387814515 330.1081180547333
368.8398609626279 330.74957733460076
369.607123467126 331.39091051570966
370.37455222249287 332.03204474926457
371.14219645341814 332.6729209734508
371.9100839242116 333.31350573146364
372.6782191214303 333.95379341586334
373.4465873014739 334.59380149385646
374.21516115231776 335.23356257097754
374.98390746430056 335.8731164059382
375.7527923814524 336.5125036001925
376.52178480940404 337.1517614869277
377.2908581634377 337.79092201145613
378.0599908918003 338.4300110867512
378.82916623279056 339.06904887500207
379.5983715785305 339.708050546428
380.3675977031765 340.34702720418795
381.13683800974934 340.98598678878136
381.90608787261925 341.6249348684206
382.67534410251 342.26387528252377
383.4446045322492 342.90281064015977
384.2138677077575 343.5417426919515
384.98313266419126 344.1806725995337
385.7523987675722 344.8196011262009
386.5216656049189 345.4585287691767
387.2909798319562 346.09739935081126
388.0604747568885 346.73605227729274
388.83035619917365 347.37423921293527
389.60084659735924 348.01169081604235
390.37212541368035 348.648188253189
391.1442931607018 349.2836069895037
391.9173650789425 349.9179253710974
392.6912862944425 350.55120726109504
393.4659563894904 351.1835728545918
394.24125382124663 351.8151691594512
395.01705502428814 352.4461465705836
395.79324672928476 353.0766435468606
396.5698201090311 353.70667036047195
397.3469465864947 354.33601481148827
398.1249500533532 354.9642747939447
398.90419949911484 355.59098868503065
399.68499460394617 356.21577585220956
400.4674962239666 356.83842440048176
401.2518527802933 357.45873463943263
402.03834300091665 358.07633737004824
402.827375174787 358.690689246905
403.61953184676065 359.3010070387541
404.41556523741747 359.9062597470995
405.2162565388491 360.5053369039096
406.02250577482266 361.0969129087409
406.8355617706677 361.6790984011919
407.6571017319197 362.24924933916014
408.48904157905633 362.8041151704619
409.33309144965483 363.3403798587853
410.1904270380131 363.8551377522986
411.0615691877558 364.3461686626715
411.9463942985864 364.81209196456115
412.84421627222235 365.2524505725802
413.7539180733276 365.6677126983102
414.6741121744644 366.0591751054874
415.6032997797682 366.4287835390354
416.5400012562969 366.77891257791805
417.48284381534614 367.1121510943675
418.4306070690739 367.4311257248373
419.38223598459314 367.7383754720263
420.336833243986 368.03627490532494
421.29364145338656 368.32699478841465
422.2520225968906 368.6124866162764
423.21143918972865 368.8944791718289
424.17143936541095 369.174478569489
425.13164667549114 369.4537668106819
426.0917545041855 369.73339684712255
427.05152448475616 370.01418428344294
428.0107879763046 370.29669721019553
428.9694494154808 370.5812464063578
429.9274901695717 370.867878423936
430.88497141872676 371.1563739308621
431.84203464866755 371.4462531710558
432.7988985917832 371.73678956183187
433.7558519153735 372.0270314204074
434.7132415570497 372.3158307867694
435.6714572326511 372.60187749454934
436.63091315948384 372.8837361904691
437.59202834418346 373.1598839801395
438.55520683970104 373.42874674396626
439.5208192115013 373.68873279633505
440.4891861551655 373.9382632802815
441.460564881035 374.1757993216061
442.4351386115921 374.39986637341883
443.4130093636974 374.6090762971247
444.39419409968747 374.80214756339757
445.37862428204426 374.9779236029049
446.3661488007519 375.13538891639075
447.3565401220692 375.2736821940995
448.3495033240301 375.3921055007226
449.3446874617625 375.4901286204745
450.3416984939195 375.5673879354931
451.3401128572634 375.6236796672896
452.339490742191 375.6589478274022
453.3393882080225 375.67326766761494
454.3393674583013 375.66682569495305
455.33900482580043 375.6398973920096
456.33789624494455 375.5928236970173
457.3356601817157 375.5259871315835
458.3319381360041 375.439788304451
459.32639293578046 375.3346234281769
460.31870512214005 375.2108634798809
461.30856779320214 375.0688356923259
462.29568033884743 374.9088081252328
463.2797415540327 374.7309780806167
464.26044264342414 374.53546497807287
465.2374605969682 374.3223079503854
466.21456058181315 374.109527266074
467.1952405941775 373.9139084700725
467.81182524884423 373.1266198548687
468.43649490429027 372.34573073241603
468.9025562541763 371.46097832742214
469.22696834474203 370.51506247730924
469.4522339963851 369.5407650965318
469.61436806681155 368.55399635806924
469.73799950685293 367.5616681527696
469.8385950767891 366.5667407527502
469.92551804928047 365.5705257173019
470.0043511106568 364.5736378858815
470.07840403175715 363.57638357284173
470.1496355734987 362.5789237654003
470.2192042177597 361.5813465985928
470.28779462375616 360.58370169372677
470.35581089449175 359.5860174817061
470.42349108236925 358.5883104143918
470.4894151550541 357.5904857721622
470.55155813090533 356.59241851463275
470.6085400320135 355.59404330312856
470.6600166137141 354.59536910123063
470.7064566021955 353.59644801952805
470.7487453633696 352.59734258931644
470.787860074522 351.5981078624522
470.8246805431473 350.5987859658192
470.85991303619323 349.59940682283406
470.89408331305214 348.5999907972574
470.9275622582324 347.6005513742659
470.9606011626636 346.6010973078906
470.9933650501582 345.60163418817274
471.02595964053035 344.60216553299716
471.05845132124654 343.6026935270439
471.0916937824712 342.6032462103875
471.12680887139675 341.60386293529746
471.1645537843327 340.6045755284182
471.2051296103867 339.6053990663555
471.2483049866969 338.60633155768534
471.29362675862683 337.60735911713
471.3405912508316 336.60846255768456
471.38874380611884 335.6096225647832
471.4377189997092 334.6108225695825
472.2855204946824 335.14113627402674
473.12753028106613 335.6805985244522
473.96577160695165 336.22589796473954
474.80218077160123 336.7740035287418
475.63851357204555 337.3222256068279
476.4763191185588 337.8681943479034
477.3168530078813 338.4099533172803
478.1609753883805 338.94610386212787
479.00929344369445 339.4755908563293
479.86227958360035 339.9975244202323
480.7202607004126 340.51120564744775
481.583348602545 341.0162593804235
482.4515085620799 341.51254385999175
483.3246247545568 342.0000560284909
484.20250371784107 342.4789386089039
485.08485038541016 342.94953860702304
485.971259493797 343.4124412885543
486.86123648383716 343.8684467240472
487.75423880980895 344.318498771936
488.6497023526377 344.76363363179837
489.54708914653065 345.20487839623934
490.4458521709089 345.643313141681
491.3454112070803 346.08011234090463
492.24515884751736 346.5165229085219
493.14549253753006 346.9517231459163
494.04741499505593 347.38362114384006
494.95549005604215 347.80242859794623
