0.7698475510957064
111361
664
0.0 100.0
0.0 101.0
0.0 102.0
0.0 103.0
0.0 104.0
0.0 105.0
0.0 106.0
0.0 107.0
0.0 108.0
0.0 109.0
0.0 110.0
0.0 111.0
0.0 112.0
0.0 113.0
0.0 114.0
0.0 115.0
0.0 116.0
0.0 117.0
0.0 118.0
0.0 119.0
0.0 120.0
0.0 121.0
0.0 122.0
0.0 123.0
0.0 124.0
0.0 125.0
0.0 126.0
0.0 127.0
0.0 128.0
0.0 129.0
0.0 130.0
0.0 131.0
0.0 132.0
0.0 133.0
0.0 134.0
0.0 135.0
0.0 136.0
0.0 137.0
0.0 138.0
0.0 139.0
0.0 140.0
0.0 141.0
0.0 142.0
0.0 143.0
0.0 144.0
0.0 145.0
0.0 146.0
0.0 147.0
0.0 148.0
0.0 149.0
0.0 150.0
0.0 151.0
0.0 152.0
0.0 153.0
0.0 154.0
0.0 155.0
0.0 156.0
0.0 157.0
0.0 158.0
0.0 159.0
0.0 160.0
0.0 161.0
0.0 162.0
0.9702025819430865 162.24229517120853
1.940405163886173 162.48459034241705
2.9106077458292594 162.72688551362558
3.880810327772346 162.9691806848341
4.851012909715433 163.21147585604263
5.821215491658519 163.45377102725115
6.791418073601605 163.69606619845968
7.761620655544691 163.9383613696682
8.731823237487777 164.18065654087673
9.702025819430864 164.42295171208525
10.67222840137395 164.66524688329378
11.642430983317034 164.9075420545023
12.612633565260122 165.14983722571083
13.582836147203208 165.39213239691935
14.553038729146294 165.63442756812788
15.52324131108938 165.8767227393364
16.493443893032467 166.11901791054493
17.463646474975555 166.36131308175345
18.43384905691864 166.60360825296198
19.404051638861723 166.8459034241705
20.374254220804808 167.08819859537903
21.344456802747896 167.33049376658755
22.314659384690984 167.57278893779608
23.284861966634068 167.8150841090046
24.255064548577153 168.05737928021313
25.225267130520237 168.29967445142165
26.19546971246332 168.54196962263018
27.165672294406406 168.7842647938387
28.135874876349487 169.02655996504723
29.106077458292567 169.26885513625578
30.07628004023565 169.51115030746433
31.046482622178736 169.75344547867286
32.01668520412182 169.99574064988138
32.98688778606491 170.2380358210899
33.957090368008 170.48033099229843
34.92729294995108 170.72262616350696
35.897495531894165 170.96492133471548
36.86769811383725 171.207216505924
37.837900695780334 171.44951167713253
38.808103277723426 171.69180684834106
39.76495570379896 171.98238116708475
40.7218081298745 172.27295548582845
41.678660555950046 172.5635298045721
42.63551298202559 172.85410412331578
43.59236540810113 173.14467844205944
44.54921783417667 173.4352527608031
45.50607026025221 173.7258270795468
46.462922686327744 174.0164013982905
47.41977511240328 174.30697571703416
48.376627538478814 174.59755003577786
49.33347996455436 174.88812435452155
50.29033239062989 175.17869867326522
51.24718481670543 175.4692729920089
52.20403724278096 175.7598473107526
53.160889668856505 176.05042162949627
54.11774209493205 176.34099594823994
55.0745945210076 176.6315702669836
56.03144694708314 176.92214458572727
56.98829937315868 177.21271890447093
57.945151799234225 177.5032932232146
58.90200422530976 177.7938675419583
59.858856651385295 178.084441860702
60.81570907746082 178.3750161794457
61.772561503536366 178.66559049818937
62.72941392961191 178.95616481693304
63.68626635568745 179.2467391356767
64.643118781763 179.53731345442037
65.59997120783854 179.82788777316404
66.55682363391406 180.1184620919077
67.51367605998959 180.40903641065137
68.47052848606512 180.6996107293951
69.42738091214065 180.99018504813878
70.38423333821619 181.28075936688248
71.34108576429173 181.57133368562614
72.29793819036726 181.86190800436987
73.2547906164428 182.15248232311353
74.21164304251835 182.4430566418572
75.16849546859387 182.73363096060086
76.1253478946694 183.02420527934456
77.08220032074495 183.31477959808825
78.03905274682049 183.60535391683192
78.99590517289603 183.8959282355756
79.95275759897157 184.1865025543193
80.90961002504713 184.47707687306294
81.86646245112267 184.76765119180664
82.82331487719821 185.0582255105503
83.78016730327376 185.348799829294
84.7370197293493 185.63937414803763
85.69387215542484 185.9299484667813
86.65072458150038 186.220522785525
87.60757700757591 186.51109710426866
88.56442943365145 186.80167142301235
89.521281859727 187.09224574175602
90.47813428580253 187.38282006049968
91.43498671187805 187.67339437924335
92.39183913795358 187.963968697987
93.34869156402911 188.25454301673068
94.30554399010464 188.5451173354744
95.26239641618017 188.83569165421812
96.2192488422557 189.12626597296185
97.17610031761089 189.4168434223804
98.13293368600523 189.70748049009052
99.08975803957824 189.99814723467887
100.04654694498198 190.28893064289935
101.00331677886285 190.5797767963475
101.96004782118374 190.870750528254
102.91669484658127 191.16200036739227
103.87326498106557 191.45350264493516
104.8297590928264 191.74525427589356
105.78607865084716 192.03757756088288
106.74235867847423 192.3300301361179
107.69858039797647 192.62267330305025
108.65472463574659 192.91556952456736
109.61077085838014 193.20878552035907
110.56669623158874 193.5023952627996
111.5224747605325 193.7964826709117
112.47807654507355 194.0911438821051
113.43346717859734 194.38648899781725
114.38860732129783 194.68264319380654
115.34345248025497 194.97974708542716
116.29795302588431 195.27795625428897
117.25205446690288 195.57743987695687
118.20569799474589 195.87837844511176
119.15882129483927 196.18096062373286
120.11135960782252 196.4853793522944
121.06324701020593 196.7918273465508
122.01441787242169 197.10049219856944
122.9648084441029 197.41155129465807
123.91435851289563 197.72516677076808
124.86301308513217 198.04148070118327
125.81072404472621 198.36061067010712
126.75745176034116 198.6826458118021
127.70316662875952 199.0076433312579
128.64785056170538 199.33562544484627
129.591498440254 199.66657662147315
130.5341195708475 200.00044097140977
131.47573917541217 200.33711963170686
132.41639993190904 200.67646803849067
133.35616354983472 201.01829305574842
134.29511231971065 201.3623500387447
135.23335052176344 201.70834003312143
136.1710055250969 202.0559074290661
137.1082283649725 202.40463848362748
138.04519356303842 202.75406117552552
138.98209796262347 203.10364685320437
139.91915839413983 203.45281407343896
140.85660806461627 203.80093490781064
141.7946916747104 204.1473438287014
142.7336593945823 204.49134909179855
143.67375996052635 204.8322463283841
144.6152332688754 205.16933386844795
145.55830292495995 205.50192915370093
146.50316923947088 205.82938548315948
147.45000314570507 206.151108273781
148.3989414401425 206.46657002003593
149.35008363473614 206.77532319923185
150.30349056756597 207.07701048837737
151.25918476797494 207.37137182297255
152.21715243203118 207.6582480238373
153.17734675028112 207.93758092773606
154.13969225313153 208.20941016299884
155.1040898042528 208.47386689554935
156.0704218772507 208.73116501970804
157.03855778856672 208.981590372299
158.00835862004692 209.22548860365853
158.97968163676256 209.46325234605513
159.95238407922568 209.69530828419576
160.9263262760519 209.92210466256486
161.90137407813538 210.1440996707343
162.87740065611098 210.36175104124516
163.85428772927196 210.5755070851152
164.83192630786962 210.7857992857255
165.8102170344655 210.99303647895235
166.7890702066481 211.1976005699069
167.76840555567514 211.39984367645448
168.74815184568521 211.60008654701795
169.7282463476737 211.79861807391475
170.70863423249853 211.99569571163323
171.6892679183377 212.19154660950576
172.6701064004721 212.38636927749977
173.6511145849868 212.58033561972223
174.63226264281792 212.77359319037384
175.6135253963172 212.9662675493193
176.59488174696318 213.1584646175769
177.5763141498507 213.3502729556712
178.55780813801516 213.5417659090586
179.53935189742606 213.7330035841165
180.52093589157823 213.92403463505903
181.50255253302515 214.11489785633137
182.4841958979493 214.30562358637425
183.46586147898188 214.49623493707503
184.44754597098046 214.68674886876903
185.4292470843547 214.8771771334772
186.41096338077324 215.0675271094326
187.39269412664095 215.25780254825239
188.37443916053329 215.44800425283916
189.35619877172337 215.63813069980495
190.33797358793692 215.82817861547062
191.31976447142605 216.0181435098527
192.30157242328056 216.20802016896414
193.2833984965306 216.3978031025656
194.26524371900769 216.587486942412
195.24710902710837 216.7770667850861
196.22899521157234 216.96653847362757
197.21090287617665 217.15589881316913
198.19283240991012 217.34514571745552
199.17478397277665 217.53427828520614
200.15675749492573 217.72329680757406
201.13875268835568 217.9122027102888
202.1207690700046 218.10099843633472
203.10280599464576 218.2896872771317
204.08486269565248 218.47827316209606
205.0669383314011 218.66676041808154
206.0490320348641 218.85515351142186
207.03114296383404 219.0434567859494
208.0132703492536 219.2316742102462
208.99541353934202 219.4198091462972
209.9775720376336 219.6078641495109
210.95974553368154 219.79584080673445
211.9419339260054 219.98373961456545
212.92413733779964 220.1715598953121
213.90635612687964 220.35929974291562
214.88859089218664 220.54695598667604
215.87084247978606 220.73452415737242
216.85311199156962 220.92199843886317
217.83540079975904 221.10937158876956
218.81771056981583 221.29663481433988
219.80004329355683 221.48377759370263
220.7824013332724 221.67078743784518
221.76478747657757 221.8576495941047
222.74720500071297 222.0443466971129
223.72965774412864 222.23085837759155
224.71215018245118 222.41716084305847
225.6946875053145 222.60322644756556
226.67727568996102 222.7890232704476
227.6599215669164 222.97451472713124
228.6426328723723 223.15965923860577
229.62541828120007 223.34440999014748
230.6082874138641 223.528714813894
231.59125081007963 223.7125162330954
232.57431986207598 223.89575170730012
233.55750670099727 224.07835411629844
234.54082403145838 224.26025251545263
235.5242849116414 224.44137318558634
236.50790247946367 224.6216409871245
237.4916896289393 224.8009810120119
238.47565864438053 224.97932051030557
239.45982080308087 225.15659105321186
240.44418595941602 225.33273088117056
241.42876212508517 225.50768737289414
242.41355506185613 225.6814195566887
243.39856790486243 225.85390056756415
244.3838008359981 226.02511993389234
245.36925082760183 226.19508555997052
246.3549114755985 226.3638252618511
247.34077293796577 226.53138771892034
248.32682198874784 226.69784272620979
249.31304219039657 226.8632806718568
250.29941417901716 227.0278112163299
251.2859160493539 227.19156120815344
252.2725238201396 227.35467192706915
253.2592119564453 227.51729579270278
254.2459539241027 227.6795927096902
255.23272275191874 227.8417262362988
256.21949157973484 228.00385976290738
257.0843517591364 228.14596278334847
257.1827003822277 228.12288413241922
257.1792769479043 228.16155970451683
257.10666803940524 228.1407260080264
257.1827003822277 228.12288413241922
257.1792769479044 228.1615597045167
258.1404915332091 228.43736130167932
259.1022404935005 228.71129366080905
260.0647899381913 228.98239985130522
261.0283879039214 229.24975534580815
261.9932664136273 229.51245186559436
262.959646260176 229.76957050005035
263.9277435552601 230.02014509423506
264.8977767044187 230.26311770490037
265.86997211939024 230.4972887430505
266.8445666722421 230.72126520956323
267.8218046746049 230.93341111863998
268.8019271090522 231.13180470092811
269.78515105733015 231.31420718866545
270.7716378771889 231.47804782539814
271.761449757128 231.62042915258462
272.7544958233033 231.73815557465633
273.7504708540264 231.82778669746602
274.74879159867396 231.88571502219847
275.74853730715887 231.90826537399283
276.7484019274484 231.89181116196985
277.74666518757846 231.83290052223015
278.74118833590484 231.72838398074992
279.72943787288017 231.57553486342158
280.7085376751081 231.37215448758053
281.6753471583298 231.11665610568232
282.62656115791856 230.80812421594243
283.5588263377367 230.44634854719374
284.468869051214 230.03183406053873
285.3536301342358 229.56578918504914
286.2104023702715 229.05009418259283
287.0369657783326 228.48725056980652
287.8317144104073 227.8803118481752
288.5937666058975 227.23279624886618
289.3230496069398 226.54858407096322
290.02034996855946 225.83180502154488
290.6873236531676 225.08672374809868
291.32646371739133 224.3176333904006
291.9410281420961 223.52876675535558
292.5349344876223 222.7242325716544
293.1126307656665 221.90798076593887
293.6789527998655 221.08379671271973
294.2389775349691 220.25532082527812
294.7990022700726 219.4268449378365
294.891546767039 219.2899386916546
294.8121793402805 218.66128249700122
295.35358330826693 218.60642221545203
294.7935585731635 219.43489810289375
294.9016496249985 219.36996175022358
294.8121793402805 218.66128249700122
295.8070846893572 218.56046907339785
296.3387888599531 218.50659166904805
297.3336942090298 218.40577824544468
298.3285995581065 218.3049648218413
299.3235049071831 218.20415139823794
300.31841025625977 218.1033379746346
301.3133156053364 218.00252455103123
302.3082209544131 217.90171112742783
303.30312630348976 217.80089770382446
304.29803165256646 217.70008428022112
305.29293700164317 217.5992708566178
306.28784235071987 217.4984574330146
307.2827476997966 217.39764400941152
308.2776530488733 217.2968305858087
309.27255839795004 217.19601716220623
310.26746374702685 217.09520373860437
311.2623690961037 216.9943903150033
312.25727444518077 216.89357689140337
313.2521797942579 216.7927634678049
314.24708514333525 216.69195004420817
315.2419904924128 216.59113662061355
316.2368958414906 216.4903231970213
317.2318011905686 216.3895097734315
318.2267065396469 216.2886963498443
319.2216118887254 216.18788292625948
320.21651723780417 216.08706950267677
321.2114225868831 215.98625607909577
322.2063279359621 215.88544265551582
323.2012332850412 215.7846292319363
324.1961386341203 215.68381580835637
325.19104398319917 215.58300238477517
326.18594933227786 215.48218896119198
327.18085468135627 215.38137553760603
328.17576003043433 215.28056211401673
329.17066537951206 215.1797486904237
330.16557072858933 215.0789352668266
331.1604760776662 214.9781218432254
332.1553814267427 214.87730841962014
333.15028677581876 214.77649499601108
334.1451921248945 214.67568157239856
335.14009747396994 214.57486814878308
336.13500282304517 214.47405472516516
337.12990817212017 214.37324130154536
338.12481352119505 214.27242787792426
339.1197188702698 214.17161445430236
340.1146242193446 214.0708010306802
341.10952956841936 213.96998760705821
342.10443491749425 213.86917418343677
343.09934026656913 213.76836075981612
344.0942456156441 213.66754733619655
345.0891509647193 213.56673391257823
346.0840563137946 213.46592048896122
347.07896166287 213.3651070653455
348.07386701194554 213.26429364173117
349.06877236102116 213.1634802181182
350.06367771009695 213.0626667945064
351.05858305917286 212.96185337089582
352.0534884082489 212.86103994728632
353.048393757325 212.76022652367772
354.04329910640126 212.65941310007003
355.03820445547746 212.5585996764623
356.0331098045538 212.4577862528561
357.02801515363024 212.35697282925037
358.0229205027067 212.25615940564506
359.0178258517832 212.15534598204016
360.0127312008597 212.05453255843557
361.0076365499363 211.9537191348313
362.0025418990129 211.85290571122718
362.9974472480895 211.7520922876232
363.99235259716613 211.6512788640194
364.9872579462427 211.55046544041568
365.9821632953193 211.44965201681202
366.97706864439596 211.34883859320843
367.9719739934726 211.24802516960492
368.96687934254925 211.14721174600143
369.9617846916259 211.046398322398
370.95669004070254 210.94558489879455
371.9515953897792 210.8447714751911
372.94650073885583 210.74395805158767
373.9414060879325 210.64314462798433
374.9363114370091 210.54233120438093
375.9312167860858 210.4415177807775
376.9261221351625 210.3407043571741
377.9210274842391 210.23989093357068
378.91593283331576 210.1390775099673
379.91083818239247 210.0382640863639
380.90574353146917 209.9374506627605
381.9006488805458 209.83663723915714
382.8955542296225 209.73582381555377
383.89045957869916 209.6350103919504
384.8853649277758 209.53419696834703
385.88027027685246 209.43338354474363
386.87517562592916 209.33257012114026
387.8700809750058 209.23175669753687
388.86498632408245 209.13094327393344
389.8598916731591 209.03012985033007
390.85479702223574 208.92931642672673
391.84970237131245 208.82850300312336
392.84460772038915 208.72768957951996
393.83951306946585 208.62687615591653
394.8344184185425 208.52606273231316
395.82932376761914 208.42524930870982
396.8242291166958 208.32443588510645
397.81913446577244 208.22362246150303
398.81403981484914 208.12280903789963
399.80894516392584 208.02199561429623
400.8038505130025 207.92118219069283
401.7987558620792 207.8203687670895
402.79366121115584 207.7195553434861
403.7885665602325 207.61874191988275
404.7834719093092 207.51792849627932
405.77837725838583 207.41711507267595
406.77328260746253 207.31630164907259
407.7681879565392 207.21548822546922
408.7630933056158 207.11467480186587
409.75799865469247 207.01386137826248
410.7529040037692 206.91304795465908
411.7478093528459 206.81223453105568
412.7427147019225 206.7114211074523
413.7376200509992 206.6106076838489
414.73252540007593 206.50979426024554
415.7274307491526 206.40898083664212
416.7223360982292 206.30816741303872
417.7172414473059 206.20735398943535
418.71214679638257 206.10654056583195
419.7070521454592 206.00572714222855
420.4286279283642 205.93261011141604
420.89587926778864 206.8167346421267
421.36313060721346 207.70085917283814
421.8303819466383 208.58498370354954
422.29763328606316 209.46910823426097
422.764884625488 210.35323276497243
423.23213596491286 211.23735729568384
423.6993873043376 212.12148182639527
424.1666386437625 213.00560635710664
424.63388998318743 213.88973088781802
425.1011413226123 214.77385541852942
425.56839266203707 215.65797994924088
426.03564400146195 216.5421044799523
426.5028953408867 217.42622901066372
426.97014668031153 218.31035354137512
427.43739801973646 219.1944780720865
427.90464935916134 220.0786026027979
428.3719006985862 220.96272713350928
428.83915203801115 221.84685166422065
429.306403377436 222.73097619493205
429.77365471686085 223.6151007256435
430.24090605628567 224.49922525635492
430.7081573957105 225.38334978706635
431.17540873513536 226.26747431777775
431.6426600745602 227.1515988484892
432.10991141398506 228.0357233792006
432.5771627534098 228.91984790991202
433.04441409283476 229.80397244062337
433.51166543225963 230.68809697133477
433.9789167716844 231.57222150204623
434.4461681111092 232.45634603275766
434.9134194505342 233.340470563469
435.380670789959 234.22459509418044
435.8479221293839 235.10871962489185
436.3151734688088 235.99284415560325
436.7824248082336 236.87696868631468
437.2496761476585 237.76109321702606
437.71692748708335 238.64521774773746
438.18417882650823 239.52934227844887
438.6514301659331 240.41346680916027
439.1186815053579 241.2975913398717
439.58593284478275 242.1817158705831
440.0531841842076 243.0658404012945
440.52043552363244 243.94996493200597
440.9876868630573 244.83408946271737
441.45493820248214 245.7182139934288
441.922189541907 246.60233852414018
442.38944088133195 247.48646305485155
442.85669222075677 248.370587585563
443.32394356018165 249.2547121162744
443.7911948996066 250.13883664698577
444.25844623903134 251.02296117769725
444.7256975784562 251.90708570840866
445.19294891788104 252.7912102391201
445.6602002573059 253.6753347698315
446.1274515967308 254.5594593005429
446.59470293615567 255.4435838312543
447.0624493152767 256.32744656087874
447.5321432214954 257.2102758957227
448.00614252912686 258.09080111192316
448.487182041047 258.9675000271567
448.9777041274751 259.8389287865663
449.47935733390193 260.7039976049165
449.9927949335343 261.5621245368349
450.517743849254 262.41325827243975
451.0532358218518 263.25779858958475
451.5978887664261 264.09646012439276
452.1501605571782 264.9301242468903
452.7085381941471 265.7597111407917
453.2715706947959 266.5861458951511
453.8378486718496 267.41036021964686
454.4060276467406 268.23326522782935
454.9749028530852 269.0556890842479
455.5434929441294 269.87831008347314
456.1110923334369 270.7016149682259
456.6772766039028 271.5258936661655
457.2418675117075 272.35126455662885
457.8048746715813 273.17771657455296
458.36643144939023 274.0051547808843
458.92673763672275 274.8334403454313
459.48601529624653 275.66242074300266
460.0444732850585 276.4919535480997
460.60228492752475 277.3219211206765
461.1595813599758 278.15223472792223
461.71645681736743 278.9828307337848
462.27297925998295 279.81366331070103
462.8292008392751 280.644697338121
463.38516539550176 281.4759033367878
463.9409125152939 282.3072547299079
464.4964789516097 283.1387268790743
465.05189244680616 283.970301198876
465.6071654387299 284.8019693444966
466.16229510704403 285.6337331639535
466.71726949385067 286.4656005992992
467.2720756921124 287.2975802158586
467.8267063747642 288.12967684838463
468.3811629795709 288.9618894855071
468.9354473191932 289.79421686752056
469.48955171591103 290.62666405355577
470.0434569810861 291.45924375377155
470.59713844766674 292.2919723011176
471.15057499408255 293.12486364402577
471.7037457582652 293.95793153180773
472.2566234397146 294.79119395707073
472.80917441350465 295.62467306380563
473.36133522091916 296.45841069805005
473.9130451138005 297.2924467848574
474.464254153691 298.12681396682405
475.0149173497976 298.9615414938972
475.5649908903141 299.7966577133683
476.1144265040816 300.6321937726284
476.663161564294 301.468190084638
477.2111141061981 302.30469950587656
477.7581833830708 303.14178684080764
478.30425307522785 303.97952659234596
478.84920028645405 304.8179969478009
479.39290520596506 305.65727339838173
479.93525751626584 306.49742455829966
480.4761604406178 307.3385095875491
481.01553493875866 308.1805755889737
481.55332509872034 309.0236543183035
482.08950379611383 309.867758816847
482.6240736814409 310.7128830903721
483.1570539842092 311.5590107384613
483.68844393093747 312.406138075121
484.21816163632894 313.25431208592
484.74596967233475 314.103675775471
485.27140807522875 314.95450741849106
485.79375697595805 315.8072392789882
486.31204383868254 316.6624461124076
486.8250981764527 317.5208022427493
487.3316446518306 318.38301490113605
487.8304174400125 319.249747677584
488.32027602728516 320.12154958425504
488.8003046398293 320.9988024161906
489.26988264323467 321.88169340533807
489.7287197433938 322.77021381338596
490.17685613613895 323.664179010414
490.614633354176 324.5632624922819
491.0426459283999 325.46703527141733
491.46168527917484 326.3750033449211
491.87268340445274 327.28663953387917
492.27665718567306 328.20141009751063
492.67464942669204 329.11879887882895
493.067661632036 330.0383321335026
493.4566206072798 330.95958720978564
493.8424021878735 331.88217735284735
494.2258534541677 332.80573846418616
494.6077812267155 333.7299306393081
494.98890348287426 334.65445528790355
495.36981591877077 335.5790664040921
495.7510073202413 336.50356254548205
496.1331842319325 337.42765172308896
496.5172204953636 338.3509697335111
496.8682689756804 339.2873270181345
