11.115106133662938
335729
755
0.0 100.0
0.5046334589830371 100.86333369682575
0.9260004392688483 101.77022391505771
1.2753495895749272 102.70721653572258
1.5639649994939444 103.6646616491141
1.8023499679986954 104.63583238940181
1.9998359719874401 105.61613809591819
2.1644554720514804 106.60249524228996
2.302962861870322 107.59285664246948
2.4209293125321993 108.58587422364226
2.522867216425662 109.58066498744631
2.6123595336803365 110.57665249999474
2.692181799477008 111.57346161205336
2.7644124453924723 112.57084956756047
2.8305318123025085 113.56866128793634
2.891512528208234 114.56680023231614
2.947904494355588 115.5652089392864
2.9999173925569895 116.56385535239801
3.0475031559103174 117.56272250829316
3.0904406941593994 118.56180026693316
3.1284253978989343 119.56107858766359
3.1612496442509377 120.56053972690384
3.1889799680534336 121.56015516753179
3.2120819577030515 122.55988828095468
3.231506952670549 123.5596995979393
3.2487700890652085 124.55955057889686
3.2660332254598683 125.55940155985444
3.263101019041919 126.55939726092795
3.22244955473565 127.55857064850878
3.1347163029947964 128.55471465242536
3.0158386663207084 129.54762356441015
2.874088815644635 130.53752607467734
2.7151219193096505 131.5248099881843
2.544304741514133 132.51011272936083
2.367058046024335 133.4942791832384
2.188596339154119 134.47822604114333
2.013561957147412 135.46278836274394
1.8457299654037493 136.44860397559827
1.6878513064981 137.43606249577124
1.5416449182891399 138.4253166047073
1.4079109353509958 139.41633387085733
1.2867164618238989 140.4089626532259
1.177603828102742 141.40299204573017
1.0797833753896053 142.39819612481696
0.9922899189416254 143.39436121910546
0.9140969844238189 144.39129946443038
0.8441924809249113 145.3888531524044
0.7816237688540435 146.38689381103
0.725520746572703 147.3853187961395
0.6751043872813368 148.3840470828701
0.6296863669187457 149.38301515214275
0.5886637134986151 150.38217336879634
0.5515060246778057 151.38148278342302
0.517733920586861 152.38091234321467
0.4868984369930483 153.38043681662768
0.45857579610760146 154.38003565016703
0.43238215455872253 155.3796925378752
0.40799846914823656 156.37939521161667
0.3851895391364072 157.37913505413158
0.3638063415921194 158.37890640742333
0.34115073486694525 159.37864973622524
0.3017531093296487 160.3778733483872
0.09746179885026247 161.3567834875024
0.027942517218172064 162.35436409551428
0.010314539082484418 163.35420871063548
0.005576266685085103 164.3541974849598
0.003653705195507267 165.35419563683678
0.0025186932751346904 166.35419499271055
0.0017490605525786697 167.35419469654323
0.001210366711230254 168.3541945514477
8.319506562462205E-4 169.35419447984833
5.672522932513804E-4 170.35419444481573
3.8344734670870995E-4 171.3541944279236
2.5692779256199255E-4 172.35419441992
1.7065540395961746E-4 173.35419441619854
1.1238842920422129E-4 174.35419441450102
7.340739386969776E-5 175.35419441374125
4.7568243975899524E-5 176.3541944134074
3.0591719390517316E-5 177.35419441326331
1.9532227527625977E-5 178.35419441320218
1.2385392063325154E-5 179.35419441317666
7.802284102964411E-6 180.35419441316617
4.884558696509951E-6 181.3541944131619
3.039842121682415E-6 182.3541944131602
1.8811446296582942E-6 183.35419441315952
1.1578571776146286E-6 184.35419441315926
7.090203311318131E-7 185.35419441315915
4.3205187281779996E-7 186.35419441315912
2.620492649645453E-7 187.3541944131591
1.582305364924111E-7 188.35419441315906
9.513556307740542E-8 189.35419441315906
5.6966628521370005E-8 190.35419441315906
3.397802879526676E-8 191.35419441315904
2.019047038096836E-8 192.35419441315904
1.1954507983352403E-8 193.35419441315906
7.053693163645513E-9 194.3541944131591
4.148203118645402E-9 195.3541944131591
2.4317433708269792E-9 196.3541944131591
1.4211579303457383E-9 197.3541944131591
8.281014519616275E-10 198.3541944131591
4.811587649134504E-10 199.35419441315906
2.7880558368364563E-10 200.35419441315906
1.611257593369002E-10 201.35419441315906
9.287931302232549E-11 202.35419441315906
5.3407414688654775E-11 203.35419441315906
3.0637180819136104E-11 204.35419441315906
1.7534568896573767E-11 205.35419441315906
1.001320569079416E-11 206.35419441315906
5.705767593295081E-12 207.35419441315906
3.2444986356331707E-12 208.35419441315906
1.8412043764756454E-12 209.35419441315906
1.0428078746276597E-12 210.35419441315906
5.894952462216062E-13 211.35419441315906
3.326248339668888E-13 212.35419441315906
1.8734882385951212E-13 213.35419441315906
1.0533962532775403E-13 214.35419441315904
5.912874580343806E-14 215.35419441315904
3.313541080551557E-14 216.35419441315904
1.8539272296705096E-14 217.35419441315904
1.035663488609296E-14 218.35419441315904
5.7768164186798426E-15 219.35419441315904
3.2175100836667435E-15 220.35419441315904
1.789491168970897E-15 221.35419441315904
9.938793874509072E-16 222.35419441315904
5.51249053870831E-16 223.35419441315904
3.0534236019868233E-16 224.35419441315904
1.6891402282774558E-16 225.35419441315904
9.332493215900799E-17 226.35419441315904
5.1498712256712785E-17 227.35419441315904
2.838406939983063E-17 228.35419441315904
1.562589816036413E-17 229.35419441315904
8.592496315423682E-18 230.35419441315904
4.719645001763185E-18 231.35419441315904
2.5895607593021503E-18 232.35419441315904
1.419320476910817E-18 233.35419441315904
7.771106429113828E-19 234.35419441315904
4.2505326524280404E-19 235.35419441315904
2.3225855604015317E-19 236.35419441315904
1.2650821236970939E-19 237.35419441315904
2.998672781491563E-20 238.35419441315906
4.96000803390514E-22 239.35419441315906
8.637063150960392E-24 240.35419441315906
1.5866666541646257E-25 241.3541944131591
3.0803543439579187E-27 242.35419441315912
6.328797051259488E-29 243.35419441315912
1.3775483176111643E-30 244.35419441315912
3.178834309287047E-32 245.35419441315912
7.77978903193893E-34 246.35419441315912
0.05424474421513913 247.3527220831438
0.3329615685600872 248.31309541254598
0.6744343245760335 249.25298708550562
1.0726584781949593 250.17027522097587
1.5217768274849628 251.06374749717196
2.0107488938666234 251.93604694019507
2.5259014606800863 252.79314543681346
3.140790055581169 253.581759420877
3.7976411919961035 254.33577970216288
4.703169104398762 254.76006639752308
5.606921824385275 255.1881213252099
6.512649276134327 255.61198189561972
7.43576327372376 255.996508289323
8.337663974926828 256.4284517175279
9.299385080811698 256.7024818518117
10.277619402870725 256.90998513165493
11.271653770147276 257.01905243506485
11.291302526799218 257.02120833326506
11.291803561722304 256.9950935996503
11.69794058945791 257.06582541937195
11.291613945222547 257.0049767118885
11.291803561722304 256.9950935996503
11.697940589460307 257.06582541937246
12.686912722387916 257.21392714215995
13.673742726898212 257.375687898211
14.659663794168559 257.5428992887097
15.645315518784411 257.7116911065262
16.630997385973288 257.88030681366837
17.616800301548615 258.04821336995246
18.60268033425507 258.2156665308982
19.588512372956174 258.3834020115528
20.57415673108787 258.5522368399596
21.55950264052901 258.72280482859645
22.544504378818278 258.8953492448119
23.529172743558355 259.06978608576037
24.51356016537832 259.24580143668936
25.497770069905958 259.42280670166673
26.481958258979 259.59993266952335
27.466150230650378 259.77703761834636
28.450458184641423 259.9534968252752
29.434995658609296 260.12867091683256
30.41977867783637 260.30245930839544
31.404727542078646 260.4753052942553
32.38970926102751 260.6479639555977
33.374744957192966 260.8203144046248
34.359683170644885 260.99322107217165
35.34441888515795 261.1672773060802
36.32921939690395 261.3409665460026
37.31424984193093 261.51334700420466
38.29944927492903 261.6847590143446
39.284649257266494 261.85616786709807
40.26968751988881 262.0285036473934
41.254665107049306 262.20118587807013
42.23968010164684 262.37365460108396
43.224789549198725 262.5455830057879
44.21002331667417 262.716797559568
45.19528781983296 262.8878351543104
46.18053779217362 263.0589564329485
47.1658018034973 263.22999686088986
48.151044850456046 263.4011580084072
49.13634178761207 263.5720086614085
50.12157264473837 263.7432399616026
51.106735029957136 263.91486476968726
52.09200910316942 264.0858472268449
53.08429710600365 264.2098009255846
54.07555148529306 264.3417659040432
55.06511941933795 264.48583291591666
56.05280749860657 264.64226903089866
57.03867200836427 264.80981355751834
58.022950801982006 264.9864353467586
59.006005331482115 265.16974871787295
59.98825870569904 265.3573075322205
60.97013037552823 265.5468544234818
61.951979387359486 265.7365186477466
62.934069146273 265.9249323028706
63.91655833590715 266.1112518999398
64.8995131021647 266.2950994658512
65.88293074499907 266.4764547518566
66.86676562978396 266.65553272225026
67.85095133968969 266.83267246487554
68.83541663752952 267.0082517271736
69.82009526491403 267.1826306271935
70.80493080938327 267.356121117855
71.78987817681276 267.5289756329644
72.77490303896909 267.70138799021845
73.75998028487798 267.8735008008763
74.7450921549168 268.0454153247206
75.73022644986824 268.2172012988585
76.71537500228244 268.388905491225
77.70053246736207 268.560558539546
78.6856954182791 268.73218010037226
79.67086169807924 268.9037825512427
80.6560299716183 269.07537355570406
81.6411994249261 269.2469577865331
82.62636956861053 269.4185380534427
83.61154011214728 269.59011602448646
84.59671088507059 269.7616926784277
85.58188178842818 269.93326858343073
86.56705276534636 270.10484406605593
87.5522237834344 270.2764193122873
88.53739482440076 270.4479944271532
89.52256587799675 270.6195694695008
90.5077369385218 270.7911444720622
91.49290800282651 270.96271945292114
92.47807906918186 271.13429442200544
93.46325013664418 271.30586938473357
94.44842120470128 271.4774443440465
95.43359227307653 271.64901930153263
96.41876334162126 271.82059425804556
97.40393441025594 271.99216921404206
98.38910547893818 272.16374416976555
99.37427654764548 272.33531912534505
100.35944761636594 272.50689408084895
101.34461868509331 272.67846903631323
102.32978975382426 272.85004399175693
103.31496082255708 273.0216189471899
104.3001318912909 273.19319390261717
105.28530296002522 273.3647688580416
106.2704740287598 273.53634381346444
107.25564509749452 273.70791876888666
108.24081616622931 273.8794937243083
109.22598723496412 274.0510686797298
110.21115830369897 274.22264363515114
111.19632937243381 274.3942185905725
112.18150044116865 274.5657935459938
113.16667150990351 274.7373685014152
114.15184257863837 274.9089434568365
115.13701364737324 275.0805184122578
116.12218471610811 275.2520933676791
117.10735578484297 275.42366832310034
118.09252685357784 275.5952432785216
119.0776979223127 275.76681823394284
120.06286899104754 275.93839318936415
121.0480400597824 276.1099681447855
122.03321112851725 276.2815431002068
123.0183821972521 276.4531180556281
124.00355326598694 276.62469301104943
124.98872433472181 276.79626796647074
125.97389540345668 276.96784292189193
126.95906647219155 277.13941787731324
127.94423754092642 277.3109928327344
128.92940860966127 277.48256778815573
129.91457967839614 277.654142743577
130.899750747131 277.8257176989983
131.88492181586588 277.9972926544196
132.87009288460075 278.1688676098409
133.85526395333562 278.3404425652622
134.8404350220705 278.5120175206835
135.82560609080534 278.6835924761048
136.81077715954018 278.8551674315261
137.79594822827505 279.0267423869474
138.78111929700992 279.1983173423687
139.7663013164186 279.3698294079321
140.75154979488485 279.5409592874971
141.7370097734939 279.7108669993875
142.7229379140328 279.8780366787361
143.70967245553152 280.0403787392545
144.6975545074093 280.19558521971754
145.686837647584 280.34159504324356
146.67762941748782 280.4769895360816
147.6698855438516 280.6011981496862
148.6634472875131 280.7144900802563
149.65809610788034 280.81780379736136
150.65360242635188 280.9124989391757
151.64975735132398 281.0001081022456
152.6463872024209 281.08213821807243
153.6433559988444 281.159940653496
154.64056160624642 281.2346465874369
155.63792959284913 281.30715244444207
156.63540699103956 281.3781372322437
157.63295687703913 281.4480959696699
158.63055400204698 281.5173778300384
159.62818142011076 281.5862221088665
160.62582796379158 281.6547886742008
161.6234864034082 281.72318193309195
162.6211521379049 281.7914686976307
163.6188222863433 281.8596909441116
164.61649497160158 281.927876082445
165.61416860367908 281.99604736567545
166.6118411945393 282.0642338852103
167.60950994375355 282.13247659061756
168.60717129597418 282.2008273498327
169.60482143942278 282.26934151827226
170.60245700359107 282.33806764944956
171.6000756639262 282.40703871984294
172.59767645872853 282.4762677181731
173.59525977491646 282.54574812737974
174.59282636951843 282.61546820579497
175.59037477962713 282.6854479849431
176.58789789219486 282.75578744679194
177.58538073550693 282.82669567831715
178.58279972379205 282.898496526559
179.58012166553613 282.97163300525335
180.57729974838566 283.04670544416786
181.57426277667324 283.12458175781745
182.57089695847333 283.20655924050413
183.56701892458318 283.29454235611956
184.56233195364754 283.39124796182426
185.55635140012197 283.5004511670458
186.54828489494196 283.62721055271095
187.53685995270112 283.77793996316717
188.5201107073289 283.9601978944729
189.4951697447687 284.1821435488728
190.45815017050614 284.45171487458555
191.40422052777663 284.77567610543593
192.32794361763763 285.1587370056302
193.22386577524026 285.6029480900446
194.08723818715117 286.1075153089076
194.9146821838935 286.6690635546132
195.70461916464978 287.2822515897489
196.4573702267467 287.9405568673459
197.17494326254533 288.6370401322523
197.86060988540856 289.36495584323217
198.51840263785516 290.11815481749375
199.15264214912176 290.89129144341973
199.76756029254528 291.6798823873752
200.36704261002097 292.48027038768123
200.95448329287746 293.28953761432837
201.53273052085882 294.10539921002453
202.10409550959048 294.926095286323
202.6704007074897 295.75029090802474
203.2330476049203 296.5769882340224
203.79309027218432 297.40545199958115
204.35130579387607 298.23514798688154
204.90825673629644 299.06569337861947
205.46434362212807 299.8968175422714
206.0198472271535 300.72833167011515
206.57496156340255 301.56010572218145
207.12981889731148 302.3920512366278
207.68450827517006 303.22410874310856
208.23908894876007 304.0562387068044
208.79359991687744 304.888415122138
209.34806658710497 305.7206210531471
209.9025053530139 306.5528455750505
210.45692669424994 307.3850817052336
211.0113372494302 308.2173250207999
211.56574118631448 309.04957274519876
212.12014109797855 309.8818231509943
212.67453858318615 310.71407517315794
213.22893461866295 311.5463281610454
213.78332979562978 312.378581720819
214.3377244686573 313.21083561628524
214.8921188484344 314.0430897070962
215.44651305901203 314.875343910617
216.0009071727734 315.7075981786305
216.55530123158195 316.5398524832501
217.10969525944205 317.3721068084855
217.66408927000327 318.2043611452444
218.21848327096484 319.0366154883979
218.77287726663607 319.8688698350755
219.32727125941102 320.70112418368234
219.88166525061047 321.5333785333387
220.43605924095786 322.3656328835626
220.99045323084715 323.1978872340917
221.54484722049153 324.0301415847839
222.09924121000557 324.862395935563
222.65363519945066 325.69465028638797
223.20802918885937 326.5269046372372
223.76242317824898 327.3591589880991
224.31681716762864 328.1914133389677
224.87121115700313 329.0236676898398
225.42560514637495 329.8559220407136
225.97999913574535 330.6881763915884
226.53439312511506 331.52043074246365
227.08878711448432 332.3526850933391
227.64318110385344 333.1849394442147
228.19757509322247 334.0171937950904
228.75196908259147 334.8494481459661
229.3063630719604 335.6817024968418
229.8607570613293 336.51395684771757
230.41515105069826 337.3462111985933
230.96954504006717 338.1784655494691
231.52393902943612 339.01071990034484
232.07833301880507 339.84297425122054
232.63272700817402 340.67522860209624
233.18712099754296 341.507482952972
233.74151498691185 342.33973730384776
234.29590897628077 343.17199165472346
234.8503029656497 344.0042460055992
235.40469695501864 344.83650035647497
235.95909094438755 345.66875470735073
236.51348493375647 346.5010090582265
237.0678789231254 347.33326340910224
237.62227291249434 348.165517759978
238.17666690186326 348.99777211085376
238.73106089123218 349.8300264617295
239.28545488060112 350.6622808126052
239.83984886997007 351.4945351634809
240.39424285933896 352.3267895143567
240.94863684870785 353.15904386523243
241.50303083807677 353.9912982161082
242.05742482744571 354.8235525669839
242.6118188168146 355.65580691785965
243.16621280618355 356.48806126873535
243.72060679555247 357.3203156196111
244.2750007849214 358.15256997048687
244.82939477429034 358.98482432136257
245.38378876365925 359.8170786722383
245.93818275302817 360.6493330231141
246.49257674239712 361.4815873739898
247.04697073176604 362.3138417248655
247.60136472113493 363.14609607574124
248.1557587105039 363.978350426617
248.71015269987285 364.81060477749276
249.2645466892418 365.64285912836846
249.81894067861074 366.4751134792442
250.3733346679797 367.3073678301199
250.9277286573486 368.1396221809956
251.48212264671758 368.9718765318714
252.0365166360865 369.80413088274713
252.59091062545542 370.6363852336229
253.14530461482437 371.46863958449865
253.69969860419332 372.3008939353744
254.25409259356223 373.13314828625016
254.80848658293115 373.9654026371259
255.36288057230007 374.7976569880017
255.917274561669 375.62991133887743
256.4716685510379 376.4621656897532
257.0260625404068 377.29442004062895
257.58045652977574 378.1266743915047
258.13485051914466 378.9589287423804
258.6892445085135 379.79118309325617
259.24363849788244 380.6234374441319
259.79803248725136 381.4556917950077
260.35242647662034 382.28794614588344
260.90682046598926 383.12020049675914
261.4612144553582 383.9524548476349
262.0156084447271 384.78470919851065
262.570002434096 385.6169635493864
263.12439642346493 386.44921790026217
263.67879041283385 387.2814722511379
264.2331844022028 388.11372660201357
264.78757839157174 388.9459809528893
265.34197238094066 389.778235303765
265.8963663703096 390.6104896546407
266.4507603596785 391.4427440055164
267.0051543490474 392.27499835639213
267.55954833841633 393.1072527072679
268.11394232778525 393.93950705814365
268.4689043321488 394.4723747987615
269.2184252243197 393.8103941100805
269.9679461164952 393.1484134213951
270.71746700867084 392.4864327327098
271.4669879008464 391.82445204402444
272.216508793022 391.16247135533916
272.9660296851976 390.50049066665383
273.7155505773733 389.83850997796856
274.4650714695489 389.1765292892832
275.21459236172456 388.514548600598
275.9641132539002 387.85256791191273
276.71363414607583 387.1905872232274
277.46315503825144 386.5286065345421
278.2126759304271 385.86662584585684
278.96219682260266 385.20464515717146
279.7117177147783 384.54266446848624
280.4612386069539 383.88068377980096
281.21075949912955 383.21870309111574
281.9602803913052 382.55672240243047
282.7098012834809 381.8947417137452
283.4593221756565 381.2327610250599
284.20884306783216 380.57078033637464
284.9583639600078 379.90879964768936
285.70788485218344 379.2468189590041
286.45740574435905 378.5848382703188
287.2069266365347 377.92285758163354
287.9564475287103 377.26087689294826
288.705968420886 376.598896204263
289.4554893130616 375.9369155155777
290.2050102052372 375.2749348268924
290.9545310974128 374.6129541382071
291.7040519895885 373.9509734495218
292.45357288176416 373.28899276083655
293.2030937739398 372.6270120721514
293.95261466611544 371.96503138346606
294.7021355582911 371.3030506947808
295.4516564504667 370.6410700060955
296.2011773426423 369.9790893174102
296.9509376657583 369.3173798208175
297.7012445729401 368.65629015591924
298.4576519916655 368.0021893862383
299.2480609057149 367.38960980072204
300.0961806398324 366.85980519843883
300.9797740127897 366.39155019177474
301.8979668643476 365.9954165181897
302.84694479993846 365.68007404125115
303.82055992855607 365.45187767553307
304.81104936540726 365.3142888842518
305.8099564678869 365.2675491729159
306.8091058674176 365.30878601830136
307.8014188363517 365.4325396917227
308.78141370556875 365.63156244496497
309.745351847393 365.89768884113107
310.691094597273 366.2226052166025
311.61778912973284 366.5984206546955
312.52549950329256 367.01801793511106
313.41486571168946 367.47521345932546
314.28683292777396 367.9647777289304
315.1417786768052 368.48349515317364
315.979812372835 369.02911363189173
316.80128050034705 369.5993680623716
317.6069679083347 370.191709012003
318.39806325259497 370.80340187307763
319.19502207616983 371.4074355091661
319.9973564116157 372.0043103822883
320.80457197222074 372.5945671388926
321.61615472403776 373.1788046222443
322.43158209186777 373.75766402468486
323.2503369576466 374.3318072731547
324.0719139503597 374.9019048481754
324.89581742553275 375.4686349987742
325.7215563102422 376.0326875621748
326.5486423262373 376.5947629326949
327.3765960545077 377.1555593519446
328.20496161035146 377.71574727210316
329.03332685431263 378.2759356534511
329.8612030233867 378.83684656320355
330.68790752050313 379.39948292396184
331.5126077841986 379.965052968307
332.3345101976307 380.5346812881741
333.15306309339724 381.1091124475241
333.9680527068663 381.6885880120974
334.77956923613954 382.27291747628374
335.5880953979721 382.8613777091222
336.39455408860226 383.45266814563126
337.2299938153004 384.00225022599284
338.0867843696332 384.51791479332906
338.9562867740658 385.0118435014297
339.8237175383145 385.5094014068386
340.69004934896793 386.00887031863397
341.5563811596213 386.50833923042927
342.40941578788534 387.0301935424575
343.20306499504426 387.6385691961255
343.97655190658617 388.27238146933684
344.75556393651556 388.8993904463263
345.547342475125 389.51019871886155
346.34614775681257 390.1117883812959
347.1524301524731 390.7033191906777
347.96330936894543 391.2885327382765
348.78395309284997 391.859972917487
349.61521958371304 392.41584702298957
350.46211123874957 392.94761250196444
351.4406527668889 393.1536621991416
352.39871365822296 393.44022690125297
353.2915050144519 393.8906973156454
354.15442256675516 394.39604204741465
355.0082160394174 394.91665390478965
355.8577717247956 395.44415285023086
356.7042452451949 395.97658367133624
357.5479976900936 396.5133162041004
358.38853644996533 397.05506761679203
359.2252784874909 397.6026648799677
360.05817209293605 398.1560980213756
360.8878171224447 398.71438927601935
361.39285773430964 399.5774848561071
362.13296347028853 400.2499753761676
362.97660316994126 400.7868851052374
363.8653071618372 401.24536652774884
364.8619195324598 401.3276087475762
365.84833882128834 401.49185547243565
366.8064721173242 401.7781779951745
367.74834465600725 402.1141484118406
368.68463090669036 402.4653863038478
369.6178804668511 402.8246150032302
370.54781089036726 403.19235051609104
371.4710354164646 403.5766114618199
372.38807714947006 403.9754027103777
373.2977667748576 404.3906915080382
374.19827362188 404.8255333395882
375.0877795634799 405.2824569435512
375.9646463200399 405.7631904364971
376.8274823386118 406.26867436804685
377.66889369071407 406.8090695350805
378.4933423601941 407.375006273058
379.30336657901086 407.9614026960777
380.0995811139693 408.5664170879073
380.8819775049868 409.1891978577797
381.65065655468084 409.82883253363883
382.4068317914939 410.48320170408516
383.1483592412501 411.15412423408253
383.86651034148235 411.8500114355995
384.5833702569076 412.5472286626217
385.3074893134467 413.2369036527126
386.03160836998575 413.9265786428035
386.70930786149995 414.66191761171604
387.39231186028564 415.39233224577174
388.07764523378 416.1205617200276
388.76412289349116 416.8477126140774
389.4512506483168 417.574249226058
390.13879557956346 418.3003910631098
390.8266212813438 419.0262669505522
391.5146231173361 419.751975896116
392.2027128244304 420.4776015261697
392.8908025315248 421.20322715622336
393.07524730066956 421.3977335562478
393.28928741989444 421.62515520485385
393.2904082995969 421.624631784488
393.2892061071022 421.6250688084839
393.28928741989444 421.62515520485385
393.29040829958893 421.6246317844916
394.2302360937442 421.28298325554226
395.1050421352734 420.7985099438892
396.00945906576965 420.37186018608816
396.9135796120316 419.9445827143827
397.81805686435155 419.51806085089174
398.7230129063607 419.0925557839053
399.628361664697 418.66788694141883
400.53398556139274 418.2438051595257
401.439788187093 417.82010526186866
402.3457020350422 417.39664322095615
403.25168325404604 416.9733253370766
404.1577045450977 416.55009322562825
405.063749361486 416.1269114789804
405.9698078532789 415.70375901301816
406.87587423257236 415.2806234362652
407.7819451316202 414.8574975378631
408.68801860614883 414.4343771545728
409.5940935409742 414.0112598983882
410.5001693000471 413.5881444072744
411.4062455224087 413.1650299082662
412.31232200415013 412.7419159647059
413.218398630569 412.3188023309651
414.1244753374009 411.8956888694246
415.03055208877504 411.4725755032693
415.9366288647424 411.0494621897791
416.84270565424583 410.62634890527596
417.74878245117765 410.2032356366801
418.654859252174 409.7801223767884
419.5609360553883 409.3570091216464
420.4670128598099 408.9338958690897
421.37308966488666 408.51078261793594
422.2791664703184 408.0876693675423
423.1852432759418 407.6645561175591
424.0913200816685 407.2414428677971
424.99739688745086 406.81832961815434
425.9034736932631 406.3952163685755
426.8095504990912 405.9721031190307
427.71562730492786 405.5489898695042
428.62170411076914 405.12587661998765
429.52778091661287 404.70276337047625
430.43385772245784 404.2796501209676
431.3399345283035 403.85653687146043
432.2460113341495 403.433423621954
433.1520881399957 403.01031037244803
434.0581649458421 402.5871971229425
434.9642417516884 402.1640838734367
435.87031855753474 401.74097062393105
436.77639536338114 401.3178573744255
437.68247216922765 400.89474412492
438.588548975074 400.47163087541435
439.4946257809205 400.04851762590897
440.4007025867669 399.62540437640337
441.30677939261335 399.2022911268979
442.21285619845975 398.7791778773923
443.11893300430614 398.3560646278867
444.0250098101526 397.9329513783813
444.93108661599905 397.50983812887574
445.83716342184556 397.08672487937025
446.74324022769184 396.6636116298645
447.6493170335383 396.240498380359
448.55539383938475 395.81738513085355
449.205181664037 395.513951871991
449.59076791379636 394.5912800755405
449.9804856385875 393.6703457157821
450.37209890872515 392.7502158082951
450.76658707309605 391.8313147863285
451.164899891703 390.9140651482619
451.56792262324007 389.998875180078
451.9764581527502 389.08613276234564
452.3912289741388 388.1762068501283
452.8128951229602 387.26945569411134
453.24208050042307 386.36623926834613
453.6793994351312 385.4669327859133
454.1254769102276 384.57193843609224
454.580958516912 383.6816932417934
455.04650893215364 382.79667187997876
455.52279995175854 381.9173841769806
456.0104905707269 381.0443676478299
456.5102022776413 380.17817586192297
457.02249276207147 379.3193636242585
457.5478308360159 378.46847003040295
458.0865747525796 377.62600045091324
458.6389554227592 376.7924084672594
459.205065366772 375.96807872056223
459.78485361088326 375.153311519461
460.37812617718623 374.3483098660016
460.9845513908359 373.55316933738425
461.60366882650715 372.7678709222274
462.2349002962965 371.99227642021776
462.87756061961863 371.2261251891756
463.5308651699335 370.4690299742007
464.19393379632123 369.7204713614653
464.8657996108343 368.9797984732827
465.5454461057334 368.24625867070114
466.23189373277387 367.519079425033
466.92436641447387 366.7976353280309
467.6226781067262 366.0818415166133
468.3274095863387 365.3723673862582
469.03975776498726 364.67054114538644
469.7612913595809 363.9781617177077
470.49339117761673 363.2969643480475
471.2379278883581 362.62938282766333
471.99557562989816 361.9767191319216
472.7785322468162 361.35464282147063
473.56439932075 360.7362473637685
474.35067763224066 360.11837487135654
475.1119651998515 359.4699604672898
475.97107817852225 358.9581744867477
