0.45105712306554924
150721
1084
0.0 100.0
0.0 101.0
0.0 102.0
0.0 103.0
0.0 104.0
0.0 105.0
0.0 106.0
0.0 107.0
0.0 108.0
0.0 109.0
0.0 110.0
0.0 111.0
0.0 112.0
0.0 113.0
0.0 114.0
0.0 115.0
0.0 116.0
0.0 117.0
0.0 118.0
0.0 119.0
0.0 120.0
0.0 121.0
0.0 122.0
0.0 123.0
0.0 124.0
0.0 125.0
0.0 126.0
0.0 127.0
0.0 128.0
0.0 129.0
0.0 130.0
0.0 131.0
0.0 132.0
0.0 133.0
0.0 134.0
0.0 135.0
0.0 136.0
0.0 137.0
0.0 138.0
0.0 139.0
0.0 140.0
0.0 141.0
0.0 142.0
0.0 143.0
0.0 144.0
0.0 145.0
0.0 146.0
0.0 147.0
0.0 148.0
0.0 149.0
0.0 150.0
0.0 151.0
0.0 152.0
0.0 153.0
0.0 154.0
0.0 155.0
0.0 156.0
0.0 157.0
0.0 158.0
0.0 159.0
0.0 160.0
0.0 161.0
0.0 162.0
0.0 163.0
0.0 164.0
0.0 165.0
0.0 166.0
0.0 167.0
0.0 168.0
0.0 169.0
0.0 170.0
0.0 171.0
0.0 172.0
0.0 173.0
0.0 174.0
0.0 175.0
0.0 176.0
0.0 177.0
0.0 178.0
0.0 179.0
0.0 180.0
0.0 181.0
0.0 182.0
0.0 183.0
0.0 184.0
0.0 185.0
0.0 186.0
0.0 187.0
0.0 188.0
0.0 189.0
0.0 190.0
0.0 191.0
0.0 192.0
0.0 193.0
0.0 194.0
0.0 195.0
0.0 196.0
0.0 197.0
0.0 198.0
0.0 199.0
0.0 200.0
0.0 201.0
0.0 202.0
0.0 203.0
0.0 204.0
0.0 205.0
0.0 206.0
0.0 207.0
0.0 208.0
0.0 209.0
0.0 210.0
0.0 211.0
0.0 212.0
0.0 213.0
0.0 214.0
0.0 215.0
0.0 216.0
0.0 217.0
0.0 218.0
0.0 219.0
0.0 220.0
0.0 221.0
0.0 222.0
0.0 223.0
0.0 224.0
0.0 225.0
0.0 226.0
0.0 227.0
0.0 228.0
0.0 229.0
0.0 230.0
0.0 231.0
0.0 232.0
0.0 233.0
0.0 234.0
0.0 235.0
0.0 236.0
0.0 237.0
0.0 238.0
0.0 239.0
0.0 240.0
0.0 241.0
0.0 242.0
0.0 243.0
0.0 244.0
0.0 245.0
0.0 246.0
0.0 247.0
0.0 248.0
0.0 249.0
0.0 250.0
0.0 251.0
0.0 252.0
0.0 253.0
0.0 254.0
0.0 255.0
0.0 256.0
0.0 257.0
0.0 258.0
0.0 259.0
0.0 260.0
0.0 261.0
0.0 262.0
0.0 263.0
0.0 264.0
0.0 265.0
0.0 266.0
0.0 267.0
0.0 268.0
0.0 269.0
0.0 270.0
0.0 271.0
0.0 272.0
0.0 273.0
0.0 274.0
0.0 275.0
0.0 276.0
0.0 277.0
0.0 278.0
0.0 279.0
0.0 280.0
0.0 281.0
0.0 282.0
0.0 283.0
0.0 284.0
0.0 285.0
0.0 286.0
0.0 287.0
0.0 288.0
0.0 289.0
0.0 290.0
0.0 291.0
0.0 292.0
0.0 293.0
0.0 294.0
0.0 295.0
0.0 296.0
0.0 297.0
0.0 298.0
0.0 299.0
0.0 300.0
0.0 301.0
0.0 302.0
0.0 303.0
0.0 304.0
0.0 305.0
0.0 306.0
0.0 307.0
0.0 308.0
0.0 309.0
0.0 310.0
0.0 311.0
0.0 312.0
0.0 313.0
0.0 314.0
0.0 315.0
0.0 316.0
0.0 317.0
0.0 318.0
0.0 319.0
0.0 320.0
0.0 321.0
0.0 322.0
0.0 323.0
0.0 324.0
0.0 325.0
0.0 326.0
0.0 327.0
0.0 328.0
0.0 329.0
0.0 330.0
0.0 331.0
0.0 332.0
0.0 333.0
0.0 334.0
0.0 335.0
0.0 336.0
0.0 337.0
0.0 338.0
0.0 339.0
0.0 340.0
0.0 341.0
0.0 342.0
0.0 343.0
0.0 344.0
0.0 345.0
0.0 346.0
0.0 347.0
0.0 348.0
0.0 349.0
0.0 350.0
0.0 351.0
0.0 352.0
0.0 353.0
0.0 354.0
0.0 355.0
0.0 356.0
0.0 357.0
0.0 358.0
0.0 359.0
0.0 360.0
0.0 361.0
0.0 362.0
0.0 363.0
0.0 364.0
0.0 365.0
0.0 366.0
0.0 367.0
0.0 368.0
0.0 369.0
0.0 370.0
0.0 371.0
0.0 372.0
0.0 373.0
0.0 374.0
0.0 375.0
0.0 376.0
0.0 377.0
0.0 378.0
0.0 379.0
0.0 380.0
0.0 381.0
0.0 382.0
0.0 383.0
0.0 384.0
0.0 385.0
0.0 386.0
0.0 387.0
0.0 388.0
0.0 389.0
0.0 390.0
0.5787804798379022 390.8154833880335
1.157560959675786 391.630966776067
1.7363414395136703 392.44645016410055
2.3151219193515975 393.26193355213405
2.893902399189518 394.07741694016755
3.472682879027441 394.892900328201
4.05146335886533 395.7083837162345
4.630243838703248 396.523867104268
5.235996662549628 397.31951999114904
5.858272140220605 398.10231832398415
6.483817495415126 398.8825061273973
7.111807219211073 399.66072775830116
7.74142249076913 400.4376348375718
8.372051948693366 401.21371890956283
9.005003916135333 401.987909975716
9.640874207206299 402.75970591567244
10.279502416225583 403.5292213545331
10.920367794032199 404.29687464054757
11.562885162004623 405.0631457621839
12.206547466541846 405.82845539737605
12.85096788949657 406.5931267767795
13.497187425356431 407.3562783419834
14.145674929157881 408.1175036420184
14.796306914991373 408.87689683332997
15.448678698138824 409.6347959404366
16.10233522438758 410.3915872892854
16.756882124905857 411.14760868780655
17.413352191748793 411.9019607616681
18.072193945251293 412.6542423205553
18.733258988974455 413.40457092054817
19.39611970029678 414.1533136516549
20.060302818095543 414.9008835721514
20.72540075966478 415.6476397091334
21.392731424052283 416.39240127122434
22.062881745776934 417.13462667249564
22.73569656054631 417.87443761120016
23.410671085707477 418.6122786444746
24.08860675632062 419.3473998770005
24.769687687527703 420.07960802032187
25.4535314128233 420.8092365281077
26.139529521632547 421.53683985046825
26.82708024185032 422.2629762062087
27.517629495234168 422.98626157772605
28.211766661899755 423.7061043340649
28.90922320932126 424.4227314089503
29.610830270645728 425.1352954632638
30.316605240785886 425.8437315517881
31.02592756627695 426.54861582495636
31.737962454244496 427.25075991153483
32.45406187882954 427.9487582024417
33.17464315071619 428.64212868826166
33.89922676819016 429.33131558692435
34.62891761987617 430.0150927881864
35.44602217207138 430.59158229440646
36.26312672426659 431.1680718006265
37.08023127646182 431.74456130684666
37.89733582865702 432.3210508130667
38.71444038085224 432.89754031928675
39.531544933047456 433.4740298255068
40.34864948524266 434.05051933172683
41.16575403743788 434.62700883794696
41.98285858963309 435.203498344167
42.7999631418283 435.7799878503871
43.61706769402352 436.3564773566071
44.434172246218736 436.93296686282724
45.25127679841395 437.50945636904737
46.06838135060916 438.0859458752673
46.885485902804376 438.6624353814874
47.70259045499958 439.2389248877075
48.5339113767305 439.79471758745484
49.36523229846143 440.35051028720227
50.19655322019235 440.9063029869496
51.02787414192327 441.4620956866969
51.85919506365419 442.0178883864443
52.69051598538512 442.57368108619164
53.539119587974454 443.10271031569835
54.38772319056379 443.63173954520494
55.23632679315312 444.16076877471164
56.1091600689312 444.64878729146534
56.996468866644406 445.1099630686921
57.88377766435762 445.57113884591894
58.79120848875242 445.9913403439389
59.70679985567938 446.3934503398465
60.62758302922145 446.7835251369326
61.552285338945424 447.164216138128
62.480286428007645 447.53679361825704
63.411226995111875 447.90196434616337
64.34484204019151 448.26024209819514
65.28089651737697 448.61209720436955
66.21916514149945 448.9580046905379
67.15942912619661 449.2984509257666
68.10147829422714 449.6339257609078
69.04511409330182 449.964911377974
69.99015200360932 450.29187215250454
70.93642297991701 450.61524691867794
71.88377399274981 450.9354438244792
72.8320678619822 451.2528374878946
73.78118259088478 451.56776800623186
74.7310103817425 451.8805413550235
75.6814564756299 452.1914307607841
76.63243792121472 452.50067870362835
77.58388234529454 452.8084992810552
78.53572633953752 453.11508207676235
79.48791313396612 453.4205985387014
80.44038984433057 453.72520995709095
81.39310507332414 454.0290745526655
82.34600760430808 454.332351268627
83.29904647412006 454.6351992711423
84.25217219836202 454.93777381367386
85.20533860769866 455.2402201661272
86.15850470312658 455.54266750786906
87.11163607985593 455.8452242441914
88.06470568853241 456.14797549690104
89.0176939064416 456.45098285081554
89.97058803196286 456.75428597567094
90.92338138348137 457.0579055226407
91.87607219280073 457.36184667128373
92.8286624547067 457.6661028017428
93.78115684936081 457.97065891833296
94.73356180771769 458.2754946040675
95.68588475086358 458.5805864131316
96.63813350554263 458.88590969952196
97.59031588016975 459.19143993607713
98.54243937649522 459.49715360561936
99.49451100932843 459.8030287532765
100.4465372080057 460.10904528392825
101.39852377671617 460.4151850771516
102.3504758950486 460.721431978201
103.30239814435305 461.0277717100008
104.25429454927428 461.3341917392059
105.20616862692216 461.64068111961245
106.15802343857422 461.94723032860634
107.1098616406243 462.2538311066844
108.06168553279969 462.56047630603393
109.01349710257644 462.8671597513634
109.96529806532962 463.1738761143147
110.91708959763268 463.4806217402594
111.86887150152054 463.78739724031044
112.82064097920605 464.09421129042266
113.77239156762272 464.4010839308592
114.7241127740643 464.708047683132
115.67579064029157 465.0151457764721
116.62740909041686 465.32242793570225
117.57895168107805 465.62994492410746
118.53040332684395 465.9377431790885
119.48175167197705 466.24586056940024
120.43298793867054 466.55432380047813
121.3841072324192 466.8631475188986
122.33510839007718 467.17233483774123
123.28599350725639 467.4818788474185
124.23676728862003 467.7917646597292
125.18743634355076 468.101971603554
126.13800851611526 468.4124752987751
127.08849230353495 468.723249444824
128.03889638803525 469.0342672516536
128.98922928556735 469.3455025065143
129.93949868452972 469.6569315825424
130.88971009471527 469.96853754518304
131.83986503301315 470.2803156605602
132.78995948472135 470.5922780506544
133.73998337220192 470.9044552650957
134.7281931949709 471.057560935085
135.72765915582943 471.0248838317072
136.71311248056733 470.85493753206225
137.68096876939347 470.6034336470431
138.636386620603 470.3081765902432
139.58460344775756 469.9905528368794
140.52901819848148 469.6617964245996
141.47152065585942 469.3275972058145
142.4130880004016 468.99077242096075
143.35420602191058 468.6526942205529
144.29511062396693 468.3140225066038
145.23591466023203 467.9750715288101
146.1766715771791 467.63598979350684
147.1174065083975 467.2968470666417
148.05813121295213 466.9576759737688
148.9988511717417 466.61849171833387
149.9395689321746 466.27930136586775
150.88028567568128 465.9401081930499
151.82100194927642 465.60091371698456
152.76171800591032 465.2617186392031
153.70243396243657 464.9225232837854
154.6431498727956 464.5833278003287
155.58386576187178 464.24413225784673
156.5245816411397 463.9049366881628
157.4652975158885 463.56574110594573
158.40601338855558 463.2265455179553
159.34672926026388 462.88734992730565
160.2874451315306 462.54815433543143
161.22816100259396 462.2089587429932
162.1688768735637 461.86976315029534
163.10959274449033 461.5305675574779
164.0503086153971 461.1913719646055
164.99102448629475 460.8521763717077
165.93174035718818 460.51298077879824
166.87245622807967 460.1737851858834
167.81317209897026 459.83458959296604
168.75388796986044 459.4953940000476
169.69460384075043 459.1561984071286
170.63531971164034 458.81700281420933
171.57603558253024 458.47780722129005
172.5167514534201 458.1386116283707
173.45746732430996 457.79941603545126
174.3981831951998 457.4602204425318
175.33889906608965 457.1210248496123
176.27961493697947 456.7818292566928
177.22033080786935 456.44263366377345
178.1610466787592 456.10343807085394
179.10176254964904 455.76424247793454
180.0424784205389 455.4250468850152
180.9831942914288 455.0858512920958
181.9239101623186 454.74665569917636
182.86462603320842 454.40746010625685
183.8053419040983 454.06826451333745
184.74605777498812 453.729068920418
185.68677364587796 453.38987332749855
186.65356601494912 453.6454364608057
186.87568770206533 454.62045541247414
186.97957975510434 455.6150439913928
187.01568580084887 456.6143919555478
187.01830561310896 457.6143885238337
187.0054518606472 458.61430591094506
186.98569445070046 459.6141107142703
186.96292306270502 460.613851412596
186.93885560161488 461.61356174930194
186.91423709447957 462.613258667926
186.88938637892397 463.6129498412072
186.8644385124055 464.6126385947481
186.83945023950918 465.61232633910515
186.81444524366447 466.6120136653141
186.78943335539378 467.6117008191003
186.76441863639795 468.6113879020586
186.73940275833183 469.61107495601334
186.71438640690755 470.6107619981227
186.68936986260243 471.6104490354054
186.66435323985775 472.61013607072516
186.63933658583682 473.6098231052623
186.62235973038887 474.2882328663896
186.59734305335033 475.2879199003507
186.59137762302413 475.5263034130741
186.6163943045856 474.52661637427013
186.59137762313176 475.52630340877374
186.59137762302413 475.5263034130741
187.57901269534358 475.3695329951868
188.566647767663 475.2127625772993
189.55428283998245 475.055992159412
190.54191791230187 474.89922174152457
191.52955298462132 474.74245132363717
192.51718805694077 474.5856809057499
193.50482312926016 474.42891048786237
194.4924582015796 474.272140069975
195.48009327389903 474.1153696520877
196.46772834621848 473.9585992342003
197.4553634185379 473.8018288163128
198.44299849085738 473.6450583984256
199.43063356317677 473.48828798053813
200.41826863549622 473.33151756265073
201.40590370781564 473.17474714476333
202.3935387801351 473.01797672687593
203.38117385245454 472.8612063089886
203.81116120634448 472.7929530654122
204.79879627861516 472.6361826472176
205.78643135094137 472.4794122293729
206.77406642327543 472.3226418115777
207.76170149560625 472.1658713937619
208.74933656793286 472.00910097591964
209.7369716402564 471.85233055805804
210.72460671257807 471.69556014018474
211.7122417848987 471.53878972230484
212.69987685721878 471.3820193044214
213.68751192953854 471.225248886536
214.67514700185814 471.0684784686496
215.66278207417764 470.9117080507627
216.65041714649712 470.75493763287557
217.63805221881657 470.5981672149883
218.62568729113602 470.441396797101
219.61332236345544 470.28462637921365
220.6009574357749 470.1278559613263
221.58859250809434 469.9710855434389
222.57622758041379 469.8143151255515
223.56386265273323 469.6575447076641
224.55149772505266 469.5007742897767
225.53913279737208 469.3440038718893
226.52676786969153 469.1872334540019
227.51440294201095 469.0304630361145
228.50203801433037 468.8736926182271
229.48967308664982 468.71692220033975
230.47730815896924 468.5601517824523
231.46494323128866 468.4033813645649
232.4525783036081 468.24661094667755
233.44021337592753 468.08984052879015
234.42784844824695 467.9330701109028
235.4154835205664 467.7762996930154
236.40311859288585 467.619529275128
237.39075366520527 467.4627588572406
238.3783887375247 467.3059884393532
239.36602380984414 467.1492180214658
240.3536588821636 466.9924476035784
241.341293954483 466.835677185691
242.32892902680243 466.6789067678036
243.31656409912188 466.5221363499162
244.30419917144133 466.3653659320288
245.29183424376075 466.2085955141414
246.27946931608017 466.051825096254
247.26710438839962 465.8950546783666
248.25473946071907 465.7382842604792
249.24237453303851 465.5815138425918
250.23000960535796 465.4247434247044
251.2176446776774 465.267973006817
252.20527974999686 465.11120258892964
253.1929148223163 464.95443217104224
254.18054989463576 464.79766175315484
255.1681849669552 464.6408913352675
256.15582003927466 464.4841209173801
257.1434551115941 464.3273504994927
258.13109018391356 464.1705800816053
259.118725256233 464.0138096637179
260.10636032855246 463.8570392458305
261.0939954008719 463.7002688279431
262.08163047319135 463.5434984100557
263.0692655455108 463.3867279921683
264.05690061783025 463.2299575742809
265.0445356901497 463.0731871563935
266.03217076246915 462.9164167385061
267.0198058347886 462.7596463206187
268.00744090710805 462.6028759027313
268.9950759794275 462.4461054848439
269.98271105174695 462.2893350669565
270.9703461240664 462.1325646490691
271.95798119638584 461.97579423118174
272.9456162687053 461.81902381329434
273.9332513410269 461.66225339540665
274.5789177344357 461.55976474028745
274.6368222578966 460.56144261483905
274.69472678135764 459.5631204893892
274.75263130481864 458.5647983639393
274.8105358282797 457.56647623848943
274.8684403517407 456.56815411303955
274.92634487520166 455.5698319875897
274.98424939866266 454.5715098621398
275.04215392212376 453.57318773668993
275.10005844558464 452.57486561124006
275.15796296904574 451.5765434857902
275.2158674925067 450.5782213603403
275.2737720159677 449.57989923489043
275.3316765394287 448.58157710944056
275.38958106288976 447.5832549839907
275.44748558635075 446.5849328585408
275.5053901098118 445.58661073309094
275.56329463327273 444.58828860764106
275.6211991567338 443.5899664821912
275.67910368019477 442.5916443567413
275.7370082036558 441.59332223129144
275.7949127271168 440.59500010584156
275.8528172505778 439.5966779803917
276.5420829830135 438.8721693537419
277.4582521979758 438.47137767524134
278.4194260601545 438.1954341906934
279.39088190175534 437.9582137282126
280.36510653879145 437.7326336834572
281.3401302564158 437.5105329178799
282.315389956304 437.28947066923917
283.2907198416145 437.0687182857407
284.26607064597675 436.8480583473063
285.2414276893333 436.62742598799605
286.2167865937913 436.40680185628213
287.19214605345024 436.18618017907465
288.16750567873873 435.96555923410995
289.14286535343865 435.7449385075922
290.11822504287926 435.5243178462427
291.0935847367174 435.3036972043345
292.06894443186746 435.08307656822626
293.04430412740885 434.8624559338482
294.01966382306705 434.6418352999864
294.99502351876004 434.4212146662785
295.9703832144634 434.20059403261666
296.94574291016994 433.97997339896847
297.9211026058773 433.75935276532425
298.896462301585 433.5387321316814
299.8718219972928 433.3181114980389
300.8471816930006 433.09749086439643
301.78617502025975 432.7535555051168
302.711260407073 432.37379633524125
303.63196771826017 431.98354251126716
304.5513578752809 431.5901956679172
305.4703566690828 431.19593532627647
306.3892395963111 430.80140501559265
307.3080882565023 430.40679490464163
308.22692678553085 430.01216120413864
309.1457623195241 429.61752053027027
310.0645969681312 429.2228777949778
310.9834313550043 428.82823445029874
311.902265664505 428.4335909254762
312.82109995113325 428.0389473474005
313.73993423100006 427.6443037535825
314.6587685088681 427.24966015511086
315.57760278614523 426.85501655526343
316.49643706324775 426.46037295500935
317.41527134029866 426.06572935463515
318.3341056173342 425.6710857542253
319.25293989436534 425.276442153805
320.1717741713951 424.88179855338154
321.0906084484245 424.4871549529572
322.00944272545377 424.09251135253254
322.928277002483 423.6978677521078
323.8471112795122 423.30322415168314
324.7659455565414 422.9085805512584
325.6847798335706 422.5139369508337
326.60274718727055 422.91059289436794
327.4399093445 423.4575476662668
328.2634568966863 424.0247949045041
329.08504139672783 424.5948816604383
329.9063478734368 425.1653688831838
330.72761507051246 425.73591265101186
331.54887672000075 426.30646440421197
332.37013758602376 426.87701728514344
333.19139834140157 427.44757032533886
334.0126590811535 428.01812338802637
334.83391981869875 428.5886764538903
335.65518055593225 429.15922952020287
336.47644129312175 429.7297825865787
337.29770203030506 430.30033565296355
338.11896276748746 430.8708887193497
338.94022350466975 431.44144178573595
339.76148424185203 432.01199485212226
340.5827449790343 432.58254791850857
341.40400571621655 433.15310098489493
342.22526645339883 433.7236540512812
343.04652719058106 434.2942071176675
343.86778792776335 434.8647601840538
344.68904866494563 435.4353132504402
345.51030940212786 436.0058663168265
346.33157013931014 436.5764193832128
347.15283087649243 437.1469724495991
347.9740916136747 437.7175255159854
348.79535235085694 438.2880785823717
349.61661308803923 438.85863164875803
350.43787382522146 439.42918471514434
351.2591345624038 439.9997377815306
352.08039529958603 440.570290847917
352.9016560367683 441.1408439143033
353.7229167739506 441.7113969806895
354.54417751113283 442.28195004707584
355.36543824831506 442.85250311346226
356.1866989854974 443.42305617984846
357.00795972267963 443.9936092462349
357.82922045986186 444.5641623126212
358.65048119704414 445.1347153790075
359.4717419342265 445.7052684453938
360.2930026714087 446.2758215117801
361.114263408591 446.84637457816643
361.9355241457733 447.41692764455274
362.75678488295557 447.98748071093905
363.57804562013786 448.55803377732536
364.39930635732014 449.1285868437117
365.2205670945024 449.699139910098
366.0418278316847 450.26969297648435
366.863088568867 450.84024604287066
367.6843493060492 451.4107991092569
368.50561004323146 451.9813521756432
369.3268707804137 452.55190524202953
370.14813151759597 453.12245830841584
370.9693922547782 453.6930113748022
371.7906529919605 454.26356444118846
372.61191372914277 454.83411750757483
373.4331744663251 455.40467057396114
374.2544352035074 455.9752236403475
375.0756959406897 456.5457767067338
375.8969566778719 457.1163297731201
376.7182174150542 457.68688283950644
377.5394781522365 458.25743590589275
378.36073888941877 458.82798897227906
379.18199962660105 459.39854203866537
380.0032603637833 459.9690951050517
380.8245211009655 460.539648171438
381.6457818381478 461.11020123782424
382.46704257533 461.6807543042106
383.28830331251237 462.2513073705969
384.10956404969465 462.82186043698334
384.930824786877 463.39241350336954
385.7520855240593 463.9629665697559
386.57334626124157 464.5335196361423
387.39460699842385 465.1040727025286
388.2158677356061 465.67462576891495
389.0371284727884 466.24517883530126
389.8583892099707 466.81573190168757
390.67964994715294 467.38628496807394
391.5009106843352 467.9568380344602
392.3221714215175 468.5273911008465
393.1434321586998 469.0979441672328
393.9646928958821 469.6684972336192
394.78595363306437 470.2390503000055
395.60721437024665 470.80960336639185
396.42847510742894 471.38015643277816
397.2497358446113 471.9507094991645
398.07099658179357 472.52126256555084
398.89225731897585 473.09181563193715
399.71351805615814 473.6623686983235
400.53477879334037 474.2329217647098
401.35603953052265 474.8034748310961
402.17730026770494 475.3740278974824
402.99856100488716 475.9445809638687
403.81982174206945 476.515134030255
404.64108247925174 477.0856870966413
405.462343216434 477.65624016302763
406.28360395361625 478.22679322941394
407.10486469079854 478.7973462958003
407.9261254279808 479.36789936218656
408.74738616516305 479.9384524285729
409.56864690234534 480.5090054949591
410.38990763952756 481.0795585613455
411.21116837670985 481.6501116277318
411.88945476469786 482.12133636919754
412.0141476678007 481.12914098525556
412.1388405709022 480.1369456013251
412.26353347400504 479.14475021738315
412.38822637710797 478.1525548334411
412.5129192802108 477.16035944949914
412.6376121833137 476.16816406555716
412.76230508641663 475.1759686816152
412.8869979895195 474.1837732976732
413.01169089262237 473.19157791373124
413.1363837957253 472.1993825297892
413.26107669882816 471.20718714584723
413.3857696019311 470.21499176190525
413.51046250503396 469.2227963779633
413.6351554081369 468.2306009940213
413.75984831123975 467.2384056100793
413.88454121434256 466.24621022613735
414.0092341174455 465.2540148421954
414.1339270205484 464.2618194582534
414.2586199236513 463.2696240743114
414.3833128267542 462.27742869036945
414.508005729857 461.2852333064275
414.63269863295994 460.2930379224855
414.75739153606287 459.3008425385435
414.88208443916574 458.30864715460154
415.00677734226855 457.31645177065957
415.1314702453715 456.3242563867176
415.25616314847434 455.3320610027756
415.3808560515773 454.3398656188337
415.5055489546801 453.3476702348917
415.63024185778306 452.35547485094975
415.754934760886 451.36327946700777
415.8796276639888 450.3710840830658
416.0043205670917 449.3788886991238
416.12901347019454 448.3866933151818
416.2537063732974 447.3944979312398
416.37839927640033 446.40230254729784
416.5030921795033 445.41010716335586
416.6277850826062 444.4179117794139
416.7524779857091 443.4257163954719
416.8771708888119 442.4335210115299
417.0018637919148 441.4413256275879
417.1265566950177 440.4491302436459
417.2512495981206 439.4569348597039
417.3759425012234 438.46473947576186
417.5006354043263 437.4725440918199
417.62532830742924 436.4803487078779
417.7500212105322 435.48815332393593
417.87471411363504 434.49595793999396
417.9994070167379 433.503762556052
418.1240999198408 432.51156717211
418.24879282294364 431.51937178816803
418.37348572604657 430.52717640422605
418.49817862914944 429.5349810202841
418.62287153225225 428.5427856363421
418.74756443535523 427.5505902524001
418.8722573384581 426.55839486845815
418.99695024156097 425.5661994845162
419.1216431446639 424.5740041005742
419.24633604776676 423.5818087166322
419.3710289508697 422.58961333269025
419.49572185397255 421.5974179487483
419.6204147570755 420.6052225648063
419.74510766017835 419.6130271808643
419.86980056328116 418.62083179692235
419.99449346638414 417.62863641298037
420.11918636948695 416.63644102903834
420.2438792725899 415.64424564509636
420.3685721756928 414.6520502611544
420.4932650787957 413.6598548772124
420.6179579818985 412.66765949327043
420.7426508850014 411.67546410932846
420.8673437881043 410.6832687253864
420.9920366912072 409.69107334144445
421.1167295943101 408.6988779575025
421.241422497413 407.7066825735605
421.366115400516 406.7144871896185
421.4908083036188 405.72229180567655
421.61550120672166 404.7300964217346
421.7401941098245 403.7379010377926
421.8648870129274 402.7457056538506
421.9895799160303 401.75351026990865
422.1142728191332 400.7613148859666
422.2389657222361 399.76911950202464
422.36365862533904 398.77692411808266
422.48835152844185 397.78472873414063
422.6130444315448 396.79253335019865
422.73773733464765 395.8003379662567
422.86243023775046 394.8081425823147
422.9871231408535 393.8159471983727
423.1118160439563 392.82375181443075
423.2365089470592 391.8315564304887
423.36120185016205 390.83936104654674
423.4858947532649 389.84716566260477
423.6105876563679 388.8549702786628
423.73528055947077 387.8627748947208
423.85997346257363 386.87057951077884
423.9846663656765 385.87838412683686
424.1093592687794 384.8861887428949
424.2340521718823 383.8939933589529
424.35874507498517 382.90179797501094
424.48343797808815 381.90960259106896
424.6081308811909 380.917407207127
424.7507337634046 379.9276272224919
424.9167290537546 378.9415006770721
425.11833771427706 377.9620345224745
425.378115672172 376.9963661463785
425.6851747958334 376.04467570585894
426.0351324262865 375.10791017655737
426.4241816053533 374.18669319002953
426.8476234991938 373.2807699247687
427.30005151780335 372.38896900080806
427.77593407625585 371.50946016596856
428.2701168596103 370.64010214039104
428.77812492875387 369.7787498305404
429.29628480559387 368.9234660518838
429.82172266580835 368.0726340737276
430.3522907833541 367.2249917714302
430.8864601375536 366.37961428117273
431.42320360878 365.5358687946094
431.9618841291457 364.69335867776897
432.502155329306 363.8518677210277
433.0438778232765 363.01131032291244
433.5870515695964 362.17169000317926
434.1317632007932 361.3330665842128
434.67814644070734 360.49553129830485
435.22635345599315 359.65918862428214
435.7765350172414 358.8241435658198
436.3288275393793 357.9904931774731
436.8833453390405 357.15832131429886
437.44016888840906 356.3276905089054
437.9993439305566 355.49864088901563
438.56089017910654 354.67119553689895
439.1248109281571 353.84536662677874
439.6910983447536 353.0211587878179
440.2597342705746 352.1985694711685
440.83068878019054 351.37758777347415
441.40391872700775 350.5581932237779
441.97936760102095 349.740355468843
442.5569673178617 348.9240353312098
443.136642270091 348.10918752348243
443.71831580297794 347.2957651847562
444.30191893697395 346.48372615737514
444.8874006209004 345.67304052299727
445.4747382594135 344.86369850729204
446.0639469548522 344.0557176206249
446.6550859702676 343.24914793085605
447.24826133682404 342.44407465188664
447.84362415949363 341.64061767769147
448.441364843791 340.83892816526435
449.0417040409885 340.0391826755564
449.64488150740453 339.24157566454915
450.2511442411526 338.44631124458033
450.8607351797988 337.6535950989643
451.47388345339897 336.8636272549471
452.0907967800001 336.07659615806347
452.71165617497627 335.29267421573127
453.3366128119245 334.51201474968076
453.96578666796574 333.73475014938424
454.5992665361334 332.96099097714375
455.23711107153747 332.1908258333887
455.87935067473063 331.42432189204834
456.5259901086597 330.6615260854999
457.1770117445145 329.9024669114898
457.83237925395855 329.1471567582646
458.4920414700084 328.39559454479445
459.15593611820486 327.6477684312519
459.8239932158236 326.90365841632047
460.49613809349853 326.1632387627352
461.1722941082861 325.42648029236204
461.85238512644077 324.6933526042849
462.53633777727396 323.9638262021456
463.2240833835419 323.2378744261582
463.9155594167202 322.5154750244835
464.61071032863566 321.79661119199295
465.30948767769075 321.0812719602661
466.0118495795608 320.36945192767257
466.71775962467314 319.66115043239705
467.42718547330094 318.9563703494643
468.14009734341994 318.2551167110114
468.8564664765188 317.55739522994384
469.57626340464503 316.86321054107486
470.2994555664435 316.17256367247035
471.02600389783163 315.4854483094074
471.7558585328527 314.801845931019
472.488954340256 314.1217205476023
473.2252077738269 313.44501464282905
473.9645170524269 312.77164862751795
474.7067661854796 312.10152459087806
475.4518311821273 311.4345327237835
476.19958581159835 310.7705575630247
476.949906497289 310.10948353644017
477.70267566009 309.4511989569945
478.45777855065774 308.7955926539008
479.21509665722954 308.14254649515055
479.9744892425259 307.49191380199954
480.73574779789885 306.84346533691416
481.4985101051051 306.1967863882036
482.26214456317246 305.55113755605714
483.0256346727462 304.90531803592546
483.78746129070214 304.2575370511985
484.5456011243833 303.6054450388368
485.2977194667775 302.9464169673298
486.0416056961667 302.2781106919402
486.77584975226125 301.5992250858991
487.5005943041649 300.9102074268468
488.21815003259985 300.21370633094654
488.9330094036017 299.5144380850703
489.65103654209327 298.8184229786325
490.3784178362106 298.1321894520774
491.1206831286871 297.46208331452544
491.8819016305267 296.8135878307654
492.66415762113434 296.19063071734706
493.4681941748394 295.59605084861107
494.291631115713 295.02864305486423
495.1302398544585 294.48390882305966
495.97946477228527 293.9558775371095
496.83368186072335 293.43596103821733
497.68789894916154 292.91604453932507
498.30976383297303 292.5375484666623
498.4699672769393 292.6012946129332
498.4672505434268 292.44169468402384
498.4699672769393 292.6012946129332
498.3097258103585 292.5375333371802
498.27339871480206 293.53687329041355
498.26693341316064 294.5368523901325
498.3082079504161 295.53600023333405
498.38113134529635 296.5333377782401
498.47212702884815 297.5291890651173
498.57139638759173 298.5242496634803
498.6723992979117 299.5191357937017
498.7710465809363 300.51425825528713
498.8649724764283 301.5098374465904
498.95296806352667 302.5059583110698
499.03456834950777 303.50262344707477
499.109763782065 304.49979226273365
499.1788057509022 305.4974060189234
499.24208015802213 306.4954021859519
499.3000277756311 307.4937218109285
499.3530968910239 308.49231265256054
499.4017180126194 309.49112994643104
499.4462925811077 310.4901360063947
499.4871894891838 311.489299377876
499.5247452596139 312.488593911088
499.5592655873379 313.48799790696444
499.59102725354313 314.48749337796966
499.62028012056135 315.48706542128184
499.6472491820463 316.4867016899929
499.6721366806398 317.48639194822977
499.69512426720644 318.4861276987478
499.7163751396225 319.48590187346
499.73603608891455 320.48570857831504
499.75423939275487 321.4855428844524
499.7711043227932 322.4854006614061
499.78673891863144 323.4852784336428
499.8012424901773 324.48517325131735
499.81470850794824 325.4850825803895
499.82722711373174 326.4850042195739
499.83888664089227 327.4849362449768
499.8497739688007 328.48487697626587
499.85997392247947 329.48482495538525
499.869568120313 330.48477893001
499.87863367904947 331.4847378369881
499.88724208262767 332.48470078399555
499.8954583861939 333.48466702960377
499.9033408082495 334.48463596283244
499.8858061600346 335.48448221906983
499.85544317599624 336.48402115738105
499.8187380090789 337.48334729569706
499.77889877523467 338.48255339828387
499.7375107533741 339.4816965470101
499.6953573267166 340.4808076962928
499.6528256319703 341.4799028143582
499.6101069924889 342.478989956624
499.56729596207623 343.47807314418895
499.5244392705238 344.4771543741143
499.48156001244087 345.47623463576815
499.43866960157726 346.4753144186964
499.53400219274636 347.47075989538564
499.71466618542433 348.4543047706962
499.89619809641175 349.43768982513484
