9.621488886121119
281504
685
0.0 100.0
0.0 101.0
0.0 102.0
0.0 103.0
0.0 104.0
0.0 105.0
0.0 106.0
0.0 107.0
0.0 108.0
0.0 109.0
0.0 110.0
0.0 111.0
0.0 112.0
0.0 113.0
0.0 114.0
0.0 115.0
0.0 116.0
0.0 117.0
0.0 118.0
0.0 119.0
0.0 120.0
0.0 121.0
0.0 122.0
0.0 123.0
0.0 124.0
0.028489272483831617 124.99959409829859
0.08249808838811813 125.9981345570706
0.1505573528366635 126.99581583710082
0.22802392832075968 127.99281078677848
0.3138518243091578 128.98912076478243
0.40907544700119813 129.98457667123003
0.5160486381278027 130.97883857655486
0.6399492266171849 131.9711332123219
0.7845862212710716 132.96061799733755
0.9527810925324465 133.9463717623729
1.1468965633692338 134.92735044918612
1.3689180070349556 135.90239223216395
1.6202899651699882 136.87028279346896
1.901870525717234 137.82982038414576
2.213688775564594 138.77996215202154
2.5547558976317637 139.72000109708966
2.9231065769239013 140.64968802130932
3.3160524462894108 141.56924962541672
3.730543140109258 142.47930317589424
4.163522175482083 143.38070716685922
4.612191308422532 144.27440510752288
5.0741408248913515 145.16131132817657
5.547347399618026 146.04226282379676
6.0300647830866625 146.91803900964402
6.520609318615589 147.78945513220702
7.016873748021888 148.6576265531292
7.5142663933623535 149.52515208956095
7.998185115627969 150.40026503669452
8.482103837893584 151.27537798382812
9.039319680252857 152.10574567649437
9.580355692587965 152.94674510179533
10.112512181165526 153.79339111499377
10.643004558408329 154.6410808210108
11.174848898334139 155.48792295393102
11.710353962591627 156.33245496999348
12.251844391853028 157.17316188385723
12.801364932810127 158.0086420901256
13.360171358164601 158.83794021443467
13.928385327407643 159.66082105948885
14.504956139732329 160.47786824195464
15.08790080600198 161.29038009790983
15.674701849441718 162.10011124799487
16.32754503332736 162.85760433525974
16.924013346969048 163.6602409596555
17.509719990061388 164.47076407976837
18.08980261771918 165.2853217174403
18.66436348402969 166.10378357415965
19.23327951199792 166.9261791925337
19.796734165061284 167.75232618547216
20.3551749708927 168.58187055823493
20.909207364324566 169.41436566754678
21.459501666424917 170.24933643414633
22.006724979832132 171.08632307995595
22.55149683437898 171.92490737893465
23.094364088456174 172.7647258976937
23.635790134209067 173.60547427680623
24.176154036000494 174.4469057081426
24.72146692992878 175.28513828190452
25.28251912204933 176.11291871034962
25.866106265749117 176.92496922953444
26.475882777661795 177.71754263655717
27.111253469789432 178.48974991675158
27.769037115448597 179.24295684416484
28.444984805354515 179.97990644930135
29.13483617887795 180.70385747143465
29.83487517686452 181.41796208652823
30.54212440894942 182.12492638811304
31.2543332267956 182.82689405103076
31.969872278384372 183.5254667857202
32.6876014280073 184.2217891735418
33.40674482480271 184.91665086830238
34.12678681714931 185.61058136140494
34.847391586702194 186.3039274265828
35.56834428198143 186.99691170574764
36.28950958074661 187.6896747329488
37.01080342923865 188.38230391521557
37.73217426355129 189.07485291666103
38.453590802351265 189.76735430838949
39.17503425900852 190.45982765722428
39.89649345340466 191.15228460954788
40.61796178720805 191.84473203955173
41.33943539565051 192.5371739738112
42.06091203077709 193.2296127544745
42.782390393413046 193.9220497351797
43.50386973714964 194.61448569363463
44.225349635500926 195.30692107421177
44.94682984601751 195.99935612952956
45.66831023152349 196.6917910025177
46.3897907147488 197.3842257736875
47.11127125234779 198.07666048820278
47.83275182009953 198.76909517130048
48.55423240451898 199.46152983703132
49.27571299812411 200.15396449319115
49.99719359677709 200.8463991440914
50.71867419819648 201.5388337921092
51.440154801128074 202.23126843855135
52.14472080028677 202.94090690483506
52.81366300353378 203.6842213260022
53.43552186961223 204.46735065802827
54.007996539189016 205.2872730645357
54.53583471535566 206.13661802377254
55.02736449583502 207.00747879042922
55.4915610508887 207.89321100632537
55.936342531679536 208.78885012692334
56.367933908964034 209.6909193499066
56.790871719727 210.59707806019253
57.20828899123609 211.5057929887845
57.622264288175266 212.41608110445125
58.03413424419365 213.32732373917014
58.44473716556163 214.23913799709993
58.85458813050661 215.15129049889646
59.263998215029254 216.06364097031144
59.67315255319009 216.97610616283342
60.08215993706609 217.88863723624127
60.49108359194391 218.80120583337867
60.899959903462275 219.7137956436873
61.30880962938603 220.6263973649283
61.717644519585015 221.53900573249678
62.126471178235875 222.45161778763102
62.535293293597285 223.36423187802816
62.944112913464686 224.27684708632324
63.35234242059846 225.1897264154272
63.759401171877116 226.10312839320449
64.17826970231926 227.01117528307594
64.58980215810647 227.92257038830402
64.99722617964213 228.83580949537057
65.40228653196297 229.75009944444457
65.80596131062927 230.6650019928445
66.20881887719852 231.58026467702751
66.61119924839079 232.49573725273865
67.01330943088757 233.4113285377192
67.41527569716018 234.32698301446186
67.81724196343282 235.2426374912045
68.21907141614598 236.15835201600592
68.62091702107709 237.07405945279868
69.02315264221444 237.98959563727652
69.42612387356536 238.90480828289694
69.82997202132697 239.8196343174792
70.23464947179711 240.73409380869847
70.63999788514188 241.64825608302337
71.04581955384991 242.56220836471374
71.45192240051966 243.4760357433399
71.8581415836638 244.38981141342845
72.26503277932004 245.3032880441626
72.67316234318199 246.2162120602241
73.08276903002597 247.12847428244572
73.49377902188574 248.04010512143233
73.90594105524866 248.9512156845662
74.32001625436628 249.86145836071123
74.73677529208305 250.77047535971695
75.15649335967666 251.6781298885634
75.55600068068172 252.5948598926886
75.98334519008598 253.49894875462752
76.41775694006468 254.3996631552454
76.8601533003752 255.2964827917298
77.3111429291131 256.18901198160023
77.77150249835039 257.0767445240992
78.24183440950945 257.95923412366704
78.72218969664848 258.8363081217525
79.2120099981279 259.7081315398015
79.71028972365319 260.57514786901936
80.21580139764424 261.43796763435785
80.72728800918667 262.2972588808004
81.24358920239939 263.15366595567025
81.76371477497274 264.0077557570116
82.28688012239951 264.8599869575973
82.81250793892578 265.71070159747006
83.3402140310673 266.5601286280717
83.8697849870978 267.4083942719174
84.40115903939567 268.255531578701
84.93424003208938 269.1015957933022
85.46875492939506 269.94675484611906
86.00436815009105 270.79121827209775
86.5409460894803 271.6350690379093
87.07874769561877 272.4781404657462
87.61841989773328 273.3200157025033
88.16083613165895 274.160125593633
88.70688093721148 274.99788156665204
89.25727353199032 275.8327875443601
89.79829448762423 276.67379665582376
90.359207095841 277.5016716741348
90.92540306839079 278.32594233397197
91.49662329107551 279.14673917679977
92.07332785870567 279.96369195491764
92.65690100850665 280.7757525307562
93.2492320267247 281.5814472402193
93.85175164540452 282.3795513118202
94.46463446204037 283.16972512375816
95.08659192114968 283.95277615597655
95.71521290653254 284.73048796425536
96.34756332370407 285.5051704475367
96.98076702612092 286.27915563553813
97.64816491520034 287.023856956641
98.27788109519133 287.80068224758975
98.90187359081379 288.58211258063733
99.52098211953546 289.3674180178171
100.13530049175542 290.1564762777403
100.74519559099579 290.94895843395744
101.35121139827673 291.7444110355156
101.95396093761018 292.54234147912166
102.55405026772365 293.3422744737431
103.15203241031963 294.14378389797736
103.74838463742391 294.9465067774493
104.3435020430535 295.75014554799037
104.94491017276293 296.54908751178965
105.5775927360631 297.3234987553134
106.28744170027976 298.02785267771355
107.13139841849551 298.56426395442065
108.08872371309003 298.85327654987196
109.06349704170108 299.0764736776056
109.97452796715385 299.4888117098906
110.69129589905242 300.18612349940935
111.14463255059256 301.0774628738175
111.41188896002086 302.04108832575383
111.62928536723807 303.0171717249207
111.87418560623634 303.9867200078538
112.17707317690032 304.9397463031559
112.54425906876776 305.8698938832815
112.97030431575027 306.7745957388802
113.4448743441847 307.6548134892759
113.95673782036657 308.51388029794157
114.49585587716604 309.3561105044961
115.05418278788093 310.1857315389278
115.62572797641431 311.0063021315427
116.20628164182925 311.82052411698237
116.79304157065371 312.6302850606725
117.38425780990374 313.4367981470183
117.97894064039306 314.24075855096936
118.57664049398089 315.04247850520596
119.17729167058361 315.8419897084081
119.78110589826383 316.6391147791786
120.3885017836864 317.4335140732189
121.00005887624887 318.22471437815847
121.6164883853736 319.0121244747919
122.23861538124793 319.79504081834614
122.86736917219805 320.57264526172713
123.50377960936979 321.3439958664841
124.14897760997854 322.10801127209476
124.80419835952019 322.863448740963
125.47078536900182 323.6088759733542
126.15019269502308 324.3426373005912
126.8439812810576 325.062816026942
127.55380405065475 325.76719634733814
128.28137392937543 326.453229926384
129.02841032465017 327.11801306706593
129.79656327819563 327.75827944909713
130.58732031845585 328.3704095849987
131.40190713143227 328.9504512422311
132.24119569677515 329.49413746063715
133.10562883267684 329.99688526377025
133.99515816253114 330.45376333429783
134.9091784105561 330.85943190123436
135.84643243666025 331.20807913061043
136.80486497992345 331.49339835536415
137.78142094431948 331.70866202717747
138.77181363885825 331.8469454701641
139.77032264471947 331.90153269590434
140.76970869418597 331.8664966554354
141.76133956918264 331.73739124209675
142.735592831906 331.51193486034424
143.7090142165247 331.2829134465703
144.68233920057222 331.05348268265897
145.6556346362091 330.8239266002555
146.6289193267421 330.5943249644292
147.6022000524117 330.36470652213836
148.57547931350757 330.13508187206645
149.27928998886023 329.4246942783828
149.74886477059096 328.54180157574984
150.12009102676487 327.61325913367887
150.45599230887515 326.67136193723087
150.77959078314643 325.72516743954594
151.09893601781533 324.77752899525706
151.41681399480623 323.82939736318053
151.73418615396392 322.8810962967509
152.05138397936815 321.9327369030827
152.368521724135 320.9843574163559
152.68563876387492 320.03597100612717
153.00274866830205 319.0875822100556
153.3198561137841 318.13919259179744
153.6369627118746 317.19080269020236
153.95406901794047 316.24241269096507
154.27117522337016 315.29402265807886
154.58828139411895 314.3456326135966
154.90538755291624 313.39724256511823
155.22249370759488 312.44885251526273
155.53958972653527 311.50045907645574
155.8566857454757 310.55206563764875
155.90004554308695 310.42238205568543
155.9004365233999 310.42128472739205
156.8993336339671 310.4682374962186
157.89823074453432 310.515190265045
158.89712785510153 310.5621430338715
159.89602496566874 310.609095802698
160.89492207623596 310.6560485715245
161.89381918680317 310.70300134035097
162.89271629737038 310.74995410917745
163.8916134079376 310.79690687800394
164.8905105185048 310.8438596468304
165.88940762907202 310.8908124156569
166.88830473963924 310.9377651844834
167.88720185020645 310.9847179533099
168.88609896077367 311.03167072213637
169.88499607134088 311.07862349096285
170.8838931819081 311.12557625978934
171.8827902924753 311.1725290286158
172.88168740304252 311.21948179744226
173.88058451360973 311.2664345662687
174.87948162417695 311.3133873350952
175.87837873474416 311.36034010392166
176.87727584531137 311.40729287274814
177.8761729558786 311.45424564157463
178.8750700664458 311.5011984104011
179.87396717701301 311.5481511792276
180.87286428758023 311.5951039480541
181.87176139814744 311.6420567168806
182.87065850871465 311.68900948570706
183.86955561928187 311.73596225453355
184.86845272984908 311.78291502336003
185.8673498404163 311.8298677921865
186.8662469509835 311.876820561013
187.86514406155072 311.9237733298395
188.86404117211794 311.970726098666
189.86293828268515 312.01767886749246
190.86183539325236 312.0646316363189
191.86073250381958 312.1115844051453
192.8596296143868 312.1585371739718
193.85852672495398 312.2054899427983
194.8574238355212 312.25244271162484
195.8563209460884 312.2993954804513
196.85521805665562 312.34634824927775
197.85411516722283 312.39330101810424
198.85301227779004 312.4402537869308
199.85190938835726 312.4872065557572
200.85080649892447 312.5341593245837
201.84970360949168 312.5811120934102
202.8486007200589 312.62806486223667
203.8474978306261 312.67501763106316
204.84639494119332 312.72197039988964
205.84529205176054 312.7689231687161
206.84418916232775 312.8158759375426
207.84308627289496 312.8628287063691
208.84198338346218 312.9097814751956
209.8408804940294 312.9567342440221
210.8397776045966 313.00368701284856
211.83867471516382 313.05063978167505
212.83757182573103 313.09759255050153
213.83646893629825 313.144545319328
214.83536604686546 313.1914980881545
215.83426315743267 313.23845085698093
216.8331602679999 313.28540362580736
217.8320573785671 313.33235639463385
218.8309544891343 313.37930916346033
219.82335194147248 313.2562348095409
220.80532743721977 313.06722654053704
221.7821344035692 312.8531047282636
222.75679228091136 312.62940398589825
223.73060283476119 312.4020430279246
224.70408550093322 312.1732822387526
225.67744216111876 311.9439858975859
226.65075052439616 311.71448463402885
227.62404039439008 311.48490495512146
228.59732318585287 311.25529526925783
229.57060326831603 311.0256741006332
230.54388231408538 310.7960485378873
231.51716096313586 310.566421293636
232.49043946037241 310.3367934059198
233.46371789951397 310.1071652719679
234.43699631642414 309.8775370437885
235.410274724827 309.6479087795508
236.38355312997436 309.4182805015147
237.35683153387592 309.1886522181983
238.33010993730073 308.9590239328612
239.30338834054314 308.72939564675096
240.2766667437157 308.4997673603448
241.24994514686156 308.27013907382536
242.2232235499972 308.04051078726263
243.19402963619942 307.80064511028337
244.16386111082628 307.5568687561735
245.13331548020767 307.3115970177132
246.1026249411215 307.0657532279138
247.071878863929 306.8196905669465
248.04110745293457 306.5735281363154
249.01033245002094 306.32735156345984
249.97955505518433 306.0811655735247
250.948776236332 305.83497397737506
251.91799661820733 305.5887792346256
252.88721656705553 305.3425827871397
253.85643628661353 305.0963854369917
254.8256558866376 304.8501876162678
255.7923809924971 304.59437016240486
256.75682483290103 304.33008229150096
257.71970849332394 304.0601655330538
258.68164783497235 303.7869024675125
259.6430521330856 303.511762910979
260.60416507168134 303.2356073040038
261.56512332134014 302.95891389531334
262.5203118990672 302.6629159544765
263.47011812047504 302.35007711133983
264.4161841576997 302.0261032648491
265.35996507281664 301.69553166252797
266.28939394394035 301.32653034339523
267.2053838114744 300.925328944376
268.09279627445187 300.4643526754073
268.93694335975596 299.92824102810556
269.7452004893985 299.3394113308398
270.5033208916516 298.6872967276544
271.2288115177307 297.99906467996175
271.95500023820455 297.3115692674268
272.7106077642729 296.6565446369366
273.5095805452837 296.05517744860333
274.35205109340507 295.5164350467562
275.23045817878904 295.0385218827325
276.13528846933843 294.61274947251286
277.05821442491913 294.22777196600697
277.9940826143738 293.87542166876455
278.94024792379525 293.5517378612497
279.8951539034331 293.25482950829905
280.8574293859513 292.9827525049631
281.82564403779924 292.73263175822865
282.7983997950487 292.5007994120426
283.77446935350076 292.28334087102127
284.75290249306676 292.0767771002409
285.7330155855012 291.8783373712587
286.71432681993826 291.6859100832569
287.6964929733158 291.4978950648156
288.67926517923706 291.31307409395833
289.6624416164812 291.13041568805284
290.645854932524 290.94903694114566
291.6293773870052 290.7682509308148
292.6129236608849 290.5875945521916
293.5964458569375 290.4068071359485
294.5798902493585 290.2255969623497
295.56319358539076 290.0436229275321
296.54630387656886 289.86060884233723
297.5291665600997 289.67626962968177
298.511731693467 289.4903509412964
299.4939719014255 289.30272318783307
300.4758543447317 289.113232112774
301.4573432343101 288.9217130285182
302.4383880260832 288.72793192382835
303.41894199587296 288.5316823064286
304.3989527627134 288.3327378496655
305.3783788759107 288.13093475556826
306.3571737115909 287.92609171896277
307.3353006138036 287.71808267308296
308.31271285532375 287.50674098262266
309.28934305355153 287.29181435349176
310.26513853590694 287.0731292451401
311.2400550961596 286.85055858097877
312.2140510852962 286.6239933295701
313.18709440958224 286.3933709345986
314.15917313076966 286.1587159542238
315.130301514795 285.92015849418465
316.10052326713253 285.6779400983286
317.0699138805743 285.4324164974855
318.0385803367094 285.18405124879195
319.006655667397 284.93339181028216
319.97428107159135 284.68100108708165
320.9416002160725 284.42743911690434
321.90875192755414 284.17323926053496
322.875859380415 283.91887107341046
323.84302086725955 283.6647084121782
324.8103157147787 283.4110537690847
325.7778211947284 283.1582037220857
326.74562560657716 282.9065002846715
327.71382836354826 282.6563334975202
328.6825285121098 282.4080996920528
329.65180912473784 282.162142187627
330.6217393940864 281.91875921245924
331.5923916052501 281.6782716141034
332.5638537932266 281.44107714255756
333.5362260310163 281.2076414315451
334.50961990675194 280.97850312684585
335.48416308739286 280.75430324043566
336.45999539669276 280.53578252259325
337.43726905355277 280.3238009205437
338.4161489334175 280.11936466936527
339.39681546258225 279.92367829126005
340.3794567970855 279.7381627724328
341.36425634701015 279.5644680791686
342.3525036437311 279.4116044781262
343.3426687397539 279.27170064466156
344.33507802821805 279.1487217677352
345.3297725405232 279.04584889866896
346.32656587068186 278.9658297950043
347.32506442657353 278.9110517530325
348.3246838183218 278.88346422612534
349.3246833393978 278.88444292314097
350.32465876722443 278.89145318297267
351.3234894263297 278.93979896284475
352.32009741817785 279.0220942274975
353.31383870198476 279.1338003636665
354.30387192733576 279.2746343535306
355.2892307256705 279.4451278682001
356.26928747830215 279.64384566212186
357.24405409559887 279.867072098289
358.21413326852803 280.1098608917887
359.1804543513173 280.36720028822253
360.14399873394916 280.634748830918
361.1056245032678 280.9091133325985
362.0659983666151 281.18782831712474
363.02559783870936 281.4691979195278
363.9847458707583 281.7521025900737
364.94365063474874 282.03583072332185
365.90244014492407 282.3199480849486
366.8611889099549 282.60420290997683
367.8199369734517 282.888460101163
368.778702865596 283.1726571526269
369.7374921476254 283.45677528415945
370.69630295434195 283.7408207680588
371.65512955724546 284.0248129256346
372.6139646886877 284.3087762872012
373.57280092703763 284.59273591113924
374.53163150754455 284.876714639013
375.49045077711975 285.1607315545149
376.449270046695 285.44474847001675
377.408058220691 285.7288703407088
378.36682480006976 286.01306507371123
379.32556944739497 286.2973337867721
380.2842897872224 286.58168446815176
381.2429846059337 286.866121182688
382.2016550396213 287.1506400741051
383.1603039774123 287.4352313847107
384.11893506857325 287.71988280497686
385.0775458443924 288.00460263302443
386.0361340671993 288.28939838280974
386.9947006240875 288.5742670473123
387.953248735757 288.85919777155044
388.9182479471295 289.121450554282
389.87974008305724 289.3962829987807
390.83941440426133 289.6773972055038
391.7981538315653 289.96168352338225
392.74871621704244 290.27221717907184
393.70330868273624 290.57013197299887
394.65975764104326 290.86203159642
395.61705997046676 291.1511202507811
396.5747338237109 291.43897575413735
397.5325442942159 291.7263763501545
398.4903811316286 292.0136890594021
399.44818096321814 292.30112510899767
400.40590668892594 292.5888079800857
401.36354359399195 292.87678637867765
402.321048453288 293.1652035148269
403.278372509388 293.4542202126354
404.2354580118532 293.7440259078362
405.1922665827391 294.034744601214
406.14878085017745 294.32643014454266
407.1050097905856 294.61904971587353
408.0609425269679 294.9126354844534
409.01653877124966 295.20731466239886
409.9717704014449 295.5031736366999
410.9266080993058 295.800301506049
411.88101784296754 296.09880115630585
412.8349913598469 296.3986920182753
413.78852205397794 296.69998791162595
414.7415985327139 297.00271753634115
415.68877482879714 297.323430903911
416.63815490474747 297.6375606086327
417.58831259347755 297.94933034184487
418.54316229881977 298.24641962170506
419.49085351308827 298.56560822174964
420.4396026628548 298.8816383640102
421.3886624659698 299.19673436543076
422.3376970378366 299.51190635244984
423.28656455051714 299.827580937077
424.2352151973836 300.14390663979475
425.1836423100285 300.46090192682595
426.1318577141625 300.77852992836716
427.0798790749766 301.09673662132036
428.02772376726364 301.415469172691
428.9754064590618 301.73468307537405
429.91452854555234 302.07826669935173
430.84937209549065 302.43332660576027
431.7821445869839 302.793792247831
432.7139357667171 303.15678701001286
433.64527518811974 303.5209392887939
434.57641951521106 303.88559013840984
435.50749389844464 304.2504195408518
436.4385601907172 304.6152695914119
437.36964957649377 304.98006070382314
438.30077812432785 305.344751843568
439.2319542035914 305.70932160288356
440.16318204621484 306.0737591217023
441.09446349335565 306.43805963805016
442.02579889443825 306.8022221988528
442.9571876134862 307.1662483710303
443.8886283530562 307.5301414166759
444.82846333725604 307.8717701661603
445.7640965343544 308.22474399024276
446.69764439358715 308.5831967688928
447.63017504846414 308.9442875853292
448.5622183268546 309.30663455607305
449.49403522307693 309.6695632982726
450.4257540473968 310.0327437388361
451.3574379554625 310.3960137423478
452.2891181834351 310.75929318410715
453.22081034643196 311.1225420153651
454.1525224065605 311.48573980860056
455.0842585448504 311.8488758280266
456.0267029694187 312.18323866477755
456.9628859917682 312.5347516071631
457.8959210164543 312.8945371581639
458.8274024925921 313.25832591501603
459.7506632649904 313.6424997638794
460.677579141837 314.01776894360205
461.60622467590764 314.38873723342033
462.53569602086463 314.75763155284506
463.4655633811116 315.12552650027885
464.3956210575226 315.49294005276306
465.32577029086667 315.86012175670453
466.25596359238375 316.2271918069847
467.1861781099301 316.59420808911113
468.11640284284147 316.96119847901264
469.046632494654 317.3281764005404
469.97658442610197 317.69585751944123
470.906402433023 318.06387718468386
471.8361559053028 318.43205985780094
472.7658782910631 318.8003210224873
473.69558570490597 319.16861998344916
474.62528590855095 319.53693714479584
475.5549826400352 319.9052630703938
476.4846776994887 320.2735932163602
477.39881809326573 320.678990972231
478.3049337519195 321.10202101033997
479.2070662315442 321.53348015001166
480.1072545127663 321.9689810780824
480.978846112656 322.4592137605932
481.83546449580615 322.9751642869513
482.6525543653383 323.55167460351817
483.449094727575 324.1562599583919
484.179660530859 324.83910225868686
484.84119818097514 325.5890142118379
485.4541453415941 326.3791381124314
486.0364316617249 327.1921219015616
486.619261463871 328.00471615562105
487.22620628601646 328.79946012877895
487.86773715614487 329.56655734730623
488.5433546185123 330.30380970881083
489.2459691477234 331.01538038228006
489.965803603723 331.7095261565636
490.6956843410081 332.393100665553
491.439479541079 333.0615082510511
492.16734123195494 333.747232218078
492.87569973003014 334.4530850626601
493.5605665971218 335.1817532823321
494.2181621371022 335.9351244430477
494.84502484678694 336.7142541775635
495.43801454475545 337.51946422351625
495.9943755156535 338.35040493744316
496.51188291475603 339.2060836691375
496.989046839985 340.08489797743033
497.4253811949892 340.9846825797897
497.8214287296138 341.90291258927414
498.17898829758684 342.83680292295946
498.50072322819426 343.78363270408545
498.7901442935054 344.74083458820087
499.0516720535687 345.7060305427698
499.3002440863458 346.67464395611955
499.52588774142464 347.6488538621063
499.72163512183454 348.6295082166383
