261.67381577756083
2088
34
0.0 100.0
0.0 104.16666666666666
0.0 125.0
0.0 145.83333333333334
0.0 166.66666666666666
0.0 187.5
15.625 218.75
15.625 250.0
15.625 265.625
15.625 281.25
15.625 296.875
15.625 312.5
20.833333333333332 312.5
41.666666666666664 312.5
62.5 312.5
78.125 312.5
93.75 312.5
109.375 312.5
125.0 312.5
140.625 312.5
156.25 312.5
171.875 312.5
187.5 312.5
218.75 343.75
250.0 375.0
281.25 375.0
312.5 375.0
343.75 375.0
375.0 375.0
395.8333333333333 375.0
416.6666666666667 375.0
437.5 375.0
500.0 354.1666666666667
500.0 350.0
