161.8273447293113
10320
110
0.0 100.0
0.0 98.95833333333333
0.0 93.75
9.375 78.125
12.5 62.5
15.625 46.875
17.578125 46.875
19.53125 39.0625
21.484375 31.25
20.833333333333332 31.25
31.25 15.625
46.875 9.375
62.5 6.25
62.5 5.859375
70.3125 3.90625
78.125 1.953125
85.9375 0.0
87.890625 0.0
89.84375 0.0
91.796875 0.0
93.75 0.0
98.95833333333333 0.0
104.16666666666667 0.0
109.375 0.0
114.58333333333333 0.0
119.79166666666666 0.0
125.0 0.0
133.92857142857142 0.0
142.85714285714286 0.0
151.78571428571428 0.0
160.71428571428572 0.0
169.64285714285714 0.0
178.57142857142856 0.0
187.5 0.0
196.42857142857142 0.0
205.35714285714286 0.0
250.0 8.928571428571429
250.0 10.416666666666666
281.25 5.208333333333333
302.0833333333333 0.0
307.2916666666667 0.0
312.5 0.0
315.625 0.0
318.75 0.0
321.875 0.0
325.0 0.0
328.125 0.0
331.25 0.0
334.375 0.0
337.5 0.0
340.625 0.0
343.75 0.0
345.703125 0.0
347.65625 0.0
349.609375 0.0
351.5625 0.0
353.515625 0.0
355.46875 0.0
357.421875 0.0
359.375 0.0
361.328125 0.0
363.28125 0.0
365.234375 0.0
367.1875 0.0
371.09375 1.3020833333333333
371.09375 0.9765625
373.046875 0.9765625
375.0 0.9765625
376.953125 0.9765625
377.9296875 0.9765625
378.90625 0.9765625
379.8828125 0.9765625
380.859375 0.9765625
382.8125 1.953125
390.625 5.859375
390.625 6.25
406.25 9.375
406.25 10.416666666666666
437.5 26.041666666666664
437.5 26.785714285714285
464.2857142857143 62.5
500.0 107.14285714285714
500.0 116.07142857142857
500.0 125.0
500.0 133.92857142857142
500.0 142.85714285714286
500.0 151.78571428571428
500.0 160.71428571428572
500.0 169.64285714285714
500.0 178.57142857142856
500.0 187.5
500.0 196.42857142857142
500.0 205.35714285714286
500.0 214.28571428571428
500.0 223.21428571428572
500.0 232.14285714285714
500.0 241.07142857142856
500.0 250.0
500.0 258.92857142857144
500.0 267.85714285714283
500.0 276.7857142857143
500.0 285.7142857142857
500.0 294.64285714285717
500.0 303.57142857142856
500.0 312.5
500.0 321.42857142857144
500.0 330.35714285714283
500.0 339.2857142857143
500.0 348.2142857142857
500.0 350.0
