241.0064154932331
8740
109
0.0 100.0
0.0 98.95833333333333
0.0 93.75
23.4375 62.5
25.0 62.5
62.5 25.0
62.5 15.625
67.70833333333333 15.625
72.91666666666667 15.625
78.125 15.625
93.75 10.416666666666666
93.75 7.8125
97.65625 7.8125
101.5625 7.8125
105.46875 7.8125
109.375 7.8125
113.28125 7.8125
117.1875 7.8125
121.09375 7.8125
125.0 7.8125
156.25 31.25
187.5 62.5
218.75 93.75
250.0 125.0
265.625 156.25
265.625 161.45833333333334
265.625 166.66666666666666
265.625 171.875
265.625 177.08333333333334
265.625 182.29166666666666
265.625 187.5
250.0 218.75
250.0 226.5625
250.0 234.375
250.0 242.1875
250.0 250.0
265.625 265.625
273.4375 273.4375
277.34375 277.34375
281.25 281.25
281.25 285.15625
281.25 289.0625
285.15625 296.875
289.0625 304.6875
292.96875 312.5
296.875 320.3125
296.875 324.21875
296.875 328.125
300.78125 335.9375
296.875 343.75
296.875 348.9583333333333
296.875 354.1666666666667
296.875 359.375
302.0833333333333 375.0
304.6875 375.0
308.59375 382.8125
312.5 390.625
312.5 395.8333333333333
312.5 401.0416666666667
312.5 406.25
307.2916666666667 421.875
312.5 437.5
343.75 468.75
351.5625 468.75
375.0 484.375
390.625 489.5833333333333
406.25 494.7916666666667
421.875 489.5833333333333
437.5 494.7916666666667
437.5 496.09375
445.3125 496.09375
453.125 492.1875
457.03125 492.1875
460.9375 492.1875
464.84375 492.1875
468.75 492.1875
476.5625 496.09375
480.46875 496.09375
484.375 496.09375
484.375 494.7916666666667
484.375 489.5833333333333
484.375 484.375
484.375 479.1666666666667
484.375 473.9583333333333
484.375 468.75
494.7916666666667 453.125
500.0 437.5
500.0 432.2916666666667
500.0 427.0833333333333
500.0 421.875
500.0 417.96875
500.0 414.0625
500.0 410.15625
500.0 406.25
500.0 402.34375
500.0 398.4375
500.0 394.53125
500.0 390.625
500.0 386.71875
500.0 382.8125
500.0 378.90625
500.0 375.0
500.0 371.09375
500.0 367.1875
500.0 363.28125
500.0 359.375
500.0 355.46875
500.0 351.5625
500.0 350.0
