64.20723324436028
1496
37
0.0 100.0
0.0 109.375
15.625 125.0
15.625 140.625
15.625 156.25
31.25 187.5
31.25 203.125
31.25 218.75
31.25 234.375
31.25 250.0
41.666666666666664 250.0
62.5 312.5
78.125 312.5
93.75 312.5
109.375 312.5
125.0 312.5
140.625 312.5
156.25 312.5
187.5 328.125
187.5 333.3333333333333
250.0 375.0
270.8333333333333 375.0
291.6666666666667 375.0
312.5 375.0
312.5 390.625
312.5 406.25
343.75 437.5
354.1666666666667 437.5
375.0 437.5
437.5 458.3333333333333
458.3333333333333 437.5
468.75 437.5
484.375 406.25
484.375 390.625
500.0 375.0
500.0 359.375
500.0 350.0
