154.22210368633733
3213
36
0.0 100.0
0.0 125.0
0.0 145.83333333333334
0.0 166.66666666666666
0.0 187.5
0.0 208.33333333333334
0.0 229.16666666666666
0.0 250.0
0.0 270.8333333333333
20.833333333333332 312.5
62.5 375.0
62.5 395.8333333333333
62.5 416.6666666666667
62.5 437.5
62.5 458.3333333333333
62.5 468.75
78.125 468.75
93.75 468.75
125.0 484.375
156.25 500.0
171.875 500.0
187.5 500.0
208.33333333333334 500.0
229.16666666666666 500.0
250.0 500.0
270.8333333333333 500.0
291.6666666666667 500.0
312.5 500.0
333.3333333333333 500.0
375.0 479.1666666666667
437.5 437.5
437.5 416.6666666666667
479.1666666666667 375.0
484.375 375.0
500.0 359.375
500.0 350.0
