337.6778960117823
2267
37
0.0 100.0
0.0 104.16666666666666
0.0 125.0
0.0 145.83333333333334
20.833333333333332 187.5
15.625 187.5
31.25 218.75
31.25 234.375
31.25 250.0
31.25 265.625
31.25 281.25
31.25 296.875
31.25 312.5
41.666666666666664 312.5
41.666666666666664 375.0
62.5 437.5
93.75 468.75
125.0 500.0
140.625 500.0
156.25 500.0
171.875 500.0
187.5 500.0
208.33333333333334 500.0
229.16666666666666 500.0
250.0 500.0
270.8333333333333 500.0
291.6666666666667 500.0
312.5 479.1666666666667
375.0 458.3333333333333
437.5 437.5
458.3333333333333 437.5
468.75 437.5
468.75 421.875
468.75 406.25
484.375 375.0
500.0 359.375
500.0 350.0
